  0.0000000000E+00  0.4217743141E+01 -0.1000000000E+01
  0.6996492144E-18  0.4217743141E+01 -0.1000000000E+01
  0.3389387958E-05  0.4217678979E+01 -0.9999857045E+00
  0.6778775916E-05  0.4217614818E+01 -0.9999714093E+00
  0.1016816387E-04  0.4217550657E+01 -0.9999571143E+00
  0.1355755183E-04  0.4217486496E+01 -0.9999428195E+00
  0.1694693979E-04  0.4217422336E+01 -0.9999285249E+00
  0.2033632775E-04  0.4217358176E+01 -0.9999142305E+00
  0.2372571571E-04  0.4217294016E+01 -0.9998999364E+00
  0.2711510367E-04  0.4217229857E+01 -0.9998856424E+00
  0.3050449162E-04  0.4217165698E+01 -0.9998713487E+00
  0.3389387958E-04  0.4217101539E+01 -0.9998570552E+00
  0.3728326754E-04  0.4217037381E+01 -0.9998427619E+00
  0.4067265550E-04  0.4216973223E+01 -0.9998284688E+00
  0.4406204346E-04  0.4216909066E+01 -0.9998141760E+00
  0.4745143141E-04  0.4216844908E+01 -0.9997998834E+00
  0.5084081937E-04  0.4216780752E+01 -0.9997855909E+00
  0.5423020733E-04  0.4216716595E+01 -0.9997712988E+00
  0.5761959529E-04  0.4216652439E+01 -0.9997570068E+00
  0.6100898325E-04  0.4216588284E+01 -0.9997427150E+00
  0.6439837120E-04  0.4216524129E+01 -0.9997284235E+00
  0.6778775916E-04  0.4216459974E+01 -0.9997141321E+00
  0.7117714712E-04  0.4216395820E+01 -0.9996998410E+00
  0.7456653508E-04  0.4216331666E+01 -0.9996855501E+00
  0.7795592304E-04  0.4216267513E+01 -0.9996712595E+00
  0.8134531100E-04  0.4216203360E+01 -0.9996569690E+00
  0.8473469895E-04  0.4216139208E+01 -0.9996426788E+00
  0.8812408691E-04  0.4216075056E+01 -0.9996283887E+00
  0.9151347487E-04  0.4216010904E+01 -0.9996140989E+00
  0.9490286283E-04  0.4215946753E+01 -0.9995998093E+00
  0.9829225079E-04  0.4215882603E+01 -0.9995855200E+00
  0.1016816387E-03  0.4215818452E+01 -0.9995712308E+00
  0.1050710267E-03  0.4215754303E+01 -0.9995569419E+00
  0.1084604147E-03  0.4215690154E+01 -0.9995426532E+00
  0.1118498026E-03  0.4215626005E+01 -0.9995283647E+00
  0.1152391906E-03  0.4215561857E+01 -0.9995140764E+00
  0.1186285785E-03  0.4215497710E+01 -0.9994997883E+00
  0.1220179665E-03  0.4215433563E+01 -0.9994855005E+00
  0.1254073545E-03  0.4215369416E+01 -0.9994712128E+00
  0.1287967424E-03  0.4215305271E+01 -0.9994569254E+00
  0.1321861304E-03  0.4215241125E+01 -0.9994426382E+00
  0.1355755183E-03  0.4215176980E+01 -0.9994283512E+00
  0.1389649063E-03  0.4215112836E+01 -0.9994140645E+00
  0.1423542942E-03  0.4215048693E+01 -0.9993997779E+00
  0.1457436822E-03  0.4214984549E+01 -0.9993854916E+00
  0.1491330702E-03  0.4214920407E+01 -0.9993712055E+00
  0.1525224581E-03  0.4214856265E+01 -0.9993569196E+00
  0.1559118461E-03  0.4214792124E+01 -0.9993426339E+00
  0.1593012340E-03  0.4214727983E+01 -0.9993283485E+00
  0.1626906220E-03  0.4214663843E+01 -0.9993140632E+00
  0.1660800099E-03  0.4214599703E+01 -0.9992997782E+00
  0.1694693979E-03  0.4214535564E+01 -0.9992854934E+00
  0.1728587859E-03  0.4214471426E+01 -0.9992712088E+00
  0.1762481738E-03  0.4214407288E+01 -0.9992569245E+00
  0.1796375618E-03  0.4214343151E+01 -0.9992426403E+00
  0.1830269497E-03  0.4214279015E+01 -0.9992283564E+00
  0.1864163377E-03  0.4214214879E+01 -0.9992140727E+00
  0.1898057257E-03  0.4214150744E+01 -0.9991997892E+00
  0.1931951136E-03  0.4214086610E+01 -0.9991855059E+00
  0.1965845016E-03  0.4214022476E+01 -0.9991712228E+00
  0.1999738895E-03  0.4213958343E+01 -0.9991569400E+00
  0.2033632775E-03  0.4213894211E+01 -0.9991426573E+00
  0.2067526654E-03  0.4213830079E+01 -0.9991283749E+00
  0.2101420534E-03  0.4213765948E+01 -0.9991140927E+00
  0.2135314414E-03  0.4213701818E+01 -0.9990998107E+00
  0.2169208293E-03  0.4213637688E+01 -0.9990855290E+00
  0.2203102173E-03  0.4213573559E+01 -0.9990712474E+00
  0.2236996052E-03  0.4213509431E+01 -0.9990569661E+00
  0.2270889932E-03  0.4213445304E+01 -0.9990426850E+00
  0.2304783812E-03  0.4213381177E+01 -0.9990284041E+00
  0.2338677691E-03  0.4213317051E+01 -0.9990141234E+00
  0.2372571571E-03  0.4213252926E+01 -0.9989998430E+00
  0.2406465450E-03  0.4213188801E+01 -0.9989855627E+00
  0.2440359330E-03  0.4213124678E+01 -0.9989712827E+00
  0.2474253209E-03  0.4213060555E+01 -0.9989570029E+00
  0.2508147089E-03  0.4212996432E+01 -0.9989427233E+00
  0.2542040969E-03  0.4212932311E+01 -0.9989284439E+00
  0.2575934848E-03  0.4212868190E+01 -0.9989141648E+00
  0.2609828728E-03  0.4212804071E+01 -0.9988998859E+00
  0.2643722607E-03  0.4212739951E+01 -0.9988856071E+00
  0.2677616487E-03  0.4212675833E+01 -0.9988713286E+00
  0.2711510367E-03  0.4212611716E+01 -0.9988570504E+00
  0.2745404246E-03  0.4212547599E+01 -0.9988427723E+00
  0.2779298126E-03  0.4212483483E+01 -0.9988284944E+00
  0.2813192005E-03  0.4212419368E+01 -0.9988142168E+00
  0.2847085885E-03  0.4212355254E+01 -0.9987999394E+00
  0.2880979764E-03  0.4212291141E+01 -0.9987856622E+00
  0.2914873644E-03  0.4212227029E+01 -0.9987713852E+00
  0.2948767524E-03  0.4212162917E+01 -0.9987571084E+00
  0.2982661403E-03  0.4212098806E+01 -0.9987428319E+00
  0.3016555283E-03  0.4212034696E+01 -0.9987285556E+00
  0.3050449162E-03  0.4211970587E+01 -0.9987142795E+00
  0.3084343042E-03  0.4211906479E+01 -0.9987000036E+00
  0.3118236921E-03  0.4211842372E+01 -0.9986857279E+00
  0.3152130801E-03  0.4211778266E+01 -0.9986714524E+00
  0.3186024681E-03  0.4211714160E+01 -0.9986571772E+00
  0.3219918560E-03  0.4211650056E+01 -0.9986429022E+00
  0.3253812440E-03  0.4211585952E+01 -0.9986286274E+00
  0.3287706319E-03  0.4211521849E+01 -0.9986143528E+00
  0.3321600199E-03  0.4211457747E+01 -0.9986000784E+00
  0.3355494079E-03  0.4211393647E+01 -0.9985858042E+00
  0.3389387958E-03  0.4211329547E+01 -0.9985715303E+00
  0.3423624200E-03  0.4211264800E+01 -0.9985571124E+00
  0.3458206263E-03  0.4211199401E+01 -0.9985425491E+00
  0.3493137639E-03  0.4211133342E+01 -0.9985278389E+00
  0.3528421858E-03  0.4211066616E+01 -0.9985129804E+00
  0.3564062483E-03  0.4210999218E+01 -0.9984979720E+00
  0.3600063114E-03  0.4210931140E+01 -0.9984828122E+00
  0.3636427388E-03  0.4210862376E+01 -0.9984674996E+00
  0.3673158977E-03  0.4210792918E+01 -0.9984520326E+00
  0.3710261593E-03  0.4210722760E+01 -0.9984364096E+00
  0.3747738983E-03  0.4210651894E+01 -0.9984206290E+00
  0.3785594932E-03  0.4210580313E+01 -0.9984046893E+00
  0.3823833265E-03  0.4210508011E+01 -0.9983885889E+00
  0.3862457844E-03  0.4210434980E+01 -0.9983723261E+00
  0.3901472569E-03  0.4210361213E+01 -0.9983558994E+00
  0.3940881383E-03  0.4210286702E+01 -0.9983393070E+00
  0.3980688266E-03  0.4210211439E+01 -0.9983225473E+00
  0.4020897238E-03  0.4210135418E+01 -0.9983056186E+00
  0.4061512362E-03  0.4210058631E+01 -0.9982885193E+00
  0.4102537739E-03  0.4209981069E+01 -0.9982712475E+00
  0.4143977514E-03  0.4209902726E+01 -0.9982538016E+00
  0.4185835873E-03  0.4209823593E+01 -0.9982361798E+00
  0.4228117043E-03  0.4209743662E+01 -0.9982183804E+00
  0.4270825296E-03  0.4209662926E+01 -0.9982004014E+00
  0.4313964946E-03  0.4209581376E+01 -0.9981822413E+00
  0.4357540349E-03  0.4209499004E+01 -0.9981638980E+00
  0.4401555908E-03  0.4209415802E+01 -0.9981453699E+00
  0.4446016069E-03  0.4209331761E+01 -0.9981266549E+00
  0.4490925322E-03  0.4209246873E+01 -0.9981077513E+00
  0.4536288204E-03  0.4209161130E+01 -0.9980886572E+00
  0.4582109297E-03  0.4209074523E+01 -0.9980693705E+00
  0.4628393230E-03  0.4208987044E+01 -0.9980498895E+00
  0.4675144676E-03  0.4208898683E+01 -0.9980302121E+00
  0.4722368360E-03  0.4208809431E+01 -0.9980103363E+00
  0.4770069051E-03  0.4208719281E+01 -0.9979902602E+00
  0.4818251566E-03  0.4208628222E+01 -0.9979699818E+00
  0.4866920774E-03  0.4208536246E+01 -0.9979494989E+00
  0.4916081590E-03  0.4208443344E+01 -0.9979288096E+00
  0.4965738980E-03  0.4208349506E+01 -0.9979079119E+00
  0.5015897959E-03  0.4208254722E+01 -0.9978868034E+00
  0.5066563595E-03  0.4208158984E+01 -0.9978654823E+00
  0.5117741005E-03  0.4208062282E+01 -0.9978439463E+00
  0.5169435359E-03  0.4207964606E+01 -0.9978221932E+00
  0.5221651878E-03  0.4207865946E+01 -0.9978002209E+00
  0.5274395836E-03  0.4207766293E+01 -0.9977780273E+00
  0.5327672562E-03  0.4207665636E+01 -0.9977556099E+00
  0.5381487436E-03  0.4207563966E+01 -0.9977329667E+00
  0.5435845895E-03  0.4207461272E+01 -0.9977100953E+00
  0.5490753429E-03  0.4207357545E+01 -0.9976869935E+00
  0.5546215585E-03  0.4207252773E+01 -0.9976636588E+00
  0.5602237965E-03  0.4207146946E+01 -0.9976400891E+00
  0.5658826227E-03  0.4207040055E+01 -0.9976162819E+00
  0.5715986088E-03  0.4206932087E+01 -0.9975922348E+00
  0.5773723321E-03  0.4206823033E+01 -0.9975679455E+00
  0.5832043759E-03  0.4206712882E+01 -0.9975434114E+00
  0.5890953291E-03  0.4206601622E+01 -0.9975186302E+00
  0.5950457870E-03  0.4206489242E+01 -0.9974935993E+00
  0.6010563505E-03  0.4206375732E+01 -0.9974683163E+00
  0.6071276268E-03  0.4206261080E+01 -0.9974427786E+00
  0.6132602291E-03  0.4206145274E+01 -0.9974169836E+00
  0.6194547769E-03  0.4206028304E+01 -0.9973909288E+00
  0.6257118958E-03  0.4205910157E+01 -0.9973646115E+00
  0.6320322180E-03  0.4205790821E+01 -0.9973380292E+00
  0.6384163818E-03  0.4205670286E+01 -0.9973111791E+00
  0.6448650321E-03  0.4205548538E+01 -0.9972840586E+00
  0.6513788203E-03  0.4205425566E+01 -0.9972566650E+00
  0.6579584044E-03  0.4205301358E+01 -0.9972289954E+00
  0.6646044489E-03  0.4205175901E+01 -0.9972010472E+00
  0.6713176251E-03  0.4205049183E+01 -0.9971728176E+00
  0.6780986112E-03  0.4204921191E+01 -0.9971443036E+00
  0.6849480921E-03  0.4204791912E+01 -0.9971155026E+00
  0.6918667597E-03  0.4204661335E+01 -0.9970864114E+00
  0.6988553129E-03  0.4204529445E+01 -0.9970570274E+00
  0.7059144575E-03  0.4204396230E+01 -0.9970273475E+00
  0.7130449065E-03  0.4204261676E+01 -0.9969973687E+00
  0.7202473803E-03  0.4204125771E+01 -0.9969670881E+00
  0.7275226064E-03  0.4203988500E+01 -0.9969365027E+00
  0.7348713196E-03  0.4203849851E+01 -0.9969056093E+00
  0.7422942622E-03  0.4203709809E+01 -0.9968744049E+00
  0.7497921840E-03  0.4203568361E+01 -0.9968428863E+00
  0.7573658425E-03  0.4203425493E+01 -0.9968110505E+00
  0.7650160025E-03  0.4203281190E+01 -0.9967788941E+00
  0.7727434369E-03  0.4203135438E+01 -0.9967464141E+00
  0.7805489261E-03  0.4202988224E+01 -0.9967136072E+00
  0.7884332587E-03  0.4202839532E+01 -0.9966804700E+00
  0.7963972310E-03  0.4202689348E+01 -0.9966469993E+00
  0.8044416475E-03  0.4202537657E+01 -0.9966131917E+00
  0.8125673207E-03  0.4202384444E+01 -0.9965790439E+00
  0.8207750714E-03  0.4202229694E+01 -0.9965445524E+00
  0.8290657287E-03  0.4202073392E+01 -0.9965097138E+00
  0.8374401300E-03  0.4201915522E+01 -0.9964745246E+00
  0.8458991212E-03  0.4201756070E+01 -0.9964389813E+00
  0.8544435568E-03  0.4201595018E+01 -0.9964030804E+00
  0.8630742998E-03  0.4201432353E+01 -0.9963668182E+00
  0.8717922220E-03  0.4201268056E+01 -0.9963301912E+00
  0.8805982040E-03  0.4201102113E+01 -0.9962931956E+00
  0.8894931354E-03  0.4200934508E+01 -0.9962558278E+00
  0.8984779145E-03  0.4200765223E+01 -0.9962180841E+00
  0.9075534490E-03  0.4200594242E+01 -0.9961799607E+00
  0.9167206556E-03  0.4200421549E+01 -0.9961414538E+00
  0.9259804602E-03  0.4200247126E+01 -0.9961025595E+00
  0.9353337982E-03  0.4200070957E+01 -0.9960632740E+00
  0.9447816143E-03  0.4199893024E+01 -0.9960235933E+00
  0.9543248629E-03  0.4199713311E+01 -0.9959835136E+00
  0.9639645080E-03  0.4199531798E+01 -0.9959430307E+00
  0.9737015233E-03  0.4199348470E+01 -0.9959021407E+00
  0.9835368922E-03  0.4199163308E+01 -0.9958608395E+00
  0.9934716083E-03  0.4198976293E+01 -0.9958191229E+00
  0.1003506675E-02  0.4198787409E+01 -0.9957769868E+00
  0.1013643106E-02  0.4198596635E+01 -0.9957344271E+00
  0.1023881925E-02  0.4198403955E+01 -0.9956914394E+00
  0.1034224167E-02  0.4198209349E+01 -0.9956480195E+00
  0.1044670876E-02  0.4198012799E+01 -0.9956041630E+00
  0.1055223107E-02  0.4197814285E+01 -0.9955598657E+00
  0.1065881926E-02  0.4197613788E+01 -0.9955151230E+00
  0.1076648410E-02  0.4197411288E+01 -0.9954699306E+00
  0.1087523647E-02  0.4197206767E+01 -0.9954242838E+00
  0.1098508734E-02  0.4197000205E+01 -0.9953781783E+00
  0.1109604782E-02  0.4196791581E+01 -0.9953316093E+00
  0.1120812911E-02  0.4196580876E+01 -0.9952845723E+00
  0.1132134253E-02  0.4196368069E+01 -0.9952370626E+00
  0.1143569953E-02  0.4196153139E+01 -0.9951890754E+00
  0.1155121165E-02  0.4195936067E+01 -0.9951406060E+00
  0.1166789055E-02  0.4195716831E+01 -0.9950916496E+00
  0.1178574803E-02  0.4195495411E+01 -0.9950422012E+00
  0.1190479599E-02  0.4195271784E+01 -0.9949922560E+00
  0.1202504646E-02  0.4195045931E+01 -0.9949418091E+00
  0.1214651157E-02  0.4194817828E+01 -0.9948908553E+00
  0.1226920361E-02  0.4194587455E+01 -0.9948393896E+00
  0.1239313496E-02  0.4194354789E+01 -0.9947874070E+00
  0.1251831814E-02  0.4194119808E+01 -0.9947349022E+00
  0.1264476580E-02  0.4193882491E+01 -0.9946818700E+00
  0.1277249070E-02  0.4193642814E+01 -0.9946283052E+00
  0.1290150576E-02  0.4193400754E+01 -0.9945742025E+00
  0.1303182400E-02  0.4193156289E+01 -0.9945195564E+00
  0.1316345859E-02  0.4192909396E+01 -0.9944643616E+00
  0.1329642282E-02  0.4192660051E+01 -0.9944086126E+00
  0.1343073012E-02  0.4192408231E+01 -0.9943523038E+00
  0.1356639406E-02  0.4192153911E+01 -0.9942954296E+00
  0.1370342834E-02  0.4191897069E+01 -0.9942379845E+00
  0.1384184681E-02  0.4191637680E+01 -0.9941799627E+00
  0.1398166344E-02  0.4191375719E+01 -0.9941213585E+00
  0.1412289237E-02  0.4191111162E+01 -0.9940621660E+00
  0.1426554785E-02  0.4190843985E+01 -0.9940023794E+00
  0.1440964429E-02  0.4190574162E+01 -0.9939419928E+00
  0.1455519625E-02  0.4190301668E+01 -0.9938810001E+00
  0.1470221844E-02  0.4190026477E+01 -0.9938193954E+00
  0.1485072569E-02  0.4189748565E+01 -0.9937571725E+00
  0.1500073302E-02  0.4189467906E+01 -0.9936943253E+00
  0.1515225558E-02  0.4189184472E+01 -0.9936308476E+00
  0.1530530867E-02  0.4188898239E+01 -0.9935667330E+00
  0.1545990774E-02  0.4188609180E+01 -0.9935019753E+00
  0.1561606843E-02  0.4188317267E+01 -0.9934365680E+00
  0.1577380649E-02  0.4188022475E+01 -0.9933705046E+00
  0.1593313787E-02  0.4187724776E+01 -0.9933037786E+00
  0.1609407866E-02  0.4187424143E+01 -0.9932363835E+00
  0.1625664511E-02  0.4187120549E+01 -0.9931683125E+00
  0.1642085364E-02  0.4186813965E+01 -0.9930995589E+00
  0.1658672085E-02  0.4186504364E+01 -0.9930301159E+00
  0.1675426349E-02  0.4186191717E+01 -0.9929599768E+00
  0.1692349847E-02  0.4185875997E+01 -0.9928891344E+00
  0.1709444290E-02  0.4185557174E+01 -0.9928175819E+00
  0.1726711404E-02  0.4185235220E+01 -0.9927453122E+00
  0.1744152934E-02  0.4184910106E+01 -0.9926723181E+00
  0.1761770640E-02  0.4184581803E+01 -0.9925985925E+00
  0.1779566303E-02  0.4184250281E+01 -0.9925241281E+00
  0.1797541720E-02  0.4183915511E+01 -0.9924489174E+00
  0.1815698707E-02  0.4183577462E+01 -0.9923729532E+00
  0.1834039098E-02  0.4183236105E+01 -0.9922962279E+00
  0.1852564746E-02  0.4182891410E+01 -0.9922187339E+00
  0.1871277521E-02  0.4182543345E+01 -0.9921404637E+00
  0.1890179314E-02  0.4182191880E+01 -0.9920614094E+00
  0.1909272034E-02  0.4181836985E+01 -0.9919815634E+00
  0.1928557610E-02  0.4181478627E+01 -0.9919009177E+00
  0.1948037990E-02  0.4181116776E+01 -0.9918194644E+00
  0.1967715142E-02  0.4180751401E+01 -0.9917371956E+00
  0.1987591052E-02  0.4180382468E+01 -0.9916541030E+00
  0.2007667730E-02  0.4180009947E+01 -0.9915701785E+00
  0.2027947202E-02  0.4179633805E+01 -0.9914854140E+00
  0.2048431517E-02  0.4179254010E+01 -0.9913998009E+00
  0.2069122744E-02  0.4178870529E+01 -0.9913133310E+00
  0.2090022974E-02  0.4178483329E+01 -0.9912259957E+00
  0.2111134317E-02  0.4178092378E+01 -0.9911377864E+00
  0.2132458906E-02  0.4177697641E+01 -0.9910486945E+00
  0.2153998895E-02  0.4177299086E+01 -0.9909587112E+00
  0.2175756460E-02  0.4176896679E+01 -0.9908678278E+00
  0.2197733798E-02  0.4176490387E+01 -0.9907760352E+00
  0.2219933129E-02  0.4176080175E+01 -0.9906833244E+00
  0.2242356696E-02  0.4175666008E+01 -0.9905896864E+00
  0.2265006764E-02  0.4175247853E+01 -0.9904951121E+00
  0.2287885620E-02  0.4174825676E+01 -0.9903995920E+00
  0.2310995576E-02  0.4174399441E+01 -0.9903031169E+00
  0.2334338965E-02  0.4173969113E+01 -0.9902056773E+00
  0.2357918147E-02  0.4173534657E+01 -0.9901072636E+00
  0.2381735502E-02  0.4173096038E+01 -0.9900078663E+00
  0.2405793436E-02  0.4172653222E+01 -0.9899074756E+00
  0.2430094380E-02  0.4172206504E+01 -0.9898060816E+00
  0.2454640788E-02  0.4171755663E+01 -0.9897036744E+00
  0.2479435139E-02  0.4171300536E+01 -0.9896002441E+00
  0.2504479939E-02  0.4170841087E+01 -0.9894957805E+00
  0.2529777716E-02  0.4170377281E+01 -0.9893902733E+00
  0.2555331026E-02  0.4169909081E+01 -0.9892837123E+00
  0.2581142450E-02  0.4169436452E+01 -0.9891760872E+00
  0.2607214596E-02  0.4168959357E+01 -0.9890673872E+00
  0.2633550097E-02  0.4168477762E+01 -0.9889576019E+00
  0.2660151614E-02  0.4167991629E+01 -0.9888467206E+00
  0.2687021832E-02  0.4167500922E+01 -0.9887347323E+00
  0.2714163467E-02  0.4167005606E+01 -0.9886216262E+00
  0.2741579259E-02  0.4166505643E+01 -0.9885073913E+00
  0.2769271979E-02  0.4166000997E+01 -0.9883920165E+00
  0.2797244423E-02  0.4165491631E+01 -0.9882754903E+00
  0.2825499417E-02  0.4164977509E+01 -0.9881578017E+00
  0.2854039815E-02  0.4164458594E+01 -0.9880389390E+00
  0.2882868500E-02  0.4163934850E+01 -0.9879188906E+00
  0.2911988384E-02  0.4163406239E+01 -0.9877976450E+00
  0.2941402408E-02  0.4162872724E+01 -0.9876751904E+00
  0.2971113544E-02  0.4162334269E+01 -0.9875515147E+00
  0.3001124792E-02  0.4161790838E+01 -0.9874266060E+00
  0.3031439184E-02  0.4161242392E+01 -0.9873004521E+00
  0.3062059781E-02  0.4160688895E+01 -0.9871730409E+00
  0.3092989678E-02  0.4160130311E+01 -0.9870443598E+00
  0.3124231998E-02  0.4159566602E+01 -0.9869143965E+00
  0.3155789897E-02  0.4158997733E+01 -0.9867831383E+00
  0.3187666563E-02  0.4158423665E+01 -0.9866505725E+00
  0.3219865215E-02  0.4157844362E+01 -0.9865166862E+00
  0.3252389106E-02  0.4157259859E+01 -0.9863814664E+00
  0.3285241521E-02  0.4156670129E+01 -0.9862449001E+00
  0.3318425779E-02  0.4156075062E+01 -0.9861069739E+00
  0.3351945231E-02  0.4155474620E+01 -0.9859676746E+00
  0.3385803264E-02  0.4154868769E+01 -0.9858269887E+00
  0.3420003297E-02  0.4154257296E+01 -0.9856849025E+00
  0.3454548785E-02  0.4153639520E+01 -0.9855414023E+00
  0.3489443217E-02  0.4153016188E+01 -0.9853964743E+00
  0.3524690118E-02  0.4152387265E+01 -0.9852501044E+00
  0.3560293049E-02  0.4151752713E+01 -0.9851022786E+00
  0.3596255605E-02  0.4151112497E+01 -0.9849529825E+00
  0.3632581419E-02  0.4150466581E+01 -0.9848022016E+00
  0.3669274160E-02  0.4149814929E+01 -0.9846499216E+00
  0.3706337536E-02  0.4149157506E+01 -0.9844961276E+00
  0.3743775289E-02  0.4148494278E+01 -0.9843408049E+00
  0.3781591201E-02  0.4147825208E+01 -0.9841839385E+00
  0.3819789092E-02  0.4147150264E+01 -0.9840255132E+00
  0.3858372820E-02  0.4146469410E+01 -0.9838655138E+00
  0.3897346283E-02  0.4145782613E+01 -0.9837039249E+00
  0.3936713417E-02  0.4145089839E+01 -0.9835407310E+00
  0.3976478199E-02  0.4144391056E+01 -0.9833759163E+00
  0.4016644645E-02  0.4143685463E+01 -0.9832094650E+00
  0.4057216813E-02  0.4142972120E+01 -0.9830413612E+00
  0.4098198801E-02  0.4142252574E+01 -0.9828715887E+00
  0.4139594749E-02  0.4141526792E+01 -0.9827001312E+00
  0.4181408837E-02  0.4140794741E+01 -0.9825269724E+00
  0.4223645290E-02  0.4140056385E+01 -0.9823520955E+00
  0.4266308374E-02  0.4139311693E+01 -0.9821754838E+00
  0.4309402398E-02  0.4138560632E+01 -0.9819971204E+00
  0.4352931715E-02  0.4137803171E+01 -0.9818169881E+00
  0.4396900722E-02  0.4137039277E+01 -0.9816350698E+00
  0.4441313861E-02  0.4136268920E+01 -0.9814513480E+00
  0.4486175617E-02  0.4135492070E+01 -0.9812658052E+00
  0.4531490522E-02  0.4134708698E+01 -0.9810784235E+00
  0.4577263154E-02  0.4133918774E+01 -0.9808891851E+00
  0.4623498135E-02  0.4133122270E+01 -0.9806980718E+00
  0.4670200136E-02  0.4132319158E+01 -0.9805050655E+00
  0.4717373875E-02  0.4131509413E+01 -0.9803101477E+00
  0.4765024116E-02  0.4130693007E+01 -0.9801132997E+00
  0.4813155673E-02  0.4129869916E+01 -0.9799145028E+00
  0.4861773407E-02  0.4129040863E+01 -0.9797137380E+00
  0.4910882230E-02  0.4128205243E+01 -0.9795109862E+00
  0.4960487101E-02  0.4127362902E+01 -0.9793062280E+00
  0.5010593031E-02  0.4126513818E+01 -0.9790994439E+00
  0.5061205082E-02  0.4125657972E+01 -0.9788906143E+00
  0.5112328365E-02  0.4124795345E+01 -0.9786797191E+00
  0.5163968046E-02  0.4123925919E+01 -0.9784667385E+00
  0.5216129339E-02  0.4123049678E+01 -0.9782516520E+00
  0.5268817514E-02  0.4122166606E+01 -0.9780344393E+00
  0.5322037893E-02  0.4121276255E+01 -0.9778150797E+00
  0.5375795852E-02  0.4120376280E+01 -0.9775935525E+00
  0.5430096820E-02  0.4119469316E+01 -0.9773698367E+00
  0.5484946283E-02  0.4118555351E+01 -0.9771439111E+00
  0.5540349781E-02  0.4117634370E+01 -0.9769157543E+00
  0.5596312910E-02  0.4116706363E+01 -0.9766853445E+00
  0.5652841323E-02  0.4115771320E+01 -0.9764526601E+00
  0.5709940730E-02  0.4114828304E+01 -0.9762176789E+00
  0.5767616899E-02  0.4113877095E+01 -0.9759803788E+00
  0.5825875656E-02  0.4112918742E+01 -0.9757407374E+00
  0.5884722885E-02  0.4111952559E+01 -0.9754987319E+00
  0.5944164530E-02  0.4110978955E+01 -0.9752543396E+00
  0.6004206596E-02  0.4109998158E+01 -0.9750075374E+00
  0.6064855147E-02  0.4109010165E+01 -0.9747583019E+00
  0.6126116310E-02  0.4108014974E+01 -0.9745066097E+00
  0.6187996273E-02  0.4107012584E+01 -0.9742524369E+00
  0.6250501286E-02  0.4106002221E+01 -0.9739957596E+00
  0.6313637663E-02  0.4104982211E+01 -0.9737365537E+00
  0.6377411780E-02  0.4103954905E+01 -0.9734747948E+00
  0.6441830081E-02  0.4102920307E+01 -0.9732104583E+00
  0.6506899072E-02  0.4101878423E+01 -0.9729435193E+00
  0.6572625325E-02  0.4100829260E+01 -0.9726739527E+00
  0.6639015480E-02  0.4099772829E+01 -0.9724017331E+00
  0.6706076242E-02  0.4098709140E+01 -0.9721268349E+00
  0.6773814386E-02  0.4097638207E+01 -0.9718492322E+00
  0.6842236754E-02  0.4096560046E+01 -0.9715688990E+00
  0.6911350256E-02  0.4095474674E+01 -0.9712858089E+00
  0.6981161875E-02  0.4094382110E+01 -0.9709999353E+00
  0.7051678662E-02  0.4093282376E+01 -0.9707112514E+00
  0.7122907739E-02  0.4092175496E+01 -0.9704197301E+00
  0.7194856302E-02  0.4091061495E+01 -0.9701253440E+00
  0.7267531618E-02  0.4089940402E+01 -0.9698280656E+00
  0.7340941029E-02  0.4088812247E+01 -0.9695278669E+00
  0.7415091948E-02  0.4087677061E+01 -0.9692247198E+00
  0.7489991867E-02  0.4086525437E+01 -0.9689185962E+00
  0.7565648350E-02  0.4085360696E+01 -0.9686094681E+00
  0.7642069041E-02  0.4084188480E+01 -0.9682973068E+00
  0.7719261657E-02  0.4083006555E+01 -0.9679820832E+00
  0.7797233997E-02  0.4081807817E+01 -0.9676637684E+00
  0.7875993937E-02  0.4080601266E+01 -0.9673423330E+00
  0.7955549431E-02  0.4079386922E+01 -0.9670177470E+00
  0.8035908516E-02  0.4078164811E+01 -0.9666899803E+00
  0.8117079309E-02  0.4076934959E+01 -0.9663590024E+00
  0.8199070009E-02  0.4075697394E+01 -0.9660247824E+00
  0.8281888898E-02  0.4074455708E+01 -0.9656872891E+00
  0.8365544342E-02  0.4073220107E+01 -0.9653464903E+00
  0.8450044790E-02  0.4071977609E+01 -0.9650023539E+00
  0.8535398777E-02  0.4070722763E+01 -0.9646548479E+00
  0.8621614927E-02  0.4069461616E+01 -0.9643039403E+00
  0.8708701946E-02  0.4068193526E+01 -0.9639495982E+00
  0.8796668632E-02  0.4066918553E+01 -0.9635917888E+00
  0.8885523871E-02  0.4065636758E+01 -0.9632304787E+00
  0.8975276638E-02  0.4064348206E+01 -0.9628656344E+00
  0.9065935997E-02  0.4063052964E+01 -0.9624972219E+00
  0.9157511109E-02  0.4061751101E+01 -0.9621252070E+00
  0.9250011221E-02  0.4060438895E+01 -0.9617495552E+00
  0.9343445678E-02  0.4059112053E+01 -0.9613702323E+00
  0.9437823917E-02  0.4057778462E+01 -0.9609872034E+00
  0.9533155471E-02  0.4056438194E+01 -0.9606004329E+00
  0.9629449971E-02  0.4055091326E+01 -0.9602098851E+00
  0.9726717143E-02  0.4053737935E+01 -0.9598155237E+00
  0.9824966811E-02  0.4052378103E+01 -0.9594173121E+00
  0.9924208900E-02  0.4050998934E+01 -0.9590152140E+00
  0.1002445343E-01  0.4049603784E+01 -0.9586091934E+00
  0.1012571054E-01  0.4048197946E+01 -0.9581992135E+00
  0.1022799044E-01  0.4046785018E+01 -0.9577852364E+00
  0.1033130348E-01  0.4045365062E+01 -0.9573672241E+00
  0.1043566008E-01  0.4043938145E+01 -0.9569451380E+00
  0.1054107079E-01  0.4042504331E+01 -0.9565189392E+00
  0.1064754625E-01  0.4041056010E+01 -0.9560885888E+00
  0.1075509722E-01  0.4039584608E+01 -0.9556540484E+00
  0.1086373457E-01  0.4038105713E+01 -0.9552152790E+00
  0.1097346926E-01  0.4036619375E+01 -0.9547722403E+00
  0.1108431238E-01  0.4035125646E+01 -0.9543248916E+00
  0.1119627514E-01  0.4033624578E+01 -0.9538731918E+00
  0.1130936882E-01  0.4032096473E+01 -0.9534171008E+00
  0.1142360487E-01  0.4030542857E+01 -0.9529565787E+00
  0.1153899482E-01  0.4028951068E+01 -0.9524915864E+00
  0.1165555032E-01  0.4027340121E+01 -0.9520220839E+00
  0.1177328316E-01  0.4025758210E+01 -0.9515480269E+00
  0.1189220521E-01  0.4024172735E+01 -0.9510693697E+00
  0.1201232849E-01  0.4022578759E+01 -0.9505860686E+00
  0.1213366514E-01  0.4020976283E+01 -0.9500980796E+00
  0.1225622742E-01  0.4019373796E+01 -0.9496053578E+00
  0.1238002770E-01  0.4017770828E+01 -0.9491078574E+00
  0.1250507848E-01  0.4016159587E+01 -0.9486055328E+00
  0.1263139240E-01  0.4014571013E+01 -0.9480983362E+00
  0.1275898223E-01  0.4012997585E+01 -0.9475862182E+00
  0.1288786083E-01  0.4011418140E+01 -0.9470691304E+00
  0.1301804125E-01  0.4009792604E+01 -0.9465470282E+00
  0.1314953661E-01  0.4008158643E+01 -0.9460198665E+00
  0.1328236022E-01  0.4006516166E+01 -0.9454875975E+00
  0.1341652547E-01  0.4004865075E+01 -0.9449501730E+00
  0.1355204593E-01  0.4003232422E+01 -0.9444075424E+00
  0.1368893528E-01  0.4001619899E+01 -0.9438596529E+00
  0.1382720736E-01  0.4000000392E+01 -0.9433064526E+00
  0.1396687612E-01  0.3998373802E+01 -0.9427478911E+00
  0.1410795567E-01  0.3996740018E+01 -0.9421839175E+00
  0.1425046028E-01  0.3995098918E+01 -0.9416144806E+00
  0.1439440432E-01  0.3993450361E+01 -0.9410395286E+00
  0.1453980234E-01  0.3991804837E+01 -0.9404590084E+00
  0.1468666903E-01  0.3990173206E+01 -0.9398728651E+00
  0.1483501923E-01  0.3988534552E+01 -0.9392810436E+00
  0.1498486790E-01  0.3986900349E+01 -0.9386834895E+00
  0.1513623021E-01  0.3985271958E+01 -0.9380801463E+00
  0.1528912142E-01  0.3983636206E+01 -0.9374709583E+00
  0.1544355699E-01  0.3981992830E+01 -0.9368558700E+00
  0.1559955252E-01  0.3980341541E+01 -0.9362348258E+00
  0.1575712375E-01  0.3978675065E+01 -0.9356077697E+00
  0.1591628662E-01  0.3977018291E+01 -0.9349746442E+00
  0.1607705719E-01  0.3975435257E+01 -0.9343353840E+00
  0.1623945171E-01  0.3973888149E+01 -0.9336899207E+00
  0.1640348657E-01  0.3972327551E+01 -0.9330381925E+00
  0.1656917836E-01  0.3970761775E+01 -0.9323801402E+00
  0.1673654380E-01  0.3969198894E+01 -0.9317157027E+00
  0.1690559979E-01  0.3967679192E+01 -0.9310448143E+00
  0.1707636343E-01  0.3966140090E+01 -0.9303674104E+00
  0.1724885195E-01  0.3964550396E+01 -0.9296834338E+00
  0.1742308278E-01  0.3962952172E+01 -0.9289928262E+00
  0.1759907351E-01  0.3961345930E+01 -0.9282955246E+00
  0.1777684193E-01  0.3959731115E+01 -0.9275914660E+00
  0.1795640599E-01  0.3958107133E+01 -0.9268805864E+00
  0.1813778383E-01  0.3956464082E+01 -0.9261628225E+00
  0.1832099377E-01  0.3954750166E+01 -0.9254381159E+00
  0.1850605431E-01  0.3952984825E+01 -0.9247064111E+00
  0.1869298415E-01  0.3951163165E+01 -0.9239676505E+00
  0.1888180217E-01  0.3949322206E+01 -0.9232217735E+00
  0.1907252745E-01  0.3947461383E+01 -0.9224687154E+00
  0.1926517924E-01  0.3945579645E+01 -0.9217084111E+00
  0.1945977701E-01  0.3943675894E+01 -0.9209407954E+00
  0.1965634041E-01  0.3941748987E+01 -0.9201658024E+00
  0.1985488931E-01  0.3939797734E+01 -0.9193833662E+00
  0.2005544374E-01  0.3937820899E+01 -0.9185934205E+00
  0.2025802398E-01  0.3935817198E+01 -0.9177958988E+00
  0.2046265049E-01  0.3933785300E+01 -0.9169907341E+00
  0.2066934393E-01  0.3931723827E+01 -0.9161778596E+00
  0.2087812518E-01  0.3929631356E+01 -0.9153572078E+00
  0.2108901533E-01  0.3927489144E+01 -0.9145287131E+00
  0.2130203569E-01  0.3925295239E+01 -0.9136923116E+00
  0.2151720777E-01  0.3923064617E+01 -0.9128479377E+00
  0.2173455330E-01  0.3920795645E+01 -0.9119955237E+00
  0.2195409424E-01  0.3918486653E+01 -0.9111350020E+00
  0.2217585277E-01  0.3916135926E+01 -0.9102663048E+00
  0.2239985128E-01  0.3913741710E+01 -0.9093893643E+00
  0.2262611241E-01  0.3911302214E+01 -0.9085041127E+00
  0.2285465900E-01  0.3908811182E+01 -0.9076104826E+00
  0.2308551414E-01  0.3906137445E+01 -0.9067084220E+00
  0.2331870115E-01  0.3903405340E+01 -0.9057978801E+00
  0.2355424359E-01  0.3900571515E+01 -0.9048787962E+00
  0.2379216524E-01  0.3897665101E+01 -0.9039511115E+00
  0.2403249014E-01  0.3894694744E+01 -0.9030147625E+00
  0.2427524257E-01  0.3891618210E+01 -0.9020696893E+00
  0.2452044704E-01  0.3888267862E+01 -0.9011158579E+00
  0.2476812832E-01  0.3884800668E+01 -0.9001532361E+00
  0.2501831143E-01  0.3881239138E+01 -0.8991817701E+00
  0.2527102165E-01  0.3877545410E+01 -0.8982014080E+00
  0.2552628449E-01  0.3873767945E+01 -0.8972120969E+00
  0.2578412575E-01  0.3869904859E+01 -0.8962137777E+00
  0.2604457147E-01  0.3865960431E+01 -0.8952063912E+00
  0.2630764795E-01  0.3861957376E+01 -0.8941898745E+00
  0.2657338176E-01  0.3857862137E+01 -0.8931641660E+00
  0.2684179976E-01  0.3853671753E+01 -0.8921292087E+00
  0.2711292905E-01  0.3849399897E+01 -0.8910849445E+00
  0.2738679702E-01  0.3844953616E+01 -0.8900313261E+00
  0.2766343134E-01  0.3840404872E+01 -0.8889683091E+00
  0.2794285993E-01  0.3835752056E+01 -0.8878958402E+00
  0.2822511105E-01  0.3830993662E+01 -0.8868138665E+00
  0.2851021318E-01  0.3826128300E+01 -0.8857223356E+00
  0.2879819513E-01  0.3821154702E+01 -0.8846211958E+00
  0.2908908599E-01  0.3816071730E+01 -0.8835103962E+00
  0.2938291514E-01  0.3810885817E+01 -0.8823898849E+00
  0.2967971226E-01  0.3805661383E+01 -0.8812596003E+00
  0.2997950734E-01  0.3800384395E+01 -0.8801194728E+00
  0.3028233064E-01  0.3794918596E+01 -0.8789694554E+00
  0.3058821277E-01  0.3789216555E+01 -0.8778095297E+00
  0.3089718462E-01  0.3783403267E+01 -0.8766396665E+00
  0.3120927739E-01  0.3777389795E+01 -0.8754598321E+00
  0.3152452262E-01  0.3771376732E+01 -0.8742699758E+00
  0.3184295214E-01  0.3765178153E+01 -0.8730700450E+00
  0.3216459812E-01  0.3758922565E+01 -0.8718599966E+00
  0.3248949305E-01  0.3752738787E+01 -0.8706397463E+00
  0.3281766975E-01  0.3746472489E+01 -0.8694092131E+00
  0.3314916136E-01  0.3740079020E+01 -0.8681683485E+00
  0.3348400137E-01  0.3733435335E+01 -0.8669171327E+00
  0.3382222361E-01  0.3726752346E+01 -0.8656555320E+00
  0.3416386223E-01  0.3719995175E+01 -0.8643834838E+00
  0.3450895175E-01  0.3713164267E+01 -0.8631009311E+00
  0.3485752702E-01  0.3706262807E+01 -0.8618078167E+00
  0.3520962325E-01  0.3699294122E+01 -0.8605040823E+00
  0.3556527601E-01  0.3692261665E+01 -0.8591896687E+00
  0.3592452122E-01  0.3685168993E+01 -0.8578645154E+00
  0.3628739518E-01  0.3678024497E+01 -0.8565285598E+00
  0.3665393452E-01  0.3671027628E+01 -0.8551817014E+00
  0.3702417628E-01  0.3663906742E+01 -0.8538238519E+00
  0.3739815786E-01  0.3656715302E+01 -0.8524549630E+00
  0.3777591703E-01  0.3649555516E+01 -0.8510749576E+00
  0.3815749195E-01  0.3642497166E+01 -0.8496837254E+00
  0.3854292116E-01  0.3635463195E+01 -0.8482811562E+00
  0.3893224360E-01  0.3628419076E+01 -0.8468671600E+00
  0.3932549859E-01  0.3621362119E+01 -0.8454416537E+00
  0.3972272585E-01  0.3614393900E+01 -0.8440045339E+00
  0.4012396550E-01  0.3607507062E+01 -0.8425556774E+00
  0.4052925808E-01  0.3600623410E+01 -0.8410949765E+00
  0.4093864453E-01  0.3593796651E+01 -0.8396223275E+00
  0.4135216619E-01  0.3587074647E+01 -0.8381376046E+00
  0.4176986484E-01  0.3580387544E+01 -0.8366406849E+00
  0.4219178266E-01  0.3573718240E+01 -0.8351314625E+00
  0.4261796229E-01  0.3567121098E+01 -0.8336098224E+00
  0.4304844675E-01  0.3560674665E+01 -0.8320756198E+00
  0.4348327955E-01  0.3553988480E+01 -0.8305287753E+00
  0.4392250460E-01  0.3547198533E+01 -0.8289692657E+00
  0.4436616626E-01  0.3540453511E+01 -0.8273970060E+00
  0.4481430935E-01  0.3533716025E+01 -0.8258118859E+00
  0.4526697914E-01  0.3526974800E+01 -0.8242138052E+00
  0.4572422136E-01  0.3520222352E+01 -0.8226026671E+00
  0.4618608218E-01  0.3513739856E+01 -0.8209783114E+00
  0.4665260826E-01  0.3507525472E+01 -0.8193405097E+00
  0.4712384673E-01  0.3501275511E+01 -0.8176891013E+00
  0.4759984518E-01  0.3494897141E+01 -0.8160240177E+00
  0.4808065170E-01  0.3488132827E+01 -0.8143452745E+00
  0.4856631485E-01  0.3481437876E+01 -0.8126528427E+00
  0.4905688368E-01  0.3474949311E+01 -0.8109465493E+00
  0.4955240776E-01  0.3468503114E+01 -0.8092262254E+00
  0.5005293713E-01  0.3461996043E+01 -0.8074917662E+00
  0.5055852235E-01  0.3455516933E+01 -0.8057430700E+00
  0.5106921450E-01  0.3449250745E+01 -0.8039799647E+00
  0.5158506515E-01  0.3442800900E+01 -0.8022023300E+00
  0.5210612641E-01  0.3436418809E+01 -0.8004100826E+00
  0.5263245092E-01  0.3430256793E+01 -0.7986030327E+00
  0.5316409184E-01  0.3424330535E+01 -0.7967809432E+00
  0.5370110287E-01  0.3418526893E+01 -0.7949435982E+00
  0.5424353825E-01  0.3413002685E+01 -0.7930907665E+00
  0.5479145278E-01  0.3407496628E+01 -0.7912222412E+00
  0.5534490180E-01  0.3401788957E+01 -0.7893379450E+00
  0.5590394121E-01  0.3396032102E+01 -0.7874378201E+00
  0.5646862749E-01  0.3390227182E+01 -0.7855217663E+00
  0.5703901766E-01  0.3384376628E+01 -0.7835896826E+00
  0.5761516936E-01  0.3378481910E+01 -0.7816414664E+00
  0.5819714076E-01  0.3372385768E+01 -0.7796770604E+00
  0.5878499067E-01  0.3366017948E+01 -0.7776964754E+00
  0.5937877846E-01  0.3359610292E+01 -0.7756996775E+00
  0.5997856410E-01  0.3352743464E+01 -0.7736866908E+00
  0.6058440818E-01  0.3345284152E+01 -0.7716577106E+00
  0.6119637190E-01  0.3337809827E+01 -0.7696128050E+00
  0.6181451707E-01  0.3330058647E+01 -0.7675519497E+00
  0.6243890613E-01  0.3322164068E+01 -0.7654751622E+00
  0.6306960215E-01  0.3313936207E+01 -0.7633824811E+00
  0.6370666884E-01  0.3305192613E+01 -0.7612740679E+00
  0.6435017054E-01  0.3296387238E+01 -0.7591500039E+00
  0.6500017227E-01  0.3287350087E+01 -0.7570102836E+00
  0.6565673966E-01  0.3278214691E+01 -0.7548549158E+00
  0.6631993905E-01  0.3268696625E+01 -0.7526839620E+00
  0.6698983743E-01  0.3259223605E+01 -0.7504974404E+00
  0.6766650245E-01  0.3249809327E+01 -0.7482952229E+00
  0.6835000248E-01  0.3240466615E+01 -0.7460771710E+00
  0.6904040654E-01  0.3231207208E+01 -0.7438431361E+00
  0.6973778439E-01  0.3222175976E+01 -0.7415929129E+00
  0.7044220645E-01  0.3213267344E+01 -0.7393262787E+00
  0.7115374389E-01  0.3204547037E+01 -0.7370430211E+00
  0.7187246858E-01  0.3196231491E+01 -0.7347428223E+00
  0.7259845311E-01  0.3188042108E+01 -0.7324253804E+00
  0.7333177082E-01  0.3179983062E+01 -0.7300904876E+00
  0.7407249577E-01  0.3172056448E+01 -0.7277379305E+00
  0.7482070280E-01  0.3164262329E+01 -0.7253674914E+00
  0.7557646748E-01  0.3156598843E+01 -0.7229789496E+00
  0.7633986614E-01  0.3148665230E+01 -0.7205722345E+00
  0.7711097590E-01  0.3140286554E+01 -0.7181474985E+00
  0.7788987464E-01  0.3131341908E+01 -0.7157050167E+00
  0.7867664105E-01  0.3122300286E+01 -0.7132449389E+00
  0.7947135460E-01  0.3113057500E+01 -0.7107672772E+00
  0.8027409556E-01  0.3103431831E+01 -0.7082721619E+00
  0.8108494501E-01  0.3093288674E+01 -0.7057598582E+00
  0.8190398485E-01  0.3082912133E+01 -0.7032305809E+00
  0.8273129783E-01  0.3072738600E+01 -0.7006842561E+00
  0.8356696751E-01  0.3062523113E+01 -0.6981207300E+00
  0.8441107829E-01  0.3052000208E+01 -0.6955400625E+00
  0.8526371544E-01  0.3040399717E+01 -0.6929427592E+00
  0.8612496510E-01  0.3028989101E+01 -0.6903291297E+00
  0.8699491424E-01  0.3018086950E+01 -0.6876988054E+00
  0.8787365075E-01  0.3007170677E+01 -0.6850514985E+00
  0.8876126338E-01  0.2996231175E+01 -0.6823871508E+00
  0.8965784180E-01  0.2985342125E+01 -0.6797056760E+00
  0.9056347656E-01  0.2974395289E+01 -0.6770070033E+00
  0.9147825915E-01  0.2963715638E+01 -0.6742909631E+00
  0.9240228197E-01  0.2952974003E+01 -0.6715573850E+00
  0.9333563836E-01  0.2941404404E+01 -0.6688066071E+00
  0.9427842258E-01  0.2929715891E+01 -0.6660390073E+00
  0.9523072988E-01  0.2917849783E+01 -0.6632546676E+00
  0.9619265645E-01  0.2905395786E+01 -0.6604539003E+00
  0.9716429944E-01  0.2892346088E+01 -0.6576372326E+00
  0.9814575701E-01  0.2879184277E+01 -0.6548049765E+00
  0.9913712829E-01  0.2866106594E+01 -0.6519571183E+00
  0.1001385134E+00  0.2851834064E+01 -0.6490941880E+00
  0.1011500136E+00  0.2837168261E+01 -0.6462169746E+00
  0.1021717309E+00  0.2821817137E+01 -0.6433260330E+00
  0.1032037686E+00  0.2806597617E+01 -0.6404216649E+00
  0.1042462309E+00  0.2791634787E+01 -0.6375036918E+00
  0.1052992231E+00  0.2776140164E+01 -0.6345722799E+00
  0.1063628516E+00  0.2759694873E+01 -0.6316282439E+00
  0.1074372239E+00  0.2741996171E+01 -0.6286728118E+00
  0.1085224483E+00  0.2725250221E+01 -0.6257062170E+00
  0.1096186347E+00  0.2708645086E+01 -0.6227279361E+00
  0.1107258936E+00  0.2692336539E+01 -0.6197377935E+00
  0.1118443370E+00  0.2675056340E+01 -0.6167362310E+00
  0.1129740778E+00  0.2657892526E+01 -0.6137238061E+00
  0.1141152301E+00  0.2641101142E+01 -0.6107003267E+00
  0.1152679092E+00  0.2624899680E+01 -0.6076653222E+00
  0.1164322315E+00  0.2608741977E+01 -0.6046184993E+00
  0.1176083146E+00  0.2592478284E+01 -0.6015599655E+00
  0.1187962774E+00  0.2575831127E+01 -0.5984900860E+00
  0.1199962398E+00  0.2559452665E+01 -0.5954090122E+00
  0.1212083230E+00  0.2543081024E+01 -0.5923166645E+00
  0.1224326495E+00  0.2525705421E+01 -0.5892137397E+00
  0.1236693429E+00  0.2508274951E+01 -0.5861009945E+00
  0.1249185282E+00  0.2490831833E+01 -0.5829785892E+00
  0.1261803315E+00  0.2473335276E+01 -0.5798466879E+00
  0.1274548803E+00  0.2456836469E+01 -0.5767048157E+00
  0.1287423034E+00  0.2441445689E+01 -0.5735517350E+00
  0.1300427307E+00  0.2424954635E+01 -0.5703875351E+00
  0.1313562936E+00  0.2409035364E+01 -0.5672126600E+00
  0.1326831249E+00  0.2393089974E+01 -0.5640268551E+00
  0.1340233585E+00  0.2377609865E+01 -0.5608299290E+00
  0.1353771298E+00  0.2361362771E+01 -0.5576221864E+00
  0.1367445755E+00  0.2344985762E+01 -0.5544043483E+00
  0.1381258338E+00  0.2327274584E+01 -0.5511775490E+00
  0.1395210443E+00  0.2307330610E+01 -0.5479444242E+00
  0.1409303478E+00  0.2286405893E+01 -0.5447074398E+00
  0.1423538866E+00  0.2264765084E+01 -0.5414680554E+00
  0.1437918047E+00  0.2242564590E+01 -0.5382274701E+00
  0.1452442472E+00  0.2219781398E+01 -0.5349868196E+00
  0.1467113608E+00  0.2196793285E+01 -0.5317470112E+00
  0.1481932937E+00  0.2173549747E+01 -0.5285087336E+00
  0.1496901957E+00  0.2149753153E+01 -0.5252729533E+00
  0.1512022178E+00  0.2125644589E+01 -0.5220407052E+00
  0.1527295130E+00  0.2101344135E+01 -0.5188127756E+00
  0.1542722353E+00  0.2079401638E+01 -0.5155879106E+00
  0.1558305407E+00  0.2058477643E+01 -0.5123638707E+00
  0.1574045866E+00  0.2040285390E+01 -0.5091380502E+00
  0.1589945319E+00  0.2024054035E+01 -0.5059070115E+00
  0.1606005373E+00  0.2009184373E+01 -0.5026683102E+00
  0.1622227649E+00  0.1996243880E+01 -0.4994194520E+00
  0.1638613787E+00  0.1984654276E+01 -0.4961578747E+00
  0.1655165442E+00  0.1974898808E+01 -0.4928810170E+00
  0.1671884284E+00  0.1964850980E+01 -0.4895876141E+00
  0.1688772004E+00  0.1956190616E+01 -0.4862767415E+00
  0.1705830308E+00  0.1943969036E+01 -0.4829502362E+00
  0.1723060917E+00  0.1931423186E+01 -0.4796114678E+00
  0.1740465572E+00  0.1916174468E+01 -0.4762631621E+00
  0.1758046033E+00  0.1899531731E+01 -0.4729090686E+00
  0.1775804074E+00  0.1882812060E+01 -0.4695507178E+00
  0.1793741488E+00  0.1865997842E+01 -0.4661885199E+00
  0.1811860089E+00  0.1848829883E+01 -0.4628231458E+00
  0.1830161706E+00  0.1831658591E+01 -0.4594552013E+00
  0.1848648188E+00  0.1815092578E+01 -0.4560844213E+00
  0.1867321402E+00  0.1800681887E+01 -0.4527085148E+00
  0.1886183235E+00  0.1785192912E+01 -0.4493267064E+00
  0.1905235591E+00  0.1768297147E+01 -0.4459415885E+00
  0.1924480394E+00  0.1747766932E+01 -0.4425582903E+00
  0.1943919590E+00  0.1727277669E+01 -0.4391806867E+00
  0.1963555142E+00  0.1703799561E+01 -0.4358121320E+00
  0.1983389032E+00  0.1678140384E+01 -0.4324582807E+00
  0.2003423265E+00  0.1648053463E+01 -0.4291263936E+00
  0.2023659863E+00  0.1614995587E+01 -0.4258247429E+00
  0.2044100872E+00  0.1579035557E+01 -0.4225602820E+00
  0.2064748356E+00  0.1540306159E+01 -0.4193399542E+00
  0.2085604400E+00  0.1499592849E+01 -0.4161699408E+00
  0.2106671111E+00  0.1456073777E+01 -0.4130566320E+00
  0.2127950617E+00  0.1411116455E+01 -0.4100060124E+00
  0.2149445068E+00  0.1369484297E+01 -0.4070176381E+00
  0.2171156634E+00  0.1327439135E+01 -0.4040899165E+00
  0.2193087509E+00  0.1288619389E+01 -0.4012212939E+00
  0.2215239908E+00  0.1252247192E+01 -0.3984069794E+00
  0.2237616069E+00  0.1215056683E+01 -0.3956465400E+00
  0.2260218251E+00  0.1177381008E+01 -0.3929428243E+00
  0.2283048739E+00  0.1142584138E+01 -0.3902945276E+00
  0.2306109837E+00  0.1108307421E+01 -0.3876991260E+00
  0.2329403876E+00  0.1073903886E+01 -0.3851575002E+00
  0.2352933208E+00  0.1043605041E+01 -0.3826663217E+00
  0.2376700210E+00  0.1015932759E+01 -0.3802188698E+00
  0.2400707283E+00  0.9908705531E+00 -0.3778099961E+00
  0.2424956851E+00  0.9649557335E+00 -0.3754385989E+00
  0.2449451365E+00  0.9391352621E+00 -0.3731066098E+00
  0.2474193298E+00  0.9141704360E+00 -0.3708138915E+00
  0.2499185149E+00  0.8925163227E+00 -0.3685562691E+00
  0.2524429444E+00  0.8748467137E+00 -0.3663254775E+00
  0.2549928731E+00  0.8605079585E+00 -0.3641129621E+00
  0.2575685587E+00  0.8414346306E+00 -0.3619211276E+00
  0.2601702613E+00  0.8220009201E+00 -0.3597572453E+00
  0.2627982438E+00  0.8050311032E+00 -0.3576193395E+00
  0.2654527715E+00  0.7854927264E+00 -0.3555082947E+00
  0.2681341126E+00  0.7651221291E+00 -0.3534294310E+00
  0.2708425380E+00  0.7436448212E+00 -0.3513862397E+00
  0.2735783212E+00  0.7215716638E+00 -0.3493819824E+00
  0.2763417386E+00  0.7008728623E+00 -0.3474165784E+00
  0.2791330693E+00  0.6817144565E+00 -0.3454869492E+00
  0.2819525952E+00  0.6668167010E+00 -0.3435858399E+00
  0.2848006012E+00  0.6581327888E+00 -0.3416991078E+00
  0.2876773750E+00  0.6543808378E+00 -0.3398112055E+00
  0.2905832071E+00  0.6576399712E+00 -0.3379049494E+00
  0.2935183910E+00  0.6627672095E+00 -0.3359671304E+00
  0.2964832232E+00  0.6689712171E+00 -0.3339929399E+00
  0.2994780032E+00  0.6842183186E+00 -0.3319666874E+00
  0.3025030336E+00  0.6987108555E+00 -0.3298749861E+00
  0.3055586198E+00  0.7194688286E+00 -0.3277083009E+00
  0.3086450705E+00  0.7390598223E+00 -0.3254574625E+00
  0.3117626974E+00  0.7605896841E+00 -0.3231197887E+00
  0.3149118156E+00  0.7910956271E+00 -0.3206765685E+00
  0.3180927430E+00  0.8210041258E+00 -0.3181125823E+00
  0.3213058010E+00  0.8424536498E+00 -0.3154401892E+00
  0.3245513142E+00  0.8618128831E+00 -0.3126745794E+00
  0.3278296103E+00  0.8836947659E+00 -0.3098134340E+00
  0.3311410205E+00  0.9001930140E+00 -0.3068598419E+00
  0.3344858793E+00  0.9134216826E+00 -0.3038266993E+00
  0.3378645245E+00  0.9250951405E+00 -0.3007208513E+00
  0.3412772975E+00  0.9388363335E+00 -0.2975402638E+00
  0.3447245429E+00  0.9536343005E+00 -0.2942783584E+00
  0.3482066090E+00  0.9694702267E+00 -0.2909301699E+00
  0.3517238475E+00  0.9806646874E+00 -0.2875006251E+00
  0.3552766136E+00  0.9848958578E+00 -0.2840090366E+00
  0.3588652663E+00  0.9831244844E+00 -0.2804777659E+00
  0.3624901680E+00  0.9802204913E+00 -0.2769192997E+00
  0.3661516848E+00  0.9842828311E+00 -0.2733227687E+00
  0.3698501867E+00  0.9975990686E+00 -0.2696577717E+00
  0.3735860472E+00  0.1020158147E+01 -0.2658887420E+00
  0.3773596436E+00  0.1049905847E+01 -0.2619829489E+00
  0.3811713572E+00  0.1074660272E+01 -0.2579338302E+00
  0.3850215729E+00  0.1093239431E+01 -0.2537603894E+00
  0.3889106797E+00  0.1104164048E+01 -0.2494874210E+00
  0.3928390704E+00  0.1105842540E+01 -0.2451465364E+00
  0.3968071418E+00  0.1112541529E+01 -0.2407451831E+00
  0.4008152948E+00  0.1118867174E+01 -0.2362732695E+00
  0.4048639341E+00  0.1123788399E+01 -0.2317334177E+00
  0.4089534688E+00  0.1140666513E+01 -0.2271031342E+00
  0.4130843119E+00  0.1164951117E+01 -0.2223410619E+00
  0.4172568807E+00  0.1190002301E+01 -0.2174279593E+00
  0.4214715967E+00  0.1217795267E+01 -0.2123538678E+00
  0.4257288855E+00  0.1241444086E+01 -0.2071190217E+00
  0.4300291773E+00  0.1258779716E+01 -0.2017431758E+00
  0.4343729064E+00  0.1268397776E+01 -0.1962544886E+00
  0.4387605115E+00  0.1277012204E+01 -0.1906703617E+00
  0.4431924359E+00  0.1288632258E+01 -0.1849849906E+00
  0.4476691271E+00  0.1296681812E+01 -0.1791981641E+00
  0.4521910375E+00  0.1298669069E+01 -0.1733301921E+00
  0.4567586237E+00  0.1294936193E+01 -0.1674069342E+00
  0.4613723472E+00  0.1284714668E+01 -0.1614560364E+00
  0.4660326740E+00  0.1268901916E+01 -0.1555056925E+00
  0.4707400747E+00  0.1265636930E+01 -0.1495401475E+00
  0.4754950250E+00  0.1265630270E+01 -0.1435221227E+00
  0.4802980050E+00  0.1267351551E+01 -0.1374391921E+00
  0.4851495000E+00  0.1267642563E+01 -0.1312899365E+00
  0.4900500000E+00  0.1263774469E+01 -0.1250873319E+00
  0.4950000000E+00  0.1255788297E+01 -0.1188514141E+00
  0.5000000000E+00  0.1240313419E+01 -0.1126131792E+00
  0.5050000000E+00  0.1226496653E+01 -0.1064461541E+00
  0.5099500000E+00  0.1216080858E+01 -0.1004007747E+00
  0.5148505000E+00  0.1212405490E+01 -0.9445037604E-01
  0.5197019950E+00  0.1212645368E+01 -0.8856781498E-01
  0.5245049750E+00  0.1211353512E+01 -0.8274660585E-01
  0.5292599253E+00  0.1205472416E+01 -0.7700066233E-01
  0.5339673260E+00  0.1194402292E+01 -0.7135207633E-01
  0.5386276528E+00  0.1178255433E+01 -0.6582339621E-01
  0.5432413763E+00  0.1157195790E+01 -0.6043583315E-01
  0.5478089625E+00  0.1137117168E+01 -0.5519609700E-01
  0.5523308729E+00  0.1119537582E+01 -0.5009390174E-01
  0.5568075641E+00  0.1100166195E+01 -0.4512543748E-01
  0.5612394885E+00  0.1084877769E+01 -0.4028346269E-01
  0.5656270936E+00  0.1075103877E+01 -0.3554488943E-01
  0.5699708227E+00  0.1069702280E+01 -0.3088666101E-01
  0.5742711145E+00  0.1063826074E+01 -0.2629926380E-01
  0.5785284033E+00  0.1052100678E+01 -0.2179520811E-01
  0.5827431193E+00  0.1032747791E+01 -0.1740168604E-01
  0.5869156881E+00  0.1006354593E+01 -0.1314753854E-01
  0.5910465312E+00  0.9727374825E+00 -0.9059879096E-02
  0.5951360659E+00  0.9389289192E+00 -0.5150966065E-02
  0.5991847052E+00  0.9110336390E+00 -0.1406050469E-02
  0.6031928582E+00  0.8942246909E+00  0.2211825279E-02
  0.6071609296E+00  0.8854566585E+00  0.5742776627E-02
  0.6110893203E+00  0.8803942085E+00  0.9211252693E-02
  0.6149784271E+00  0.8834635973E+00  0.1264116838E-01
  0.6188286428E+00  0.8814170528E+00  0.1603875400E-01
  0.6226403564E+00  0.8811831019E+00  0.1939801747E-01
  0.6264139528E+00  0.8786465928E+00  0.2271846100E-01
  0.6301498133E+00  0.8733770442E+00  0.2599111893E-01
  0.6338483152E+00  0.8651292063E+00  0.2920605323E-01
  0.6375098320E+00  0.8559262077E+00  0.3235688993E-01
  0.6411347337E+00  0.8448297030E+00  0.3543942641E-01
  0.6447233864E+00  0.8289476859E+00  0.3844272925E-01
  0.6482761525E+00  0.8106262309E+00  0.4135524060E-01
  0.6517933910E+00  0.7902648947E+00  0.4417059853E-01
  0.6552754571E+00  0.7739239463E+00  0.4689390299E-01
  0.6587227025E+00  0.7615936900E+00  0.4954055606E-01
  0.6621354755E+00  0.7567652179E+00  0.5213146319E-01
  0.6655141207E+00  0.7579672357E+00  0.5469033499E-01
  0.6688589795E+00  0.7662077363E+00  0.5723941002E-01
  0.6721703897E+00  0.7804230000E+00  0.5980017442E-01
  0.6754486858E+00  0.8014135890E+00  0.6239303878E-01
  0.6786941990E+00  0.8268808051E+00  0.6503536421E-01
  0.6819072570E+00  0.8588192323E+00  0.6774349021E-01
  0.6850881844E+00  0.8974707496E+00  0.7053680570E-01
  0.6882373026E+00  0.9366481358E+00  0.7342473424E-01
  0.6913549295E+00  0.9788211255E+00  0.7641059356E-01
  0.6944413802E+00  0.1022409462E+01  0.7949894334E-01
  0.6974969664E+00  0.1066466313E+01  0.8269031334E-01
  0.7005219968E+00  0.1112693471E+01  0.8598632556E-01
  0.7035167768E+00  0.1164400449E+01  0.8939602327E-01
  0.7064816090E+00  0.1222528426E+01  0.9293444510E-01
  0.7094167929E+00  0.1279900997E+01  0.9660699039E-01
  0.7123226250E+00  0.1330939256E+01  0.1004003221E+00
  0.7151993988E+00  0.1376475941E+01  0.1042946325E+00
  0.7180474048E+00  0.1421587643E+01  0.1082790835E+00
  0.7208669307E+00  0.1464695917E+01  0.1123480592E+00
  0.7236582614E+00  0.1501148590E+01  0.1164873856E+00
  0.7264216788E+00  0.1534345744E+01  0.1206815545E+00
  0.7291574620E+00  0.1566466413E+01  0.1249231294E+00
  0.7318658874E+00  0.1594351002E+01  0.1292035485E+00
  0.7345472285E+00  0.1622886272E+01  0.1335168038E+00
  0.7372017562E+00  0.1650586922E+01  0.1378615664E+00
  0.7398297387E+00  0.1677784152E+01  0.1422350168E+00
  0.7424314413E+00  0.1705294891E+01  0.1466358996E+00
  0.7450071269E+00  0.1729728214E+01  0.1510596694E+00
  0.7475570556E+00  0.1749752818E+01  0.1554958837E+00
  0.7500814851E+00  0.1766869633E+01  0.1599346163E+00
  0.7525806702E+00  0.1785979748E+01  0.1643742305E+00
  0.7550548635E+00  0.1805778937E+01  0.1688175831E+00
  0.7575043149E+00  0.1828137983E+01  0.1732681345E+00
  0.7599292717E+00  0.1853367939E+01  0.1777318810E+00
  0.7623299790E+00  0.1881881254E+01  0.1822155010E+00
  0.7647066792E+00  0.1914022555E+01  0.1867263637E+00
  0.7670596124E+00  0.1946823336E+01  0.1912685199E+00
  0.7693890163E+00  0.1982247753E+01  0.1958447167E+00
  0.7716951261E+00  0.2020899743E+01  0.2004605656E+00
  0.7739781749E+00  0.2064429631E+01  0.2051240686E+00
  0.7762383931E+00  0.2110346545E+01  0.2098420213E+00
  0.7784760092E+00  0.2158929336E+01  0.2146185214E+00
  0.7806912491E+00  0.2210715951E+01  0.2194584277E+00
  0.7828843366E+00  0.2265705358E+01  0.2243670196E+00
  0.7850554932E+00  0.2321370031E+01  0.2293466491E+00
  0.7872049383E+00  0.2376241576E+01  0.2343952782E+00
  0.7893328889E+00  0.2428715869E+01  0.2395076343E+00
  0.7914395600E+00  0.2476132745E+01  0.2446740857E+00
  0.7935251644E+00  0.2519026729E+01  0.2498830490E+00
  0.7955899128E+00  0.2556061784E+01  0.2551224393E+00
  0.7976340137E+00  0.2589407453E+01  0.2603813684E+00
  0.7996576735E+00  0.2621129765E+01  0.2656535459E+00
  0.8016610968E+00  0.2648337091E+01  0.2709320322E+00
  0.8036444858E+00  0.2673812558E+01  0.2762099788E+00
  0.8056080410E+00  0.2697576093E+01  0.2814834877E+00
  0.8075519606E+00  0.2724782031E+01  0.2867538018E+00
  0.8094764409E+00  0.2749522927E+01  0.2920213981E+00
  0.8113816765E+00  0.2773856535E+01  0.2972830676E+00
  0.8132678598E+00  0.2802006165E+01  0.3025416170E+00
  0.8151351812E+00  0.2835645580E+01  0.3078052709E+00
  0.8169838294E+00  0.2871490315E+01  0.3130805141E+00
  0.8188139911E+00  0.2907493888E+01  0.3183687519E+00
  0.8206258512E+00  0.2944796669E+01  0.3236705177E+00
  0.8224195926E+00  0.2981782151E+01  0.3289858929E+00
  0.8241953967E+00  0.3017542755E+01  0.3343127057E+00
  0.8259534428E+00  0.3051708138E+01  0.3396477169E+00
  0.8276939083E+00  0.3083729486E+01  0.3449869759E+00
  0.8294169692E+00  0.3113755627E+01  0.3503262981E+00
  0.8311227996E+00  0.3141867746E+01  0.3556618141E+00
  0.8328115716E+00  0.3167606927E+01  0.3609894462E+00
  0.8344834558E+00  0.3193889839E+01  0.3663072894E+00
  0.8361386213E+00  0.3219707582E+01  0.3716150718E+00
  0.8377772351E+00  0.3244250627E+01  0.3769110373E+00
  0.8393994627E+00  0.3267837263E+01  0.3821930818E+00
  0.8410054681E+00  0.3289573932E+01  0.3874587006E+00
  0.8425954134E+00  0.3310943365E+01  0.3927059314E+00
  0.8441694593E+00  0.3332286171E+01  0.3979343054E+00
  0.8457277647E+00  0.3353963148E+01  0.4031439147E+00
  0.8472704870E+00  0.3375972044E+01  0.4083351254E+00
  0.8487977822E+00  0.3398538289E+01  0.4135084637E+00
  0.8503098043E+00  0.3419154524E+01  0.4186627151E+00
  0.8518067063E+00  0.3440167229E+01  0.4237965811E+00
  0.8532886392E+00  0.3460884315E+01  0.4289100289E+00
  0.8547557528E+00  0.3482488793E+01  0.4340033875E+00
  0.8562081953E+00  0.3504598512E+01  0.4390775587E+00
  0.8576461134E+00  0.3524728660E+01  0.4441313569E+00
  0.8590696522E+00  0.3543638519E+01  0.4491624046E+00
  0.8604789557E+00  0.3561876092E+01  0.4541693178E+00
  0.8618741662E+00  0.3580621764E+01  0.4591519616E+00
  0.8632554245E+00  0.3598696184E+01  0.4641102080E+00
  0.8646228702E+00  0.3615164864E+01  0.4690424898E+00
  0.8659766415E+00  0.3629960558E+01  0.4739466113E+00
  0.8673168751E+00  0.3643644230E+01  0.4788207760E+00
  0.8686437064E+00  0.3655281603E+01  0.4836629974E+00
  0.8699572693E+00  0.3665541056E+01  0.4884711781E+00
  0.8712576966E+00  0.3674483052E+01  0.4932437620E+00
  0.8725451197E+00  0.3682246089E+01  0.4979793732E+00
  0.8738196685E+00  0.3688994575E+01  0.5026768762E+00
  0.8750814718E+00  0.3694873226E+01  0.5073353707E+00
  0.8763306571E+00  0.3699698895E+01  0.5119539660E+00
  0.8775673505E+00  0.3704871969E+01  0.5165325581E+00
  0.8787916770E+00  0.3710392424E+01  0.5210719104E+00
  0.8800037602E+00  0.3714022117E+01  0.5255714146E+00
  0.8812037226E+00  0.3717555656E+01  0.5300302215E+00
  0.8823916854E+00  0.3721445674E+01  0.5344488498E+00
  0.8835677685E+00  0.3726824170E+01  0.5388287422E+00
  0.8847320908E+00  0.3732702256E+01  0.5431713887E+00
  0.8858847699E+00  0.3738574068E+01  0.5474773807E+00
  0.8870259222E+00  0.3744411817E+01  0.5517469940E+00
  0.8881556630E+00  0.3749246939E+01  0.5559799399E+00
  0.8892741064E+00  0.3753028168E+01  0.5601753748E+00
  0.8903813653E+00  0.3757215058E+01  0.5643332668E+00
  0.8914775517E+00  0.3761459540E+01  0.5684542010E+00
  0.8925627761E+00  0.3765620250E+01  0.5725384867E+00
  0.8936371484E+00  0.3769684278E+01  0.5765863477E+00
  0.8947007769E+00  0.3772659487E+01  0.5805974736E+00
  0.8957537691E+00  0.3774757087E+01  0.5845711591E+00
  0.8967962314E+00  0.3777687743E+01  0.5885077287E+00
  0.8978282691E+00  0.3780406232E+01  0.5924078476E+00
  0.8988499864E+00  0.3780502543E+01  0.5962704032E+00
  0.8998614866E+00  0.3779511859E+01  0.6000938810E+00
  0.9008628717E+00  0.3778927189E+01  0.6038783353E+00
  0.9018542430E+00  0.3778036313E+01  0.6076242136E+00
  0.9028357006E+00  0.3778592493E+01  0.6113324689E+00
  0.9038073436E+00  0.3779245141E+01  0.6150042289E+00
  0.9047692701E+00  0.3779969493E+01  0.6186399335E+00
  0.9057215774E+00  0.3779958171E+01  0.6222396207E+00
  0.9066643616E+00  0.3778854082E+01  0.6258027852E+00
  0.9075977180E+00  0.3778753115E+01  0.6293297556E+00
  0.9085217408E+00  0.3780309763E+01  0.6328221289E+00
  0.9094365234E+00  0.3781609861E+01  0.6362808851E+00
  0.9103421582E+00  0.3782923633E+01  0.6397062374E+00
  0.9112387366E+00  0.3784132956E+01  0.6430984672E+00
  0.9121263493E+00  0.3785141314E+01  0.6464577589E+00
  0.9130050858E+00  0.3786341287E+01  0.6497844280E+00
  0.9138750349E+00  0.3787389232E+01  0.6530788082E+00
  0.9147362846E+00  0.3788246636E+01  0.6563410651E+00
  0.9155889217E+00  0.3789075943E+01  0.6595714185E+00
  0.9164330325E+00  0.3790268305E+01  0.6627703216E+00
  0.9172687022E+00  0.3792012064E+01  0.6659384625E+00
  0.9180960151E+00  0.3793624602E+01  0.6690763103E+00
  0.9189150550E+00  0.3796503804E+01  0.6721846191E+00
  0.9197259044E+00  0.3799951409E+01  0.6752644099E+00
  0.9205286454E+00  0.3803800563E+01  0.6783163314E+00
  0.9213233589E+00  0.3808023433E+01  0.6813409413E+00
  0.9221101254E+00  0.3812558134E+01  0.6843387501E+00
  0.9228890241E+00  0.3817288418E+01  0.6873101890E+00
  0.9236601339E+00  0.3822312261E+01  0.6902556743E+00
  0.9244235325E+00  0.3827029445E+01  0.6931754229E+00
  0.9251792972E+00  0.3831693527E+01  0.6960695191E+00
  0.9259275042E+00  0.3836459279E+01  0.6989382020E+00
  0.9266682292E+00  0.3841194578E+01  0.7017817169E+00
  0.9274015469E+00  0.3845975652E+01  0.7046002859E+00
  0.9281275314E+00  0.3850450302E+01  0.7073940290E+00
  0.9288462561E+00  0.3854898188E+01  0.7101630411E+00
  0.9295577935E+00  0.3859378777E+01  0.7129075396E+00
  0.9302622156E+00  0.3863387323E+01  0.7156275830E+00
  0.9309595935E+00  0.3866681261E+01  0.7183229723E+00
  0.9316499975E+00  0.3870068923E+01  0.7209937141E+00
  0.9323334975E+00  0.3873189797E+01  0.7236399729E+00
  0.9330101626E+00  0.3876059741E+01  0.7262617960E+00
  0.9336800609E+00  0.3879076054E+01  0.7288593724E+00
  0.9343432603E+00  0.3881842151E+01  0.7314328905E+00
  0.9349998277E+00  0.3884161955E+01  0.7339823431E+00
  0.9356498295E+00  0.3886415051E+01  0.7365077873E+00
  0.9362933312E+00  0.3888512458E+01  0.7390093768E+00
  0.9369303978E+00  0.3890473272E+01  0.7414872432E+00
  0.9375610939E+00  0.3892318797E+01  0.7439415312E+00
  0.9381854829E+00  0.3894126858E+01  0.7463724169E+00
  0.9388036281E+00  0.3896045159E+01  0.7487801455E+00
  0.9394155918E+00  0.3898086614E+01  0.7511650085E+00
  0.9400214359E+00  0.3900375079E+01  0.7535273344E+00
  0.9406212215E+00  0.3902869941E+01  0.7558674715E+00
  0.9412150093E+00  0.3905297236E+01  0.7581856687E+00
  0.9418028592E+00  0.3907519990E+01  0.7604820506E+00
  0.9423848306E+00  0.3909798715E+01  0.7627567786E+00
  0.9429609823E+00  0.3912070108E+01  0.7650100701E+00
  0.9435313725E+00  0.3913923991E+01  0.7672420052E+00
  0.9440960588E+00  0.3915833944E+01  0.7694526836E+00
  0.9446550982E+00  0.3917889636E+01  0.7716423637E+00
  0.9452085472E+00  0.3920098771E+01  0.7738113272E+00
  0.9457564617E+00  0.3922535645E+01  0.7759598739E+00
  0.9462988971E+00  0.3925701934E+01  0.7780884548E+00
  0.9468359082E+00  0.3929140784E+01  0.7801975233E+00
  0.9473675491E+00  0.3932853744E+01  0.7822874023E+00
  0.9478938736E+00  0.3937114598E+01  0.7843584809E+00
  0.9484149348E+00  0.3941629857E+01  0.7864111352E+00
  0.9489307855E+00  0.3946395195E+01  0.7884456566E+00
  0.9494414776E+00  0.3951267611E+01  0.7904622938E+00
  0.9499470629E+00  0.3956236330E+01  0.7924612524E+00
  0.9504475922E+00  0.3961289782E+01  0.7944427296E+00
  0.9509431163E+00  0.3966415797E+01  0.7964069141E+00
  0.9514336852E+00  0.3971529288E+01  0.7983539683E+00
  0.9519193483E+00  0.3976393138E+01  0.8002839748E+00
  0.9524001548E+00  0.3981322720E+01  0.8021970357E+00
  0.9528761533E+00  0.3986015582E+01  0.8040932560E+00
  0.9533473917E+00  0.3990482555E+01  0.8059726724E+00
  0.9538139178E+00  0.3995030110E+01  0.8078353974E+00
  0.9542757786E+00  0.3999941557E+01  0.8096816795E+00
  0.9547330209E+00  0.4004947964E+01  0.8115117662E+00
  0.9551856906E+00  0.4010125322E+01  0.8133258569E+00
  0.9556338337E+00  0.4015462311E+01  0.8151241628E+00
  0.9560774954E+00  0.4020753560E+01  0.8169068432E+00
  0.9565167205E+00  0.4025991602E+01  0.8186740092E+00
  0.9569515532E+00  0.4031169675E+01  0.8204257682E+00
  0.9573820377E+00  0.4035857486E+01  0.8221621331E+00
  0.9578082173E+00  0.4039932502E+01  0.8238830017E+00
  0.9582301352E+00  0.4044076674E+01  0.8255883955E+00
  0.9586478338E+00  0.4048195166E+01  0.8272784610E+00
  0.9590613555E+00  0.4052265258E+01  0.8289533189E+00
  0.9594707419E+00  0.4056255752E+01  0.8306130782E+00
  0.9598760345E+00  0.4060016406E+01  0.8322578107E+00
  0.9602772742E+00  0.4063771722E+01  0.8338876036E+00
  0.9606745014E+00  0.4067477868E+01  0.8355025806E+00
  0.9610677564E+00  0.4071205994E+01  0.8371028696E+00
  0.9614570788E+00  0.4074860164E+01  0.8386885928E+00
  0.9618425080E+00  0.4078442575E+01  0.8402598533E+00
  0.9622240830E+00  0.4081955551E+01  0.8418167550E+00
  0.9626018421E+00  0.4085405750E+01  0.8433594028E+00
  0.9629758237E+00  0.4088802695E+01  0.8448879045E+00
  0.9633460655E+00  0.4092138535E+01  0.8464023675E+00
  0.9637126048E+00  0.4095558368E+01  0.8479029240E+00
  0.9640754788E+00  0.4098957988E+01  0.8493897123E+00
  0.9644347240E+00  0.4102063256E+01  0.8508628011E+00
  0.9647903767E+00  0.4105060383E+01  0.8523222442E+00
  0.9651424730E+00  0.4108004412E+01  0.8537681388E+00
  0.9654910483E+00  0.4110803853E+01  0.8552005754E+00
  0.9658361378E+00  0.4113523238E+01  0.8566196400E+00
  0.9661777764E+00  0.4116059677E+01  0.8580254117E+00
  0.9665159986E+00  0.4118555157E+01  0.8594179766E+00
  0.9668508386E+00  0.4121266965E+01  0.8607974877E+00
  0.9671823303E+00  0.4124223674E+01  0.8621641432E+00
  0.9675105070E+00  0.4126911501E+01  0.8635180583E+00
  0.9678354019E+00  0.4129550968E+01  0.8648592997E+00
  0.9681570479E+00  0.4132002702E+01  0.8661879475E+00
  0.9684754774E+00  0.4134281476E+01  0.8675040619E+00
  0.9687907226E+00  0.4136523083E+01  0.8688077278E+00
  0.9691028154E+00  0.4138728782E+01  0.8700990509E+00
  0.9694117872E+00  0.4140899709E+01  0.8713781370E+00
  0.9697176694E+00  0.4143036877E+01  0.8726450910E+00
  0.9700204927E+00  0.4145214703E+01  0.8739000289E+00
  0.9703202877E+00  0.4147373329E+01  0.8751430674E+00
  0.9706170849E+00  0.4149350467E+01  0.8763742893E+00
  0.9709109140E+00  0.4151309834E+01  0.8775937773E+00
  0.9712018049E+00  0.4153278827E+01  0.8788016418E+00
  0.9714897868E+00  0.4155299930E+01  0.8799980021E+00
  0.9717748890E+00  0.4157401780E+01  0.8811829866E+00
  0.9720571401E+00  0.4159300121E+01  0.8823566858E+00
  0.9723365687E+00  0.4161137629E+01  0.8835191699E+00
  0.9726132030E+00  0.4162915360E+01  0.8846705293E+00
  0.9728870709E+00  0.4164658922E+01  0.8858108572E+00
  0.9731582002E+00  0.4166352933E+01  0.8869402479E+00
  0.9734266182E+00  0.4168008083E+01  0.8880587941E+00
  0.9736923521E+00  0.4169509775E+01  0.8891665743E+00
  0.9739554285E+00  0.4170985615E+01  0.8902636684E+00
  0.9742158742E+00  0.4172436011E+01  0.8913501726E+00
  0.9744737155E+00  0.4173861329E+01  0.8924261825E+00
  0.9747289784E+00  0.4175261892E+01  0.8934917930E+00
  0.9749816886E+00  0.4176637991E+01  0.8945470982E+00
  0.9752318717E+00  0.4178014966E+01  0.8955921948E+00
  0.9754795530E+00  0.4179438886E+01  0.8966271872E+00
  0.9757247574E+00  0.4180837620E+01  0.8976521758E+00
  0.9759675099E+00  0.4182211313E+01  0.8986672510E+00
  0.9762078348E+00  0.4183560098E+01  0.8996725026E+00
  0.9764457564E+00  0.4184804761E+01  0.9006680102E+00
  0.9766812989E+00  0.4185949810E+01  0.9016538441E+00
  0.9769144859E+00  0.4186951511E+01  0.9026300701E+00
  0.9771453410E+00  0.4187936463E+01  0.9035967630E+00
  0.9773738876E+00  0.4188949144E+01  0.9045540174E+00
  0.9776001487E+00  0.4189969631E+01  0.9055019291E+00
  0.9778241472E+00  0.4190989563E+01  0.9064405903E+00
  0.9780459058E+00  0.4192018823E+01  0.9073700921E+00
  0.9782654467E+00  0.4192992408E+01  0.9082905188E+00
  0.9784827922E+00  0.4193857758E+01  0.9092019410E+00
  0.9786979643E+00  0.4194721454E+01  0.9101044350E+00
  0.9789109847E+00  0.4195569914E+01  0.9109980864E+00
  0.9791218748E+00  0.4196355431E+01  0.9118829736E+00
  0.9793306561E+00  0.4197065820E+01  0.9127591681E+00
  0.9795373495E+00  0.4197790203E+01  0.9136267490E+00
  0.9797419760E+00  0.4198551519E+01  0.9144858060E+00
  0.9799445563E+00  0.4199343288E+01  0.9153364298E+00
  0.9801451107E+00  0.4200116356E+01  0.9161787042E+00
  0.9803436596E+00  0.4200844784E+01  0.9170127050E+00
  0.9805402230E+00  0.4201551421E+01  0.9178385068E+00
  0.9807348208E+00  0.4202252274E+01  0.9186561875E+00
  0.9809274726E+00  0.4202938408E+01  0.9194658250E+00
  0.9811181978E+00  0.4203609938E+01  0.9202674957E+00
  0.9813070158E+00  0.4204266984E+01  0.9210612750E+00
  0.9814939457E+00  0.4204925289E+01  0.9218472395E+00
  0.9816790062E+00  0.4205669053E+01  0.9226254741E+00
  0.9818622162E+00  0.4206400859E+01  0.9233960615E+00
  0.9820435940E+00  0.4207115781E+01  0.9241590742E+00
  0.9822231581E+00  0.4207775690E+01  0.9249145802E+00
  0.9824009265E+00  0.4208415481E+01  0.9256626467E+00
  0.9825769172E+00  0.4209042326E+01  0.9264033440E+00
  0.9827511481E+00  0.4209653542E+01  0.9271367422E+00
  0.9829236366E+00  0.4210279274E+01  0.9278629131E+00
  0.9830944002E+00  0.4210917762E+01  0.9285819302E+00
  0.9832634562E+00  0.4211546016E+01  0.9292938642E+00
  0.9834308216E+00  0.4212170023E+01  0.9299987837E+00
  0.9835965134E+00  0.4212777027E+01  0.9306967559E+00
  0.9837605483E+00  0.4213386899E+01  0.9313878483E+00
  0.9839229428E+00  0.4214006472E+01  0.9320721295E+00
  0.9840837134E+00  0.4214541640E+01  0.9327496607E+00
  0.9842428762E+00  0.4215061129E+01  0.9334205006E+00
  0.9844004475E+00  0.4215615700E+01  0.9340847167E+00
  0.9845564430E+00  0.4216152501E+01  0.9347423758E+00
  0.9847108786E+00  0.4216678190E+01  0.9353935403E+00
  0.9848637698E+00  0.4217218993E+01  0.9360382747E+00
  0.9850151321E+00  0.4217722966E+01  0.9366766408E+00
  0.9851649808E+00  0.4218178043E+01  0.9373086951E+00
  0.9853133310E+00  0.4218618783E+01  0.9379344953E+00
  0.9854601977E+00  0.4219045457E+01  0.9385541012E+00
  0.9856055957E+00  0.4219458336E+01  0.9391675721E+00
  0.9857495397E+00  0.4219867018E+01  0.9397749674E+00
  0.9858920443E+00  0.4220309783E+01  0.9403763494E+00
  0.9860331239E+00  0.4220738551E+01  0.9409717791E+00
  0.9861727926E+00  0.4221167195E+01  0.9415613144E+00
  0.9863110647E+00  0.4221592499E+01  0.9421450133E+00
  0.9864479541E+00  0.4222004085E+01  0.9427229325E+00
  0.9865834745E+00  0.4222402192E+01  0.9432951274E+00
  0.9867176398E+00  0.4222787063E+01  0.9438616529E+00
  0.9868504634E+00  0.4223158940E+01  0.9444225634E+00
  0.9869819588E+00  0.4223518067E+01  0.9449779129E+00
  0.9871121392E+00  0.4223864688E+01  0.9455277547E+00
  0.9872410178E+00  0.4224199045E+01  0.9460721421E+00
  0.9873686076E+00  0.4224521382E+01  0.9466111275E+00
  0.9874949215E+00  0.4224839025E+01  0.9471447634E+00
  0.9876199723E+00  0.4225163113E+01  0.9476731031E+00
  0.9877437726E+00  0.4225475205E+01  0.9481961988E+00
  0.9878663349E+00  0.4225775549E+01  0.9487141010E+00
  0.9879876715E+00  0.4226064392E+01  0.9492268600E+00
  0.9881077948E+00  0.4226375567E+01  0.9497345274E+00
  0.9882267168E+00  0.4226677941E+01  0.9502371547E+00
  0.9883444497E+00  0.4226968363E+01  0.9507347905E+00
  0.9884610052E+00  0.4227240779E+01  0.9512274828E+00
  0.9885763951E+00  0.4227489104E+01  0.9517152783E+00
  0.9886906312E+00  0.4227726806E+01  0.9521982235E+00
  0.9888037249E+00  0.4227954139E+01  0.9526763656E+00
  0.9889156876E+00  0.4228137719E+01  0.9531497492E+00
  0.9890265307E+00  0.4228299821E+01  0.9536184182E+00
  0.9891362654E+00  0.4228465271E+01  0.9540824184E+00
  0.9892449028E+00  0.4228622414E+01  0.9545417962E+00
  0.9893524538E+00  0.4228771465E+01  0.9549965967E+00
  0.9894589292E+00  0.4228913160E+01  0.9554468646E+00
  0.9895643399E+00  0.4229048067E+01  0.9558926445E+00
  0.9896686965E+00  0.4229175492E+01  0.9563339802E+00
  0.9897720096E+00  0.4229295635E+01  0.9567709154E+00
  0.9898742895E+00  0.4229408693E+01  0.9572034931E+00
  0.9899755466E+00  0.4229514860E+01  0.9576317562E+00
  0.9900757911E+00  0.4229614326E+01  0.9580557469E+00
  0.9901750332E+00  0.4229707278E+01  0.9584755073E+00
  0.9902732829E+00  0.4229793901E+01  0.9588910789E+00
  0.9903705500E+00  0.4229876022E+01  0.9593025029E+00
  0.9904668445E+00  0.4229954511E+01  0.9597098205E+00
  0.9905621761E+00  0.4230027100E+01  0.9601130721E+00
  0.9906565543E+00  0.4230093959E+01  0.9605122978E+00
  0.9907499888E+00  0.4230155256E+01  0.9609075372E+00
  0.9908424889E+00  0.4230211156E+01  0.9612988296E+00
  0.9909340640E+00  0.4230261819E+01  0.9616862140E+00
  0.9910247234E+00  0.4230307405E+01  0.9620697289E+00
  0.9911144761E+00  0.4230348068E+01  0.9624494125E+00
  0.9912033314E+00  0.4230383959E+01  0.9628253027E+00
  0.9912912981E+00  0.4230415227E+01  0.9631974369E+00
  0.9913783851E+00  0.4230442017E+01  0.9635658523E+00
  0.9914646012E+00  0.4230464472E+01  0.9639305857E+00
  0.9915499552E+00  0.4230482730E+01  0.9642916735E+00
  0.9916344557E+00  0.4230504001E+01  0.9646491521E+00
  0.9917181111E+00  0.4230530288E+01  0.9650030579E+00
  0.9918009300E+00  0.4230552175E+01  0.9653534266E+00
  0.9918829207E+00  0.4230569808E+01  0.9657002932E+00
  0.9919640915E+00  0.4230583327E+01  0.9660436925E+00
  0.9920444506E+00  0.4230592870E+01  0.9663836587E+00
  0.9921240061E+00  0.4230600869E+01  0.9667202259E+00
  0.9922027660E+00  0.4230605900E+01  0.9670534280E+00
  0.9922807383E+00  0.4230607251E+01  0.9673832983E+00
  0.9923579310E+00  0.4230605050E+01  0.9677098698E+00
  0.9924343516E+00  0.4230599420E+01  0.9680331754E+00
  0.9925100081E+00  0.4230590482E+01  0.9683532473E+00
  0.9925849081E+00  0.4230577986E+01  0.9686701177E+00
  0.9926590590E+00  0.4230539476E+01  0.9689838176E+00
  0.9927324684E+00  0.4230494438E+01  0.9692943773E+00
  0.9928051437E+00  0.4230443953E+01  0.9696018280E+00
  0.9928770923E+00  0.4230386787E+01  0.9699062003E+00
  0.9929483213E+00  0.4230328190E+01  0.9702075248E+00
  0.9930188381E+00  0.4230268230E+01  0.9705058318E+00
  0.9930886497E+00  0.4230206975E+01  0.9708011515E+00
  0.9931577632E+00  0.4230144488E+01  0.9710935138E+00
  0.9932261856E+00  0.4230080832E+01  0.9713829481E+00
  0.9932939238E+00  0.4230016069E+01  0.9716694837E+00
  0.9933609845E+00  0.4229950255E+01  0.9719531496E+00
  0.9934273747E+00  0.4229883450E+01  0.9722339745E+00
  0.9934931009E+00  0.4229815443E+01  0.9725119866E+00
  0.9935581699E+00  0.4229745869E+01  0.9727872142E+00
  0.9936225882E+00  0.4229675490E+01  0.9730596850E+00
  0.9936863623E+00  0.4229604356E+01  0.9733294265E+00
  0.9937494987E+00  0.4229532516E+01  0.9735964661E+00
  0.9938120037E+00  0.4229460017E+01  0.9738608309E+00
  0.9938738837E+00  0.4229386903E+01  0.9741225474E+00
  0.9939351449E+00  0.4229313219E+01  0.9743816423E+00
  0.9939957934E+00  0.4229239009E+01  0.9746381418E+00
  0.9940558355E+00  0.4229164312E+01  0.9748920718E+00
  0.9941152771E+00  0.4229089168E+01  0.9751434581E+00
  0.9941741243E+00  0.4229013617E+01  0.9753923260E+00
  0.9942323831E+00  0.4228937695E+01  0.9756387009E+00
  0.9942900593E+00  0.4228861438E+01  0.9758826076E+00
  0.9943471587E+00  0.4228784881E+01  0.9761240709E+00
  0.9944036871E+00  0.4228708057E+01  0.9763631152E+00
  0.9944596502E+00  0.4228630999E+01  0.9765997648E+00
  0.9945150537E+00  0.4228553737E+01  0.9768340436E+00
  0.9945699032E+00  0.4228476302E+01  0.9770659754E+00
  0.9946242041E+00  0.4228398723E+01  0.9772955836E+00
  0.9946779621E+00  0.4228321027E+01  0.9775228916E+00
  0.9947311825E+00  0.4228243243E+01  0.9777479224E+00
  0.9947838707E+00  0.4228165395E+01  0.9779706988E+00
  0.9948360320E+00  0.4228087509E+01  0.9781912433E+00
  0.9948876716E+00  0.4228009608E+01  0.9784095784E+00
  0.9949387949E+00  0.4227931717E+01  0.9786257262E+00
  0.9949894070E+00  0.4227853857E+01  0.9788397085E+00
  0.9950395129E+00  0.4227776050E+01  0.9790515471E+00
  0.9950891178E+00  0.4227698316E+01  0.9792612634E+00
  0.9951382266E+00  0.4227620676E+01  0.9794688788E+00
  0.9951868443E+00  0.4227543149E+01  0.9796744143E+00
  0.9952349759E+00  0.4227465752E+01  0.9798778906E+00
  0.9952826261E+00  0.4227388503E+01  0.9800793286E+00
  0.9953297999E+00  0.4227311420E+01  0.9802787485E+00
  0.9953765019E+00  0.4227234518E+01  0.9804761706E+00
  0.9954227368E+00  0.4227157879E+01  0.9806716149E+00
  0.9954685095E+00  0.4227083617E+01  0.9808651013E+00
  0.9955138244E+00  0.4227009496E+01  0.9810566496E+00
  0.9955586861E+00  0.4226935532E+01  0.9812462790E+00
  0.9956030993E+00  0.4226861741E+01  0.9814340088E+00
  0.9956470683E+00  0.4226788138E+01  0.9816198581E+00
  0.9956905976E+00  0.4226714737E+01  0.9818038457E+00
  0.9957336916E+00  0.4226641552E+01  0.9819859903E+00
  0.9957763547E+00  0.4226568596E+01  0.9821663103E+00
  0.9958185912E+00  0.4226495881E+01  0.9823448240E+00
  0.9958604053E+00  0.4226423419E+01  0.9825215496E+00
  0.9959018012E+00  0.4226351222E+01  0.9826965049E+00
  0.9959427832E+00  0.4226279301E+01  0.9828697077E+00
  0.9959833554E+00  0.4226207667E+01  0.9830411755E+00
  0.9960235218E+00  0.4226136328E+01  0.9832109259E+00
  0.9960632866E+00  0.4226065295E+01  0.9833789758E+00
  0.9961026537E+00  0.4225994577E+01  0.9835453425E+00
  0.9961416272E+00  0.4225924183E+01  0.9837100428E+00
  0.9961802109E+00  0.4225854120E+01  0.9838730933E+00
  0.9962184088E+00  0.4225784396E+01  0.9840345107E+00
  0.9962562247E+00  0.4225715019E+01  0.9841943113E+00
  0.9962936625E+00  0.4225645996E+01  0.9843525113E+00
  0.9963307258E+00  0.4225577333E+01  0.9845091267E+00
  0.9963674186E+00  0.4225509037E+01  0.9846641735E+00
  0.9964037444E+00  0.4225441113E+01  0.9848176673E+00
  0.9964397070E+00  0.4225373568E+01  0.9849696238E+00
  0.9964753099E+00  0.4225306405E+01  0.9851200582E+00
  0.9965105568E+00  0.4225239631E+01  0.9852689860E+00
  0.9965454512E+00  0.4225173250E+01  0.9854164222E+00
  0.9965799967E+00  0.4225107266E+01  0.9855623817E+00
  0.9966141967E+00  0.4225041684E+01  0.9857068794E+00
  0.9966480548E+00  0.4224976506E+01  0.9858499299E+00
  0.9966815742E+00  0.4224911737E+01  0.9859915477E+00
  0.9967147585E+00  0.4224847380E+01  0.9861317472E+00
  0.9967476109E+00  0.4224783438E+01  0.9862705426E+00
  0.9967801348E+00  0.4224719914E+01  0.9864079480E+00
  0.9968123334E+00  0.4224656809E+01  0.9865439772E+00
  0.9968442101E+00  0.4224594127E+01  0.9866786442E+00
  0.9968757680E+00  0.4224531870E+01  0.9868119626E+00
  0.9969070103E+00  0.4224470039E+01  0.9869439458E+00
  0.9969379402E+00  0.4224408636E+01  0.9870746072E+00
  0.9969685608E+00  0.4224347663E+01  0.9872039602E+00
  0.9969988752E+00  0.4224287121E+01  0.9873320178E+00
  0.9970288865E+00  0.4224227010E+01  0.9874587931E+00
  0.9970585976E+00  0.4224167333E+01  0.9875842988E+00
  0.9970880116E+00  0.4224108090E+01  0.9877085476E+00
  0.9971171315E+00  0.4224049281E+01  0.9878315523E+00
  0.9971459602E+00  0.4223990908E+01  0.9879533253E+00
  0.9971745006E+00  0.4223932969E+01  0.9880738788E+00
  0.9972027556E+00  0.4223875466E+01  0.9881932252E+00
  0.9972307280E+00  0.4223818398E+01  0.9883113765E+00
  0.9972584207E+00  0.4223761766E+01  0.9884283448E+00
  0.9972858365E+00  0.4223705570E+01  0.9885441418E+00
  0.9973129782E+00  0.4223649808E+01  0.9886587793E+00
  0.9973398484E+00  0.4223594480E+01  0.9887722689E+00
  0.9973664499E+00  0.4223539587E+01  0.9888846222E+00
  0.9973927854E+00  0.4223485126E+01  0.9889958505E+00
  0.9974188575E+00  0.4223431099E+01  0.9891059652E+00
  0.9974446690E+00  0.4223377503E+01  0.9892149772E+00
  0.9974702223E+00  0.4223324337E+01  0.9893228978E+00
  0.9974955201E+00  0.4223271601E+01  0.9894297379E+00
  0.9975205649E+00  0.4223219294E+01  0.9895355082E+00
  0.9975453592E+00  0.4223167413E+01  0.9896402196E+00
  0.9975699056E+00  0.4223115959E+01  0.9897438825E+00
  0.9975942066E+00  0.4223064929E+01  0.9898465076E+00
  0.9976182645E+00  0.4223014323E+01  0.9899481052E+00
  0.9976420819E+00  0.4222964138E+01  0.9900486856E+00
  0.9976656610E+00  0.4222914373E+01  0.9901482591E+00
  0.9976890044E+00  0.4222865026E+01  0.9902468357E+00
  0.9977121144E+00  0.4222816096E+01  0.9903444253E+00
  0.9977349932E+00  0.4222767581E+01  0.9904410380E+00
  0.9977576433E+00  0.4222719478E+01  0.9905366834E+00
  0.9977800669E+00  0.4222671787E+01  0.9906313713E+00
  0.9978022662E+00  0.4222624505E+01  0.9907251113E+00
  0.9978242435E+00  0.4222577630E+01  0.9908179128E+00
  0.9978460011E+00  0.4222531161E+01  0.9909097853E+00
  0.9978675411E+00  0.4222485095E+01  0.9910007381E+00
  0.9978888657E+00  0.4222439429E+01  0.9910907803E+00
  0.9979099770E+00  0.4222394163E+01  0.9911799212E+00
  0.9979308773E+00  0.4222349293E+01  0.9912681698E+00
  0.9979515685E+00  0.4222304818E+01  0.9913555349E+00
  0.9979720528E+00  0.4222260736E+01  0.9914420255E+00
  0.9979923323E+00  0.4222217043E+01  0.9915276502E+00
  0.9980124089E+00  0.4222173738E+01  0.9916124179E+00
  0.9980322849E+00  0.4222130818E+01  0.9916963370E+00
  0.9980519620E+00  0.4222088281E+01  0.9917794161E+00
  0.9980714424E+00  0.4222046126E+01  0.9918616636E+00
  0.9980907280E+00  0.4222004348E+01  0.9919430878E+00
  0.9981098207E+00  0.4221962946E+01  0.9920236969E+00
  0.9981287225E+00  0.4221921918E+01  0.9921034992E+00
  0.9981474353E+00  0.4221881260E+01  0.9921825027E+00
  0.9981659609E+00  0.4221840972E+01  0.9922607154E+00
  0.9981843013E+00  0.4221801049E+01  0.9923381453E+00
  0.9982024583E+00  0.4221761490E+01  0.9924148001E+00
  0.9982204337E+00  0.4221722292E+01  0.9924906877E+00
  0.9982382294E+00  0.4221683452E+01  0.9925658157E+00
  0.9982558471E+00  0.4221644969E+01  0.9926401917E+00
  0.9982732886E+00  0.4221606839E+01  0.9927138233E+00
  0.9982905557E+00  0.4221569060E+01  0.9927867180E+00
  0.9983076502E+00  0.4221531629E+01  0.9928588830E+00
  0.9983245737E+00  0.4221494545E+01  0.9929303258E+00
  0.9983413279E+00  0.4221457804E+01  0.9930010535E+00
  0.9983579146E+00  0.4221421403E+01  0.9930710733E+00
  0.9983743355E+00  0.4221385341E+01  0.9931403924E+00
  0.9983905921E+00  0.4221349615E+01  0.9932090177E+00
  0.9984066862E+00  0.4221314221E+01  0.9932769561E+00
  0.9984226194E+00  0.4221279159E+01  0.9933442146E+00
  0.9984383932E+00  0.4221244424E+01  0.9934108000E+00
  0.9984540092E+00  0.4221210015E+01  0.9934767189E+00
  0.9984694691E+00  0.4221175929E+01  0.9935419782E+00
  0.9984847744E+00  0.4221142163E+01  0.9936065843E+00
  0.9984999267E+00  0.4221108715E+01  0.9936705439E+00
  0.9985149274E+00  0.4221075583E+01  0.9937338634E+00
  0.9985297782E+00  0.4221042763E+01  0.9937965492E+00
  0.9985444804E+00  0.4221010254E+01  0.9938586076E+00
  0.9985590356E+00  0.4220978052E+01  0.9939200450E+00
  0.9985734452E+00  0.4220946156E+01  0.9939808676E+00
  0.9985877108E+00  0.4220914562E+01  0.9940410815E+00
  0.9986018337E+00  0.4220883269E+01  0.9941006928E+00
  0.9986158153E+00  0.4220852273E+01  0.9941597075E+00
  0.9986296572E+00  0.4220821573E+01  0.9942181317E+00
  0.9986433606E+00  0.4220791165E+01  0.9942759712E+00
  0.9986569270E+00  0.4220761048E+01  0.9943332319E+00
  0.9986703577E+00  0.4220731219E+01  0.9943899196E+00
  0.9986836541E+00  0.4220701675E+01  0.9944460401E+00
  0.9986968176E+00  0.4220672415E+01  0.9945015989E+00
  0.9987098494E+00  0.4220643435E+01  0.9945566018E+00
  0.9987227509E+00  0.4220614733E+01  0.9946110543E+00
  0.9987355234E+00  0.4220586307E+01  0.9946649618E+00
  0.9987481682E+00  0.4220558154E+01  0.9947183300E+00
  0.9987606865E+00  0.4220530273E+01  0.9947711641E+00
  0.9987730796E+00  0.4220502660E+01  0.9948234695E+00
  0.9987853488E+00  0.4220475314E+01  0.9948752516E+00
  0.9987974954E+00  0.4220448231E+01  0.9949265155E+00
  0.9988095204E+00  0.4220421411E+01  0.9949772664E+00
  0.9988214252E+00  0.4220394850E+01  0.9950275095E+00
  0.9988332109E+00  0.4220368545E+01  0.9950772498E+00
  0.9988448788E+00  0.4220342496E+01  0.9951264925E+00
  0.9988564300E+00  0.4220316699E+01  0.9951752424E+00
  0.9988678657E+00  0.4220291153E+01  0.9952235045E+00
  0.9988791871E+00  0.4220265854E+01  0.9952712837E+00
  0.9988903952E+00  0.4220240802E+01  0.9953185849E+00
  0.9989014913E+00  0.4220215993E+01  0.9953654127E+00
  0.9989124764E+00  0.4220191425E+01  0.9954117721E+00
  0.9989233516E+00  0.4220167097E+01  0.9954576675E+00
  0.9989341181E+00  0.4220143005E+01  0.9955031037E+00
  0.9989447769E+00  0.4220119149E+01  0.9955480853E+00
  0.9989553291E+00  0.4220095525E+01  0.9955926169E+00
  0.9989657758E+00  0.4220072132E+01  0.9956367029E+00
  0.9989761181E+00  0.4220048967E+01  0.9956803478E+00
  0.9989863569E+00  0.4220026029E+01  0.9957235560E+00
  0.9989964933E+00  0.4220003316E+01  0.9957663319E+00
  0.9990065284E+00  0.4219980824E+01  0.9958086798E+00
  0.9990164631E+00  0.4219958553E+01  0.9958506040E+00
  0.9990262985E+00  0.4219936500E+01  0.9958921087E+00
  0.9990360355E+00  0.4219914663E+01  0.9959331982E+00
  0.9990456751E+00  0.4219893040E+01  0.9959738766E+00
  0.9990552184E+00  0.4219871629E+01  0.9960141479E+00
  0.9990646662E+00  0.4219850429E+01  0.9960540164E+00
  0.9990740195E+00  0.4219829437E+01  0.9960934860E+00
  0.9990832793E+00  0.4219808651E+01  0.9961325607E+00
  0.9990924466E+00  0.4219788069E+01  0.9961712445E+00
  0.9991015221E+00  0.4219767690E+01  0.9962095412E+00
  0.9991105069E+00  0.4219747511E+01  0.9962474548E+00
  0.9991194018E+00  0.4219727531E+01  0.9962849891E+00
  0.9991282078E+00  0.4219707748E+01  0.9963221478E+00
  0.9991369257E+00  0.4219688160E+01  0.9963589348E+00
  0.9991455564E+00  0.4219668764E+01  0.9963953538E+00
  0.9991541009E+00  0.4219649560E+01  0.9964314084E+00
  0.9991625599E+00  0.4219630546E+01  0.9964671023E+00
  0.9991709343E+00  0.4219611719E+01  0.9965024391E+00
  0.9991792249E+00  0.4219593077E+01  0.9965374224E+00
  0.9991874327E+00  0.4219574620E+01  0.9965720557E+00
  0.9991955584E+00  0.4219556346E+01  0.9966063425E+00
  0.9992036028E+00  0.4219538251E+01  0.9966402863E+00
  0.9992115667E+00  0.4219520336E+01  0.9966738905E+00
  0.9992194511E+00  0.4219502598E+01  0.9967071585E+00
  0.9992272566E+00  0.4219485035E+01  0.9967400937E+00
  0.9992349840E+00  0.4219467646E+01  0.9967726995E+00
  0.9992426342E+00  0.4219450429E+01  0.9968049790E+00
  0.9992502078E+00  0.4219433383E+01  0.9968369356E+00
  0.9992577057E+00  0.4219416505E+01  0.9968685725E+00
  0.9992651287E+00  0.4219399795E+01  0.9968998929E+00
  0.9992724774E+00  0.4219383250E+01  0.9969309000E+00
  0.9992797526E+00  0.4219366869E+01  0.9969615970E+00
  0.9992869551E+00  0.4219350651E+01  0.9969919868E+00
  0.9992940855E+00  0.4219334593E+01  0.9970220726E+00
  0.9993011447E+00  0.4219318695E+01  0.9970518574E+00
  0.9993081332E+00  0.4219302954E+01  0.9970813443E+00
  0.9993150519E+00  0.4219287370E+01  0.9971105362E+00
  0.9993219014E+00  0.4219271940E+01  0.9971394361E+00
  0.9993286824E+00  0.4219256663E+01  0.9971680468E+00
  0.9993353956E+00  0.4219241538E+01  0.9971963714E+00
  0.9993420416E+00  0.4219226564E+01  0.9972244126E+00
  0.9993486212E+00  0.4219211738E+01  0.9972521733E+00
  0.9993551350E+00  0.4219197060E+01  0.9972796563E+00
  0.9993615836E+00  0.4219182527E+01  0.9973068644E+00
  0.9993679678E+00  0.4219168139E+01  0.9973338003E+00
  0.9993742881E+00  0.4219153894E+01  0.9973604668E+00
  0.9993805452E+00  0.4219139790E+01  0.9973868665E+00
  0.9993867398E+00  0.4219125827E+01  0.9974130021E+00
  0.9993928724E+00  0.4219112003E+01  0.9974388763E+00
  0.9993989436E+00  0.4219098316E+01  0.9974644916E+00
  0.9994049542E+00  0.4219084766E+01  0.9974898508E+00
  0.9994109047E+00  0.4219071350E+01  0.9975149562E+00
  0.9994167956E+00  0.4219058068E+01  0.9975398105E+00
  0.9994226277E+00  0.4219044918E+01  0.9975644162E+00
  0.9994284014E+00  0.4219031899E+01  0.9975887758E+00
  0.9994341174E+00  0.4219019010E+01  0.9976128917E+00
  0.9994397762E+00  0.4219006249E+01  0.9976367663E+00
  0.9994453784E+00  0.4218993616E+01  0.9976604022E+00
  0.9994509247E+00  0.4218981108E+01  0.9976838016E+00
  0.9994564154E+00  0.4218968725E+01  0.9977069669E+00
  0.9994618513E+00  0.4218956465E+01  0.9977299005E+00
  0.9994672327E+00  0.4218944327E+01  0.9977526048E+00
  0.9994725604E+00  0.4218932311E+01  0.9977750819E+00
  0.9994778348E+00  0.4218920414E+01  0.9977973342E+00
  0.9994830565E+00  0.4218908636E+01  0.9978193639E+00
  0.9994882259E+00  0.4218896975E+01  0.9978411732E+00
  0.9994933436E+00  0.4218885431E+01  0.9978627644E+00
  0.9994984102E+00  0.4218874002E+01  0.9978841397E+00
  0.9995034261E+00  0.4218862687E+01  0.9979053011E+00
  0.9995083918E+00  0.4218851484E+01  0.9979262508E+00
  0.9995133079E+00  0.4218840394E+01  0.9979469910E+00
  0.9995181748E+00  0.4218829414E+01  0.9979675237E+00
  0.9995229931E+00  0.4218818544E+01  0.9979878511E+00
  0.9995277632E+00  0.4218807782E+01  0.9980079751E+00
  0.9995324855E+00  0.4218797128E+01  0.9980278979E+00
  0.9995371607E+00  0.4218786580E+01  0.9980476213E+00
  0.9995417891E+00  0.4218776137E+01  0.9980671475E+00
  0.9995463712E+00  0.4218765799E+01  0.9980864784E+00
  0.9995509075E+00  0.4218755564E+01  0.9981056159E+00
  0.9995553984E+00  0.4218745431E+01  0.9981245620E+00
  0.9995598444E+00  0.4218735399E+01  0.9981433186E+00
  0.9995642460E+00  0.4218725467E+01  0.9981618875E+00
  0.9995686035E+00  0.4218715635E+01  0.9981802708E+00
  0.9995729175E+00  0.4218705901E+01  0.9981984702E+00
  0.9995771883E+00  0.4218696264E+01  0.9982164875E+00
  0.9995814164E+00  0.4218686723E+01  0.9982343246E+00
  0.9995856022E+00  0.4218677278E+01  0.9982519833E+00
  0.9995897462E+00  0.4218667927E+01  0.9982694654E+00
  0.9995938488E+00  0.4218658670E+01  0.9982867726E+00
  0.9995979103E+00  0.4218649505E+01  0.9983039068E+00
  0.9996019312E+00  0.4218640432E+01  0.9983208695E+00
  0.9996059119E+00  0.4218631449E+01  0.9983376626E+00
  0.9996098527E+00  0.4218622556E+01  0.9983542877E+00
  0.9996137542E+00  0.4218613752E+01  0.9983707465E+00
  0.9996176167E+00  0.4218605036E+01  0.9983870407E+00
  0.9996214405E+00  0.4218596407E+01  0.9984031719E+00
  0.9996252261E+00  0.4218587865E+01  0.9984191418E+00
  0.9996289738E+00  0.4218579407E+01  0.9984349520E+00
  0.9996326841E+00  0.4218571035E+01  0.9984506040E+00
  0.9996363573E+00  0.4218562746E+01  0.9984660994E+00
  0.9996399937E+00  0.4218554540E+01  0.9984814399E+00
  0.9996435938E+00  0.4218546416E+01  0.9984966270E+00
  0.9996471578E+00  0.4218538373E+01  0.9985116621E+00
  0.9996506862E+00  0.4218530411E+01  0.9985265469E+00
  0.9996541794E+00  0.4218522528E+01  0.9985412828E+00
  0.9996576376E+00  0.4218514724E+01  0.9985558713E+00
  0.9996610612E+00  0.4218506999E+01  0.9985703139E+00
  0.9996644506E+00  0.4218499350E+01  0.9985846120E+00
  0.9996678400E+00  0.4218491702E+01  0.9985989101E+00
  0.9996712294E+00  0.4218484053E+01  0.9986132082E+00
  0.9996746188E+00  0.4218476405E+01  0.9986275063E+00
  0.9996780081E+00  0.4218468756E+01  0.9986418043E+00
  0.9996813975E+00  0.4218461108E+01  0.9986561024E+00
  0.9996847869E+00  0.4218453460E+01  0.9986704003E+00
  0.9996881763E+00  0.4218445811E+01  0.9986846983E+00
  0.9996915657E+00  0.4218438163E+01  0.9986989962E+00
  0.9996949551E+00  0.4218430515E+01  0.9987132942E+00
  0.9996983445E+00  0.4218422867E+01  0.9987275920E+00
  0.9997017339E+00  0.4218415219E+01  0.9987418899E+00
  0.9997051232E+00  0.4218407570E+01  0.9987561877E+00
  0.9997085126E+00  0.4218399922E+01  0.9987704855E+00
  0.9997119020E+00  0.4218392274E+01  0.9987847833E+00
  0.9997152914E+00  0.4218384627E+01  0.9987990811E+00
  0.9997186808E+00  0.4218376979E+01  0.9988133788E+00
  0.9997220702E+00  0.4218369331E+01  0.9988276765E+00
  0.9997254596E+00  0.4218361683E+01  0.9988419742E+00
  0.9997288490E+00  0.4218354035E+01  0.9988562718E+00
  0.9997322384E+00  0.4218346388E+01  0.9988705695E+00
  0.9997356277E+00  0.4218338740E+01  0.9988848671E+00
  0.9997390171E+00  0.4218331093E+01  0.9988991646E+00
  0.9997424065E+00  0.4218323446E+01  0.9989134622E+00
  0.9997457959E+00  0.4218315798E+01  0.9989277597E+00
  0.9997491853E+00  0.4218308151E+01  0.9989420572E+00
  0.9997525747E+00  0.4218300504E+01  0.9989563547E+00
  0.9997559641E+00  0.4218292857E+01  0.9989706521E+00
  0.9997593535E+00  0.4218285210E+01  0.9989849495E+00
  0.9997627428E+00  0.4218277563E+01  0.9989992469E+00
  0.9997661322E+00  0.4218269917E+01  0.9990135443E+00
  0.9997695216E+00  0.4218262270E+01  0.9990278416E+00
  0.9997729110E+00  0.4218254624E+01  0.9990421389E+00
  0.9997763004E+00  0.4218246977E+01  0.9990564362E+00
  0.9997796898E+00  0.4218239331E+01  0.9990707335E+00
  0.9997830792E+00  0.4218231685E+01  0.9990850307E+00
  0.9997864686E+00  0.4218224039E+01  0.9990993279E+00
  0.9997898579E+00  0.4218216393E+01  0.9991136251E+00
  0.9997932473E+00  0.4218208747E+01  0.9991279223E+00
  0.9997966367E+00  0.4218201102E+01  0.9991422194E+00
  0.9998000261E+00  0.4218193456E+01  0.9991565165E+00
  0.9998034155E+00  0.4218185811E+01  0.9991708136E+00
  0.9998068049E+00  0.4218178165E+01  0.9991851107E+00
  0.9998101943E+00  0.4218170520E+01  0.9991994077E+00
  0.9998135837E+00  0.4218162875E+01  0.9992137047E+00
  0.9998169731E+00  0.4218155231E+01  0.9992280017E+00
  0.9998203624E+00  0.4218147586E+01  0.9992422986E+00
  0.9998237518E+00  0.4218139941E+01  0.9992565955E+00
  0.9998271412E+00  0.4218132297E+01  0.9992708924E+00
  0.9998305306E+00  0.4218124653E+01  0.9992851893E+00
  0.9998339200E+00  0.4218117009E+01  0.9992994862E+00
  0.9998373094E+00  0.4218109365E+01  0.9993137830E+00
  0.9998406988E+00  0.4218101721E+01  0.9993280798E+00
  0.9998440882E+00  0.4218094078E+01  0.9993423766E+00
  0.9998474775E+00  0.4218086434E+01  0.9993566733E+00
  0.9998508669E+00  0.4218078791E+01  0.9993709700E+00
  0.9998542563E+00  0.4218071148E+01  0.9993852667E+00
  0.9998576457E+00  0.4218063505E+01  0.9993995634E+00
  0.9998610351E+00  0.4218055863E+01  0.9994138600E+00
  0.9998644245E+00  0.4218048220E+01  0.9994281566E+00
  0.9998678139E+00  0.4218040578E+01  0.9994424532E+00
  0.9998712033E+00  0.4218032936E+01  0.9994567498E+00
  0.9998745926E+00  0.4218025294E+01  0.9994710463E+00
  0.9998779820E+00  0.4218017652E+01  0.9994853428E+00
  0.9998813714E+00  0.4218010011E+01  0.9994996393E+00
  0.9998847608E+00  0.4218002370E+01  0.9995139358E+00
  0.9998881502E+00  0.4217994728E+01  0.9995282322E+00
  0.9998915396E+00  0.4217987088E+01  0.9995425286E+00
  0.9998949290E+00  0.4217979447E+01  0.9995568250E+00
  0.9998983184E+00  0.4217971807E+01  0.9995711214E+00
  0.9999017077E+00  0.4217964166E+01  0.9995854177E+00
  0.9999050971E+00  0.4217956526E+01  0.9995997140E+00
  0.9999084865E+00  0.4217948887E+01  0.9996140103E+00
  0.9999118759E+00  0.4217941247E+01  0.9996283065E+00
  0.9999152653E+00  0.4217933608E+01  0.9996426027E+00
  0.9999186547E+00  0.4217925969E+01  0.9996568990E+00
  0.9999220441E+00  0.4217918330E+01  0.9996711951E+00
  0.9999254335E+00  0.4217910691E+01  0.9996854913E+00
  0.9999288229E+00  0.4217903053E+01  0.9996997874E+00
  0.9999322122E+00  0.4217895415E+01  0.9997140835E+00
  0.9999356016E+00  0.4217887777E+01  0.9997283796E+00
  0.9999389910E+00  0.4217880139E+01  0.9997426756E+00
  0.9999423804E+00  0.4217872502E+01  0.9997569716E+00
  0.9999457698E+00  0.4217864865E+01  0.9997712676E+00
  0.9999491592E+00  0.4217857228E+01  0.9997855636E+00
  0.9999525486E+00  0.4217849591E+01  0.9997998595E+00
  0.9999559380E+00  0.4217841955E+01  0.9998141554E+00
  0.9999593273E+00  0.4217834319E+01  0.9998284513E+00
  0.9999627167E+00  0.4217826683E+01  0.9998427472E+00
  0.9999661061E+00  0.4217819048E+01  0.9998570430E+00
  0.9999694955E+00  0.4217811412E+01  0.9998713389E+00
  0.9999728849E+00  0.4217803777E+01  0.9998856346E+00
  0.9999762743E+00  0.4217796143E+01  0.9998999304E+00
  0.9999796637E+00  0.4217788508E+01  0.9999142261E+00
  0.9999830531E+00  0.4217780874E+01  0.9999285218E+00
  0.9999864424E+00  0.4217773240E+01  0.9999428175E+00
  0.9999898318E+00  0.4217765607E+01  0.9999571132E+00
  0.9999932212E+00  0.4217757974E+01  0.9999714088E+00
  0.9999966106E+00  0.4217750341E+01  0.9999857044E+00
  0.1000000000E+01  0.4217745680E+01  0.1000000000E+01
  0.1000000000E+01  0.4217745680E+01  0.1000000000E+01
