  0.0000000000E+00  0.4217743141E+01 -0.1000000000E+01
  0.6996492144E-18  0.4217743141E+01 -0.1000000000E+01
  0.3389387958E-05  0.4217699815E+01 -0.9999857045E+00
  0.6778775916E-05  0.4217656488E+01 -0.9999714092E+00
  0.1016816387E-04  0.4217613162E+01 -0.9999571140E+00
  0.1355755183E-04  0.4217569837E+01 -0.9999428189E+00
  0.1694693979E-04  0.4217526511E+01 -0.9999285240E+00
  0.2033632775E-04  0.4217483186E+01 -0.9999142292E+00
  0.2372571571E-04  0.4217439861E+01 -0.9998999346E+00
  0.2711510367E-04  0.4217396537E+01 -0.9998856402E+00
  0.3050449162E-04  0.4217353212E+01 -0.9998713458E+00
  0.3389387958E-04  0.4217309888E+01 -0.9998570517E+00
  0.3728326754E-04  0.4217266564E+01 -0.9998427576E+00
  0.4067265550E-04  0.4217223241E+01 -0.9998284638E+00
  0.4406204346E-04  0.4217179918E+01 -0.9998141700E+00
  0.4745143141E-04  0.4217136594E+01 -0.9997998764E+00
  0.5084081937E-04  0.4217093272E+01 -0.9997855830E+00
  0.5423020733E-04  0.4217049949E+01 -0.9997712897E+00
  0.5761959529E-04  0.4217006626E+01 -0.9997569966E+00
  0.6100898325E-04  0.4216963304E+01 -0.9997427036E+00
  0.6439837120E-04  0.4216919982E+01 -0.9997284107E+00
  0.6778775916E-04  0.4216876660E+01 -0.9997141180E+00
  0.7117714712E-04  0.4216833339E+01 -0.9996998255E+00
  0.7456653508E-04  0.4216790017E+01 -0.9996855330E+00
  0.7795592304E-04  0.4216746696E+01 -0.9996712408E+00
  0.8134531100E-04  0.4216703375E+01 -0.9996569487E+00
  0.8473469895E-04  0.4216660054E+01 -0.9996426567E+00
  0.8812408691E-04  0.4216616734E+01 -0.9996283649E+00
  0.9151347487E-04  0.4216573413E+01 -0.9996140732E+00
  0.9490286283E-04  0.4216530093E+01 -0.9995997817E+00
  0.9829225079E-04  0.4216486772E+01 -0.9995854903E+00
  0.1016816387E-03  0.4216443452E+01 -0.9995711990E+00
  0.1050710267E-03  0.4216400132E+01 -0.9995569080E+00
  0.1084604147E-03  0.4216356813E+01 -0.9995426170E+00
  0.1118498026E-03  0.4216313493E+01 -0.9995283262E+00
  0.1152391906E-03  0.4216270173E+01 -0.9995140356E+00
  0.1186285785E-03  0.4216226854E+01 -0.9994997451E+00
  0.1220179665E-03  0.4216183535E+01 -0.9994854547E+00
  0.1254073545E-03  0.4216140215E+01 -0.9994711645E+00
  0.1287967424E-03  0.4216096896E+01 -0.9994568744E+00
  0.1321861304E-03  0.4216053577E+01 -0.9994425845E+00
  0.1355755183E-03  0.4216010258E+01 -0.9994282948E+00
  0.1389649063E-03  0.4215966939E+01 -0.9994140051E+00
  0.1423542942E-03  0.4215923621E+01 -0.9993997157E+00
  0.1457436822E-03  0.4215880302E+01 -0.9993854263E+00
  0.1491330702E-03  0.4215836983E+01 -0.9993711372E+00
  0.1525224581E-03  0.4215793665E+01 -0.9993568481E+00
  0.1559118461E-03  0.4215750346E+01 -0.9993425592E+00
  0.1593012340E-03  0.4215707028E+01 -0.9993282705E+00
  0.1626906220E-03  0.4215663710E+01 -0.9993139819E+00
  0.1660800099E-03  0.4215620391E+01 -0.9992996935E+00
  0.1694693979E-03  0.4215577073E+01 -0.9992854052E+00
  0.1728587859E-03  0.4215533755E+01 -0.9992711170E+00
  0.1762481738E-03  0.4215490436E+01 -0.9992568290E+00
  0.1796375618E-03  0.4215447118E+01 -0.9992425411E+00
  0.1830269497E-03  0.4215403800E+01 -0.9992282534E+00
  0.1864163377E-03  0.4215360482E+01 -0.9992139659E+00
  0.1898057257E-03  0.4215317164E+01 -0.9991996784E+00
  0.1931951136E-03  0.4215273845E+01 -0.9991853912E+00
  0.1965845016E-03  0.4215230527E+01 -0.9991711040E+00
  0.1999738895E-03  0.4215187209E+01 -0.9991568171E+00
  0.2033632775E-03  0.4215143891E+01 -0.9991425302E+00
  0.2067526654E-03  0.4215100573E+01 -0.9991282436E+00
  0.2101420534E-03  0.4215057254E+01 -0.9991139570E+00
  0.2135314414E-03  0.4215013936E+01 -0.9990996706E+00
  0.2169208293E-03  0.4214970618E+01 -0.9990853844E+00
  0.2203102173E-03  0.4214927299E+01 -0.9990710983E+00
  0.2236996052E-03  0.4214883981E+01 -0.9990568123E+00
  0.2270889932E-03  0.4214840662E+01 -0.9990425265E+00
  0.2304783812E-03  0.4214797344E+01 -0.9990282409E+00
  0.2338677691E-03  0.4214754025E+01 -0.9990139554E+00
  0.2372571571E-03  0.4214710706E+01 -0.9989996700E+00
  0.2406465450E-03  0.4214667388E+01 -0.9989853848E+00
  0.2440359330E-03  0.4214624069E+01 -0.9989710997E+00
  0.2474253209E-03  0.4214580750E+01 -0.9989568148E+00
  0.2508147089E-03  0.4214537431E+01 -0.9989425300E+00
  0.2542040969E-03  0.4214494112E+01 -0.9989282454E+00
  0.2575934848E-03  0.4214450793E+01 -0.9989139609E+00
  0.2609828728E-03  0.4214407473E+01 -0.9988996766E+00
  0.2643722607E-03  0.4214364154E+01 -0.9988853924E+00
  0.2677616487E-03  0.4214320834E+01 -0.9988711083E+00
  0.2711510367E-03  0.4214277514E+01 -0.9988568244E+00
  0.2745404246E-03  0.4214234195E+01 -0.9988425407E+00
  0.2779298126E-03  0.4214190875E+01 -0.9988282571E+00
  0.2813192005E-03  0.4214147554E+01 -0.9988139736E+00
  0.2847085885E-03  0.4214104234E+01 -0.9987996903E+00
  0.2880979764E-03  0.4214060914E+01 -0.9987854072E+00
  0.2914873644E-03  0.4214017593E+01 -0.9987711242E+00
  0.2948767524E-03  0.4213974272E+01 -0.9987568413E+00
  0.2982661403E-03  0.4213930952E+01 -0.9987425586E+00
  0.3016555283E-03  0.4213887630E+01 -0.9987282760E+00
  0.3050449162E-03  0.4213844309E+01 -0.9987139936E+00
  0.3084343042E-03  0.4213800988E+01 -0.9986997113E+00
  0.3118236921E-03  0.4213757666E+01 -0.9986854292E+00
  0.3152130801E-03  0.4213714344E+01 -0.9986711472E+00
  0.3186024681E-03  0.4213671022E+01 -0.9986568653E+00
  0.3219918560E-03  0.4213627700E+01 -0.9986425836E+00
  0.3253812440E-03  0.4213584377E+01 -0.9986283021E+00
  0.3287706319E-03  0.4213541055E+01 -0.9986140207E+00
  0.3321600199E-03  0.4213497732E+01 -0.9985997394E+00
  0.3355494079E-03  0.4213454409E+01 -0.9985854583E+00
  0.3389387958E-03  0.4213411085E+01 -0.9985711774E+00
  0.3423624200E-03  0.4213367324E+01 -0.9985567523E+00
  0.3458206263E-03  0.4213323121E+01 -0.9985421817E+00
  0.3493137639E-03  0.4213278470E+01 -0.9985274641E+00
  0.3528421858E-03  0.4213233369E+01 -0.9985125979E+00
  0.3564062483E-03  0.4213187811E+01 -0.9984975818E+00
  0.3600063114E-03  0.4213141793E+01 -0.9984824141E+00
  0.3636427388E-03  0.4213095310E+01 -0.9984670934E+00
  0.3673158977E-03  0.4213048357E+01 -0.9984516181E+00
  0.3710261593E-03  0.4213000930E+01 -0.9984359867E+00
  0.3747738983E-03  0.4212953023E+01 -0.9984201976E+00
  0.3785594932E-03  0.4212904632E+01 -0.9984042491E+00
  0.3823833265E-03  0.4212855751E+01 -0.9983881398E+00
  0.3862457844E-03  0.4212806377E+01 -0.9983718679E+00
  0.3901472569E-03  0.4212756503E+01 -0.9983554318E+00
  0.3940881383E-03  0.4212706125E+01 -0.9983388300E+00
  0.3980688266E-03  0.4212655238E+01 -0.9983220606E+00
  0.4020897238E-03  0.4212603836E+01 -0.9983051220E+00
  0.4061512362E-03  0.4212551915E+01 -0.9982880126E+00
  0.4102537739E-03  0.4212499468E+01 -0.9982707306E+00
  0.4143977514E-03  0.4212446492E+01 -0.9982532742E+00
  0.4185835873E-03  0.4212392979E+01 -0.9982356417E+00
  0.4228117043E-03  0.4212338926E+01 -0.9982178313E+00
  0.4270825296E-03  0.4212284326E+01 -0.9981998413E+00
  0.4313964946E-03  0.4212229174E+01 -0.9981816697E+00
  0.4357540349E-03  0.4212173464E+01 -0.9981633149E+00
  0.4401555908E-03  0.4212117190E+01 -0.9981447749E+00
  0.4446016069E-03  0.4212060348E+01 -0.9981260479E+00
  0.4490925322E-03  0.4212002931E+01 -0.9981071320E+00
  0.4536288204E-03  0.4211944933E+01 -0.9980880252E+00
  0.4582109297E-03  0.4211886348E+01 -0.9980687258E+00
  0.4628393230E-03  0.4211827171E+01 -0.9980492316E+00
  0.4675144676E-03  0.4211767395E+01 -0.9980295409E+00
  0.4722368360E-03  0.4211707015E+01 -0.9980096515E+00
  0.4770069051E-03  0.4211646024E+01 -0.9979895615E+00
  0.4818251566E-03  0.4211584415E+01 -0.9979692689E+00
  0.4866920774E-03  0.4211522184E+01 -0.9979487716E+00
  0.4916081590E-03  0.4211459323E+01 -0.9979280676E+00
  0.4965738980E-03  0.4211395826E+01 -0.9979071547E+00
  0.5015897959E-03  0.4211331686E+01 -0.9978860309E+00
  0.5066563595E-03  0.4211266898E+01 -0.9978646941E+00
  0.5117741005E-03  0.4211201453E+01 -0.9978431421E+00
  0.5169435359E-03  0.4211135347E+01 -0.9978213728E+00
  0.5221651878E-03  0.4211068572E+01 -0.9977993839E+00
  0.5274395836E-03  0.4211001121E+01 -0.9977771732E+00
  0.5327672562E-03  0.4210932987E+01 -0.9977547385E+00
  0.5381487436E-03  0.4210864163E+01 -0.9977320776E+00
  0.5435845895E-03  0.4210794643E+01 -0.9977091882E+00
  0.5490753429E-03  0.4210724419E+01 -0.9976860680E+00
  0.5546215585E-03  0.4210653485E+01 -0.9976627146E+00
  0.5602237965E-03  0.4210581832E+01 -0.9976391257E+00
  0.5658826227E-03  0.4210509454E+01 -0.9976152990E+00
  0.5715986088E-03  0.4210436343E+01 -0.9975912320E+00
  0.5773723321E-03  0.4210362492E+01 -0.9975669223E+00
  0.5832043759E-03  0.4210287893E+01 -0.9975423675E+00
  0.5890953291E-03  0.4210212538E+01 -0.9975175651E+00
  0.5950457870E-03  0.4210136421E+01 -0.9974925126E+00
  0.6010563505E-03  0.4210059532E+01 -0.9974672076E+00
  0.6071276268E-03  0.4209981865E+01 -0.9974416474E+00
  0.6132602291E-03  0.4209903411E+01 -0.9974158295E+00
  0.6194547769E-03  0.4209824162E+01 -0.9973897513E+00
  0.6257118958E-03  0.4209744111E+01 -0.9973634101E+00
  0.6320322180E-03  0.4209663248E+01 -0.9973368035E+00
  0.6384163818E-03  0.4209581566E+01 -0.9973099285E+00
  0.6448650321E-03  0.4209499057E+01 -0.9972827827E+00
  0.6513788203E-03  0.4209415711E+01 -0.9972553632E+00
  0.6579584044E-03  0.4209331521E+01 -0.9972276672E+00
  0.6646044489E-03  0.4209246477E+01 -0.9971996921E+00
  0.6713176251E-03  0.4209160572E+01 -0.9971714350E+00
  0.6780986112E-03  0.4209073795E+01 -0.9971428930E+00
  0.6849480921E-03  0.4208986139E+01 -0.9971140634E+00
  0.6918667597E-03  0.4208897594E+01 -0.9970849431E+00
  0.6988553129E-03  0.4208808152E+01 -0.9970555293E+00
  0.7059144575E-03  0.4208717802E+01 -0.9970258190E+00
  0.7130449065E-03  0.4208626536E+01 -0.9969958093E+00
  0.7202473803E-03  0.4208534345E+01 -0.9969654971E+00
  0.7275226064E-03  0.4208441218E+01 -0.9969348794E+00
  0.7348713196E-03  0.4208347147E+01 -0.9969039531E+00
  0.7422942622E-03  0.4208252121E+01 -0.9968727152E+00
  0.7497921840E-03  0.4208156131E+01 -0.9968411624E+00
  0.7573658425E-03  0.4208059167E+01 -0.9968092916E+00
  0.7650160025E-03  0.4207961219E+01 -0.9967770997E+00
  0.7727434369E-03  0.4207862277E+01 -0.9967445833E+00
  0.7805489261E-03  0.4207762330E+01 -0.9967117393E+00
  0.7884332587E-03  0.4207661369E+01 -0.9966785643E+00
  0.7963972310E-03  0.4207559382E+01 -0.9966450550E+00
  0.8044416475E-03  0.4207456361E+01 -0.9966112080E+00
  0.8125673207E-03  0.4207352292E+01 -0.9965770200E+00
  0.8207750714E-03  0.4207247167E+01 -0.9965424876E+00
  0.8290657287E-03  0.4207140974E+01 -0.9965076072E+00
  0.8374401300E-03  0.4207033702E+01 -0.9964723753E+00
  0.8458991212E-03  0.4206925340E+01 -0.9964367885E+00
  0.8544435568E-03  0.4206815877E+01 -0.9964008432E+00
  0.8630742998E-03  0.4206705301E+01 -0.9963645357E+00
  0.8717922220E-03  0.4206593601E+01 -0.9963278625E+00
  0.8805982040E-03  0.4206480766E+01 -0.9962908198E+00
  0.8894931354E-03  0.4206366783E+01 -0.9962534039E+00
  0.8984779145E-03  0.4206251642E+01 -0.9962156112E+00
  0.9075534490E-03  0.4206135352E+01 -0.9961774377E+00
  0.9167206556E-03  0.4206017880E+01 -0.9961388797E+00
  0.9259804602E-03  0.4205899213E+01 -0.9960999334E+00
  0.9353337982E-03  0.4205779340E+01 -0.9960605948E+00
  0.9447816143E-03  0.4205658247E+01 -0.9960208599E+00
  0.9543248629E-03  0.4205535923E+01 -0.9959807248E+00
  0.9639645080E-03  0.4205412354E+01 -0.9959401856E+00
  0.9737015233E-03  0.4205287527E+01 -0.9958992380E+00
  0.9835368922E-03  0.4205161430E+01 -0.9958578781E+00
  0.9934716083E-03  0.4205034050E+01 -0.9958161016E+00
  0.1003506675E-02  0.4204905372E+01 -0.9957739045E+00
  0.1013643106E-02  0.4204775384E+01 -0.9957312824E+00
  0.1023881925E-02  0.4204644072E+01 -0.9956882311E+00
  0.1034224167E-02  0.4204511423E+01 -0.9956447464E+00
  0.1044670876E-02  0.4204377422E+01 -0.9956008238E+00
  0.1055223107E-02  0.4204242055E+01 -0.9955564589E+00
  0.1065881926E-02  0.4204105308E+01 -0.9955116474E+00
  0.1076648410E-02  0.4203967168E+01 -0.9954663847E+00
  0.1087523647E-02  0.4203827618E+01 -0.9954206663E+00
  0.1098508734E-02  0.4203686645E+01 -0.9953744877E+00
  0.1109604782E-02  0.4203544234E+01 -0.9953278442E+00
  0.1120812911E-02  0.4203400370E+01 -0.9952807311E+00
  0.1132134253E-02  0.4203255038E+01 -0.9952331438E+00
  0.1143569953E-02  0.4203108222E+01 -0.9951850775E+00
  0.1155121165E-02  0.4202959907E+01 -0.9951365273E+00
  0.1166789055E-02  0.4202810077E+01 -0.9950874885E+00
  0.1178574803E-02  0.4202658717E+01 -0.9950379562E+00
  0.1190479599E-02  0.4202505854E+01 -0.9949879253E+00
  0.1202504646E-02  0.4202351436E+01 -0.9949373909E+00
  0.1214651157E-02  0.4202195441E+01 -0.9948863479E+00
  0.1226920361E-02  0.4202037852E+01 -0.9948347913E+00
  0.1239313496E-02  0.4201878653E+01 -0.9947827159E+00
  0.1251831814E-02  0.4201717827E+01 -0.9947301164E+00
  0.1264476580E-02  0.4201555356E+01 -0.9946769877E+00
  0.1277249070E-02  0.4201391224E+01 -0.9946233244E+00
  0.1290150576E-02  0.4201225413E+01 -0.9945691212E+00
  0.1303182400E-02  0.4201057906E+01 -0.9945143727E+00
  0.1316345859E-02  0.4200888684E+01 -0.9944590733E+00
  0.1329642282E-02  0.4200717729E+01 -0.9944032177E+00
  0.1343073012E-02  0.4200545024E+01 -0.9943468001E+00
  0.1356639406E-02  0.4200370550E+01 -0.9942898151E+00
  0.1370342834E-02  0.4200194288E+01 -0.9942322568E+00
  0.1384184681E-02  0.4200016220E+01 -0.9941741196E+00
  0.1398166344E-02  0.4199836325E+01 -0.9941153976E+00
  0.1412289237E-02  0.4199654586E+01 -0.9940560851E+00
  0.1426554785E-02  0.4199470982E+01 -0.9939961760E+00
  0.1440964429E-02  0.4199285493E+01 -0.9939356645E+00
  0.1455519625E-02  0.4199098101E+01 -0.9938745444E+00
  0.1470221844E-02  0.4198908783E+01 -0.9938128097E+00
  0.1485072569E-02  0.4198717521E+01 -0.9937504543E+00
  0.1500073302E-02  0.4198524293E+01 -0.9936874719E+00
  0.1515225558E-02  0.4198329078E+01 -0.9936238563E+00
  0.1530530867E-02  0.4198131855E+01 -0.9935596011E+00
  0.1545990774E-02  0.4197932603E+01 -0.9934946999E+00
  0.1561606843E-02  0.4197731300E+01 -0.9934291463E+00
  0.1577380649E-02  0.4197527924E+01 -0.9933629337E+00
  0.1593313787E-02  0.4197322453E+01 -0.9932960555E+00
  0.1609407866E-02  0.4197114865E+01 -0.9932285051E+00
  0.1625664511E-02  0.4196905136E+01 -0.9931602758E+00
  0.1642085364E-02  0.4196693245E+01 -0.9930913608E+00
  0.1658672085E-02  0.4196479166E+01 -0.9930217532E+00
  0.1675426349E-02  0.4196262878E+01 -0.9929514461E+00
  0.1692349847E-02  0.4196044355E+01 -0.9928804325E+00
  0.1709444290E-02  0.4195823575E+01 -0.9928087053E+00
  0.1726711404E-02  0.4195600512E+01 -0.9927362575E+00
  0.1744152934E-02  0.4195375142E+01 -0.9926630818E+00
  0.1761770640E-02  0.4195147440E+01 -0.9925891709E+00
  0.1779566303E-02  0.4194917381E+01 -0.9925145175E+00
  0.1797541720E-02  0.4194684939E+01 -0.9924391142E+00
  0.1815698707E-02  0.4194450087E+01 -0.9923629535E+00
  0.1834039098E-02  0.4194212801E+01 -0.9922860278E+00
  0.1852564746E-02  0.4193973052E+01 -0.9922083295E+00
  0.1871277521E-02  0.4193730815E+01 -0.9921298509E+00
  0.1890179314E-02  0.4193486063E+01 -0.9920505842E+00
  0.1909272034E-02  0.4193238766E+01 -0.9919705215E+00
  0.1928557610E-02  0.4192988899E+01 -0.9918896549E+00
  0.1948037990E-02  0.4192736431E+01 -0.9918079763E+00
  0.1967715142E-02  0.4192481336E+01 -0.9917254777E+00
  0.1987591052E-02  0.4192223583E+01 -0.9916421509E+00
  0.2007667730E-02  0.4191963144E+01 -0.9915579876E+00
  0.2027947202E-02  0.4191699988E+01 -0.9914729795E+00
  0.2048431517E-02  0.4191434086E+01 -0.9913871181E+00
  0.2069122744E-02  0.4191165407E+01 -0.9913003950E+00
  0.2090022974E-02  0.4190893921E+01 -0.9912128015E+00
  0.2111134317E-02  0.4190619595E+01 -0.9911243290E+00
  0.2132458906E-02  0.4190342399E+01 -0.9910349687E+00
  0.2153998895E-02  0.4190062300E+01 -0.9909447118E+00
  0.2175756460E-02  0.4189779267E+01 -0.9908535493E+00
  0.2197733798E-02  0.4189493265E+01 -0.9907614723E+00
  0.2219933129E-02  0.4189204261E+01 -0.9906684715E+00
  0.2242356696E-02  0.4188912223E+01 -0.9905745379E+00
  0.2265006764E-02  0.4188617115E+01 -0.9904796621E+00
  0.2287885620E-02  0.4188318903E+01 -0.9903838347E+00
  0.2310995576E-02  0.4188017552E+01 -0.9902870464E+00
  0.2334338965E-02  0.4187713026E+01 -0.9901892874E+00
  0.2357918147E-02  0.4187405290E+01 -0.9900905482E+00
  0.2381735502E-02  0.4187094306E+01 -0.9899908189E+00
  0.2405793436E-02  0.4186780037E+01 -0.9898900899E+00
  0.2430094380E-02  0.4186462447E+01 -0.9897883510E+00
  0.2454640788E-02  0.4186141497E+01 -0.9896855924E+00
  0.2479435139E-02  0.4185817149E+01 -0.9895818037E+00
  0.2504479939E-02  0.4185489362E+01 -0.9894769749E+00
  0.2529777716E-02  0.4185158099E+01 -0.9893710955E+00
  0.2555331026E-02  0.4184823318E+01 -0.9892641551E+00
  0.2581142450E-02  0.4184484980E+01 -0.9891561432E+00
  0.2607214596E-02  0.4184143042E+01 -0.9890470492E+00
  0.2633550097E-02  0.4183797463E+01 -0.9889368622E+00
  0.2660151614E-02  0.4183448200E+01 -0.9888255715E+00
  0.2687021832E-02  0.4183095211E+01 -0.9887131661E+00
  0.2714163467E-02  0.4182738452E+01 -0.9885996349E+00
  0.2741579259E-02  0.4182377879E+01 -0.9884849668E+00
  0.2769271979E-02  0.4182013447E+01 -0.9883691504E+00
  0.2797244423E-02  0.4181645110E+01 -0.9882521744E+00
  0.2825499417E-02  0.4181272822E+01 -0.9881340273E+00
  0.2854039815E-02  0.4180896537E+01 -0.9880146975E+00
  0.2882868500E-02  0.4180516207E+01 -0.9878941732E+00
  0.2911988384E-02  0.4180131785E+01 -0.9877724427E+00
  0.2941402408E-02  0.4179743220E+01 -0.9876494939E+00
  0.2971113544E-02  0.4179350464E+01 -0.9875253148E+00
  0.3001124792E-02  0.4178953467E+01 -0.9873998932E+00
  0.3031439184E-02  0.4178552178E+01 -0.9872732169E+00
  0.3062059781E-02  0.4178146545E+01 -0.9871452733E+00
  0.3092989678E-02  0.4177736515E+01 -0.9870160500E+00
  0.3124231998E-02  0.4177322035E+01 -0.9868855343E+00
  0.3155789897E-02  0.4176903052E+01 -0.9867537134E+00
  0.3187666563E-02  0.4176479511E+01 -0.9866205744E+00
  0.3219865215E-02  0.4176051356E+01 -0.9864861043E+00
  0.3252389106E-02  0.4175618531E+01 -0.9863502899E+00
  0.3285241521E-02  0.4175180978E+01 -0.9862131180E+00
  0.3318425779E-02  0.4174738639E+01 -0.9860745750E+00
  0.3351945231E-02  0.4174291457E+01 -0.9859346475E+00
  0.3385803264E-02  0.4173839370E+01 -0.9857933219E+00
  0.3420003297E-02  0.4173382318E+01 -0.9856505843E+00
  0.3454548785E-02  0.4172920239E+01 -0.9855064207E+00
  0.3489443217E-02  0.4172453071E+01 -0.9853608172E+00
  0.3524690118E-02  0.4171980751E+01 -0.9852137595E+00
  0.3560293049E-02  0.4171503214E+01 -0.9850652332E+00
  0.3596255605E-02  0.4171020394E+01 -0.9849152240E+00
  0.3632581419E-02  0.4170532225E+01 -0.9847637172E+00
  0.3669274160E-02  0.4170038640E+01 -0.9846106980E+00
  0.3706337536E-02  0.4169539571E+01 -0.9844561515E+00
  0.3743775289E-02  0.4169034947E+01 -0.9843000628E+00
  0.3781591201E-02  0.4168524698E+01 -0.9841424165E+00
  0.3819789092E-02  0.4168008752E+01 -0.9839831975E+00
  0.3858372820E-02  0.4167487038E+01 -0.9838223903E+00
  0.3897346283E-02  0.4166959480E+01 -0.9836599792E+00
  0.3936713417E-02  0.4166425657E+01 -0.9834959484E+00
  0.3976478199E-02  0.4165885137E+01 -0.9833302822E+00
  0.4016644645E-02  0.4165338506E+01 -0.9831629643E+00
  0.4057216813E-02  0.4164785682E+01 -0.9829939787E+00
  0.4098198801E-02  0.4164226585E+01 -0.9828233090E+00
  0.4139594749E-02  0.4163661134E+01 -0.9826509386E+00
  0.4181408837E-02  0.4163089243E+01 -0.9824768509E+00
  0.4223645290E-02  0.4162510830E+01 -0.9823010290E+00
  0.4266308374E-02  0.4161925806E+01 -0.9821234559E+00
  0.4309402398E-02  0.4161334085E+01 -0.9819441145E+00
  0.4352931715E-02  0.4160735579E+01 -0.9817629875E+00
  0.4396900722E-02  0.4160130195E+01 -0.9815800574E+00
  0.4441313861E-02  0.4159517844E+01 -0.9813953066E+00
  0.4486175617E-02  0.4158898431E+01 -0.9812087172E+00
  0.4531490522E-02  0.4158273540E+01 -0.9810202712E+00
  0.4577263154E-02  0.4157642453E+01 -0.9808299506E+00
  0.4623498135E-02  0.4157004123E+01 -0.9806377368E+00
  0.4670200136E-02  0.4156358455E+01 -0.9804436115E+00
  0.4717373875E-02  0.4155705349E+01 -0.9802475559E+00
  0.4765024116E-02  0.4155044709E+01 -0.9800495513E+00
  0.4813155673E-02  0.4154376434E+01 -0.9798495786E+00
  0.4861773407E-02  0.4153700421E+01 -0.9796476187E+00
  0.4910882230E-02  0.4153016568E+01 -0.9794436521E+00
  0.4960487101E-02  0.4152324769E+01 -0.9792376594E+00
  0.5010593031E-02  0.4151624919E+01 -0.9790296209E+00
  0.5061205082E-02  0.4150916909E+01 -0.9788195165E+00
  0.5112328365E-02  0.4150200630E+01 -0.9786073263E+00
  0.5163968046E-02  0.4149475970E+01 -0.9783930300E+00
  0.5216129339E-02  0.4148742817E+01 -0.9781766071E+00
  0.5268817514E-02  0.4148001055E+01 -0.9779580369E+00
  0.5322037893E-02  0.4147250570E+01 -0.9777372987E+00
  0.5375795852E-02  0.4146491243E+01 -0.9775143714E+00
  0.5430096820E-02  0.4145722954E+01 -0.9772892338E+00
  0.5484946283E-02  0.4144945583E+01 -0.9770618644E+00
  0.5540349781E-02  0.4144159005E+01 -0.9768322417E+00
  0.5596312910E-02  0.4143362030E+01 -0.9766003439E+00
  0.5652841323E-02  0.4142555037E+01 -0.9763661491E+00
  0.5709940730E-02  0.4141738398E+01 -0.9761296349E+00
  0.5767616899E-02  0.4140911980E+01 -0.9758907792E+00
  0.5825875656E-02  0.4140075650E+01 -0.9756495591E+00
  0.5884722885E-02  0.4139229273E+01 -0.9754059521E+00
  0.5944164530E-02  0.4138372710E+01 -0.9751599349E+00
  0.6004206596E-02  0.4137505824E+01 -0.9749114845E+00
  0.6064855147E-02  0.4136628474E+01 -0.9746605774E+00
  0.6126116310E-02  0.4135740515E+01 -0.9744071899E+00
  0.6187996273E-02  0.4134842830E+01 -0.9741512982E+00
  0.6250501286E-02  0.4133934523E+01 -0.9738928782E+00
  0.6313637663E-02  0.4133015225E+01 -0.9736319056E+00
  0.6377411780E-02  0.4132084789E+01 -0.9733683558E+00
  0.6441830081E-02  0.4131143063E+01 -0.9731022043E+00
  0.6506899072E-02  0.4130190846E+01 -0.9728334259E+00
  0.6572625325E-02  0.4129231662E+01 -0.9725619955E+00
  0.6639015480E-02  0.4128260955E+01 -0.9722878874E+00
  0.6706076242E-02  0.4127278577E+01 -0.9720110760E+00
  0.6773814386E-02  0.4126284377E+01 -0.9717315355E+00
  0.6842236754E-02  0.4125278203E+01 -0.9714492398E+00
  0.6911350256E-02  0.4124259903E+01 -0.9711641625E+00
  0.6981161875E-02  0.4123229321E+01 -0.9708762772E+00
  0.7051678662E-02  0.4122186302E+01 -0.9705855571E+00
  0.7122907739E-02  0.4121141060E+01 -0.9702919748E+00
  0.7194856302E-02  0.4120086174E+01 -0.9699955026E+00
  0.7267531618E-02  0.4119018866E+01 -0.9696961128E+00
  0.7340941029E-02  0.4117933816E+01 -0.9693937779E+00
  0.7415091948E-02  0.4116836827E+01 -0.9690884700E+00
  0.7489991867E-02  0.4115723281E+01 -0.9687801610E+00
  0.7565648350E-02  0.4114585209E+01 -0.9684688229E+00
  0.7642069041E-02  0.4113433304E+01 -0.9681544274E+00
  0.7719261657E-02  0.4112267402E+01 -0.9678369457E+00
  0.7797233997E-02  0.4111087337E+01 -0.9675163486E+00
  0.7875993937E-02  0.4109892943E+01 -0.9671926067E+00
  0.7955549431E-02  0.4108684057E+01 -0.9668656902E+00
  0.8035908516E-02  0.4107460511E+01 -0.9665355693E+00
  0.8117079309E-02  0.4106222141E+01 -0.9662022137E+00
  0.8199070009E-02  0.4104968783E+01 -0.9658655931E+00
  0.8281888898E-02  0.4103700271E+01 -0.9655256766E+00
  0.8365544342E-02  0.4102416443E+01 -0.9651824335E+00
  0.8450044790E-02  0.4101134697E+01 -0.9648358316E+00
  0.8535398777E-02  0.4099846944E+01 -0.9644858384E+00
  0.8621614927E-02  0.4098544306E+01 -0.9641324215E+00
  0.8708701946E-02  0.4097226644E+01 -0.9637755489E+00
  0.8796668632E-02  0.4095892880E+01 -0.9634151881E+00
  0.8885523871E-02  0.4094542908E+01 -0.9630513065E+00
  0.8975276638E-02  0.4093177449E+01 -0.9626838712E+00
  0.9065935997E-02  0.4091796372E+01 -0.9623128490E+00
  0.9157511109E-02  0.4090399549E+01 -0.9619382062E+00
  0.9250011221E-02  0.4088995044E+01 -0.9615599088E+00
  0.9343445678E-02  0.4087578350E+01 -0.9611779219E+00
  0.9437823917E-02  0.4086145810E+01 -0.9607922111E+00
  0.9533155471E-02  0.4084697309E+01 -0.9604027415E+00
  0.9629449971E-02  0.4083232733E+01 -0.9600094781E+00
  0.9726717143E-02  0.4081751976E+01 -0.9596123856E+00
  0.9824966811E-02  0.4080254931E+01 -0.9592114284E+00
  0.9924208900E-02  0.4078739422E+01 -0.9588065706E+00
  0.1002445343E-01  0.4077199729E+01 -0.9583977764E+00
  0.1012571054E-01  0.4075643138E+01 -0.9579850098E+00
  0.1022799044E-01  0.4074069557E+01 -0.9575682339E+00
  0.1033130348E-01  0.4072478904E+01 -0.9571474116E+00
  0.1043566008E-01  0.4070871099E+01 -0.9567225054E+00
  0.1054107079E-01  0.4069246072E+01 -0.9562934776E+00
  0.1064754625E-01  0.4067603759E+01 -0.9558602902E+00
  0.1075509722E-01  0.4065944105E+01 -0.9554229047E+00
  0.1086373457E-01  0.4064267062E+01 -0.9549812824E+00
  0.1097346926E-01  0.4062572591E+01 -0.9545353843E+00
  0.1108431238E-01  0.4060858619E+01 -0.9540851711E+00
  0.1119627514E-01  0.4059091879E+01 -0.9536306051E+00
  0.1130936882E-01  0.4057306454E+01 -0.9531716484E+00
  0.1142360487E-01  0.4055502320E+01 -0.9527082608E+00
  0.1153899482E-01  0.4053684947E+01 -0.9522404014E+00
  0.1165555032E-01  0.4051864205E+01 -0.9517680282E+00
  0.1177328316E-01  0.4050025342E+01 -0.9512910990E+00
  0.1189220521E-01  0.4048168392E+01 -0.9508095721E+00
  0.1201232849E-01  0.4046293399E+01 -0.9503234054E+00
  0.1213366514E-01  0.4044400423E+01 -0.9498325566E+00
  0.1225622742E-01  0.4042489537E+01 -0.9493369828E+00
  0.1238002770E-01  0.4040560831E+01 -0.9488366408E+00
  0.1250507848E-01  0.4038616753E+01 -0.9483314871E+00
  0.1263139240E-01  0.4036660933E+01 -0.9478214771E+00
  0.1275898223E-01  0.4034687827E+01 -0.9473065661E+00
  0.1288786083E-01  0.4032697586E+01 -0.9467867094E+00
  0.1301804125E-01  0.4030690381E+01 -0.9462618618E+00
  0.1314953661E-01  0.4028666403E+01 -0.9457319778E+00
  0.1328236022E-01  0.4026625860E+01 -0.9451970113E+00
  0.1341652547E-01  0.4024568979E+01 -0.9446569160E+00
  0.1355204593E-01  0.4022492810E+01 -0.9441116453E+00
  0.1368893528E-01  0.4020371891E+01 -0.9435611540E+00
  0.1382720736E-01  0.4018234012E+01 -0.9430053966E+00
  0.1396687612E-01  0.4016079440E+01 -0.9424443253E+00
  0.1410795567E-01  0.4013901525E+01 -0.9418778923E+00
  0.1425046028E-01  0.4011701265E+01 -0.9413060496E+00
  0.1439440432E-01  0.4009458747E+01 -0.9407287505E+00
  0.1453980234E-01  0.4007157857E+01 -0.9401459504E+00
  0.1468666903E-01  0.4004839370E+01 -0.9395576026E+00
  0.1483501923E-01  0.4002503643E+01 -0.9389636572E+00
  0.1498486790E-01  0.4000151061E+01 -0.9383640636E+00
  0.1513623021E-01  0.3997784675E+01 -0.9377587706E+00
  0.1528912142E-01  0.3995421251E+01 -0.9371477251E+00
  0.1544355699E-01  0.3993019790E+01 -0.9365308754E+00
  0.1559955252E-01  0.3990577791E+01 -0.9359081726E+00
  0.1575712375E-01  0.3988120848E+01 -0.9352795659E+00
  0.1591628662E-01  0.3985649511E+01 -0.9346450019E+00
  0.1607705719E-01  0.3983164359E+01 -0.9340044265E+00
  0.1623945171E-01  0.3980665998E+01 -0.9333577853E+00
  0.1640348657E-01  0.3978140433E+01 -0.9327050244E+00
  0.1656917836E-01  0.3975571219E+01 -0.9320460921E+00
  0.1673654380E-01  0.3972989563E+01 -0.9313809349E+00
  0.1690559979E-01  0.3970389069E+01 -0.9307094970E+00
  0.1707636343E-01  0.3967764374E+01 -0.9300317230E+00
  0.1724885195E-01  0.3965129834E+01 -0.9293475564E+00
  0.1742308278E-01  0.3962486286E+01 -0.9286569389E+00
  0.1759907351E-01  0.3959834538E+01 -0.9279598114E+00
  0.1777684193E-01  0.3957157503E+01 -0.9272561158E+00
  0.1795640599E-01  0.3954435480E+01 -0.9265457969E+00
  0.1813778383E-01  0.3951706910E+01 -0.9258287974E+00
  0.1832099377E-01  0.3948972764E+01 -0.9251050559E+00
  0.1850605431E-01  0.3946234034E+01 -0.9243745102E+00
  0.1869298415E-01  0.3943491733E+01 -0.9236370976E+00
  0.1888180217E-01  0.3940746894E+01 -0.9228927545E+00
  0.1907252745E-01  0.3938000567E+01 -0.9221414163E+00
  0.1926517924E-01  0.3935253818E+01 -0.9213830181E+00
  0.1945977701E-01  0.3932456751E+01 -0.9206174986E+00
  0.1965634041E-01  0.3929659434E+01 -0.9198447964E+00
  0.1985488931E-01  0.3926809772E+01 -0.9190648498E+00
  0.2005544374E-01  0.3923942522E+01 -0.9182775982E+00
  0.2025802398E-01  0.3921061028E+01 -0.9174829768E+00
  0.2046265049E-01  0.3918234715E+01 -0.9166809130E+00
  0.2066934393E-01  0.3915417007E+01 -0.9158713308E+00
  0.2087812518E-01  0.3912602292E+01 -0.9150541590E+00
  0.2108901533E-01  0.3909759262E+01 -0.9142293294E+00
  0.2130203569E-01  0.3906903744E+01 -0.9133967753E+00
  0.2151720777E-01  0.3904036608E+01 -0.9125564271E+00
  0.2173455330E-01  0.3901182092E+01 -0.9117082124E+00
  0.2195409424E-01  0.3898318520E+01 -0.9108520576E+00
  0.2217585277E-01  0.3895452351E+01 -0.9099878900E+00
  0.2239985128E-01  0.3892544773E+01 -0.9091156401E+00
  0.2262611241E-01  0.3889651632E+01 -0.9082352359E+00
  0.2285465900E-01  0.3886773605E+01 -0.9073465981E+00
  0.2308551414E-01  0.3883911285E+01 -0.9064496468E+00
  0.2331870115E-01  0.3881065173E+01 -0.9055443010E+00
  0.2355424359E-01  0.3878279258E+01 -0.9046304736E+00
  0.2379216524E-01  0.3875495399E+01 -0.9037080781E+00
  0.2403249014E-01  0.3872708349E+01 -0.9027770350E+00
  0.2427524257E-01  0.3869963926E+01 -0.9018372587E+00
  0.2452044704E-01  0.3867357367E+01 -0.9008886459E+00
  0.2476812832E-01  0.3864782255E+01 -0.8999310927E+00
  0.2501831143E-01  0.3862297622E+01 -0.8989645003E+00
  0.2527102165E-01  0.3859872878E+01 -0.8979887646E+00
  0.2552628449E-01  0.3857470174E+01 -0.8970037891E+00
  0.2578412575E-01  0.3855066719E+01 -0.8960094840E+00
  0.2604457147E-01  0.3852619780E+01 -0.8950057670E+00
  0.2630764795E-01  0.3850015622E+01 -0.8939925759E+00
  0.2657338176E-01  0.3847402458E+01 -0.8929698438E+00
  0.2684179976E-01  0.3844706542E+01 -0.8919374935E+00
  0.2711292905E-01  0.3842095668E+01 -0.8908954349E+00
  0.2738679702E-01  0.3839541825E+01 -0.8898435577E+00
  0.2766343134E-01  0.3836894758E+01 -0.8887817748E+00
  0.2794285993E-01  0.3834191910E+01 -0.8877100143E+00
  0.2822511105E-01  0.3831473326E+01 -0.8866281931E+00
  0.2851021318E-01  0.3828857640E+01 -0.8855362047E+00
  0.2879819513E-01  0.3826213487E+01 -0.8844339435E+00
  0.2908908599E-01  0.3823534102E+01 -0.8833213227E+00
  0.2938291514E-01  0.3820852164E+01 -0.8821982510E+00
  0.2967971226E-01  0.3818165900E+01 -0.8810646317E+00
  0.2997950734E-01  0.3815473486E+01 -0.8799203679E+00
  0.3028233064E-01  0.3812777514E+01 -0.8787653618E+00
  0.3058821277E-01  0.3810135374E+01 -0.8775995054E+00
  0.3089718462E-01  0.3807482358E+01 -0.8764226907E+00
  0.3120927739E-01  0.3804757761E+01 -0.8752348282E+00
  0.3152452262E-01  0.3802034225E+01 -0.8740358257E+00
  0.3184295214E-01  0.3799378068E+01 -0.8728255687E+00
  0.3216459812E-01  0.3796698874E+01 -0.8716039449E+00
  0.3248949305E-01  0.3793994366E+01 -0.8703708560E+00
  0.3281766975E-01  0.3791138451E+01 -0.8691262241E+00
  0.3314916136E-01  0.3788201591E+01 -0.8678699802E+00
  0.3348400137E-01  0.3785236366E+01 -0.8666020352E+00
  0.3382222361E-01  0.3782241389E+01 -0.8653222906E+00
  0.3416386223E-01  0.3779349069E+01 -0.8640306249E+00
  0.3450895175E-01  0.3776349590E+01 -0.8627269287E+00
  0.3485752702E-01  0.3773249888E+01 -0.8614111269E+00
  0.3520962325E-01  0.3770109875E+01 -0.8600831326E+00
  0.3556527601E-01  0.3766929411E+01 -0.8587428482E+00
  0.3592452122E-01  0.3763770802E+01 -0.8573901642E+00
  0.3628739518E-01  0.3760737164E+01 -0.8560249402E+00
  0.3665393452E-01  0.3757737176E+01 -0.8546470319E+00
  0.3702417628E-01  0.3754704745E+01 -0.8532563220E+00
  0.3739815786E-01  0.3751641837E+01 -0.8518527043E+00
  0.3777591703E-01  0.3748502726E+01 -0.8504360801E+00
  0.3815749195E-01  0.3745476378E+01 -0.8490063229E+00
  0.3854292116E-01  0.3742617930E+01 -0.8475632578E+00
  0.3893224360E-01  0.3739880189E+01 -0.8461067056E+00
  0.3932549859E-01  0.3737236923E+01 -0.8446364988E+00
  0.3972272585E-01  0.3734637823E+01 -0.8431524826E+00
  0.4012396550E-01  0.3731942942E+01 -0.8416545385E+00
  0.4052925808E-01  0.3729068897E+01 -0.8401425921E+00
  0.4093864453E-01  0.3726187505E+01 -0.8386165516E+00
  0.4135216619E-01  0.3723218969E+01 -0.8370763062E+00
  0.4176986484E-01  0.3720067425E+01 -0.8355217808E+00
  0.4219178266E-01  0.3716946189E+01 -0.8339528765E+00
  0.4261796229E-01  0.3714054739E+01 -0.8323694059E+00
  0.4304844675E-01  0.3711221265E+01 -0.8307711729E+00
  0.4348327955E-01  0.3708454136E+01 -0.8291580138E+00
  0.4392250460E-01  0.3705761764E+01 -0.8275297592E+00
  0.4436616626E-01  0.3703228138E+01 -0.8258862168E+00
  0.4481430935E-01  0.3700761175E+01 -0.8242271935E+00
  0.4526697914E-01  0.3698273758E+01 -0.8225525337E+00
  0.4572422136E-01  0.3695883059E+01 -0.8208620733E+00
  0.4618608218E-01  0.3693595382E+01 -0.8191556181E+00
  0.4665260826E-01  0.3691416510E+01 -0.8174329677E+00
  0.4712384673E-01  0.3689351619E+01 -0.8156939168E+00
  0.4759984518E-01  0.3687405197E+01 -0.8139382544E+00
  0.4808065170E-01  0.3685364612E+01 -0.8121658165E+00
  0.4856631485E-01  0.3683412926E+01 -0.8103764446E+00
  0.4905688368E-01  0.3681340908E+01 -0.8085699853E+00
  0.4955240776E-01  0.3679061706E+01 -0.8067463569E+00
  0.5005293713E-01  0.3676819891E+01 -0.8049054395E+00
  0.5055852235E-01  0.3674776213E+01 -0.8030470103E+00
  0.5106921450E-01  0.3672872815E+01 -0.8011708170E+00
  0.5158506515E-01  0.3671084072E+01 -0.7992766246E+00
  0.5210612641E-01  0.3669406687E+01 -0.7973642019E+00
  0.5263245092E-01  0.3667941415E+01 -0.7954332888E+00
  0.5316409184E-01  0.3666956168E+01 -0.7934835229E+00
  0.5370110287E-01  0.3666174068E+01 -0.7915145370E+00
  0.5424353825E-01  0.3664877376E+01 -0.7895262262E+00
  0.5479145278E-01  0.3663436452E+01 -0.7875185814E+00
  0.5534490180E-01  0.3661818822E+01 -0.7854915037E+00
  0.5590394121E-01  0.3660252486E+01 -0.7834448405E+00
  0.5646862749E-01  0.3658753030E+01 -0.7813783695E+00
  0.5703901766E-01  0.3657590358E+01 -0.7792917843E+00
  0.5761516936E-01  0.3656720003E+01 -0.7771847082E+00
  0.5819714076E-01  0.3655955731E+01 -0.7750568241E+00
  0.5878499067E-01  0.3655235120E+01 -0.7729078826E+00
  0.5937877846E-01  0.3654559663E+01 -0.7707376492E+00
  0.5997856410E-01  0.3653536231E+01 -0.7685460037E+00
  0.6058440818E-01  0.3652546173E+01 -0.7663328303E+00
  0.6119637190E-01  0.3651128460E+01 -0.7640980384E+00
  0.6181451707E-01  0.3649743555E+01 -0.7618415390E+00
  0.6243890613E-01  0.3648060950E+01 -0.7595632043E+00
  0.6306960215E-01  0.3646318840E+01 -0.7572629362E+00
  0.6370666884E-01  0.3644452582E+01 -0.7549405824E+00
  0.6435017054E-01  0.3642719403E+01 -0.7525959286E+00
  0.6500017227E-01  0.3640834487E+01 -0.7502287673E+00
  0.6565673966E-01  0.3639051156E+01 -0.7478388995E+00
  0.6631993905E-01  0.3637539269E+01 -0.7454259843E+00
  0.6698983743E-01  0.3636801643E+01 -0.7429894498E+00
  0.6766650245E-01  0.3636151542E+01 -0.7405287733E+00
  0.6835000248E-01  0.3635730645E+01 -0.7380436074E+00
  0.6904040654E-01  0.3635675960E+01 -0.7355335031E+00
  0.6973778439E-01  0.3636232975E+01 -0.7329978690E+00
  0.7044220645E-01  0.3637475490E+01 -0.7304359886E+00
  0.7115374389E-01  0.3639047457E+01 -0.7278472294E+00
  0.7187246858E-01  0.3641293862E+01 -0.7252309489E+00
  0.7259845311E-01  0.3644454472E+01 -0.7225862786E+00
  0.7333177082E-01  0.3648387435E+01 -0.7199122935E+00
  0.7407249577E-01  0.3653014860E+01 -0.7172081281E+00
  0.7482070280E-01  0.3658371512E+01 -0.7144729127E+00
  0.7557646748E-01  0.3664287705E+01 -0.7117058091E+00
  0.7633986614E-01  0.3670566439E+01 -0.7089061002E+00
  0.7711097590E-01  0.3677162666E+01 -0.7060731474E+00
  0.7788987464E-01  0.3684024831E+01 -0.7032063376E+00
  0.7867664105E-01  0.3690466571E+01 -0.7003053365E+00
  0.7947135460E-01  0.3697029592E+01 -0.6973698649E+00
  0.8027409556E-01  0.3703670563E+01 -0.6943994423E+00
  0.8108494501E-01  0.3710323427E+01 -0.6913936258E+00
  0.8190398485E-01  0.3716921686E+01 -0.6883520210E+00
  0.8273129783E-01  0.3723400155E+01 -0.6852742836E+00
  0.8356696751E-01  0.3729658517E+01 -0.6821601360E+00
  0.8441107829E-01  0.3735106334E+01 -0.6790095918E+00
  0.8526371544E-01  0.3740922666E+01 -0.6758224217E+00
  0.8612496510E-01  0.3746840824E+01 -0.6725980049E+00
  0.8699491424E-01  0.3752685203E+01 -0.6693359017E+00
  0.8787365075E-01  0.3758192054E+01 -0.6660358607E+00
  0.8876126338E-01  0.3763350621E+01 -0.6626977526E+00
  0.8965784180E-01  0.3767605641E+01 -0.6593217061E+00
  0.9056347656E-01  0.3770703047E+01 -0.6559082289E+00
  0.9147825915E-01  0.3773299744E+01 -0.6524576677E+00
  0.9240228197E-01  0.3775539299E+01 -0.6489700179E+00
  0.9333563836E-01  0.3777463108E+01 -0.6454451964E+00
  0.9427842258E-01  0.3779716934E+01 -0.6418828014E+00
  0.9523072988E-01  0.3781860681E+01 -0.6382823286E+00
  0.9619265645E-01  0.3782422683E+01 -0.6346441860E+00
  0.9716429944E-01  0.3783057998E+01 -0.6309687129E+00
  0.9814575701E-01  0.3784477317E+01 -0.6272551055E+00
  0.9913712829E-01  0.3785224484E+01 -0.6235029130E+00
  0.1001385134E+00  0.3785787132E+01 -0.6197121637E+00
  0.1011500136E+00  0.3786761827E+01 -0.6158823466E+00
  0.1021717309E+00  0.3786263368E+01 -0.6120136011E+00
  0.1032037686E+00  0.3785436437E+01 -0.6081064614E+00
  0.1042462309E+00  0.3784435450E+01 -0.6041608083E+00
  0.1052992231E+00  0.3781904704E+01 -0.6001771596E+00
  0.1063628516E+00  0.3778559496E+01 -0.5961563969E+00
  0.1074372239E+00  0.3774469591E+01 -0.5920990146E+00
  0.1085224483E+00  0.3769897533E+01 -0.5880053486E+00
  0.1096186347E+00  0.3764762882E+01 -0.5838756527E+00
  0.1107258936E+00  0.3759292272E+01 -0.5797101140E+00
  0.1118443370E+00  0.3754174288E+01 -0.5755084206E+00
  0.1129740778E+00  0.3748214742E+01 -0.5712705432E+00
  0.1141152301E+00  0.3742021856E+01 -0.5669967928E+00
  0.1152679092E+00  0.3736128465E+01 -0.5626868391E+00
  0.1164322315E+00  0.3729700099E+01 -0.5583405237E+00
  0.1176083146E+00  0.3722906805E+01 -0.5539580810E+00
  0.1187962774E+00  0.3715896757E+01 -0.5495395701E+00
  0.1199962398E+00  0.3708142549E+01 -0.5450852861E+00
  0.1212083230E+00  0.3700236067E+01 -0.5405955004E+00
  0.1224326495E+00  0.3692364131E+01 -0.5360700222E+00
  0.1236693429E+00  0.3684606800E+01 -0.5315084965E+00
  0.1249185282E+00  0.3677145083E+01 -0.5269104004E+00
  0.1261803315E+00  0.3670585481E+01 -0.5222747050E+00
  0.1274548803E+00  0.3665574031E+01 -0.5175995584E+00
  0.1287423034E+00  0.3661485520E+01 -0.5128830458E+00
  0.1300427307E+00  0.3657628927E+01 -0.5081240576E+00
  0.1313562936E+00  0.3654060655E+01 -0.5033218754E+00
  0.1326831249E+00  0.3650529550E+01 -0.4984758961E+00
  0.1340233585E+00  0.3646244821E+01 -0.4935862051E+00
  0.1353771298E+00  0.3641084560E+01 -0.4886535164E+00
  0.1367445755E+00  0.3635252581E+01 -0.4836785182E+00
  0.1381258338E+00  0.3627273463E+01 -0.4786628059E+00
  0.1395210443E+00  0.3616916554E+01 -0.4736092211E+00
  0.1409303478E+00  0.3601489355E+01 -0.4685227589E+00
  0.1423538866E+00  0.3584739586E+01 -0.4634078208E+00
  0.1437918047E+00  0.3567003205E+01 -0.4582660107E+00
  0.1452442472E+00  0.3547458126E+01 -0.4530993378E+00
  0.1467113608E+00  0.3527704562E+01 -0.4479093041E+00
  0.1481932937E+00  0.3506941077E+01 -0.4426968676E+00
  0.1496901957E+00  0.3485250561E+01 -0.4374635549E+00
  0.1512022178E+00  0.3462802009E+01 -0.4322107501E+00
  0.1527295130E+00  0.3440287031E+01 -0.4269392230E+00
  0.1542722353E+00  0.3418083861E+01 -0.4216489419E+00
  0.1558305407E+00  0.3395737259E+01 -0.4163399348E+00
  0.1574045866E+00  0.3373105980E+01 -0.4110126999E+00
  0.1589945319E+00  0.3350441935E+01 -0.4056676632E+00
  0.1606005373E+00  0.3327504840E+01 -0.4003052540E+00
  0.1622227649E+00  0.3304548200E+01 -0.3949259041E+00
  0.1638613787E+00  0.3280229521E+01 -0.3895309503E+00
  0.1655165442E+00  0.3251600244E+01 -0.3841253208E+00
  0.1671884284E+00  0.3221431755E+01 -0.3787142406E+00
  0.1688772004E+00  0.3189062028E+01 -0.3733013094E+00
  0.1705830308E+00  0.3156760321E+01 -0.3678888613E+00
  0.1723060917E+00  0.3124220307E+01 -0.3624776052E+00
  0.1740465572E+00  0.3092961758E+01 -0.3570672095E+00
  0.1758046033E+00  0.3063228442E+01 -0.3516557767E+00
  0.1775804074E+00  0.3035421728E+01 -0.3462407728E+00
  0.1793741488E+00  0.3008677085E+01 -0.3408199973E+00
  0.1811860089E+00  0.2980401041E+01 -0.3353943115E+00
  0.1830161706E+00  0.2948752801E+01 -0.3299686564E+00
  0.1848648188E+00  0.2916587345E+01 -0.3245471812E+00
  0.1867321402E+00  0.2883616501E+01 -0.3191317588E+00
  0.1886183235E+00  0.2846528339E+01 -0.3137277072E+00
  0.1905235591E+00  0.2808834277E+01 -0.3083403081E+00
  0.1924480394E+00  0.2771994307E+01 -0.3029702105E+00
  0.1943919590E+00  0.2731349525E+01 -0.2976211816E+00
  0.1963555142E+00  0.2688968182E+01 -0.2922996352E+00
  0.1983389032E+00  0.2647111600E+01 -0.2870078742E+00
  0.2003423265E+00  0.2606607465E+01 -0.2817451627E+00
  0.2023659863E+00  0.2567638357E+01 -0.2765097059E+00
  0.2044100872E+00  0.2531024562E+01 -0.2712986152E+00
  0.2064748356E+00  0.2494588502E+01 -0.2661103021E+00
  0.2085604400E+00  0.2459882276E+01 -0.2609437691E+00
  0.2106671111E+00  0.2426798351E+01 -0.2557964546E+00
  0.2127950617E+00  0.2392775484E+01 -0.2506685470E+00
  0.2149445068E+00  0.2359297391E+01 -0.2455613872E+00
  0.2171156634E+00  0.2322430089E+01 -0.2404790054E+00
  0.2193087509E+00  0.2283260914E+01 -0.2354286637E+00
  0.2215239908E+00  0.2244200878E+01 -0.2304139567E+00
  0.2237616069E+00  0.2202405435E+01 -0.2254390578E+00
  0.2260218251E+00  0.2161731522E+01 -0.2205071068E+00
  0.2283048739E+00  0.2116997097E+01 -0.2156228338E+00
  0.2306109837E+00  0.2068090052E+01 -0.2107971985E+00
  0.2329403876E+00  0.2019840038E+01 -0.2060359784E+00
  0.2352933208E+00  0.1976019446E+01 -0.2013349832E+00
  0.2376700210E+00  0.1936758289E+01 -0.1966852333E+00
  0.2400707283E+00  0.1897007483E+01 -0.1920833586E+00
  0.2424956851E+00  0.1860762718E+01 -0.1875271433E+00
  0.2449451365E+00  0.1828738221E+01 -0.1830085168E+00
  0.2474193298E+00  0.1801242939E+01 -0.1785178792E+00
  0.2499185149E+00  0.1772130176E+01 -0.1740526187E+00
  0.2524429444E+00  0.1739130276E+01 -0.1696206541E+00
  0.2549928731E+00  0.1705271718E+01 -0.1652291643E+00
  0.2575685587E+00  0.1673308457E+01 -0.1608780842E+00
  0.2601702613E+00  0.1641196450E+01 -0.1565664061E+00
  0.2627982438E+00  0.1610368187E+01 -0.1522938787E+00
  0.2654527715E+00  0.1578650609E+01 -0.1480612094E+00
  0.2681341126E+00  0.1544709344E+01 -0.1438738126E+00
  0.2708425380E+00  0.1513080386E+01 -0.1397329150E+00
  0.2735783212E+00  0.1485104992E+01 -0.1356317223E+00
  0.2763417386E+00  0.1458095680E+01 -0.1315650764E+00
  0.2791330693E+00  0.1431014824E+01 -0.1275328450E+00
  0.2819525952E+00  0.1405299145E+01 -0.1235343146E+00
  0.2848006012E+00  0.1375917132E+01 -0.1195738542E+00
  0.2876773750E+00  0.1345744837E+01 -0.1156590514E+00
  0.2905832071E+00  0.1310452256E+01 -0.1117998200E+00
  0.2935183910E+00  0.1273782685E+01 -0.1080072176E+00
  0.2964832232E+00  0.1236691440E+01 -0.1042856503E+00
  0.2994780032E+00  0.1201626778E+01 -0.1006345369E+00
  0.3025030336E+00  0.1170426165E+01 -0.9704677089E-01
  0.3055586198E+00  0.1148966584E+01 -0.9350321865E-01
  0.3086450705E+00  0.1124959314E+01 -0.8999403856E-01
  0.3117626974E+00  0.1096523130E+01 -0.8653116176E-01
  0.3149118156E+00  0.1067397649E+01 -0.8312394066E-01
  0.3180927430E+00  0.1035719496E+01 -0.7977900915E-01
  0.3213058010E+00  0.1004330054E+01 -0.7650161037E-01
  0.3245513142E+00  0.9749489223E+00 -0.7328972241E-01
  0.3278296103E+00  0.9526199763E+00 -0.7013015161E-01
  0.3311410205E+00  0.9357475445E+00 -0.6700357187E-01
  0.3344858793E+00  0.9210484384E+00 -0.6389821168E-01
  0.3378645245E+00  0.9082653740E+00 -0.6080791047E-01
  0.3412772975E+00  0.9001230017E+00 -0.5772210099E-01
  0.3447245429E+00  0.8932248523E+00 -0.5463104589E-01
  0.3482066090E+00  0.8855214086E+00 -0.5153418987E-01
  0.3517238475E+00  0.8782071776E+00 -0.4843246285E-01
  0.3552766136E+00  0.8678724348E+00 -0.4533075659E-01
  0.3588652663E+00  0.8578982508E+00 -0.4223416081E-01
  0.3624901680E+00  0.8497583416E+00 -0.3913911718E-01
  0.3661516848E+00  0.8408772524E+00 -0.3604397183E-01
  0.3698501867E+00  0.8383493584E+00 -0.3293866045E-01
  0.3735860472E+00  0.8407957206E+00 -0.2980213459E-01
  0.3773596436E+00  0.8470200161E+00 -0.2661756686E-01
  0.3811713572E+00  0.8542379149E+00 -0.2337521289E-01
  0.3850215729E+00  0.8636828437E+00 -0.2006803013E-01
  0.3889106797E+00  0.8768854157E+00 -0.1668340220E-01
  0.3928390704E+00  0.8918073906E+00 -0.1320934401E-01
  0.3968071418E+00  0.8997654980E+00 -0.9654799425E-02
  0.4008152948E+00  0.9022156364E+00 -0.6043491428E-02
  0.4048639341E+00  0.9030661928E+00 -0.2389023910E-02
  0.4089534688E+00  0.9047304589E+00  0.1307499648E-02
  0.4130843119E+00  0.9091772120E+00  0.5053983658E-02
  0.4172568807E+00  0.9085934529E+00  0.8846370246E-02
  0.4214715967E+00  0.9003091262E+00  0.1265837554E-01
  0.4257288855E+00  0.8814379210E+00  0.1645108146E-01
  0.4300291773E+00  0.8554785699E+00  0.2018570531E-01
  0.4343729064E+00  0.8280261777E+00  0.2384204956E-01
  0.4387605115E+00  0.7974250036E+00  0.2740796852E-01
  0.4431924359E+00  0.7696318030E+00  0.3088050713E-01
  0.4476691271E+00  0.7401227595E+00  0.3425985967E-01
  0.4521910375E+00  0.7073773407E+00  0.3753259253E-01
  0.4567586237E+00  0.6700917615E+00  0.4067844699E-01
  0.4613723472E+00  0.6338095393E+00  0.4368636701E-01
  0.4660326740E+00  0.5981982734E+00  0.4655714648E-01
  0.4707400747E+00  0.5645821105E+00  0.4929398311E-01
  0.4754950250E+00  0.5422284562E+00  0.5192539770E-01
  0.4802980050E+00  0.5191542237E+00  0.5447429762E-01
  0.4851495000E+00  0.4954372241E+00  0.5693544028E-01
  0.4900500000E+00  0.4668972398E+00  0.5929340030E-01
  0.4950000000E+00  0.4434424704E+00  0.6154649109E-01
  0.5000000000E+00  0.4195387810E+00  0.6372890205E-01
  0.5050000000E+00  0.3990618357E+00  0.6577540359E-01
  0.5099500000E+00  0.3827421545E+00  0.6771036847E-01
  0.5148505000E+00  0.3735561982E+00  0.6956348851E-01
  0.5197019950E+00  0.3711471123E+00  0.7136995070E-01
  0.5245049750E+00  0.3710102442E+00  0.7315223419E-01
  0.5292599253E+00  0.3695433154E+00  0.7491288186E-01
  0.5339673260E+00  0.3572459993E+00  0.7662352614E-01
  0.5386276528E+00  0.3540666505E+00  0.7828100082E-01
  0.5432413763E+00  0.3672809825E+00  0.7994505007E-01
  0.5478089625E+00  0.3870044866E+00  0.8166768204E-01
  0.5523308729E+00  0.4057455607E+00  0.8346005437E-01
  0.5568075641E+00  0.4139975195E+00  0.8529492271E-01
  0.5612394885E+00  0.4170743692E+00  0.8713654659E-01
  0.5656270936E+00  0.4122033764E+00  0.8895581823E-01
  0.5699708227E+00  0.4037544301E+00  0.9072796805E-01
  0.5742711145E+00  0.3913964279E+00  0.9243765839E-01
  0.5785284033E+00  0.3721871247E+00  0.9406305627E-01
  0.5827431193E+00  0.3585696488E+00  0.9560302239E-01
  0.5869156881E+00  0.3462051600E+00  0.9707338308E-01
  0.5910465312E+00  0.3393356485E+00  0.9848931385E-01
  0.5951360659E+00  0.3417088131E+00  0.9988189132E-01
  0.5991847052E+00  0.3552689652E+00  0.1012927971E+00
  0.6031928582E+00  0.3750652625E+00  0.1027564428E+00
  0.6071609296E+00  0.4003811810E+00  0.1042949562E+00
  0.6110893203E+00  0.4299221558E+00  0.1059258342E+00
  0.6149784271E+00  0.4620400579E+00  0.1076603023E+00
  0.6188286428E+00  0.4970179946E+00  0.1095065925E+00
  0.6226403564E+00  0.5306848882E+00  0.1114652470E+00
  0.6264139528E+00  0.5621887016E+00  0.1135272790E+00
  0.6301498133E+00  0.5966317748E+00  0.1156918748E+00
  0.6338483152E+00  0.6375771322E+00  0.1179742368E+00
  0.6375098320E+00  0.6815344255E+00  0.1203892114E+00
  0.6411347337E+00  0.7290746545E+00  0.1229458710E+00
  0.6447233864E+00  0.7767296922E+00  0.1256477754E+00
  0.6482761525E+00  0.8154776457E+00  0.1284761455E+00
  0.6517933910E+00  0.8539031828E+00  0.1314119508E+00
  0.6552754571E+00  0.8976773195E+00  0.1344615103E+00
  0.6587227025E+00  0.9412877941E+00  0.1376311923E+00
  0.6621354755E+00  0.9824259184E+00  0.1409137914E+00
  0.6655141207E+00  0.1021210616E+01  0.1442985799E+00
  0.6688589795E+00  0.1056074767E+01  0.1477726931E+00
  0.6721703897E+00  0.1088872377E+01  0.1513240930E+00
  0.6754486858E+00  0.1117863750E+01  0.1549412602E+00
  0.6786941990E+00  0.1146400274E+01  0.1586156096E+00
  0.6819072570E+00  0.1173386250E+01  0.1623424139E+00
  0.6850881844E+00  0.1200129209E+01  0.1661174041E+00
  0.6882373026E+00  0.1227465249E+01  0.1699397950E+00
  0.6913549295E+00  0.1254372618E+01  0.1738085174E+00
  0.6944413802E+00  0.1282139356E+01  0.1777229269E+00
  0.6974969664E+00  0.1319841600E+01  0.1816982155E+00
  0.7005219968E+00  0.1360933511E+01  0.1857529285E+00
  0.7035167768E+00  0.1408893813E+01  0.1899004403E+00
  0.7064816090E+00  0.1452271773E+01  0.1941418783E+00
  0.7094167929E+00  0.1495124513E+01  0.1984674533E+00
  0.7123226250E+00  0.1534747899E+01  0.2028696035E+00
  0.7151993988E+00  0.1574761162E+01  0.2073422806E+00
  0.7180474048E+00  0.1614192735E+01  0.2118833605E+00
  0.7208669307E+00  0.1652273256E+01  0.2164883033E+00
  0.7236582614E+00  0.1692695318E+01  0.2211567600E+00
  0.7264216788E+00  0.1730077166E+01  0.2258860345E+00
  0.7291574620E+00  0.1766293566E+01  0.2306686907E+00
  0.7318658874E+00  0.1797077444E+01  0.2354942530E+00
  0.7345472285E+00  0.1819527802E+01  0.2403429292E+00
  0.7372017562E+00  0.1838214929E+01  0.2451977189E+00
  0.7398297387E+00  0.1856217341E+01  0.2500521704E+00
  0.7424314413E+00  0.1872995148E+01  0.2549033214E+00
  0.7450071269E+00  0.1893555700E+01  0.2597540467E+00
  0.7475570556E+00  0.1915786085E+01  0.2646108218E+00
  0.7500814851E+00  0.1933795856E+01  0.2694698208E+00
  0.7525806702E+00  0.1953130471E+01  0.2743268951E+00
  0.7550548635E+00  0.1978720200E+01  0.2791909743E+00
  0.7575043149E+00  0.2009490215E+01  0.2840754381E+00
  0.7599292717E+00  0.2042483481E+01  0.2889883687E+00
  0.7623299790E+00  0.2078813541E+01  0.2939353826E+00
  0.7647066792E+00  0.2122581910E+01  0.2989281114E+00
  0.7670596124E+00  0.2174481278E+01  0.3039834627E+00
  0.7693890163E+00  0.2224042502E+01  0.3091064319E+00
  0.7716951261E+00  0.2272493374E+01  0.3142911847E+00
  0.7739781749E+00  0.2322463440E+01  0.3195364399E+00
  0.7762383931E+00  0.2364461190E+01  0.3248331762E+00
  0.7784760092E+00  0.2399976589E+01  0.3301636674E+00
  0.7806912491E+00  0.2431112999E+01  0.3355146786E+00
  0.7828843366E+00  0.2452607097E+01  0.3408698914E+00
  0.7850554932E+00  0.2465490226E+01  0.3462088712E+00
  0.7872049383E+00  0.2473226803E+01  0.3515166217E+00
  0.7893328889E+00  0.2481265303E+01  0.3567880790E+00
  0.7914395600E+00  0.2483209256E+01  0.3620173365E+00
  0.7935251644E+00  0.2482411684E+01  0.3671954970E+00
  0.7955899128E+00  0.2480243081E+01  0.3723188136E+00
  0.7976340137E+00  0.2477327847E+01  0.3773857011E+00
  0.7996576735E+00  0.2473199046E+01  0.3823947924E+00
  0.8016610968E+00  0.2465575579E+01  0.3873420204E+00
  0.8036444858E+00  0.2460149533E+01  0.3922268350E+00
  0.8056080410E+00  0.2456961508E+01  0.3970543443E+00
  0.8075519606E+00  0.2455634923E+01  0.4018291906E+00
  0.8094764409E+00  0.2456998837E+01  0.4065563242E+00
  0.8113816765E+00  0.2465786299E+01  0.4112458570E+00
  0.8132678598E+00  0.2475901720E+01  0.4159063215E+00
  0.8151351812E+00  0.2486229661E+01  0.4205392686E+00
  0.8169838294E+00  0.2498899607E+01  0.4251471437E+00
  0.8188139911E+00  0.2509964523E+01  0.4297306593E+00
  0.8206258512E+00  0.2521962278E+01  0.4342892330E+00
  0.8224195926E+00  0.2536197934E+01  0.4388257489E+00
  0.8241953967E+00  0.2548739243E+01  0.4433406750E+00
  0.8259534428E+00  0.2561326767E+01  0.4478325406E+00
  0.8276939083E+00  0.2569475286E+01  0.4522975328E+00
  0.8294169692E+00  0.2578638866E+01  0.4567327899E+00
  0.8311227996E+00  0.2587403484E+01  0.4611389857E+00
  0.8328115716E+00  0.2595186938E+01  0.4655150925E+00
  0.8344834558E+00  0.2602806048E+01  0.4698603139E+00
  0.8361386213E+00  0.2612190784E+01  0.4741761552E+00
  0.8377772351E+00  0.2622737151E+01  0.4784651678E+00
  0.8393994627E+00  0.2633954759E+01  0.4827289432E+00
  0.8410054681E+00  0.2644870171E+01  0.4869678538E+00
  0.8425954134E+00  0.2655287365E+01  0.4911813342E+00
  0.8441694593E+00  0.2664434260E+01  0.4953680771E+00
  0.8457277647E+00  0.2673419693E+01  0.4995270804E+00
  0.8472704870E+00  0.2681493556E+01  0.5036576526E+00
  0.8487977822E+00  0.2689208796E+01  0.5077589764E+00
  0.8503098043E+00  0.2696070713E+01  0.5118303074E+00
  0.8518067063E+00  0.2700811503E+01  0.5158696092E+00
  0.8532886392E+00  0.2705220437E+01  0.5198752976E+00
  0.8547557528E+00  0.2709382557E+01  0.5238472164E+00
  0.8562081953E+00  0.2712929020E+01  0.5277850143E+00
  0.8576461134E+00  0.2716227236E+01  0.5316883551E+00
  0.8590696522E+00  0.2719727843E+01  0.5355575018E+00
  0.8604789557E+00  0.2722218295E+01  0.5393921786E+00
  0.8618741662E+00  0.2725267379E+01  0.5431923731E+00
  0.8632554245E+00  0.2729690737E+01  0.5469597262E+00
  0.8646228702E+00  0.2734455543E+01  0.5506956881E+00
  0.8659766415E+00  0.2739005217E+01  0.5544005951E+00
  0.8673168751E+00  0.2743963599E+01  0.5580748246E+00
  0.8686437064E+00  0.2750400063E+01  0.5617198713E+00
  0.8699572693E+00  0.2755851312E+01  0.5653362751E+00
  0.8712576966E+00  0.2761432688E+01  0.5689236885E+00
  0.8725451197E+00  0.2766689714E+01  0.5724822046E+00
  0.8738196685E+00  0.2771892557E+01  0.5760118013E+00
  0.8750814718E+00  0.2777143274E+01  0.5795126972E+00
  0.8763306571E+00  0.2784325077E+01  0.5829863494E+00
  0.8775673505E+00  0.2792213500E+01  0.5864345837E+00
  0.8787916770E+00  0.2800929144E+01  0.5898585001E+00
  0.8800037602E+00  0.2809083408E+01  0.5932584011E+00
  0.8812037226E+00  0.2816674356E+01  0.5966337500E+00
  0.8823916854E+00  0.2825177278E+01  0.5999849049E+00
  0.8835677685E+00  0.2834181414E+01  0.6033128431E+00
  0.8847320908E+00  0.2843044253E+01  0.6066179033E+00
  0.8858847699E+00  0.2852188871E+01  0.6099002914E+00
  0.8870259222E+00  0.2862572061E+01  0.6131609977E+00
  0.8881556630E+00  0.2873345926E+01  0.6164010479E+00
  0.8892741064E+00  0.2884921834E+01  0.6196211961E+00
  0.8903813653E+00  0.2897269499E+01  0.6228223876E+00
  0.8914775517E+00  0.2910206326E+01  0.6260054255E+00
  0.8925627761E+00  0.2922427885E+01  0.6291702842E+00
  0.8936371484E+00  0.2934138699E+01  0.6323163505E+00
  0.8947007769E+00  0.2944999437E+01  0.6354429600E+00
  0.8957537691E+00  0.2955630734E+01  0.6385496188E+00
  0.8967962314E+00  0.2964761281E+01  0.6416355116E+00
  0.8978282691E+00  0.2972420171E+01  0.6446992091E+00
  0.8988499864E+00  0.2979345474E+01  0.6477397201E+00
  0.8998614866E+00  0.2985593958E+01  0.6507564886E+00
  0.9008628717E+00  0.2991152683E+01  0.6537490012E+00
  0.9018542430E+00  0.2996208902E+01  0.6567168504E+00
  0.9028357006E+00  0.3000824380E+01  0.6596597673E+00
  0.9038073436E+00  0.3004824863E+01  0.6625774408E+00
  0.9047692701E+00  0.3007494122E+01  0.6654691454E+00
  0.9057215774E+00  0.3010668951E+01  0.6683347158E+00
  0.9066643616E+00  0.3014275576E+01  0.6711748271E+00
  0.9075977180E+00  0.3017718954E+01  0.6739898274E+00
  0.9085217408E+00  0.3021672242E+01  0.6767800950E+00
  0.9094365234E+00  0.3024914562E+01  0.6795457512E+00
  0.9103421582E+00  0.3027747707E+01  0.6822865019E+00
  0.9112387366E+00  0.3030732902E+01  0.6850024534E+00
  0.9121263493E+00  0.3034232595E+01  0.6876941234E+00
  0.9130050858E+00  0.3038350959E+01  0.6903622238E+00
  0.9138750349E+00  0.3042321506E+01  0.6930071617E+00
  0.9147362846E+00  0.3045815780E+01  0.6956288648E+00
  0.9155889217E+00  0.3050172379E+01  0.6982276978E+00
  0.9164330325E+00  0.3055263510E+01  0.7008045299E+00
  0.9172687022E+00  0.3060965021E+01  0.7033601032E+00
  0.9180960151E+00  0.3067490388E+01  0.7058951786E+00
  0.9189150550E+00  0.3074801644E+01  0.7084105696E+00
  0.9197259044E+00  0.3082939474E+01  0.7109070701E+00
  0.9205286454E+00  0.3090657198E+01  0.7133849695E+00
  0.9213233589E+00  0.3098962765E+01  0.7158444569E+00
  0.9221101254E+00  0.3107540229E+01  0.7182859910E+00
  0.9228890241E+00  0.3116806867E+01  0.7207100590E+00
  0.9236601339E+00  0.3127136239E+01  0.7231174418E+00
  0.9244235325E+00  0.3137751765E+01  0.7255087453E+00
  0.9251792972E+00  0.3148621615E+01  0.7278842548E+00
  0.9259275042E+00  0.3159661559E+01  0.7302442057E+00
  0.9266682292E+00  0.3170691926E+01  0.7325887311E+00
  0.9274015469E+00  0.3181482217E+01  0.7349178120E+00
  0.9281275314E+00  0.3191806322E+01  0.7372312664E+00
  0.9288462561E+00  0.3201925598E+01  0.7395289329E+00
  0.9295577935E+00  0.3211959743E+01  0.7418107927E+00
  0.9302622156E+00  0.3221987574E+01  0.7440768999E+00
  0.9309595935E+00  0.3232297431E+01  0.7463274376E+00
  0.9316499975E+00  0.3242451449E+01  0.7485625341E+00
  0.9323334975E+00  0.3252298967E+01  0.7507821151E+00
  0.9330101626E+00  0.3261667650E+01  0.7529860018E+00
  0.9336800609E+00  0.3270814094E+01  0.7551740513E+00
  0.9343432603E+00  0.3280262799E+01  0.7573463864E+00
  0.9349998277E+00  0.3289750031E+01  0.7595032145E+00
  0.9356498295E+00  0.3299232838E+01  0.7616446396E+00
  0.9362933312E+00  0.3308322747E+01  0.7637706262E+00
  0.9369303978E+00  0.3317653984E+01  0.7658812207E+00
  0.9375610939E+00  0.3326961605E+01  0.7679765870E+00
  0.9381854829E+00  0.3335978224E+01  0.7700567204E+00
  0.9388036281E+00  0.3344915972E+01  0.7721216017E+00
  0.9394155918E+00  0.3353878436E+01  0.7741713112E+00
  0.9400214359E+00  0.3362361640E+01  0.7762058084E+00
  0.9406212215E+00  0.3370768915E+01  0.7782250259E+00
  0.9412150093E+00  0.3379241946E+01  0.7802290629E+00
  0.9418028592E+00  0.3387436681E+01  0.7822179586E+00
  0.9423848306E+00  0.3396154697E+01  0.7841918867E+00
  0.9429609823E+00  0.3404864273E+01  0.7861510960E+00
  0.9435313725E+00  0.3413630463E+01  0.7880956972E+00
  0.9440960588E+00  0.3422497240E+01  0.7900258310E+00
  0.9446550982E+00  0.3430949009E+01  0.7919415042E+00
  0.9452085472E+00  0.3439117832E+01  0.7938426201E+00
  0.9457564617E+00  0.3446963807E+01  0.7957291122E+00
  0.9462988971E+00  0.3454702461E+01  0.7976009662E+00
  0.9468359082E+00  0.3462315176E+01  0.7994582236E+00
  0.9473675491E+00  0.3469865503E+01  0.8013009390E+00
  0.9478938736E+00  0.3477219398E+01  0.8031291495E+00
  0.9484149348E+00  0.3484037169E+01  0.8049427701E+00
  0.9489307855E+00  0.3490834664E+01  0.8067417662E+00
  0.9494414776E+00  0.3497464194E+01  0.8085262009E+00
  0.9499470629E+00  0.3503919985E+01  0.8102960991E+00
  0.9504475922E+00  0.3510197230E+01  0.8120514849E+00
  0.9509431163E+00  0.3516292174E+01  0.8137923822E+00
  0.9514336852E+00  0.3522024189E+01  0.8155187716E+00
  0.9519193483E+00  0.3527481792E+01  0.8172306142E+00
  0.9524001548E+00  0.3532607308E+01  0.8189278826E+00
  0.9528761533E+00  0.3537355895E+01  0.8206105284E+00
  0.9533473917E+00  0.3541937332E+01  0.8222785461E+00
  0.9538139178E+00  0.3546354799E+01  0.8239319826E+00
  0.9542757786E+00  0.3550660146E+01  0.8255708992E+00
  0.9547330209E+00  0.3554823206E+01  0.8271953627E+00
  0.9551856906E+00  0.3558839550E+01  0.8288054328E+00
  0.9556338337E+00  0.3562856802E+01  0.8304012023E+00
  0.9560774954E+00  0.3566547896E+01  0.8319827241E+00
  0.9565167205E+00  0.3570357548E+01  0.8335500779E+00
  0.9569515532E+00  0.3574022575E+01  0.8351033833E+00
  0.9573820377E+00  0.3577544681E+01  0.8366427026E+00
  0.9578082173E+00  0.3580955854E+01  0.8381681061E+00
  0.9582301352E+00  0.3584266359E+01  0.8396796736E+00
  0.9586478338E+00  0.3587312401E+01  0.8411774530E+00
  0.9590613555E+00  0.3590144678E+01  0.8426614700E+00
  0.9594707419E+00  0.3592916663E+01  0.8441317940E+00
  0.9598760345E+00  0.3595714734E+01  0.8455885434E+00
  0.9602772742E+00  0.3598492535E+01  0.8470318441E+00
  0.9606745014E+00  0.3601038091E+01  0.8484617690E+00
  0.9610677564E+00  0.3603448846E+01  0.8498783692E+00
  0.9614570788E+00  0.3606019842E+01  0.8512817731E+00
  0.9618425080E+00  0.3608433869E+01  0.8526721037E+00
  0.9622240830E+00  0.3610904288E+01  0.8540494629E+00
  0.9626018421E+00  0.3613261100E+01  0.8554139603E+00
  0.9629758237E+00  0.3615559338E+01  0.8567656831E+00
  0.9633460655E+00  0.3617696696E+01  0.8581047099E+00
  0.9637126048E+00  0.3619841852E+01  0.8594311312E+00
  0.9640754788E+00  0.3622035945E+01  0.8607450756E+00
  0.9644347240E+00  0.3624231091E+01  0.8620466690E+00
  0.9647903767E+00  0.3626516637E+01  0.8633360432E+00
  0.9651424730E+00  0.3628878161E+01  0.8646133418E+00
  0.9654910483E+00  0.3631317605E+01  0.8658787041E+00
  0.9658361378E+00  0.3633836364E+01  0.8671322684E+00
  0.9661777764E+00  0.3636435312E+01  0.8683741712E+00
  0.9665159986E+00  0.3639114823E+01  0.8696045476E+00
  0.9668508386E+00  0.3641874809E+01  0.8708235309E+00
  0.9671823303E+00  0.3644714741E+01  0.8720312526E+00
  0.9675105070E+00  0.3647633687E+01  0.8732278420E+00
  0.9678354019E+00  0.3650630337E+01  0.8744134265E+00
  0.9681570479E+00  0.3653703042E+01  0.8755881312E+00
  0.9684754774E+00  0.3656806415E+01  0.8767520722E+00
  0.9687907226E+00  0.3659893448E+01  0.8779053496E+00
  0.9691028154E+00  0.3663050794E+01  0.8790480686E+00
  0.9694117872E+00  0.3666275975E+01  0.8801803464E+00
  0.9697176694E+00  0.3669566303E+01  0.8813022979E+00
  0.9700204927E+00  0.3672918911E+01  0.8824140357E+00
  0.9703202877E+00  0.3676330779E+01  0.8835156701E+00
  0.9706170849E+00  0.3679797257E+01  0.8846073090E+00
  0.9709109140E+00  0.3683079138E+01  0.8856890228E+00
  0.9712018049E+00  0.3686418087E+01  0.8867608825E+00
  0.9714897868E+00  0.3689878409E+01  0.8878230027E+00
  0.9717748890E+00  0.3693383102E+01  0.8888754944E+00
  0.9720571401E+00  0.3696929026E+01  0.8899184564E+00
  0.9723365687E+00  0.3700513036E+01  0.8909519848E+00
  0.9726132030E+00  0.3704115291E+01  0.8919761719E+00
  0.9728870709E+00  0.3707702381E+01  0.8929911017E+00
  0.9731582002E+00  0.3711319193E+01  0.8939968587E+00
  0.9734266182E+00  0.3715032706E+01  0.8949935419E+00
  0.9736923521E+00  0.3718775226E+01  0.8959812490E+00
  0.9739554285E+00  0.3722535156E+01  0.8969600659E+00
  0.9742158742E+00  0.3726309827E+01  0.8979300758E+00
  0.9744737155E+00  0.3730103357E+01  0.8988913612E+00
  0.9747289784E+00  0.3733964227E+01  0.8998440108E+00
  0.9749816886E+00  0.3737831860E+01  0.9007881104E+00
  0.9752318717E+00  0.3741703864E+01  0.9017237372E+00
  0.9754795530E+00  0.3745577935E+01  0.9026509670E+00
  0.9757247574E+00  0.3749437948E+01  0.9035698727E+00
  0.9759675099E+00  0.3753376707E+01  0.9044805359E+00
  0.9762078348E+00  0.3757353966E+01  0.9053830437E+00
  0.9764457564E+00  0.3761321841E+01  0.9062774716E+00
  0.9766812989E+00  0.3765278521E+01  0.9071638885E+00
  0.9769144859E+00  0.3769158439E+01  0.9080423549E+00
  0.9771453410E+00  0.3772986137E+01  0.9089129263E+00
  0.9773738876E+00  0.3776800418E+01  0.9097756653E+00
  0.9776001487E+00  0.3780599873E+01  0.9106306382E+00
  0.9778241472E+00  0.3784295507E+01  0.9114779009E+00
  0.9780459058E+00  0.3787947830E+01  0.9123175057E+00
  0.9782654467E+00  0.3791584301E+01  0.9131495145E+00
  0.9784827922E+00  0.3795142856E+01  0.9139739851E+00
  0.9786979643E+00  0.3798602237E+01  0.9147909661E+00
  0.9789109847E+00  0.3802045497E+01  0.9156005124E+00
  0.9791218748E+00  0.3805471881E+01  0.9164026877E+00
  0.9793306561E+00  0.3808880692E+01  0.9171975547E+00
  0.9795373495E+00  0.3812271295E+01  0.9179851758E+00
  0.9797419760E+00  0.3815643111E+01  0.9187656125E+00
  0.9799445563E+00  0.3818995616E+01  0.9195389260E+00
  0.9801451107E+00  0.3822328337E+01  0.9203051767E+00
  0.9803436596E+00  0.3825637978E+01  0.9210644243E+00
  0.9805402230E+00  0.3828970875E+01  0.9218167323E+00
  0.9807348208E+00  0.3832281695E+01  0.9225621636E+00
  0.9809274726E+00  0.3835570172E+01  0.9233007763E+00
  0.9811181978E+00  0.3838821380E+01  0.9240326265E+00
  0.9813070158E+00  0.3842035832E+01  0.9247577687E+00
  0.9814939457E+00  0.3845285142E+01  0.9254762635E+00
  0.9816790062E+00  0.3848626560E+01  0.9261881832E+00
  0.9818622162E+00  0.3851955318E+01  0.9268935948E+00
  0.9820435940E+00  0.3855239374E+01  0.9275925520E+00
  0.9822231581E+00  0.3858495080E+01  0.9282851067E+00
  0.9824009265E+00  0.3861722530E+01  0.9289713121E+00
  0.9825769172E+00  0.3864921843E+01  0.9296512211E+00
  0.9827511481E+00  0.3868093153E+01  0.9303248859E+00
  0.9829236366E+00  0.3871236617E+01  0.9309923586E+00
  0.9830944002E+00  0.3874352403E+01  0.9316536911E+00
  0.9832634562E+00  0.3877440698E+01  0.9323089347E+00
  0.9834308216E+00  0.3880501698E+01  0.9329581404E+00
  0.9835965134E+00  0.3883535614E+01  0.9336013590E+00
  0.9837605483E+00  0.3886592566E+01  0.9342386449E+00
  0.9839229428E+00  0.3889647596E+01  0.9348700543E+00
  0.9840837134E+00  0.3892645516E+01  0.9354956362E+00
  0.9842428762E+00  0.3895662433E+01  0.9361154409E+00
  0.9844004475E+00  0.3898797408E+01  0.9367295322E+00
  0.9845564430E+00  0.3901901620E+01  0.9373379693E+00
  0.9847108786E+00  0.3904975325E+01  0.9379407990E+00
  0.9848637698E+00  0.3908018783E+01  0.9385380681E+00
  0.9850151321E+00  0.3911032261E+01  0.9391298229E+00
  0.9851649808E+00  0.3914016031E+01  0.9397161095E+00
  0.9853133310E+00  0.3916942976E+01  0.9402969716E+00
  0.9854601977E+00  0.3919802097E+01  0.9408724500E+00
  0.9856055957E+00  0.3922634437E+01  0.9414425874E+00
  0.9857495397E+00  0.3925440239E+01  0.9420074292E+00
  0.9858920443E+00  0.3928219748E+01  0.9425670205E+00
  0.9860331239E+00  0.3930973211E+01  0.9431214063E+00
  0.9861727926E+00  0.3933700873E+01  0.9436706309E+00
  0.9863110647E+00  0.3936402982E+01  0.9442147387E+00
  0.9864479541E+00  0.3939082206E+01  0.9447537737E+00
  0.9865834745E+00  0.3941738093E+01  0.9452877799E+00
  0.9867176398E+00  0.3944371893E+01  0.9458168009E+00
  0.9868504634E+00  0.3946974604E+01  0.9463408794E+00
  0.9869819588E+00  0.3949524191E+01  0.9468600559E+00
  0.9871121392E+00  0.3952050644E+01  0.9473743711E+00
  0.9872410178E+00  0.3954554307E+01  0.9478838672E+00
  0.9873686076E+00  0.3957093369E+01  0.9483885901E+00
  0.9874949215E+00  0.3959608266E+01  0.9488885849E+00
  0.9876199723E+00  0.3962098415E+01  0.9493838927E+00
  0.9877437726E+00  0.3964564575E+01  0.9498745542E+00
  0.9878663349E+00  0.3967007331E+01  0.9503606100E+00
  0.9879876715E+00  0.3969426913E+01  0.9508421002E+00
  0.9881077948E+00  0.3971823548E+01  0.9513190647E+00
  0.9882267168E+00  0.3974197462E+01  0.9517915433E+00
  0.9883444497E+00  0.3976532301E+01  0.9522595742E+00
  0.9884610052E+00  0.3978838073E+01  0.9527231953E+00
  0.9885763951E+00  0.3981122571E+01  0.9531824451E+00
  0.9886906312E+00  0.3983398424E+01  0.9536373628E+00
  0.9888037249E+00  0.3985679054E+01  0.9540879889E+00
  0.9889156876E+00  0.3987947938E+01  0.9545343636E+00
  0.9890265307E+00  0.3990202237E+01  0.9549765251E+00
  0.9891362654E+00  0.3992432833E+01  0.9554145111E+00
  0.9892449028E+00  0.3994612170E+01  0.9558483568E+00
  0.9893524538E+00  0.3996770902E+01  0.9562780973E+00
  0.9894589292E+00  0.3998909230E+01  0.9567037692E+00
  0.9895643399E+00  0.4001027354E+01  0.9571254087E+00
  0.9896686965E+00  0.4003125470E+01  0.9575430517E+00
  0.9897720096E+00  0.4005203772E+01  0.9579567341E+00
  0.9898742895E+00  0.4007264580E+01  0.9583664914E+00
  0.9899755466E+00  0.4009340447E+01  0.9587723605E+00
  0.9900757911E+00  0.4011402301E+01  0.9591743783E+00
  0.9901750332E+00  0.4013443670E+01  0.9595725796E+00
  0.9902732829E+00  0.4015464769E+01  0.9599669983E+00
  0.9903705500E+00  0.4017465812E+01  0.9603576686E+00
  0.9904668445E+00  0.4019447009E+01  0.9607446238E+00
  0.9905621761E+00  0.4021408568E+01  0.9611278974E+00
  0.9906565543E+00  0.4023350694E+01  0.9615075226E+00
  0.9907499888E+00  0.4025273589E+01  0.9618835320E+00
  0.9908424889E+00  0.4027176833E+01  0.9622559583E+00
  0.9909340640E+00  0.4029057506E+01  0.9626248335E+00
  0.9910247234E+00  0.4030921676E+01  0.9629901898E+00
  0.9911144761E+00  0.4032766281E+01  0.9633520590E+00
  0.9912033314E+00  0.4034590198E+01  0.9637104724E+00
  0.9912912981E+00  0.4036396219E+01  0.9640654614E+00
  0.9913783851E+00  0.4038184527E+01  0.9644170570E+00
  0.9914646012E+00  0.4039955303E+01  0.9647652900E+00
  0.9915499552E+00  0.4041708725E+01  0.9651101911E+00
  0.9916344557E+00  0.4043444968E+01  0.9654517907E+00
  0.9917181111E+00  0.4045164207E+01  0.9657901188E+00
  0.9918009300E+00  0.4046856985E+01  0.9661252049E+00
  0.9918829207E+00  0.4048526155E+01  0.9664570780E+00
  0.9919640915E+00  0.4050179408E+01  0.9667857671E+00
  0.9920444506E+00  0.4051812414E+01  0.9671113015E+00
  0.9921240061E+00  0.4053427108E+01  0.9674337096E+00
  0.9922027660E+00  0.4055026556E+01  0.9677530203E+00
  0.9922807383E+00  0.4056610901E+01  0.9680692620E+00
  0.9923579310E+00  0.4058177805E+01  0.9683824628E+00
  0.9924343516E+00  0.4059728096E+01  0.9686926508E+00
  0.9925100081E+00  0.4061263860E+01  0.9689998537E+00
  0.9925849081E+00  0.4062785229E+01  0.9693040990E+00
  0.9926590590E+00  0.4064292331E+01  0.9696054141E+00
  0.9927324684E+00  0.4065785294E+01  0.9699038262E+00
  0.9928051437E+00  0.4067264244E+01  0.9701993622E+00
  0.9928770923E+00  0.4068730536E+01  0.9704920488E+00
  0.9929483213E+00  0.4070185472E+01  0.9707819125E+00
  0.9930188381E+00  0.4071626641E+01  0.9710689797E+00
  0.9930886497E+00  0.4073054169E+01  0.9713532764E+00
  0.9931577632E+00  0.4074471524E+01  0.9716348284E+00
  0.9932261856E+00  0.4075875660E+01  0.9719136614E+00
  0.9932939238E+00  0.4077257221E+01  0.9721898005E+00
  0.9933609845E+00  0.4078623373E+01  0.9724632703E+00
  0.9934273747E+00  0.4079976784E+01  0.9727340956E+00
  0.9934931009E+00  0.4081317562E+01  0.9730023013E+00
  0.9935581699E+00  0.4082645816E+01  0.9732679117E+00
  0.9936225882E+00  0.4083961652E+01  0.9735309512E+00
  0.9936863623E+00  0.4085265177E+01  0.9737914438E+00
  0.9937494987E+00  0.4086556496E+01  0.9740494134E+00
  0.9938120037E+00  0.4087835715E+01  0.9743048837E+00
  0.9938738837E+00  0.4089102935E+01  0.9745578780E+00
  0.9939351449E+00  0.4090358262E+01  0.9748084196E+00
  0.9939957934E+00  0.4091601796E+01  0.9750565317E+00
  0.9940558355E+00  0.4092833639E+01  0.9753022369E+00
  0.9941152771E+00  0.4094053892E+01  0.9755455579E+00
  0.9941741243E+00  0.4095262655E+01  0.9757865172E+00
  0.9942323831E+00  0.4096460027E+01  0.9760251370E+00
  0.9942900593E+00  0.4097646106E+01  0.9762614393E+00
  0.9943471587E+00  0.4098820990E+01  0.9764954460E+00
  0.9944036871E+00  0.4099984776E+01  0.9767271788E+00
  0.9944596502E+00  0.4101137560E+01  0.9769566590E+00
  0.9945150537E+00  0.4102279437E+01  0.9771839080E+00
  0.9945699032E+00  0.4103410504E+01  0.9774089468E+00
  0.9946242041E+00  0.4104530853E+01  0.9776317964E+00
  0.9946779621E+00  0.4105640578E+01  0.9778524774E+00
  0.9947311825E+00  0.4106739772E+01  0.9780710104E+00
  0.9947838707E+00  0.4107828527E+01  0.9782874157E+00
  0.9948360320E+00  0.4108906934E+01  0.9785017135E+00
  0.9948876716E+00  0.4109975085E+01  0.9787139237E+00
  0.9949387949E+00  0.4111033069E+01  0.9789240662E+00
  0.9949894070E+00  0.4112080975E+01  0.9791321605E+00
  0.9950395129E+00  0.4113118893E+01  0.9793382262E+00
  0.9950891178E+00  0.4114146911E+01  0.9795422824E+00
  0.9951382266E+00  0.4115165115E+01  0.9797443483E+00
  0.9951868443E+00  0.4116175270E+01  0.9799444429E+00
  0.9952349759E+00  0.4117181435E+01  0.9801425850E+00
  0.9952826261E+00  0.4118177769E+01  0.9803387934E+00
  0.9953297999E+00  0.4119164366E+01  0.9805330866E+00
  0.9953765019E+00  0.4120141317E+01  0.9807254826E+00
  0.9954227368E+00  0.4121108714E+01  0.9809159996E+00
  0.9954685095E+00  0.4122066649E+01  0.9811046555E+00
  0.9955138244E+00  0.4123015209E+01  0.9812914681E+00
  0.9955586861E+00  0.4123954485E+01  0.9814764548E+00
  0.9956030993E+00  0.4124884564E+01  0.9816596333E+00
  0.9956470683E+00  0.4125805534E+01  0.9818410206E+00
  0.9956905976E+00  0.4126717482E+01  0.9820206339E+00
  0.9957336916E+00  0.4127620493E+01  0.9821984903E+00
  0.9957763547E+00  0.4128514653E+01  0.9823746063E+00
  0.9958185912E+00  0.4129400045E+01  0.9825489989E+00
  0.9958604053E+00  0.4130276753E+01  0.9827216843E+00
  0.9959018012E+00  0.4131144860E+01  0.9828926790E+00
  0.9959427832E+00  0.4132004449E+01  0.9830619991E+00
  0.9959833554E+00  0.4132855599E+01  0.9832296608E+00
  0.9960235218E+00  0.4133698393E+01  0.9833956798E+00
  0.9960632866E+00  0.4134532909E+01  0.9835600720E+00
  0.9961026537E+00  0.4135359227E+01  0.9837228530E+00
  0.9961416272E+00  0.4136177426E+01  0.9838840382E+00
  0.9961802109E+00  0.4136987583E+01  0.9840436430E+00
  0.9962184088E+00  0.4137789775E+01  0.9842016825E+00
  0.9962562247E+00  0.4138584078E+01  0.9843581718E+00
  0.9962936625E+00  0.4139370568E+01  0.9845131258E+00
  0.9963307258E+00  0.4140149321E+01  0.9846665593E+00
  0.9963674186E+00  0.4140920409E+01  0.9848184869E+00
  0.9964037444E+00  0.4141683908E+01  0.9849689231E+00
  0.9964397070E+00  0.4142439889E+01  0.9851178822E+00
  0.9964753099E+00  0.4143188426E+01  0.9852653785E+00
  0.9965105568E+00  0.4143929589E+01  0.9854114261E+00
  0.9965454512E+00  0.4144663450E+01  0.9855560390E+00
  0.9965799967E+00  0.4145390079E+01  0.9856992310E+00
  0.9966141967E+00  0.4146109546E+01  0.9858410158E+00
  0.9966480548E+00  0.4146821920E+01  0.9859814069E+00
  0.9966815742E+00  0.4147527269E+01  0.9861204179E+00
  0.9967147585E+00  0.4148225660E+01  0.9862580621E+00
  0.9967476109E+00  0.4148917162E+01  0.9863943527E+00
  0.9967801348E+00  0.4149601841E+01  0.9865293028E+00
  0.9968123334E+00  0.4150279762E+01  0.9866629253E+00
  0.9968442101E+00  0.4150950992E+01  0.9867952331E+00
  0.9968757680E+00  0.4151615594E+01  0.9869262389E+00
  0.9969070103E+00  0.4152273633E+01  0.9870559552E+00
  0.9969379402E+00  0.4152925173E+01  0.9871843947E+00
  0.9969685608E+00  0.4153570276E+01  0.9873115696E+00
  0.9969988752E+00  0.4154209005E+01  0.9874374923E+00
  0.9970288865E+00  0.4154841422E+01  0.9875621748E+00
  0.9970585976E+00  0.4155467587E+01  0.9876856291E+00
  0.9970880116E+00  0.4156087562E+01  0.9878078673E+00
  0.9971171315E+00  0.4156701407E+01  0.9879289010E+00
  0.9971459602E+00  0.4157309181E+01  0.9880487420E+00
  0.9971745006E+00  0.4157910943E+01  0.9881674018E+00
  0.9972027556E+00  0.4158506753E+01  0.9882848920E+00
  0.9972307280E+00  0.4159096666E+01  0.9884012238E+00
  0.9972584207E+00  0.4159680742E+01  0.9885164086E+00
  0.9972858365E+00  0.4160259037E+01  0.9886304575E+00
  0.9973129782E+00  0.4160831606E+01  0.9887433815E+00
  0.9973398484E+00  0.4161398507E+01  0.9888551916E+00
  0.9973664499E+00  0.4161959794E+01  0.9889658986E+00
  0.9973927854E+00  0.4162515522E+01  0.9890755132E+00
  0.9974188575E+00  0.4163065745E+01  0.9891840460E+00
  0.9974446690E+00  0.4163610517E+01  0.9892915077E+00
  0.9974702223E+00  0.4164149891E+01  0.9893979087E+00
  0.9974955201E+00  0.4164683920E+01  0.9895032592E+00
  0.9975205649E+00  0.4165212657E+01  0.9896075694E+00
  0.9975453592E+00  0.4165736124E+01  0.9897108497E+00
  0.9975699056E+00  0.4166254383E+01  0.9898131099E+00
  0.9975942066E+00  0.4166767504E+01  0.9899143600E+00
  0.9976182645E+00  0.4167275539E+01  0.9900146100E+00
  0.9976420819E+00  0.4167778536E+01  0.9901138694E+00
  0.9976656610E+00  0.4168276544E+01  0.9902121481E+00
  0.9976890044E+00  0.4168769614E+01  0.9903094556E+00
  0.9977121144E+00  0.4169257793E+01  0.9904058013E+00
  0.9977349932E+00  0.4169741128E+01  0.9905011947E+00
  0.9977576433E+00  0.4170219668E+01  0.9905956450E+00
  0.9977800669E+00  0.4170693460E+01  0.9906891615E+00
  0.9978022662E+00  0.4171162549E+01  0.9907817533E+00
  0.9978242435E+00  0.4171626983E+01  0.9908734295E+00
  0.9978460011E+00  0.4172086806E+01  0.9909641989E+00
  0.9978675411E+00  0.4172542064E+01  0.9910540706E+00
  0.9978888657E+00  0.4172992802E+01  0.9911430531E+00
  0.9979099770E+00  0.4173439065E+01  0.9912311553E+00
  0.9979308773E+00  0.4173880895E+01  0.9913183858E+00
  0.9979515685E+00  0.4174318337E+01  0.9914047530E+00
  0.9979720528E+00  0.4174751434E+01  0.9914902655E+00
  0.9979923323E+00  0.4175180228E+01  0.9915749316E+00
  0.9980124089E+00  0.4175604763E+01  0.9916587596E+00
  0.9980322849E+00  0.4176025079E+01  0.9917417577E+00
  0.9980519620E+00  0.4176441218E+01  0.9918239341E+00
  0.9980714424E+00  0.4176853221E+01  0.9919052968E+00
  0.9980907280E+00  0.4177261130E+01  0.9919858537E+00
  0.9981098207E+00  0.4177664984E+01  0.9920656129E+00
  0.9981287225E+00  0.4178064823E+01  0.9921445820E+00
  0.9981474353E+00  0.4178460687E+01  0.9922227689E+00
  0.9981659609E+00  0.4178852615E+01  0.9923001812E+00
  0.9981843013E+00  0.4179240645E+01  0.9923768266E+00
  0.9982024583E+00  0.4179624817E+01  0.9924527125E+00
  0.9982204337E+00  0.4180005168E+01  0.9925278464E+00
  0.9982382294E+00  0.4180381736E+01  0.9926022357E+00
  0.9982558471E+00  0.4180754558E+01  0.9926758877E+00
  0.9982732886E+00  0.4181123672E+01  0.9927488097E+00
  0.9982905557E+00  0.4181489113E+01  0.9928210088E+00
  0.9983076502E+00  0.4181850918E+01  0.9928924921E+00
  0.9983245737E+00  0.4182209124E+01  0.9929632667E+00
  0.9983413279E+00  0.4182563764E+01  0.9930333395E+00
  0.9983579146E+00  0.4182914876E+01  0.9931027174E+00
  0.9983743355E+00  0.4183262492E+01  0.9931714073E+00
  0.9983905921E+00  0.4183606649E+01  0.9932394159E+00
  0.9984066862E+00  0.4183947381E+01  0.9933067499E+00
  0.9984226194E+00  0.4184284720E+01  0.9933734160E+00
  0.9984383932E+00  0.4184618701E+01  0.9934394208E+00
  0.9984540092E+00  0.4184949357E+01  0.9935047706E+00
  0.9984694691E+00  0.4185276720E+01  0.9935694721E+00
  0.9984847744E+00  0.4185600824E+01  0.9936335315E+00
  0.9984999267E+00  0.4185921701E+01  0.9936969553E+00
  0.9985149274E+00  0.4186239382E+01  0.9937597495E+00
  0.9985297782E+00  0.4186553899E+01  0.9938219206E+00
  0.9985444804E+00  0.4186865283E+01  0.9938834745E+00
  0.9985590356E+00  0.4187173566E+01  0.9939444174E+00
  0.9985734452E+00  0.4187478779E+01  0.9940047553E+00
  0.9985877108E+00  0.4187780950E+01  0.9940644941E+00
  0.9986018337E+00  0.4188080112E+01  0.9941236398E+00
  0.9986158153E+00  0.4188376293E+01  0.9941821982E+00
  0.9986296572E+00  0.4188669522E+01  0.9942401751E+00
  0.9986433606E+00  0.4188959831E+01  0.9942975762E+00
  0.9986569270E+00  0.4189247246E+01  0.9943544072E+00
  0.9986703577E+00  0.4189531797E+01  0.9944106738E+00
  0.9986836541E+00  0.4189813513E+01  0.9944663814E+00
  0.9986968176E+00  0.4190092421E+01  0.9945215357E+00
  0.9987098494E+00  0.4190368549E+01  0.9945761421E+00
  0.9987227509E+00  0.4190641925E+01  0.9946302059E+00
  0.9987355234E+00  0.4190912576E+01  0.9946837326E+00
  0.9987481682E+00  0.4191180530E+01  0.9947367274E+00
  0.9987606865E+00  0.4191445812E+01  0.9947891956E+00
  0.9987730796E+00  0.4191708449E+01  0.9948411423E+00
  0.9987853488E+00  0.4191968469E+01  0.9948925729E+00
  0.9987974954E+00  0.4192225895E+01  0.9949434922E+00
  0.9988095204E+00  0.4192480756E+01  0.9949939055E+00
  0.9988214252E+00  0.4192733075E+01  0.9950438176E+00
  0.9988332109E+00  0.4192982878E+01  0.9950932335E+00
  0.9988448788E+00  0.4193230190E+01  0.9951421583E+00
  0.9988564300E+00  0.4193475036E+01  0.9951905966E+00
  0.9988678657E+00  0.4193717440E+01  0.9952385533E+00
  0.9988791871E+00  0.4193957427E+01  0.9952860331E+00
  0.9988903952E+00  0.4194195021E+01  0.9953330409E+00
  0.9989014913E+00  0.4194430244E+01  0.9953795812E+00
  0.9989124764E+00  0.4194663122E+01  0.9954256586E+00
  0.9989233516E+00  0.4194893677E+01  0.9954712778E+00
  0.9989341181E+00  0.4195121932E+01  0.9955164433E+00
  0.9989447769E+00  0.4195347910E+01  0.9955611596E+00
  0.9989553291E+00  0.4195571634E+01  0.9956054310E+00
  0.9989657758E+00  0.4195793126E+01  0.9956492621E+00
  0.9989761181E+00  0.4196012408E+01  0.9956926572E+00
  0.9989863569E+00  0.4196229503E+01  0.9957356205E+00
  0.9989964933E+00  0.4196444432E+01  0.9957781564E+00
  0.9990065284E+00  0.4196657216E+01  0.9958202690E+00
  0.9990164631E+00  0.4196867877E+01  0.9958619627E+00
  0.9990262985E+00  0.4197076437E+01  0.9959032414E+00
  0.9990360355E+00  0.4197282915E+01  0.9959441094E+00
  0.9990456751E+00  0.4197487333E+01  0.9959845707E+00
  0.9990552184E+00  0.4197689711E+01  0.9960246294E+00
  0.9990646662E+00  0.4197890070E+01  0.9960642893E+00
  0.9990740195E+00  0.4198088429E+01  0.9961035545E+00
  0.9990832793E+00  0.4198284808E+01  0.9961424289E+00
  0.9990924466E+00  0.4198479228E+01  0.9961809164E+00
  0.9991015221E+00  0.4198671707E+01  0.9962190207E+00
  0.9991105069E+00  0.4198862266E+01  0.9962567457E+00
  0.9991194018E+00  0.4199050922E+01  0.9962940951E+00
  0.9991282078E+00  0.4199237695E+01  0.9963310727E+00
  0.9991369257E+00  0.4199422604E+01  0.9963676821E+00
  0.9991455564E+00  0.4199605668E+01  0.9964039271E+00
  0.9991541009E+00  0.4199786904E+01  0.9964398111E+00
  0.9991625599E+00  0.4199966331E+01  0.9964753378E+00
  0.9991709343E+00  0.4200143967E+01  0.9965105108E+00
  0.9991792249E+00  0.4200319829E+01  0.9965453334E+00
  0.9991874327E+00  0.4200493936E+01  0.9965798093E+00
  0.9991955584E+00  0.4200666305E+01  0.9966139419E+00
  0.9992036028E+00  0.4200836953E+01  0.9966477345E+00
  0.9992115667E+00  0.4201005897E+01  0.9966811905E+00
  0.9992194511E+00  0.4201173155E+01  0.9967143133E+00
  0.9992272566E+00  0.4201338743E+01  0.9967471061E+00
  0.9992349840E+00  0.4201502677E+01  0.9967795723E+00
  0.9992426342E+00  0.4201664975E+01  0.9968117151E+00
  0.9992502078E+00  0.4201825652E+01  0.9968435377E+00
  0.9992577057E+00  0.4201984725E+01  0.9968750433E+00
  0.9992651287E+00  0.4202142209E+01  0.9969062349E+00
  0.9992724774E+00  0.4202298121E+01  0.9969371159E+00
  0.9992797526E+00  0.4202452476E+01  0.9969676891E+00
  0.9992869551E+00  0.4202605290E+01  0.9969979577E+00
  0.9992940855E+00  0.4202756577E+01  0.9970279247E+00
  0.9993011447E+00  0.4202906354E+01  0.9970575931E+00
  0.9993081332E+00  0.4203054636E+01  0.9970869658E+00
  0.9993150519E+00  0.4203201436E+01  0.9971160459E+00
  0.9993219014E+00  0.4203346770E+01  0.9971448361E+00
  0.9993286824E+00  0.4203490653E+01  0.9971733395E+00
  0.9993353956E+00  0.4203633099E+01  0.9972015587E+00
  0.9993420416E+00  0.4203774123E+01  0.9972294967E+00
  0.9993486212E+00  0.4203913738E+01  0.9972571562E+00
  0.9993551350E+00  0.4204051958E+01  0.9972845401E+00
  0.9993615836E+00  0.4204188798E+01  0.9973116510E+00
  0.9993679678E+00  0.4204324271E+01  0.9973384917E+00
  0.9993742881E+00  0.4204458392E+01  0.9973650648E+00
  0.9993805452E+00  0.4204591172E+01  0.9973913730E+00
  0.9993867398E+00  0.4204722626E+01  0.9974174189E+00
  0.9993928724E+00  0.4204852768E+01  0.9974432052E+00
  0.9993989436E+00  0.4204981609E+01  0.9974687344E+00
  0.9994049542E+00  0.4205109163E+01  0.9974940091E+00
  0.9994109047E+00  0.4205235443E+01  0.9975190318E+00
  0.9994167956E+00  0.4205360462E+01  0.9975438050E+00
  0.9994226277E+00  0.4205484232E+01  0.9975683313E+00
  0.9994284014E+00  0.4205606766E+01  0.9975926129E+00
  0.9994341174E+00  0.4205728075E+01  0.9976166524E+00
  0.9994397762E+00  0.4205848173E+01  0.9976404523E+00
  0.9994453784E+00  0.4205967071E+01  0.9976640148E+00
  0.9994509247E+00  0.4206084781E+01  0.9976873423E+00
  0.9994564154E+00  0.4206201315E+01  0.9977104372E+00
  0.9994618513E+00  0.4206316685E+01  0.9977333018E+00
  0.9994672327E+00  0.4206430903E+01  0.9977559383E+00
  0.9994725604E+00  0.4206543979E+01  0.9977783491E+00
  0.9994778348E+00  0.4206655926E+01  0.9978005364E+00
  0.9994830565E+00  0.4206766754E+01  0.9978225024E+00
  0.9994882259E+00  0.4206876475E+01  0.9978442492E+00
  0.9994933436E+00  0.4206985099E+01  0.9978657792E+00
  0.9994984102E+00  0.4207092639E+01  0.9978870945E+00
  0.9995034261E+00  0.4207199104E+01  0.9979081971E+00
  0.9995083918E+00  0.4207304505E+01  0.9979290892E+00
  0.9995133079E+00  0.4207408853E+01  0.9979497729E+00
  0.9995181748E+00  0.4207512159E+01  0.9979702503E+00
  0.9995229931E+00  0.4207614432E+01  0.9979905234E+00
  0.9995277632E+00  0.4207715684E+01  0.9980105942E+00
  0.9995324855E+00  0.4207815924E+01  0.9980304648E+00
  0.9995371607E+00  0.4207915162E+01  0.9980501372E+00
  0.9995417891E+00  0.4208013409E+01  0.9980696133E+00
  0.9995463712E+00  0.4208110674E+01  0.9980888951E+00
  0.9995509075E+00  0.4208206967E+01  0.9981079846E+00
  0.9995553984E+00  0.4208302298E+01  0.9981268835E+00
  0.9995598444E+00  0.4208396676E+01  0.9981455939E+00
  0.9995642460E+00  0.4208490111E+01  0.9981641176E+00
  0.9995686035E+00  0.4208582613E+01  0.9981824565E+00
  0.9995729175E+00  0.4208674190E+01  0.9982006123E+00
  0.9995771883E+00  0.4208764852E+01  0.9982185871E+00
  0.9995814164E+00  0.4208854608E+01  0.9982363824E+00
  0.9995856022E+00  0.4208943467E+01  0.9982540002E+00
  0.9995897462E+00  0.4209031438E+01  0.9982714421E+00
  0.9995938488E+00  0.4209118530E+01  0.9982887100E+00
  0.9995979103E+00  0.4209204752E+01  0.9983058056E+00
  0.9996019312E+00  0.4209290112E+01  0.9983227305E+00
  0.9996059119E+00  0.4209374619E+01  0.9983394865E+00
  0.9996098527E+00  0.4209458282E+01  0.9983560754E+00
  0.9996137542E+00  0.4209541108E+01  0.9983724986E+00
  0.9996176167E+00  0.4209623107E+01  0.9983887579E+00
  0.9996214405E+00  0.4209704286E+01  0.9984048550E+00
  0.9996252261E+00  0.4209784654E+01  0.9984207914E+00
  0.9996289738E+00  0.4209864219E+01  0.9984365687E+00
  0.9996326841E+00  0.4209942989E+01  0.9984521885E+00
  0.9996363573E+00  0.4210020971E+01  0.9984676525E+00
  0.9996399937E+00  0.4210098174E+01  0.9984829621E+00
  0.9996435938E+00  0.4210174606E+01  0.9984981188E+00
  0.9996471578E+00  0.4210250273E+01  0.9985131243E+00
  0.9996506862E+00  0.4210325185E+01  0.9985279799E+00
  0.9996541794E+00  0.4210399347E+01  0.9985426873E+00
  0.9996576376E+00  0.4210472769E+01  0.9985572479E+00
  0.9996610612E+00  0.4210545456E+01  0.9985716631E+00
  0.9996644506E+00  0.4210617417E+01  0.9985859344E+00
  0.9996678400E+00  0.4210689379E+01  0.9986002059E+00
  0.9996712294E+00  0.4210761341E+01  0.9986144777E+00
  0.9996746188E+00  0.4210833303E+01  0.9986287497E+00
  0.9996780081E+00  0.4210905266E+01  0.9986430220E+00
  0.9996813975E+00  0.4210977229E+01  0.9986572945E+00
  0.9996847869E+00  0.4211049192E+01  0.9986715673E+00
  0.9996881763E+00  0.4211121156E+01  0.9986858403E+00
  0.9996915657E+00  0.4211193120E+01  0.9987001135E+00
  0.9996949551E+00  0.4211265085E+01  0.9987143870E+00
  0.9996983445E+00  0.4211337050E+01  0.9987286607E+00
  0.9997017339E+00  0.4211409015E+01  0.9987429347E+00
  0.9997051232E+00  0.4211480981E+01  0.9987572089E+00
  0.9997085126E+00  0.4211552947E+01  0.9987714834E+00
  0.9997119020E+00  0.4211624914E+01  0.9987857581E+00
  0.9997152914E+00  0.4211696881E+01  0.9988000330E+00
  0.9997186808E+00  0.4211768848E+01  0.9988143082E+00
  0.9997220702E+00  0.4211840815E+01  0.9988285837E+00
  0.9997254596E+00  0.4211912783E+01  0.9988428594E+00
  0.9997288490E+00  0.4211984752E+01  0.9988571353E+00
  0.9997322384E+00  0.4212056721E+01  0.9988714115E+00
  0.9997356277E+00  0.4212128690E+01  0.9988856879E+00
  0.9997390171E+00  0.4212200659E+01  0.9988999645E+00
  0.9997424065E+00  0.4212272629E+01  0.9989142414E+00
  0.9997457959E+00  0.4212344599E+01  0.9989285186E+00
  0.9997491853E+00  0.4212416570E+01  0.9989427960E+00
  0.9997525747E+00  0.4212488541E+01  0.9989570736E+00
  0.9997559641E+00  0.4212560512E+01  0.9989713515E+00
  0.9997593535E+00  0.4212632484E+01  0.9989856296E+00
  0.9997627428E+00  0.4212704456E+01  0.9989999080E+00
  0.9997661322E+00  0.4212776429E+01  0.9990141866E+00
  0.9997695216E+00  0.4212848401E+01  0.9990284655E+00
  0.9997729110E+00  0.4212920375E+01  0.9990427446E+00
  0.9997763004E+00  0.4212992348E+01  0.9990570239E+00
  0.9997796898E+00  0.4213064322E+01  0.9990713035E+00
  0.9997830792E+00  0.4213136296E+01  0.9990855833E+00
  0.9997864686E+00  0.4213208271E+01  0.9990998634E+00
  0.9997898579E+00  0.4213280246E+01  0.9991141437E+00
  0.9997932473E+00  0.4213352221E+01  0.9991284243E+00
  0.9997966367E+00  0.4213424197E+01  0.9991427051E+00
  0.9998000261E+00  0.4213496173E+01  0.9991569861E+00
  0.9998034155E+00  0.4213568150E+01  0.9991712674E+00
  0.9998068049E+00  0.4213640126E+01  0.9991855490E+00
  0.9998101943E+00  0.4213712103E+01  0.9991998308E+00
  0.9998135837E+00  0.4213784081E+01  0.9992141128E+00
  0.9998169731E+00  0.4213856059E+01  0.9992283951E+00
  0.9998203624E+00  0.4213928037E+01  0.9992426776E+00
  0.9998237518E+00  0.4214000015E+01  0.9992569603E+00
  0.9998271412E+00  0.4214071994E+01  0.9992712433E+00
  0.9998305306E+00  0.4214143974E+01  0.9992855266E+00
  0.9998339200E+00  0.4214215953E+01  0.9992998101E+00
  0.9998373094E+00  0.4214287933E+01  0.9993140938E+00
  0.9998406988E+00  0.4214359913E+01  0.9993283778E+00
  0.9998440882E+00  0.4214431894E+01  0.9993426620E+00
  0.9998474775E+00  0.4214503875E+01  0.9993569465E+00
  0.9998508669E+00  0.4214575856E+01  0.9993712312E+00
  0.9998542563E+00  0.4214647838E+01  0.9993855161E+00
  0.9998576457E+00  0.4214719820E+01  0.9993998013E+00
  0.9998610351E+00  0.4214791802E+01  0.9994140868E+00
  0.9998644245E+00  0.4214863785E+01  0.9994283725E+00
  0.9998678139E+00  0.4214935768E+01  0.9994426584E+00
  0.9998712033E+00  0.4215007751E+01  0.9994569446E+00
  0.9998745926E+00  0.4215079735E+01  0.9994712310E+00
  0.9998779820E+00  0.4215151719E+01  0.9994855177E+00
  0.9998813714E+00  0.4215223704E+01  0.9994998046E+00
  0.9998847608E+00  0.4215295688E+01  0.9995140917E+00
  0.9998881502E+00  0.4215367673E+01  0.9995283791E+00
  0.9998915396E+00  0.4215439659E+01  0.9995426667E+00
  0.9998949290E+00  0.4215511644E+01  0.9995569546E+00
  0.9998983184E+00  0.4215583630E+01  0.9995712428E+00
  0.9999017077E+00  0.4215655617E+01  0.9995855311E+00
  0.9999050971E+00  0.4215727603E+01  0.9995998197E+00
  0.9999084865E+00  0.4215799591E+01  0.9996141086E+00
  0.9999118759E+00  0.4215871578E+01  0.9996283977E+00
  0.9999152653E+00  0.4215943566E+01  0.9996426870E+00
  0.9999186547E+00  0.4216015554E+01  0.9996569766E+00
  0.9999220441E+00  0.4216087542E+01  0.9996712665E+00
  0.9999254335E+00  0.4216159531E+01  0.9996855565E+00
  0.9999288229E+00  0.4216231520E+01  0.9996998469E+00
  0.9999322122E+00  0.4216303509E+01  0.9997141374E+00
  0.9999356016E+00  0.4216375499E+01  0.9997284282E+00
  0.9999389910E+00  0.4216447489E+01  0.9997427193E+00
  0.9999423804E+00  0.4216519479E+01  0.9997570106E+00
  0.9999457698E+00  0.4216591469E+01  0.9997713021E+00
  0.9999491592E+00  0.4216663460E+01  0.9997855939E+00
  0.9999525486E+00  0.4216735452E+01  0.9997998860E+00
  0.9999559380E+00  0.4216807443E+01  0.9998141782E+00
  0.9999593273E+00  0.4216879435E+01  0.9998284708E+00
  0.9999627167E+00  0.4216951427E+01  0.9998427635E+00
  0.9999661061E+00  0.4217023420E+01  0.9998570565E+00
  0.9999694955E+00  0.4217095413E+01  0.9998713498E+00
  0.9999728849E+00  0.4217167406E+01  0.9998856433E+00
  0.9999762743E+00  0.4217239399E+01  0.9998999370E+00
  0.9999796637E+00  0.4217311393E+01  0.9999142310E+00
  0.9999830531E+00  0.4217383387E+01  0.9999285252E+00
  0.9999864424E+00  0.4217455381E+01  0.9999428197E+00
  0.9999898318E+00  0.4217527376E+01  0.9999571144E+00
  0.9999932212E+00  0.4217599371E+01  0.9999714094E+00
  0.9999966106E+00  0.4217671366E+01  0.9999857046E+00
  0.1000000000E+01  0.4217740570E+01  0.1000000000E+01
  0.1000000000E+01  0.4217740570E+01  0.1000000000E+01
