  0.0000000000E+00  0.4217743141E+01 -0.1000000000E+01
  0.6996492144E-18  0.4217743141E+01 -0.1000000000E+01
  0.3389387958E-05  0.4217725821E+01 -0.9999857045E+00
  0.6778775916E-05  0.4217708501E+01 -0.9999714090E+00
  0.1016816387E-04  0.4217691181E+01 -0.9999571136E+00
  0.1355755183E-04  0.4217673862E+01 -0.9999428182E+00
  0.1694693979E-04  0.4217656543E+01 -0.9999285229E+00
  0.2033632775E-04  0.4217639225E+01 -0.9999142276E+00
  0.2372571571E-04  0.4217621906E+01 -0.9998999325E+00
  0.2711510367E-04  0.4217604588E+01 -0.9998856373E+00
  0.3050449162E-04  0.4217587270E+01 -0.9998713423E+00
  0.3389387958E-04  0.4217569953E+01 -0.9998570473E+00
  0.3728326754E-04  0.4217552636E+01 -0.9998427523E+00
  0.4067265550E-04  0.4217535319E+01 -0.9998284574E+00
  0.4406204346E-04  0.4217518002E+01 -0.9998141626E+00
  0.4745143141E-04  0.4217500686E+01 -0.9997998678E+00
  0.5084081937E-04  0.4217483370E+01 -0.9997855731E+00
  0.5423020733E-04  0.4217466055E+01 -0.9997712784E+00
  0.5761959529E-04  0.4217448739E+01 -0.9997569838E+00
  0.6100898325E-04  0.4217431424E+01 -0.9997426893E+00
  0.6439837120E-04  0.4217414109E+01 -0.9997283948E+00
  0.6778775916E-04  0.4217396795E+01 -0.9997141004E+00
  0.7117714712E-04  0.4217379481E+01 -0.9996998060E+00
  0.7456653508E-04  0.4217362167E+01 -0.9996855117E+00
  0.7795592304E-04  0.4217344854E+01 -0.9996712175E+00
  0.8134531100E-04  0.4217327540E+01 -0.9996569233E+00
  0.8473469895E-04  0.4217310227E+01 -0.9996426291E+00
  0.8812408691E-04  0.4217292915E+01 -0.9996283351E+00
  0.9151347487E-04  0.4217275603E+01 -0.9996140411E+00
  0.9490286283E-04  0.4217258291E+01 -0.9995997471E+00
  0.9829225079E-04  0.4217240979E+01 -0.9995854532E+00
  0.1016816387E-03  0.4217223667E+01 -0.9995711594E+00
  0.1050710267E-03  0.4217206356E+01 -0.9995568656E+00
  0.1084604147E-03  0.4217189045E+01 -0.9995425719E+00
  0.1118498026E-03  0.4217171735E+01 -0.9995282782E+00
  0.1152391906E-03  0.4217154425E+01 -0.9995139846E+00
  0.1186285785E-03  0.4217137115E+01 -0.9994996911E+00
  0.1220179665E-03  0.4217119805E+01 -0.9994853976E+00
  0.1254073545E-03  0.4217102496E+01 -0.9994711042E+00
  0.1287967424E-03  0.4217085187E+01 -0.9994568108E+00
  0.1321861304E-03  0.4217067878E+01 -0.9994425175E+00
  0.1355755183E-03  0.4217050570E+01 -0.9994282242E+00
  0.1389649063E-03  0.4217033262E+01 -0.9994139310E+00
  0.1423542942E-03  0.4217015954E+01 -0.9993996379E+00
  0.1457436822E-03  0.4216998646E+01 -0.9993853448E+00
  0.1491330702E-03  0.4216981339E+01 -0.9993710518E+00
  0.1525224581E-03  0.4216964032E+01 -0.9993567589E+00
  0.1559118461E-03  0.4216946726E+01 -0.9993424660E+00
  0.1593012340E-03  0.4216929419E+01 -0.9993281731E+00
  0.1626906220E-03  0.4216912113E+01 -0.9993138804E+00
  0.1660800099E-03  0.4216894808E+01 -0.9992995876E+00
  0.1694693979E-03  0.4216877502E+01 -0.9992852950E+00
  0.1728587859E-03  0.4216860197E+01 -0.9992710024E+00
  0.1762481738E-03  0.4216842892E+01 -0.9992567098E+00
  0.1796375618E-03  0.4216825588E+01 -0.9992424173E+00
  0.1830269497E-03  0.4216808283E+01 -0.9992281249E+00
  0.1864163377E-03  0.4216790979E+01 -0.9992138325E+00
  0.1898057257E-03  0.4216773676E+01 -0.9991995402E+00
  0.1931951136E-03  0.4216756372E+01 -0.9991852480E+00
  0.1965845016E-03  0.4216739069E+01 -0.9991709558E+00
  0.1999738895E-03  0.4216721767E+01 -0.9991566636E+00
  0.2033632775E-03  0.4216704464E+01 -0.9991423716E+00
  0.2067526654E-03  0.4216687162E+01 -0.9991280795E+00
  0.2101420534E-03  0.4216669860E+01 -0.9991137876E+00
  0.2135314414E-03  0.4216652559E+01 -0.9990994957E+00
  0.2169208293E-03  0.4216635257E+01 -0.9990852038E+00
  0.2203102173E-03  0.4216617956E+01 -0.9990709121E+00
  0.2236996052E-03  0.4216600656E+01 -0.9990566203E+00
  0.2270889932E-03  0.4216583355E+01 -0.9990423287E+00
  0.2304783812E-03  0.4216566055E+01 -0.9990280371E+00
  0.2338677691E-03  0.4216548755E+01 -0.9990137455E+00
  0.2372571571E-03  0.4216531456E+01 -0.9989994540E+00
  0.2406465450E-03  0.4216514157E+01 -0.9989851626E+00
  0.2440359330E-03  0.4216496858E+01 -0.9989708712E+00
  0.2474253209E-03  0.4216479559E+01 -0.9989565799E+00
  0.2508147089E-03  0.4216462261E+01 -0.9989422886E+00
  0.2542040969E-03  0.4216444963E+01 -0.9989279975E+00
  0.2575934848E-03  0.4216427665E+01 -0.9989137063E+00
  0.2609828728E-03  0.4216410367E+01 -0.9988994152E+00
  0.2643722607E-03  0.4216393070E+01 -0.9988851242E+00
  0.2677616487E-03  0.4216375773E+01 -0.9988708332E+00
  0.2711510367E-03  0.4216358477E+01 -0.9988565423E+00
  0.2745404246E-03  0.4216341180E+01 -0.9988422515E+00
  0.2779298126E-03  0.4216323884E+01 -0.9988279607E+00
  0.2813192005E-03  0.4216306589E+01 -0.9988136700E+00
  0.2847085885E-03  0.4216289293E+01 -0.9987993793E+00
  0.2880979764E-03  0.4216271998E+01 -0.9987850887E+00
  0.2914873644E-03  0.4216254703E+01 -0.9987707982E+00
  0.2948767524E-03  0.4216237409E+01 -0.9987565077E+00
  0.2982661403E-03  0.4216220114E+01 -0.9987422172E+00
  0.3016555283E-03  0.4216202820E+01 -0.9987279268E+00
  0.3050449162E-03  0.4216185527E+01 -0.9987136365E+00
  0.3084343042E-03  0.4216168233E+01 -0.9986993463E+00
  0.3118236921E-03  0.4216150940E+01 -0.9986850561E+00
  0.3152130801E-03  0.4216133648E+01 -0.9986707659E+00
  0.3186024681E-03  0.4216116355E+01 -0.9986564758E+00
  0.3219918560E-03  0.4216099063E+01 -0.9986421858E+00
  0.3253812440E-03  0.4216081771E+01 -0.9986278959E+00
  0.3287706319E-03  0.4216064479E+01 -0.9986136059E+00
  0.3321600199E-03  0.4216047188E+01 -0.9985993161E+00
  0.3355494079E-03  0.4216029897E+01 -0.9985850263E+00
  0.3389387958E-03  0.4216012606E+01 -0.9985707366E+00
  0.3423624200E-03  0.4215995141E+01 -0.9985563026E+00
  0.3458206263E-03  0.4215977500E+01 -0.9985417228E+00
  0.3493137639E-03  0.4215959680E+01 -0.9985269959E+00
  0.3528421858E-03  0.4215941682E+01 -0.9985121202E+00
  0.3564062483E-03  0.4215923501E+01 -0.9984970944E+00
  0.3600063114E-03  0.4215905138E+01 -0.9984819168E+00
  0.3636427388E-03  0.4215886589E+01 -0.9984665860E+00
  0.3673158977E-03  0.4215867853E+01 -0.9984511004E+00
  0.3710261593E-03  0.4215848928E+01 -0.9984354585E+00
  0.3747738983E-03  0.4215829813E+01 -0.9984196586E+00
  0.3785594932E-03  0.4215810504E+01 -0.9984036992E+00
  0.3823833265E-03  0.4215791001E+01 -0.9983875787E+00
  0.3862457844E-03  0.4215771302E+01 -0.9983712954E+00
  0.3901472569E-03  0.4215751404E+01 -0.9983548477E+00
  0.3940881383E-03  0.4215731305E+01 -0.9983382340E+00
  0.3980688266E-03  0.4215711004E+01 -0.9983214525E+00
  0.4020897238E-03  0.4215690497E+01 -0.9983045016E+00
  0.4061512362E-03  0.4215669785E+01 -0.9982873796E+00
  0.4102537739E-03  0.4215648863E+01 -0.9982700847E+00
  0.4143977514E-03  0.4215627731E+01 -0.9982526152E+00
  0.4185835873E-03  0.4215606385E+01 -0.9982349693E+00
  0.4228117043E-03  0.4215584824E+01 -0.9982171453E+00
  0.4270825296E-03  0.4215563046E+01 -0.9981991413E+00
  0.4313964946E-03  0.4215541049E+01 -0.9981809556E+00
  0.4357540349E-03  0.4215518829E+01 -0.9981625862E+00
  0.4401555908E-03  0.4215496386E+01 -0.9981440314E+00
  0.4446016069E-03  0.4215473717E+01 -0.9981252893E+00
  0.4490925322E-03  0.4215450819E+01 -0.9981063580E+00
  0.4536288204E-03  0.4215427690E+01 -0.9980872355E+00
  0.4582109297E-03  0.4215404328E+01 -0.9980679200E+00
  0.4628393230E-03  0.4215380731E+01 -0.9980484095E+00
  0.4675144676E-03  0.4215356896E+01 -0.9980287021E+00
  0.4722368360E-03  0.4215332820E+01 -0.9980087957E+00
  0.4770069051E-03  0.4215308502E+01 -0.9979886883E+00
  0.4818251566E-03  0.4215283939E+01 -0.9979683779E+00
  0.4866920774E-03  0.4215259128E+01 -0.9979478625E+00
  0.4916081590E-03  0.4215234068E+01 -0.9979271401E+00
  0.4965738980E-03  0.4215208755E+01 -0.9979062084E+00
  0.5015897959E-03  0.4215183186E+01 -0.9978850654E+00
  0.5066563595E-03  0.4215157361E+01 -0.9978637089E+00
  0.5117741005E-03  0.4215131274E+01 -0.9978421369E+00
  0.5169435359E-03  0.4215104926E+01 -0.9978203471E+00
  0.5221651878E-03  0.4215078311E+01 -0.9977983374E+00
  0.5274395836E-03  0.4215051428E+01 -0.9977761055E+00
  0.5327672562E-03  0.4215024275E+01 -0.9977536491E+00
  0.5381487436E-03  0.4214996848E+01 -0.9977309661E+00
  0.5435845895E-03  0.4214969145E+01 -0.9977080541E+00
  0.5490753429E-03  0.4214941162E+01 -0.9976849108E+00
  0.5546215585E-03  0.4214912898E+01 -0.9976615339E+00
  0.5602237965E-03  0.4214884349E+01 -0.9976379211E+00
  0.5658826227E-03  0.4214855512E+01 -0.9976140699E+00
  0.5715986088E-03  0.4214826385E+01 -0.9975899779E+00
  0.5773723321E-03  0.4214796964E+01 -0.9975656427E+00
  0.5832043759E-03  0.4214767247E+01 -0.9975410619E+00
  0.5890953291E-03  0.4214737231E+01 -0.9975162330E+00
  0.5950457870E-03  0.4214706912E+01 -0.9974911535E+00
  0.6010563505E-03  0.4214676288E+01 -0.9974658208E+00
  0.6071276268E-03  0.4214645355E+01 -0.9974402325E+00
  0.6132602291E-03  0.4214614111E+01 -0.9974143858E+00
  0.6194547769E-03  0.4214582552E+01 -0.9973882783E+00
  0.6257118958E-03  0.4214550676E+01 -0.9973619072E+00
  0.6320322180E-03  0.4214518478E+01 -0.9973352700E+00
  0.6384163818E-03  0.4214485956E+01 -0.9973083640E+00
  0.6448650321E-03  0.4214453107E+01 -0.9972811863E+00
  0.6513788203E-03  0.4214419926E+01 -0.9972537344E+00
  0.6579584044E-03  0.4214386412E+01 -0.9972260053E+00
  0.6646044489E-03  0.4214352560E+01 -0.9971979965E+00
  0.6713176251E-03  0.4214318367E+01 -0.9971697049E+00
  0.6780986112E-03  0.4214283830E+01 -0.9971411278E+00
  0.6849480921E-03  0.4214248945E+01 -0.9971122622E+00
  0.6918667597E-03  0.4214213709E+01 -0.9970831054E+00
  0.6988553129E-03  0.4214178118E+01 -0.9970536542E+00
  0.7059144575E-03  0.4214142169E+01 -0.9970239059E+00
  0.7130449065E-03  0.4214105858E+01 -0.9969938573E+00
  0.7202473803E-03  0.4214069181E+01 -0.9969635054E+00
  0.7275226064E-03  0.4214032135E+01 -0.9969328472E+00
  0.7348713196E-03  0.4213994717E+01 -0.9969018797E+00
  0.7422942622E-03  0.4213956921E+01 -0.9968705996E+00
  0.7497921840E-03  0.4213918745E+01 -0.9968390038E+00
  0.7573658425E-03  0.4213880185E+01 -0.9968070892E+00
  0.7650160025E-03  0.4213841236E+01 -0.9967748524E+00
  0.7727434369E-03  0.4213801896E+01 -0.9967422904E+00
  0.7805489261E-03  0.4213762159E+01 -0.9967093998E+00
  0.7884332587E-03  0.4213722023E+01 -0.9966761772E+00
  0.7963972310E-03  0.4213681482E+01 -0.9966426194E+00
  0.8044416475E-03  0.4213640534E+01 -0.9966087230E+00
  0.8125673207E-03  0.4213599173E+01 -0.9965744845E+00
  0.8207750714E-03  0.4213557397E+01 -0.9965399005E+00
  0.8290657287E-03  0.4213515199E+01 -0.9965049675E+00
  0.8374401300E-03  0.4213472578E+01 -0.9964696820E+00
  0.8458991212E-03  0.4213429527E+01 -0.9964340405E+00
  0.8544435568E-03  0.4213386043E+01 -0.9963980393E+00
  0.8630742998E-03  0.4213342121E+01 -0.9963616748E+00
  0.8717922220E-03  0.4213297758E+01 -0.9963249434E+00
  0.8805982040E-03  0.4213252948E+01 -0.9962878414E+00
  0.8894931354E-03  0.4213207688E+01 -0.9962503650E+00
  0.8984779145E-03  0.4213161972E+01 -0.9962125105E+00
  0.9075534490E-03  0.4213115796E+01 -0.9961742740E+00
  0.9167206556E-03  0.4213069155E+01 -0.9961356517E+00
  0.9259804602E-03  0.4213022046E+01 -0.9960966397E+00
  0.9353337982E-03  0.4212974462E+01 -0.9960572341E+00
  0.9447816143E-03  0.4212926400E+01 -0.9960174309E+00
  0.9543248629E-03  0.4212877855E+01 -0.9959772262E+00
  0.9639645080E-03  0.4212828821E+01 -0.9959366157E+00
  0.9737015233E-03  0.4212779294E+01 -0.9958955956E+00
  0.9835368922E-03  0.4212729268E+01 -0.9958541616E+00
  0.9934716083E-03  0.4212678740E+01 -0.9958123096E+00
  0.1003506675E-02  0.4212627704E+01 -0.9957700353E+00
  0.1013643106E-02  0.4212576154E+01 -0.9957273346E+00
  0.1023881925E-02  0.4212524086E+01 -0.9956842031E+00
  0.1034224167E-02  0.4212471494E+01 -0.9956406364E+00
  0.1044670876E-02  0.4212418373E+01 -0.9955966302E+00
  0.1055223107E-02  0.4212364718E+01 -0.9955521801E+00
  0.1065881926E-02  0.4212310524E+01 -0.9955072815E+00
  0.1076648410E-02  0.4212255785E+01 -0.9954619300E+00
  0.1087523647E-02  0.4212200495E+01 -0.9954161211E+00
  0.1098508734E-02  0.4212144650E+01 -0.9953698500E+00
  0.1109604782E-02  0.4212088243E+01 -0.9953231121E+00
  0.1120812911E-02  0.4212031269E+01 -0.9952759028E+00
  0.1132134253E-02  0.4211973723E+01 -0.9952282173E+00
  0.1143569953E-02  0.4211915598E+01 -0.9951800508E+00
  0.1155121165E-02  0.4211856888E+01 -0.9951313984E+00
  0.1166789055E-02  0.4211797589E+01 -0.9950822552E+00
  0.1178574803E-02  0.4211737693E+01 -0.9950326164E+00
  0.1190479599E-02  0.4211677196E+01 -0.9949824769E+00
  0.1202504646E-02  0.4211616090E+01 -0.9949318317E+00
  0.1214651157E-02  0.4211554370E+01 -0.9948806756E+00
  0.1226920361E-02  0.4211492030E+01 -0.9948290035E+00
  0.1239313496E-02  0.4211429064E+01 -0.9947768103E+00
  0.1251831814E-02  0.4211365464E+01 -0.9947240907E+00
  0.1264476580E-02  0.4211301226E+01 -0.9946708394E+00
  0.1277249070E-02  0.4211236342E+01 -0.9946170510E+00
  0.1290150576E-02  0.4211170807E+01 -0.9945627202E+00
  0.1303182400E-02  0.4211104612E+01 -0.9945078413E+00
  0.1316345859E-02  0.4211037753E+01 -0.9944524091E+00
  0.1329642282E-02  0.4210970222E+01 -0.9943964178E+00
  0.1343073012E-02  0.4210902013E+01 -0.9943398619E+00
  0.1356639406E-02  0.4210833118E+01 -0.9942827356E+00
  0.1370342834E-02  0.4210763531E+01 -0.9942250332E+00
  0.1384184681E-02  0.4210693245E+01 -0.9941667489E+00
  0.1398166344E-02  0.4210622254E+01 -0.9941078769E+00
  0.1412289237E-02  0.4210550549E+01 -0.9940484113E+00
  0.1426554785E-02  0.4210478179E+01 -0.9939883460E+00
  0.1440964429E-02  0.4210405104E+01 -0.9939276750E+00
  0.1455519625E-02  0.4210331298E+01 -0.9938663923E+00
  0.1470221844E-02  0.4210256753E+01 -0.9938044916E+00
  0.1485072569E-02  0.4210181462E+01 -0.9937419668E+00
  0.1500073302E-02  0.4210105417E+01 -0.9936788116E+00
  0.1515225558E-02  0.4210028611E+01 -0.9936150196E+00
  0.1530530867E-02  0.4209951037E+01 -0.9935505844E+00
  0.1545990774E-02  0.4209872686E+01 -0.9934854995E+00
  0.1561606843E-02  0.4209793552E+01 -0.9934197585E+00
  0.1577380649E-02  0.4209713626E+01 -0.9933533546E+00
  0.1593313787E-02  0.4209632901E+01 -0.9932862813E+00
  0.1609407866E-02  0.4209551369E+01 -0.9932185318E+00
  0.1625664511E-02  0.4209469021E+01 -0.9931500993E+00
  0.1642085364E-02  0.4209385850E+01 -0.9930809769E+00
  0.1658672085E-02  0.4209301848E+01 -0.9930111577E+00
  0.1675426349E-02  0.4209217005E+01 -0.9929406347E+00
  0.1692349847E-02  0.4209131315E+01 -0.9928694007E+00
  0.1709444290E-02  0.4209044769E+01 -0.9927974487E+00
  0.1726711404E-02  0.4208957358E+01 -0.9927247714E+00
  0.1744152934E-02  0.4208869073E+01 -0.9926513615E+00
  0.1761770640E-02  0.4208779907E+01 -0.9925772117E+00
  0.1779566303E-02  0.4208689850E+01 -0.9925023145E+00
  0.1797541720E-02  0.4208598893E+01 -0.9924266623E+00
  0.1815698707E-02  0.4208507029E+01 -0.9923502477E+00
  0.1834039098E-02  0.4208414247E+01 -0.9922730629E+00
  0.1852564746E-02  0.4208320538E+01 -0.9921951001E+00
  0.1871277521E-02  0.4208225895E+01 -0.9921163517E+00
  0.1890179314E-02  0.4208130307E+01 -0.9920368095E+00
  0.1909272034E-02  0.4208033765E+01 -0.9919564658E+00
  0.1928557610E-02  0.4207936259E+01 -0.9918753124E+00
  0.1948037990E-02  0.4207837781E+01 -0.9917933412E+00
  0.1967715142E-02  0.4207738300E+01 -0.9917105439E+00
  0.1987591052E-02  0.4207637794E+01 -0.9916269122E+00
  0.2007667730E-02  0.4207536284E+01 -0.9915424379E+00
  0.2027947202E-02  0.4207433760E+01 -0.9914571123E+00
  0.2048431517E-02  0.4207330213E+01 -0.9913709270E+00
  0.2069122744E-02  0.4207225631E+01 -0.9912838732E+00
  0.2090022974E-02  0.4207120006E+01 -0.9911959423E+00
  0.2111134317E-02  0.4207013326E+01 -0.9911071255E+00
  0.2132458906E-02  0.4206905581E+01 -0.9910174138E+00
  0.2153998895E-02  0.4206796761E+01 -0.9909267983E+00
  0.2175756460E-02  0.4206686855E+01 -0.9908352698E+00
  0.2197733798E-02  0.4206575853E+01 -0.9907428193E+00
  0.2219933129E-02  0.4206463743E+01 -0.9906494374E+00
  0.2242356696E-02  0.4206350515E+01 -0.9905551147E+00
  0.2265006764E-02  0.4206236157E+01 -0.9904598419E+00
  0.2287885620E-02  0.4206120660E+01 -0.9903636093E+00
  0.2310995576E-02  0.4206004010E+01 -0.9902664074E+00
  0.2334338965E-02  0.4205886197E+01 -0.9901682264E+00
  0.2357918147E-02  0.4205767210E+01 -0.9900690564E+00
  0.2381735502E-02  0.4205647037E+01 -0.9899688876E+00
  0.2405793436E-02  0.4205525666E+01 -0.9898677099E+00
  0.2430094380E-02  0.4205403085E+01 -0.9897655132E+00
  0.2454640788E-02  0.4205279284E+01 -0.9896622871E+00
  0.2479435139E-02  0.4205154249E+01 -0.9895580215E+00
  0.2504479939E-02  0.4205027968E+01 -0.9894527058E+00
  0.2529777716E-02  0.4204900429E+01 -0.9893463296E+00
  0.2555331026E-02  0.4204771621E+01 -0.9892388821E+00
  0.2581142450E-02  0.4204641530E+01 -0.9891303527E+00
  0.2607214596E-02  0.4204510143E+01 -0.9890207303E+00
  0.2633550097E-02  0.4204377449E+01 -0.9889100042E+00
  0.2660151614E-02  0.4204243434E+01 -0.9887981632E+00
  0.2687021832E-02  0.4204108085E+01 -0.9886851961E+00
  0.2714163467E-02  0.4203971389E+01 -0.9885710915E+00
  0.2741579259E-02  0.4203833334E+01 -0.9884558382E+00
  0.2769271979E-02  0.4203693904E+01 -0.9883394246E+00
  0.2797244423E-02  0.4203553088E+01 -0.9882218390E+00
  0.2825499417E-02  0.4203410872E+01 -0.9881030696E+00
  0.2854039815E-02  0.4203267241E+01 -0.9879831046E+00
  0.2882868500E-02  0.4203122182E+01 -0.9878619321E+00
  0.2911988384E-02  0.4202975681E+01 -0.9877395398E+00
  0.2941402408E-02  0.4202827724E+01 -0.9876159155E+00
  0.2971113544E-02  0.4202678296E+01 -0.9874910469E+00
  0.3001124792E-02  0.4202527383E+01 -0.9873649216E+00
  0.3031439184E-02  0.4202374830E+01 -0.9872375268E+00
  0.3062059781E-02  0.4202220503E+01 -0.9871088500E+00
  0.3092989678E-02  0.4202064630E+01 -0.9869788781E+00
  0.3124231998E-02  0.4201907197E+01 -0.9868475983E+00
  0.3155789897E-02  0.4201748187E+01 -0.9867149975E+00
  0.3187666563E-02  0.4201587585E+01 -0.9865810623E+00
  0.3219865215E-02  0.4201425375E+01 -0.9864457795E+00
  0.3252389106E-02  0.4201261541E+01 -0.9863091354E+00
  0.3285241521E-02  0.4201096065E+01 -0.9861711166E+00
  0.3318425779E-02  0.4200928933E+01 -0.9860317091E+00
  0.3351945231E-02  0.4200760126E+01 -0.9858908991E+00
  0.3385803264E-02  0.4200589687E+01 -0.9857486725E+00
  0.3420003297E-02  0.4200418661E+01 -0.9856050151E+00
  0.3454548785E-02  0.4200245956E+01 -0.9854599126E+00
  0.3489443217E-02  0.4200071558E+01 -0.9853133504E+00
  0.3524690118E-02  0.4199895449E+01 -0.9851653140E+00
  0.3560293049E-02  0.4199717614E+01 -0.9850157886E+00
  0.3596255605E-02  0.4199538037E+01 -0.9848647593E+00
  0.3632581419E-02  0.4199356700E+01 -0.9847122109E+00
  0.3669274160E-02  0.4199173587E+01 -0.9845581284E+00
  0.3706337536E-02  0.4198988682E+01 -0.9844024962E+00
  0.3743775289E-02  0.4198801966E+01 -0.9842452990E+00
  0.3781591201E-02  0.4198613424E+01 -0.9840865211E+00
  0.3819789092E-02  0.4198423038E+01 -0.9839261465E+00
  0.3858372820E-02  0.4198230790E+01 -0.9837641594E+00
  0.3897346283E-02  0.4198036663E+01 -0.9836005436E+00
  0.3936713417E-02  0.4197840639E+01 -0.9834352828E+00
  0.3976478199E-02  0.4197642701E+01 -0.9832683605E+00
  0.4016644645E-02  0.4197442829E+01 -0.9830997601E+00
  0.4057216813E-02  0.4197241006E+01 -0.9829294649E+00
  0.4098198801E-02  0.4197037214E+01 -0.9827574578E+00
  0.4139594749E-02  0.4196831433E+01 -0.9825837217E+00
  0.4181408837E-02  0.4196623646E+01 -0.9824082394E+00
  0.4223645290E-02  0.4196413832E+01 -0.9822309933E+00
  0.4266308374E-02  0.4196201973E+01 -0.9820519659E+00
  0.4309402398E-02  0.4195988050E+01 -0.9818711393E+00
  0.4352931715E-02  0.4195772043E+01 -0.9816884955E+00
  0.4396900722E-02  0.4195553932E+01 -0.9815040163E+00
  0.4441313861E-02  0.4195333698E+01 -0.9813176835E+00
  0.4486175617E-02  0.4195111320E+01 -0.9811294784E+00
  0.4531490522E-02  0.4194886778E+01 -0.9809393825E+00
  0.4577263154E-02  0.4194660051E+01 -0.9807473766E+00
  0.4623498135E-02  0.4194431120E+01 -0.9805534419E+00
  0.4670200136E-02  0.4194199962E+01 -0.9803575590E+00
  0.4717373875E-02  0.4193966558E+01 -0.9801597084E+00
  0.4765024116E-02  0.4193730884E+01 -0.9799598705E+00
  0.4813155673E-02  0.4193492921E+01 -0.9797580254E+00
  0.4861773407E-02  0.4193252647E+01 -0.9795541531E+00
  0.4910882230E-02  0.4193010038E+01 -0.9793482334E+00
  0.4960487101E-02  0.4192765377E+01 -0.9791402457E+00
  0.5010593031E-02  0.4192524152E+01 -0.9789301694E+00
  0.5061205082E-02  0.4192283621E+01 -0.9787179832E+00
  0.5112328365E-02  0.4192041019E+01 -0.9785036661E+00
  0.5163968046E-02  0.4191796333E+01 -0.9782871968E+00
  0.5216129339E-02  0.4191549551E+01 -0.9780685537E+00
  0.5268817514E-02  0.4191300661E+01 -0.9778477151E+00
  0.5322037893E-02  0.4191049649E+01 -0.9776246592E+00
  0.5375795852E-02  0.4190796504E+01 -0.9773993637E+00
  0.5430096820E-02  0.4190541212E+01 -0.9771718064E+00
  0.5484946283E-02  0.4190283760E+01 -0.9769419645E+00
  0.5540349781E-02  0.4190024137E+01 -0.9767098153E+00
  0.5596312910E-02  0.4189762330E+01 -0.9764753358E+00
  0.5652841323E-02  0.4189498326E+01 -0.9762385026E+00
  0.5709940730E-02  0.4189232113E+01 -0.9759992923E+00
  0.5767616899E-02  0.4188967122E+01 -0.9757576811E+00
  0.5825875656E-02  0.4188700206E+01 -0.9755136449E+00
  0.5884722885E-02  0.4188431181E+01 -0.9752671594E+00
  0.5944164530E-02  0.4188160039E+01 -0.9750182002E+00
  0.6004206596E-02  0.4187886771E+01 -0.9747667426E+00
  0.6064855147E-02  0.4187611369E+01 -0.9745127617E+00
  0.6126116310E-02  0.4187333824E+01 -0.9742562323E+00
  0.6187996273E-02  0.4187054129E+01 -0.9739971289E+00
  0.6250501286E-02  0.4186772273E+01 -0.9737354258E+00
  0.6313637663E-02  0.4186488249E+01 -0.9734710972E+00
  0.6377411780E-02  0.4186204828E+01 -0.9732041166E+00
  0.6441830081E-02  0.4185919910E+01 -0.9729344576E+00
  0.6506899072E-02  0.4185632924E+01 -0.9726620933E+00
  0.6572625325E-02  0.4185343865E+01 -0.9723869969E+00
  0.6639015480E-02  0.4185052728E+01 -0.9721091409E+00
  0.6706076242E-02  0.4184757087E+01 -0.9718284980E+00
  0.6773814386E-02  0.4184456314E+01 -0.9715450405E+00
  0.6842236754E-02  0.4184153252E+01 -0.9712587404E+00
  0.6911350256E-02  0.4183847890E+01 -0.9709695695E+00
  0.6981161875E-02  0.4183540217E+01 -0.9706774991E+00
  0.7051678662E-02  0.4183230224E+01 -0.9703825002E+00
  0.7122907739E-02  0.4182917900E+01 -0.9700845437E+00
  0.7194856302E-02  0.4182603234E+01 -0.9697836001E+00
  0.7267531618E-02  0.4182286215E+01 -0.9694796396E+00
  0.7340941029E-02  0.4181966832E+01 -0.9691726321E+00
  0.7415091948E-02  0.4181645074E+01 -0.9688625474E+00
  0.7489991867E-02  0.4181320929E+01 -0.9685493546E+00
  0.7565648350E-02  0.4180994385E+01 -0.9682330229E+00
  0.7642069041E-02  0.4180665430E+01 -0.9679135210E+00
  0.7719261657E-02  0.4180334051E+01 -0.9675908173E+00
  0.7797233997E-02  0.4180000235E+01 -0.9672648799E+00
  0.7875993937E-02  0.4179663968E+01 -0.9669356766E+00
  0.7955549431E-02  0.4179325237E+01 -0.9666031748E+00
  0.8035908516E-02  0.4178984026E+01 -0.9662673418E+00
  0.8117079309E-02  0.4178640320E+01 -0.9659281443E+00
  0.8199070009E-02  0.4178294104E+01 -0.9655855488E+00
  0.8281888898E-02  0.4177945361E+01 -0.9652395216E+00
  0.8365544342E-02  0.4177594074E+01 -0.9648900284E+00
  0.8450044790E-02  0.4177239410E+01 -0.9645370348E+00
  0.8535398777E-02  0.4176869111E+01 -0.9641805066E+00
  0.8621614927E-02  0.4176495744E+01 -0.9638204091E+00
  0.8708701946E-02  0.4176119277E+01 -0.9634567069E+00
  0.8796668632E-02  0.4175742181E+01 -0.9630893642E+00
  0.8885523871E-02  0.4175380492E+01 -0.9627183437E+00
  0.8975276638E-02  0.4175020985E+01 -0.9623436078E+00
  0.9065935997E-02  0.4174659070E+01 -0.9619651195E+00
  0.9157511109E-02  0.4174299034E+01 -0.9615828411E+00
  0.9250011221E-02  0.4173942348E+01 -0.9611967345E+00
  0.9343445678E-02  0.4173583431E+01 -0.9608067612E+00
  0.9437823917E-02  0.4173207751E+01 -0.9604128835E+00
  0.9533155471E-02  0.4172820395E+01 -0.9600150636E+00
  0.9629449971E-02  0.4172429939E+01 -0.9596132627E+00
  0.9726717143E-02  0.4172036335E+01 -0.9592074414E+00
  0.9824966811E-02  0.4171655804E+01 -0.9587975589E+00
  0.9924208900E-02  0.4171274515E+01 -0.9583835740E+00
  0.1002445343E-01  0.4170890420E+01 -0.9579654458E+00
  0.1012571054E-01  0.4170503460E+01 -0.9575431331E+00
  0.1022799044E-01  0.4170113574E+01 -0.9571165943E+00
  0.1033130348E-01  0.4169720695E+01 -0.9566857875E+00
  0.1043566008E-01  0.4169324753E+01 -0.9562506703E+00
  0.1054107079E-01  0.4168925674E+01 -0.9558111999E+00
  0.1064754625E-01  0.4168523378E+01 -0.9553673330E+00
  0.1075509722E-01  0.4168117783E+01 -0.9549190261E+00
  0.1086373457E-01  0.4167708798E+01 -0.9544662350E+00
  0.1097346926E-01  0.4167283371E+01 -0.9540089161E+00
  0.1108431238E-01  0.4166848323E+01 -0.9535470255E+00
  0.1119627514E-01  0.4166421917E+01 -0.9530805176E+00
  0.1130936882E-01  0.4165998933E+01 -0.9526093455E+00
  0.1142360487E-01  0.4165572128E+01 -0.9521334626E+00
  0.1153899482E-01  0.4165141384E+01 -0.9516528223E+00
  0.1165555032E-01  0.4164706579E+01 -0.9511673775E+00
  0.1177328316E-01  0.4164267581E+01 -0.9506770807E+00
  0.1189220521E-01  0.4163824254E+01 -0.9501818838E+00
  0.1201232849E-01  0.4163376454E+01 -0.9496817384E+00
  0.1213366514E-01  0.4162924029E+01 -0.9491765957E+00
  0.1225622742E-01  0.4162466819E+01 -0.9486664063E+00
  0.1238002770E-01  0.4162004657E+01 -0.9481511204E+00
  0.1250507848E-01  0.4161572571E+01 -0.9476306854E+00
  0.1263139240E-01  0.4161139462E+01 -0.9471050482E+00
  0.1275898223E-01  0.4160678269E+01 -0.9465741586E+00
  0.1288786083E-01  0.4160192109E+01 -0.9460379675E+00
  0.1301804125E-01  0.4159699903E+01 -0.9454964240E+00
  0.1314953661E-01  0.4159201425E+01 -0.9449494755E+00
  0.1328236022E-01  0.4158685397E+01 -0.9443970697E+00
  0.1341652547E-01  0.4158145480E+01 -0.9438391548E+00
  0.1355204593E-01  0.4157597603E+01 -0.9432756782E+00
  0.1368893528E-01  0.4157041479E+01 -0.9427065854E+00
  0.1382720736E-01  0.4156474783E+01 -0.9421318218E+00
  0.1396687612E-01  0.4155863870E+01 -0.9415513348E+00
  0.1410795567E-01  0.4155241604E+01 -0.9409650713E+00
  0.1425046028E-01  0.4154608430E+01 -0.9403729753E+00
  0.1439440432E-01  0.4153964915E+01 -0.9397749905E+00
  0.1453980234E-01  0.4153310737E+01 -0.9391710598E+00
  0.1468666903E-01  0.4152645559E+01 -0.9385611256E+00
  0.1483501923E-01  0.4151969036E+01 -0.9379451300E+00
  0.1498486790E-01  0.4151280815E+01 -0.9373230145E+00
  0.1513623021E-01  0.4150580530E+01 -0.9366947201E+00
  0.1528912142E-01  0.4149867807E+01 -0.9360601873E+00
  0.1544355699E-01  0.4149142261E+01 -0.9354193561E+00
  0.1559955252E-01  0.4148357170E+01 -0.9347721697E+00
  0.1575712375E-01  0.4147520056E+01 -0.9341185739E+00
  0.1591628662E-01  0.4146666667E+01 -0.9334585106E+00
  0.1607705719E-01  0.4145755744E+01 -0.9327919219E+00
  0.1623945171E-01  0.4144812236E+01 -0.9321187505E+00
  0.1640348657E-01  0.4143849775E+01 -0.9314389357E+00
  0.1656917836E-01  0.4142867887E+01 -0.9307524152E+00
  0.1673654380E-01  0.4141867706E+01 -0.9300591260E+00
  0.1690559979E-01  0.4140882518E+01 -0.9293590017E+00
  0.1707636343E-01  0.4139847467E+01 -0.9286519779E+00
  0.1724885195E-01  0.4138803055E+01 -0.9279379918E+00
  0.1742308278E-01  0.4137744494E+01 -0.9272169770E+00
  0.1759907351E-01  0.4136663520E+01 -0.9264888674E+00
  0.1777684193E-01  0.4135559597E+01 -0.9257535974E+00
  0.1795640599E-01  0.4134432189E+01 -0.9250111007E+00
  0.1813778383E-01  0.4133280760E+01 -0.9242613108E+00
  0.1832099377E-01  0.4132070064E+01 -0.9235041636E+00
  0.1850605431E-01  0.4130815475E+01 -0.9227395965E+00
  0.1869298415E-01  0.4129534487E+01 -0.9219675436E+00
  0.1888180217E-01  0.4128226581E+01 -0.9211879365E+00
  0.1907252745E-01  0.4126891243E+01 -0.9204007067E+00
  0.1926517924E-01  0.4125527966E+01 -0.9196057850E+00
  0.1945977701E-01  0.4124136249E+01 -0.9188031019E+00
  0.1965634041E-01  0.4122715602E+01 -0.9179925873E+00
  0.1985488931E-01  0.4121265547E+01 -0.9171741706E+00
  0.2005544374E-01  0.4119785618E+01 -0.9163477809E+00
  0.2025802398E-01  0.4118308997E+01 -0.9155133433E+00
  0.2046265049E-01  0.4116802641E+01 -0.9146707823E+00
  0.2066934393E-01  0.4115265924E+01 -0.9138200250E+00
  0.2087812518E-01  0.4113698450E+01 -0.9129609982E+00
  0.2108901533E-01  0.4112073320E+01 -0.9120936311E+00
  0.2130203569E-01  0.4110438121E+01 -0.9112178499E+00
  0.2151720777E-01  0.4108774347E+01 -0.9103335774E+00
  0.2173455330E-01  0.4107081836E+01 -0.9094407376E+00
  0.2195409424E-01  0.4105360452E+01 -0.9085392540E+00
  0.2217585277E-01  0.4103559750E+01 -0.9076290549E+00
  0.2239985128E-01  0.4101630350E+01 -0.9067100797E+00
  0.2262611241E-01  0.4099737076E+01 -0.9057822544E+00
  0.2285465900E-01  0.4097884608E+01 -0.9048454852E+00
  0.2308551414E-01  0.4095923840E+01 -0.9038996938E+00
  0.2331870115E-01  0.4093918113E+01 -0.9029448114E+00
  0.2355424359E-01  0.4091882915E+01 -0.9019807596E+00
  0.2379216524E-01  0.4089724035E+01 -0.9010074689E+00
  0.2403249014E-01  0.4087405472E+01 -0.9000248850E+00
  0.2427524257E-01  0.4085053893E+01 -0.8990329428E+00
  0.2452044704E-01  0.4082669647E+01 -0.8980315617E+00
  0.2476812832E-01  0.4080148706E+01 -0.8970206730E+00
  0.2501831143E-01  0.4077586107E+01 -0.8960002093E+00
  0.2527102165E-01  0.4074989723E+01 -0.8949700897E+00
  0.2552628449E-01  0.4072360136E+01 -0.8939302318E+00
  0.2578412575E-01  0.4069697982E+01 -0.8928805526E+00
  0.2604457147E-01  0.4067003953E+01 -0.8918209680E+00
  0.2630764795E-01  0.4064289958E+01 -0.8907513919E+00
  0.2657338176E-01  0.4061623839E+01 -0.8896717268E+00
  0.2684179976E-01  0.4058931186E+01 -0.8885818753E+00
  0.2711292905E-01  0.4056212946E+01 -0.8874817486E+00
  0.2738679702E-01  0.4053470114E+01 -0.8863712574E+00
  0.2766343134E-01  0.4050703742E+01 -0.8852503111E+00
  0.2794285993E-01  0.4048032251E+01 -0.8841188019E+00
  0.2822511105E-01  0.4045440799E+01 -0.8829766060E+00
  0.2851021318E-01  0.4042879067E+01 -0.8818236074E+00
  0.2879819513E-01  0.4040397242E+01 -0.8806596886E+00
  0.2908908599E-01  0.4037944700E+01 -0.8794847307E+00
  0.2938291514E-01  0.4035549365E+01 -0.8782986167E+00
  0.2967971226E-01  0.4033254682E+01 -0.8771012178E+00
  0.2997950734E-01  0.4030951849E+01 -0.8758924131E+00
  0.3028233064E-01  0.4028641668E+01 -0.8746720967E+00
  0.3058821277E-01  0.4026216939E+01 -0.8734401781E+00
  0.3089718462E-01  0.4023684719E+01 -0.8721965816E+00
  0.3120927739E-01  0.4021107339E+01 -0.8709412208E+00
  0.3152452262E-01  0.4018448794E+01 -0.8696740050E+00
  0.3184295214E-01  0.4015780198E+01 -0.8683948372E+00
  0.3216459812E-01  0.4013103042E+01 -0.8671036081E+00
  0.3248949305E-01  0.4010418550E+01 -0.8658002074E+00
  0.3281766975E-01  0.4007727982E+01 -0.8644845230E+00
  0.3314916136E-01  0.4005073735E+01 -0.8631564347E+00
  0.3348400137E-01  0.4002485819E+01 -0.8618158090E+00
  0.3382222361E-01  0.4000100342E+01 -0.8604624827E+00
  0.3416386223E-01  0.3997788439E+01 -0.8590962889E+00
  0.3450895175E-01  0.3995482788E+01 -0.8577170918E+00
  0.3485752702E-01  0.3993184403E+01 -0.8563247659E+00
  0.3520962325E-01  0.3990839634E+01 -0.8549191935E+00
  0.3556527601E-01  0.3988476257E+01 -0.8535002606E+00
  0.3592452122E-01  0.3986119536E+01 -0.8520678430E+00
  0.3628739518E-01  0.3983770468E+01 -0.8506218102E+00
  0.3665393452E-01  0.3981430100E+01 -0.8491620305E+00
  0.3702417628E-01  0.3979099538E+01 -0.8476883703E+00
  0.3739815786E-01  0.3976779952E+01 -0.8462006941E+00
  0.3777591703E-01  0.3974472589E+01 -0.8446988648E+00
  0.3815749195E-01  0.3972087832E+01 -0.8431827607E+00
  0.3854292116E-01  0.3969608569E+01 -0.8416522798E+00
  0.3893224360E-01  0.3967283156E+01 -0.8401072748E+00
  0.3932549859E-01  0.3965053333E+01 -0.8385475594E+00
  0.3972272585E-01  0.3962638473E+01 -0.8369730117E+00
  0.4012396550E-01  0.3960043725E+01 -0.8353835646E+00
  0.4052925808E-01  0.3957371711E+01 -0.8337791297E+00
  0.4093864453E-01  0.3954747656E+01 -0.8321595725E+00
  0.4135216619E-01  0.3952475452E+01 -0.8305246685E+00
  0.4176986484E-01  0.3950321818E+01 -0.8288741746E+00
  0.4219178266E-01  0.3948234495E+01 -0.8272079038E+00
  0.4261796229E-01  0.3946227161E+01 -0.8255256744E+00
  0.4304844675E-01  0.3944268119E+01 -0.8238273066E+00
  0.4348327955E-01  0.3942402485E+01 -0.8221126151E+00
  0.4392250460E-01  0.3940684450E+01 -0.8203813905E+00
  0.4436616626E-01  0.3939173523E+01 -0.8186333950E+00
  0.4481430935E-01  0.3937800828E+01 -0.8168683892E+00
  0.4526697914E-01  0.3936513081E+01 -0.8150861572E+00
  0.4572422136E-01  0.3935282635E+01 -0.8132864985E+00
  0.4618608218E-01  0.3934187620E+01 -0.8114691985E+00
  0.4665260826E-01  0.3933183859E+01 -0.8096340315E+00
  0.4712384673E-01  0.3932359095E+01 -0.8077807583E+00
  0.4759984518E-01  0.3931910371E+01 -0.8059090683E+00
  0.4808065170E-01  0.3931579870E+01 -0.8040186596E+00
  0.4856631485E-01  0.3931465316E+01 -0.8021092640E+00
  0.4905688368E-01  0.3931436077E+01 -0.8001806168E+00
  0.4955240776E-01  0.3931644058E+01 -0.7982324440E+00
  0.5005293713E-01  0.3931881913E+01 -0.7962644812E+00
  0.5055852235E-01  0.3932098714E+01 -0.7942765250E+00
  0.5106921450E-01  0.3932457880E+01 -0.7922683413E+00
  0.5158506515E-01  0.3933087115E+01 -0.7902396181E+00
  0.5210612641E-01  0.3933925431E+01 -0.7881900203E+00
  0.5263245092E-01  0.3934998862E+01 -0.7861192165E+00
  0.5316409184E-01  0.3936393794E+01 -0.7840268393E+00
  0.5370110287E-01  0.3937945729E+01 -0.7819125357E+00
  0.5424353825E-01  0.3939649384E+01 -0.7797759925E+00
  0.5479145278E-01  0.3941435206E+01 -0.7776169121E+00
  0.5534490180E-01  0.3943226541E+01 -0.7754350330E+00
  0.5590394121E-01  0.3945116575E+01 -0.7732300856E+00
  0.5646862749E-01  0.3947409882E+01 -0.7710016850E+00
  0.5703901766E-01  0.3949868374E+01 -0.7687494200E+00
  0.5761516936E-01  0.3952416669E+01 -0.7664729625E+00
  0.5819714076E-01  0.3955035452E+01 -0.7641720070E+00
  0.5878499067E-01  0.3957703418E+01 -0.7618462556E+00
  0.5937877846E-01  0.3960339619E+01 -0.7594954370E+00
  0.5997856410E-01  0.3962853859E+01 -0.7571193282E+00
  0.6058440818E-01  0.3965362218E+01 -0.7547176968E+00
  0.6119637190E-01  0.3967623251E+01 -0.7522903471E+00
  0.6181451707E-01  0.3969483879E+01 -0.7498372049E+00
  0.6243890613E-01  0.3971233836E+01 -0.7473581562E+00
  0.6306960215E-01  0.3972845839E+01 -0.7448530065E+00
  0.6370666884E-01  0.3974292790E+01 -0.7423215779E+00
  0.6435017054E-01  0.3975544904E+01 -0.7397637108E+00
  0.6500017227E-01  0.3976244337E+01 -0.7371793725E+00
  0.6565673966E-01  0.3976673369E+01 -0.7345685592E+00
  0.6631993905E-01  0.3976808894E+01 -0.7319311869E+00
  0.6698983743E-01  0.3976466344E+01 -0.7292672439E+00
  0.6766650245E-01  0.3975508623E+01 -0.7265768322E+00
  0.6835000248E-01  0.3974186399E+01 -0.7238600238E+00
  0.6904040654E-01  0.3972332358E+01 -0.7211168694E+00
  0.6973778439E-01  0.3969979487E+01 -0.7183474732E+00
  0.7044220645E-01  0.3967228299E+01 -0.7155519011E+00
  0.7115374389E-01  0.3963995423E+01 -0.7127302198E+00
  0.7187246858E-01  0.3960334722E+01 -0.7098825139E+00
  0.7259845311E-01  0.3956769127E+01 -0.7070086665E+00
  0.7333177082E-01  0.3953294110E+01 -0.7041083718E+00
  0.7407249577E-01  0.3948792830E+01 -0.7011817352E+00
  0.7482070280E-01  0.3943773488E+01 -0.6982290985E+00
  0.7557646748E-01  0.3938430852E+01 -0.6952505527E+00
  0.7633986614E-01  0.3933077479E+01 -0.6922460032E+00
  0.7711097590E-01  0.3927567959E+01 -0.6892152930E+00
  0.7788987464E-01  0.3922430601E+01 -0.6861581160E+00
  0.7867664105E-01  0.3917275173E+01 -0.6830741074E+00
  0.7947135460E-01  0.3911876247E+01 -0.6799631410E+00
  0.8027409556E-01  0.3906239673E+01 -0.6768251801E+00
  0.8108494501E-01  0.3899672928E+01 -0.6736604701E+00
  0.8190398485E-01  0.3893193346E+01 -0.6704691361E+00
  0.8273129783E-01  0.3886615269E+01 -0.6672509678E+00
  0.8356696751E-01  0.3879792553E+01 -0.6640058921E+00
  0.8441107829E-01  0.3872703603E+01 -0.6607339093E+00
  0.8526371544E-01  0.3865771874E+01 -0.6574348534E+00
  0.8612496510E-01  0.3859668146E+01 -0.6541080872E+00
  0.8699491424E-01  0.3854087490E+01 -0.6507527996E+00
  0.8787365075E-01  0.3848590808E+01 -0.6473684873E+00
  0.8876126338E-01  0.3841941262E+01 -0.6439553806E+00
  0.8965784180E-01  0.3834966261E+01 -0.6405139058E+00
  0.9056347656E-01  0.3827676489E+01 -0.6370441279E+00
  0.9147825915E-01  0.3819648698E+01 -0.6335463080E+00
  0.9240228197E-01  0.3809879521E+01 -0.6300213789E+00
  0.9333563836E-01  0.3799725709E+01 -0.6264701421E+00
  0.9427842258E-01  0.3789223221E+01 -0.6228927714E+00
  0.9523072988E-01  0.3778402689E+01 -0.6192894187E+00
  0.9619265645E-01  0.3767448654E+01 -0.6156601413E+00
  0.9716429944E-01  0.3756521579E+01 -0.6120048348E+00
  0.9814575701E-01  0.3745432118E+01 -0.6083234102E+00
  0.9913712829E-01  0.3734785928E+01 -0.6046155735E+00
  0.1001385134E+00  0.3724138133E+01 -0.6008809457E+00
  0.1011500136E+00  0.3713380195E+01 -0.5971194203E+00
  0.1021717309E+00  0.3702973982E+01 -0.5933307115E+00
  0.1032037686E+00  0.3693598101E+01 -0.5895139410E+00
  0.1042462309E+00  0.3684027443E+01 -0.5856684927E+00
  0.1052992231E+00  0.3674792056E+01 -0.5817941028E+00
  0.1063628516E+00  0.3666515857E+01 -0.5778898906E+00
  0.1074372239E+00  0.3657742945E+01 -0.5739554004E+00
  0.1085224483E+00  0.3648622403E+01 -0.5699908772E+00
  0.1096186347E+00  0.3638101321E+01 -0.5659970736E+00
  0.1107258936E+00  0.3627129838E+01 -0.5619748276E+00
  0.1118443370E+00  0.3614584749E+01 -0.5579251037E+00
  0.1129740778E+00  0.3601438285E+01 -0.5538489860E+00
  0.1141152301E+00  0.3586732522E+01 -0.5497475872E+00
  0.1152679092E+00  0.3570854738E+01 -0.5456223866E+00
  0.1164322315E+00  0.3553255720E+01 -0.5414750062E+00
  0.1176083146E+00  0.3534978629E+01 -0.5373068297E+00
  0.1187962774E+00  0.3516096916E+01 -0.5331186221E+00
  0.1199962398E+00  0.3496886259E+01 -0.5289109640E+00
  0.1212083230E+00  0.3477487547E+01 -0.5246842033E+00
  0.1224326495E+00  0.3457283372E+01 -0.5204389914E+00
  0.1236693429E+00  0.3436727311E+01 -0.5161761025E+00
  0.1249185282E+00  0.3416156889E+01 -0.5118958415E+00
  0.1261803315E+00  0.3395117382E+01 -0.5075985972E+00
  0.1274548803E+00  0.3374436801E+01 -0.5032845336E+00
  0.1287423034E+00  0.3352297737E+01 -0.4989544572E+00
  0.1300427307E+00  0.3330902824E+01 -0.4946089489E+00
  0.1313562936E+00  0.3310782157E+01 -0.4902468133E+00
  0.1326831249E+00  0.3290344993E+01 -0.4858675224E+00
  0.1340233585E+00  0.3270745797E+01 -0.4814708253E+00
  0.1353771298E+00  0.3252241908E+01 -0.4770555085E+00
  0.1367445755E+00  0.3234313960E+01 -0.4726205019E+00
  0.1381258338E+00  0.3215898233E+01 -0.4681657972E+00
  0.1395210443E+00  0.3197275981E+01 -0.4636919334E+00
  0.1409303478E+00  0.3178118186E+01 -0.4591995008E+00
  0.1423538866E+00  0.3155813979E+01 -0.4546912015E+00
  0.1437918047E+00  0.3131308085E+01 -0.4501710183E+00
  0.1452442472E+00  0.3106368102E+01 -0.4456410854E+00
  0.1467113608E+00  0.3081672837E+01 -0.4411018059E+00
  0.1481932937E+00  0.3055314720E+01 -0.4365545039E+00
  0.1496901957E+00  0.3026554026E+01 -0.4320025233E+00
  0.1512022178E+00  0.2998813001E+01 -0.4274472790E+00
  0.1527295130E+00  0.2970098416E+01 -0.4228891343E+00
  0.1542722353E+00  0.2940672401E+01 -0.4183297952E+00
  0.1558305407E+00  0.2911163838E+01 -0.4137703212E+00
  0.1574045866E+00  0.2878903416E+01 -0.4092134055E+00
  0.1589945319E+00  0.2844683402E+01 -0.4046633104E+00
  0.1606005373E+00  0.2809090763E+01 -0.4001233146E+00
  0.1622227649E+00  0.2773826585E+01 -0.3955949331E+00
  0.1638613787E+00  0.2742085481E+01 -0.3910757084E+00
  0.1655165442E+00  0.2711072627E+01 -0.3865627689E+00
  0.1671884284E+00  0.2680766252E+01 -0.3820555036E+00
  0.1688772004E+00  0.2651845250E+01 -0.3775527211E+00
  0.1705830308E+00  0.2622272343E+01 -0.3730543463E+00
  0.1723060917E+00  0.2594522312E+01 -0.3685599188E+00
  0.1740465572E+00  0.2566640677E+01 -0.3640685055E+00
  0.1758046033E+00  0.2538842277E+01 -0.3595806685E+00
  0.1775804074E+00  0.2511551266E+01 -0.3550964138E+00
  0.1793741488E+00  0.2485535421E+01 -0.3506146729E+00
  0.1811860089E+00  0.2461209453E+01 -0.3461332681E+00
  0.1830161706E+00  0.2438526479E+01 -0.3416496136E+00
  0.1848648188E+00  0.2415575409E+01 -0.3371628503E+00
  0.1867321402E+00  0.2391998725E+01 -0.3326742072E+00
  0.1886183235E+00  0.2369445334E+01 -0.3281837292E+00
  0.1905235591E+00  0.2348229265E+01 -0.3236895885E+00
  0.1924480394E+00  0.2327608765E+01 -0.3191903092E+00
  0.1943919590E+00  0.2305301427E+01 -0.3146873067E+00
  0.1963555142E+00  0.2283318171E+01 -0.3101823029E+00
  0.1983389032E+00  0.2259215992E+01 -0.3056774967E+00
  0.2003423265E+00  0.2235129231E+01 -0.3011754588E+00
  0.2023659863E+00  0.2212772076E+01 -0.2966749391E+00
  0.2044100872E+00  0.2188959424E+01 -0.2921761475E+00
  0.2064748356E+00  0.2160849609E+01 -0.2876855170E+00
  0.2085604400E+00  0.2132260603E+01 -0.2832086522E+00
  0.2106671111E+00  0.2101221368E+01 -0.2787493752E+00
  0.2127950617E+00  0.2063771499E+01 -0.2743179256E+00
  0.2149445068E+00  0.2025814277E+01 -0.2699227556E+00
  0.2171156634E+00  0.1986721000E+01 -0.2655668343E+00
  0.2193087509E+00  0.1946172670E+01 -0.2612542443E+00
  0.2215239908E+00  0.1907911540E+01 -0.2569853837E+00
  0.2237616069E+00  0.1870260650E+01 -0.2527583343E+00
  0.2260218251E+00  0.1833674905E+01 -0.2485724830E+00
  0.2283048739E+00  0.1796399994E+01 -0.2444286640E+00
  0.2306109837E+00  0.1768692258E+01 -0.2403179168E+00
  0.2329403876E+00  0.1740205285E+01 -0.2362310971E+00
  0.2352933208E+00  0.1707459518E+01 -0.2321750346E+00
  0.2376700210E+00  0.1673338969E+01 -0.2281574623E+00
  0.2400707283E+00  0.1636537113E+01 -0.2241844405E+00
  0.2424956851E+00  0.1596907421E+01 -0.2202639588E+00
  0.2449451365E+00  0.1554779423E+01 -0.2164040070E+00
  0.2474193298E+00  0.1511100724E+01 -0.2126112169E+00
  0.2499185149E+00  0.1466650381E+01 -0.2088902412E+00
  0.2524429444E+00  0.1423920931E+01 -0.2052417196E+00
  0.2549928731E+00  0.1383851081E+01 -0.2016619103E+00
  0.2575685587E+00  0.1345872183E+01 -0.1981464559E+00
  0.2601702613E+00  0.1309831895E+01 -0.1946917798E+00
  0.2627982438E+00  0.1278213088E+01 -0.1912911114E+00
  0.2654527715E+00  0.1251973358E+01 -0.1879328864E+00
  0.2681341126E+00  0.1228179067E+01 -0.1846078190E+00
  0.2708425380E+00  0.1204473579E+01 -0.1813134899E+00
  0.2735783212E+00  0.1175584928E+01 -0.1780578279E+00
  0.2763417386E+00  0.1141294991E+01 -0.1748565748E+00
  0.2791330693E+00  0.1105074653E+01 -0.1717213945E+00
  0.2819525952E+00  0.1070630996E+01 -0.1686541652E+00
  0.2848006012E+00  0.1037193222E+01 -0.1656526172E+00
  0.2876773750E+00  0.1007421350E+01 -0.1627116704E+00
  0.2905832071E+00  0.9873420210E+00 -0.1598134467E+00
  0.2935183910E+00  0.9725367441E+00 -0.1569371444E+00
  0.2964832232E+00  0.9606592402E+00 -0.1540713435E+00
  0.2994780032E+00  0.9438407620E+00 -0.1512195643E+00
  0.3025030336E+00  0.9193372361E+00 -0.1484014793E+00
  0.3055586198E+00  0.8939378957E+00 -0.1456311700E+00
  0.3086450705E+00  0.8646054747E+00 -0.1429173413E+00
  0.3117626974E+00  0.8329926403E+00 -0.1402711025E+00
  0.3149118156E+00  0.8050985503E+00 -0.1376918311E+00
  0.3180927430E+00  0.7784177882E+00 -0.1351733059E+00
  0.3213058010E+00  0.7497999107E+00 -0.1327181798E+00
  0.3245513142E+00  0.7241019635E+00 -0.1303263958E+00
  0.3278296103E+00  0.7021651701E+00 -0.1279885329E+00
  0.3311410205E+00  0.6787817499E+00 -0.1257020920E+00
  0.3344858793E+00  0.6508765170E+00 -0.1234783324E+00
  0.3378645245E+00  0.6247147730E+00 -0.1213234472E+00
  0.3412772975E+00  0.6037762392E+00 -0.1192271667E+00
  0.3447245429E+00  0.5868767393E+00 -0.1171749302E+00
  0.3482066090E+00  0.5745719122E+00 -0.1151528097E+00
  0.3517238475E+00  0.5642150065E+00 -0.1131501171E+00
  0.3552766136E+00  0.5585450680E+00 -0.1111556652E+00
  0.3588652663E+00  0.5582239431E+00 -0.1091518171E+00
  0.3624901680E+00  0.5587960094E+00 -0.1071272734E+00
  0.3661516848E+00  0.5635800921E+00 -0.1050724739E+00
  0.3698501867E+00  0.5747122234E+00 -0.1029674857E+00
  0.3735860472E+00  0.5855271693E+00 -0.1008002395E+00
  0.3773596436E+00  0.5970572381E+00 -0.9856894134E-01
  0.3811713572E+00  0.6099218092E+00 -0.9626861214E-01
  0.3850215729E+00  0.6215389840E+00 -0.9389791728E-01
  0.3889106797E+00  0.6341972953E+00 -0.9145607103E-01
  0.3928390704E+00  0.6513885116E+00 -0.8893092936E-01
  0.3968071418E+00  0.6676829861E+00 -0.8631384441E-01
  0.4008152948E+00  0.6741159693E+00 -0.8362477669E-01
  0.4048639341E+00  0.6747683470E+00 -0.8089420363E-01
  0.4089534688E+00  0.6687163367E+00 -0.7814709003E-01
  0.4130843119E+00  0.6616191360E+00 -0.7539938646E-01
  0.4172568807E+00  0.6672973468E+00 -0.7262688873E-01
  0.4214715967E+00  0.6802390433E+00 -0.6978714716E-01
  0.4257288855E+00  0.6863227686E+00 -0.6687822297E-01
  0.4300291773E+00  0.6811577708E+00 -0.6393794032E-01
  0.4343729064E+00  0.6686918137E+00 -0.6100624988E-01
  0.4387605115E+00  0.6503394397E+00 -0.5811255574E-01
  0.4431924359E+00  0.6367073770E+00 -0.5526050867E-01
  0.4476691271E+00  0.6325251462E+00 -0.5241952759E-01
  0.4521910375E+00  0.6331528881E+00 -0.4955788628E-01
  0.4567586237E+00  0.6400222013E+00 -0.4665021777E-01
  0.4613723472E+00  0.6458284290E+00 -0.4368393815E-01
  0.4660326740E+00  0.6535728608E+00 -0.4065612086E-01
  0.4707400747E+00  0.6633982708E+00 -0.3755636542E-01
  0.4754950250E+00  0.6696603550E+00 -0.3438705170E-01
  0.4802980050E+00  0.6747533905E+00 -0.3115845550E-01
  0.4851495000E+00  0.6758287618E+00 -0.2788228422E-01
  0.4900500000E+00  0.6698555060E+00 -0.2458502134E-01
  0.4950000000E+00  0.6653843874E+00 -0.2128030260E-01
  0.5000000000E+00  0.6638962036E+00 -0.1794948724E-01
  0.5050000000E+00  0.6656736254E+00 -0.1462556266E-01
  0.5099500000E+00  0.6743486730E+00 -0.1130900747E-01
  0.5148505000E+00  0.6865227157E+00 -0.7974532354E-02
  0.5197019950E+00  0.7018253225E+00 -0.4606750571E-02
  0.5245049750E+00  0.7147973210E+00 -0.1204745423E-02
  0.5292599253E+00  0.7305063587E+00  0.2231428123E-02
  0.5339673260E+00  0.7532487309E+00  0.5723743032E-02
  0.5386276528E+00  0.7770111937E+00  0.9289498654E-02
  0.5432413763E+00  0.8017419435E+00  0.1293146386E-01
  0.5478089625E+00  0.8232453934E+00  0.1664259876E-01
  0.5523308729E+00  0.8394466428E+00  0.2040187094E-01
  0.5568075641E+00  0.8558414908E+00  0.2419651173E-01
  0.5612394885E+00  0.8756008311E+00  0.2803332244E-01
  0.5656270936E+00  0.8954232200E+00  0.3191859953E-01
  0.5699708227E+00  0.9113074264E+00  0.3584257374E-01
  0.5742711145E+00  0.9289471113E+00  0.3979938946E-01
  0.5785284033E+00  0.9516249647E+00  0.4380245873E-01
  0.5827431193E+00  0.9762447506E+00  0.4786517037E-01
  0.5869156881E+00  0.1000777506E+01  0.5198980107E-01
  0.5910465312E+00  0.1016520440E+01  0.5615637174E-01
  0.5951360659E+00  0.1033408708E+01  0.6034799991E-01
  0.5991847052E+00  0.1047017450E+01  0.6455944751E-01
  0.6031928582E+00  0.1055612612E+01  0.6877327895E-01
  0.6071609296E+00  0.1056492778E+01  0.7296377146E-01
  0.6110893203E+00  0.1060085000E+01  0.7712114370E-01
  0.6149784271E+00  0.1071102471E+01  0.8126535153E-01
  0.6188286428E+00  0.1085423387E+01  0.8541689642E-01
  0.6226403564E+00  0.1094002603E+01  0.8957057024E-01
  0.6264139528E+00  0.1101191356E+01  0.9371245829E-01
  0.6301498133E+00  0.1110565783E+01  0.9784386632E-01
  0.6338483152E+00  0.1119278123E+01  0.1019674072E+00
  0.6375098320E+00  0.1126261309E+01  0.1060784475E+00
  0.6411347337E+00  0.1132158356E+01  0.1101717221E+00
  0.6447233864E+00  0.1144873930E+01  0.1142574611E+00
  0.6482761525E+00  0.1162016974E+01  0.1183553830E+00
  0.6517933910E+00  0.1179542069E+01  0.1224732938E+00
  0.6552754571E+00  0.1191276849E+01  0.1266009679E+00
  0.6587227025E+00  0.1207189242E+01  0.1307350185E+00
  0.6621354755E+00  0.1222440406E+01  0.1348809057E+00
  0.6655141207E+00  0.1239011269E+01  0.1390390917E+00
  0.6688589795E+00  0.1252436931E+01  0.1432058629E+00
  0.6721703897E+00  0.1266346668E+01  0.1473762258E+00
  0.6754486858E+00  0.1285169068E+01  0.1515585378E+00
  0.6786941990E+00  0.1307324867E+01  0.1557655244E+00
  0.6819072570E+00  0.1333700097E+01  0.1600084076E+00
  0.6850881844E+00  0.1355429381E+01  0.1642853705E+00
  0.6882373026E+00  0.1368805028E+01  0.1685748385E+00
  0.6913549295E+00  0.1374727048E+01  0.1728514933E+00
  0.6944413802E+00  0.1376097604E+01  0.1770966356E+00
  0.6974969664E+00  0.1370355869E+01  0.1812926483E+00
  0.7005219968E+00  0.1357223520E+01  0.1854181535E+00
  0.7035167768E+00  0.1342055512E+01  0.1894600270E+00
  0.7064816090E+00  0.1326242662E+01  0.1934155552E+00
  0.7094167929E+00  0.1315883523E+01  0.1972931183E+00
  0.7123226250E+00  0.1307286430E+01  0.2011043640E+00
  0.7151993988E+00  0.1303980376E+01  0.2048603759E+00
  0.7180474048E+00  0.1302729144E+01  0.2085723381E+00
  0.7208669307E+00  0.1303527103E+01  0.2122465417E+00
  0.7236582614E+00  0.1307096493E+01  0.2158900986E+00
  0.7264216788E+00  0.1312029308E+01  0.2195089674E+00
  0.7291574620E+00  0.1318235276E+01  0.2231068843E+00
  0.7318658874E+00  0.1329105315E+01  0.2266919465E+00
  0.7345472285E+00  0.1340957613E+01  0.2302716213E+00
  0.7372017562E+00  0.1355006356E+01  0.2338498768E+00
  0.7398297387E+00  0.1363861073E+01  0.2374224447E+00
  0.7424314413E+00  0.1372797387E+01  0.2409824305E+00
  0.7450071269E+00  0.1384311241E+01  0.2445331529E+00
  0.7475570556E+00  0.1395517235E+01  0.2480773352E+00
  0.7500814851E+00  0.1409009257E+01  0.2516172498E+00
  0.7525806702E+00  0.1423203598E+01  0.2551563620E+00
  0.7550548635E+00  0.1436750326E+01  0.2586944014E+00
  0.7575043149E+00  0.1451699259E+01  0.2622319598E+00
  0.7599292717E+00  0.1472021801E+01  0.2657769085E+00
  0.7623299790E+00  0.1490148150E+01  0.2693325600E+00
  0.7647066792E+00  0.1508075813E+01  0.2728954997E+00
  0.7670596124E+00  0.1535063100E+01  0.2764756510E+00
  0.7693890163E+00  0.1569265507E+01  0.2800912686E+00
  0.7716951261E+00  0.1607898560E+01  0.2837547132E+00
  0.7739781749E+00  0.1645640508E+01  0.2874687074E+00
  0.7762383931E+00  0.1687150841E+01  0.2912351253E+00
  0.7784760092E+00  0.1729097257E+01  0.2950572511E+00
  0.7806912491E+00  0.1768442977E+01  0.2989311965E+00
  0.7828843366E+00  0.1806029694E+01  0.3028507621E+00
  0.7850554932E+00  0.1840065535E+01  0.3068088841E+00
  0.7872049383E+00  0.1872156645E+01  0.3107984929E+00
  0.7893328889E+00  0.1904672284E+01  0.3148169456E+00
  0.7914395600E+00  0.1933902165E+01  0.3188602526E+00
  0.7935251644E+00  0.1958319816E+01  0.3229190702E+00
  0.7955899128E+00  0.1987257589E+01  0.3269923824E+00
  0.7976340137E+00  0.2015163263E+01  0.3310830584E+00
  0.7996576735E+00  0.2037927073E+01  0.3351840965E+00
  0.8016610968E+00  0.2057470089E+01  0.3392865035E+00
  0.8036444858E+00  0.2074015864E+01  0.3433836755E+00
  0.8056080410E+00  0.2089357411E+01  0.3474711820E+00
  0.8075519606E+00  0.2103696450E+01  0.3515466617E+00
  0.8094764409E+00  0.2119250168E+01  0.3556101507E+00
  0.8113816765E+00  0.2133861296E+01  0.3596617404E+00
  0.8132678598E+00  0.2148576872E+01  0.3637004719E+00
  0.8151351812E+00  0.2168489739E+01  0.3677311474E+00
  0.8169838294E+00  0.2191359755E+01  0.3717610613E+00
  0.8188139911E+00  0.2213267793E+01  0.3757916516E+00
  0.8206258512E+00  0.2236882421E+01  0.3798231764E+00
  0.8224195926E+00  0.2260780663E+01  0.3838569989E+00
  0.8241953967E+00  0.2284574246E+01  0.3878928287E+00
  0.8259534428E+00  0.2308386469E+01  0.3919301469E+00
  0.8276939083E+00  0.2330907591E+01  0.3959674127E+00
  0.8294169692E+00  0.2353870351E+01  0.4000034916E+00
  0.8311227996E+00  0.2377152126E+01  0.4040386524E+00
  0.8328115716E+00  0.2400147395E+01  0.4080725372E+00
  0.8344834558E+00  0.2421675569E+01  0.4121033022E+00
  0.8361386213E+00  0.2443129680E+01  0.4161293310E+00
  0.8377772351E+00  0.2464984446E+01  0.4201505827E+00
  0.8393994627E+00  0.2486970887E+01  0.4241671822E+00
  0.8410054681E+00  0.2509970609E+01  0.4281797396E+00
  0.8425954134E+00  0.2535075687E+01  0.4321904135E+00
  0.8441694593E+00  0.2562876660E+01  0.4362026189E+00
  0.8457277647E+00  0.2590019193E+01  0.4402175116E+00
  0.8472704870E+00  0.2616694376E+01  0.4442337683E+00
  0.8487977822E+00  0.2644866357E+01  0.4482517464E+00
  0.8503098043E+00  0.2674458963E+01  0.4522732153E+00
  0.8518067063E+00  0.2706660636E+01  0.4563007195E+00
  0.8532886392E+00  0.2737756290E+01  0.4603348499E+00
  0.8547557528E+00  0.2768434564E+01  0.4643739537E+00
  0.8562081953E+00  0.2799279410E+01  0.4684173458E+00
  0.8576461134E+00  0.2829563372E+01  0.4724642531E+00
  0.8590696522E+00  0.2858515057E+01  0.4765128535E+00
  0.8604789557E+00  0.2885662436E+01  0.4805604981E+00
  0.8618741662E+00  0.2911510697E+01  0.4846046364E+00
  0.8632554245E+00  0.2936150622E+01  0.4886432019E+00
  0.8646228702E+00  0.2959827425E+01  0.4926744169E+00
  0.8659766415E+00  0.2982515363E+01  0.4966967035E+00
  0.8673168751E+00  0.3004015782E+01  0.5007083785E+00
  0.8686437064E+00  0.3025429120E+01  0.5047084065E+00
  0.8699572693E+00  0.3046778380E+01  0.5086965198E+00
  0.8712576966E+00  0.3066025003E+01  0.5126711481E+00
  0.8725451197E+00  0.3082971361E+01  0.5166293278E+00
  0.8738196685E+00  0.3099034125E+01  0.5205689617E+00
  0.8750814718E+00  0.3115219227E+01  0.5244895444E+00
  0.8763306571E+00  0.3131693310E+01  0.5283913200E+00
  0.8775673505E+00  0.3148626158E+01  0.5322747349E+00
  0.8787916770E+00  0.3166839188E+01  0.5361408307E+00
  0.8800037602E+00  0.3185469540E+01  0.5399905942E+00
  0.8812037226E+00  0.3204361167E+01  0.5438243724E+00
  0.8823916854E+00  0.3223537378E+01  0.5476424245E+00
  0.8835677685E+00  0.3240562637E+01  0.5514435841E+00
  0.8847320908E+00  0.3256388333E+01  0.5552258566E+00
  0.8858847699E+00  0.3271675521E+01  0.5589882379E+00
  0.8870259222E+00  0.3287003880E+01  0.5627304640E+00
  0.8881556630E+00  0.3302186810E+01  0.5664525027E+00
  0.8892741064E+00  0.3317255793E+01  0.5701542385E+00
  0.8903813653E+00  0.3331837238E+01  0.5738353724E+00
  0.8914775517E+00  0.3346692745E+01  0.5774958291E+00
  0.8925627761E+00  0.3361558633E+01  0.5811358084E+00
  0.8936371484E+00  0.3376398440E+01  0.5847553454E+00
  0.8947007769E+00  0.3391676449E+01  0.5883547041E+00
  0.8957537691E+00  0.3406212907E+01  0.5919337665E+00
  0.8967962314E+00  0.3419861451E+01  0.5954917291E+00
  0.8978282691E+00  0.3433112062E+01  0.5990279925E+00
  0.8988499864E+00  0.3446275067E+01  0.6025423870E+00
  0.8998614866E+00  0.3458976619E+01  0.6060347185E+00
  0.9008628717E+00  0.3471409596E+01  0.6095047114E+00
  0.9018542430E+00  0.3483935729E+01  0.6129523762E+00
  0.9028357006E+00  0.3496799455E+01  0.6163780239E+00
  0.9038073436E+00  0.3509781000E+01  0.6197819713E+00
  0.9047692701E+00  0.3522536272E+01  0.6231642577E+00
  0.9057215774E+00  0.3535408571E+01  0.6265249239E+00
  0.9066643616E+00  0.3548267877E+01  0.6298641131E+00
  0.9075977180E+00  0.3561119459E+01  0.6331819091E+00
  0.9085217408E+00  0.3573774316E+01  0.6364783114E+00
  0.9094365234E+00  0.3586115902E+01  0.6397531829E+00
  0.9103421582E+00  0.3598336412E+01  0.6430064278E+00
  0.9112387366E+00  0.3610382608E+01  0.6462380187E+00
  0.9121263493E+00  0.3621793649E+01  0.6494477042E+00
  0.9130050858E+00  0.3632360461E+01  0.6526349493E+00
  0.9138750349E+00  0.3642276039E+01  0.6557992312E+00
  0.9147362846E+00  0.3652750322E+01  0.6589406506E+00
  0.9155889217E+00  0.3663570634E+01  0.6620597342E+00
  0.9164330325E+00  0.3674109118E+01  0.6651566415E+00
  0.9172687022E+00  0.3684335045E+01  0.6682312558E+00
  0.9180960151E+00  0.3694533874E+01  0.6712835728E+00
  0.9189150550E+00  0.3704636735E+01  0.6743136806E+00
  0.9197259044E+00  0.3714110479E+01  0.6773214241E+00
  0.9205286454E+00  0.3723370826E+01  0.6803066095E+00
  0.9213233589E+00  0.3732679236E+01  0.6832693215E+00
  0.9221101254E+00  0.3741455911E+01  0.6862095208E+00
  0.9228890241E+00  0.3749800666E+01  0.6891269860E+00
  0.9236601339E+00  0.3757792111E+01  0.6920215750E+00
  0.9244235325E+00  0.3765688319E+01  0.6948932824E+00
  0.9251792972E+00  0.3773002932E+01  0.6977420207E+00
  0.9259275042E+00  0.3779840380E+01  0.7005675659E+00
  0.9266682292E+00  0.3786024387E+01  0.7033696784E+00
  0.9274015469E+00  0.3791988371E+01  0.7061482238E+00
  0.9281275314E+00  0.3797717933E+01  0.7089032285E+00
  0.9288462561E+00  0.3803054189E+01  0.7116346598E+00
  0.9295577935E+00  0.3808296546E+01  0.7143425403E+00
  0.9302622156E+00  0.3813574941E+01  0.7170270475E+00
  0.9309595935E+00  0.3819360034E+01  0.7196885674E+00
  0.9316499975E+00  0.3825698917E+01  0.7223276573E+00
  0.9323334975E+00  0.3831493661E+01  0.7249445029E+00
  0.9330101626E+00  0.3836673879E+01  0.7275388933E+00
  0.9336800609E+00  0.3841444862E+01  0.7301106730E+00
  0.9343432603E+00  0.3846108376E+01  0.7326598633E+00
  0.9349998277E+00  0.3850260837E+01  0.7351864558E+00
  0.9356498295E+00  0.3854656785E+01  0.7376905607E+00
  0.9362933312E+00  0.3859324057E+01  0.7401725406E+00
  0.9369303978E+00  0.3864734605E+01  0.7426329108E+00
  0.9375610939E+00  0.3870244691E+01  0.7450721212E+00
  0.9381854829E+00  0.3875683447E+01  0.7474903576E+00
  0.9388036281E+00  0.3881136957E+01  0.7498877781E+00
  0.9394155918E+00  0.3886614826E+01  0.7522645692E+00
  0.9400214359E+00  0.3892049504E+01  0.7546208981E+00
  0.9406212215E+00  0.3897097517E+01  0.7569568074E+00
  0.9412150093E+00  0.3902261164E+01  0.7592723893E+00
  0.9418028592E+00  0.3907507096E+01  0.7615678751E+00
  0.9423848306E+00  0.3912614784E+01  0.7638434188E+00
  0.9429609823E+00  0.3917755852E+01  0.7660991594E+00
  0.9435313725E+00  0.3922928519E+01  0.7683352841E+00
  0.9440960588E+00  0.3928025743E+01  0.7705519472E+00
  0.9446550982E+00  0.3933157033E+01  0.7727493027E+00
  0.9452085472E+00  0.3938203638E+01  0.7749275011E+00
  0.9457564617E+00  0.3943304725E+01  0.7770866975E+00
  0.9462988971E+00  0.3948550439E+01  0.7792271083E+00
  0.9468359082E+00  0.3954085342E+01  0.7813490096E+00
  0.9473675491E+00  0.3959593247E+01  0.7834526272E+00
  0.9478938736E+00  0.3965048439E+01  0.7855380938E+00
  0.9484149348E+00  0.3970580940E+01  0.7876055684E+00
  0.9489307855E+00  0.3976109797E+01  0.7896552211E+00
  0.9494414776E+00  0.3981581298E+01  0.7916871863E+00
  0.9499470629E+00  0.3986617322E+01  0.7937014881E+00
  0.9504475922E+00  0.3991824098E+01  0.7956982102E+00
  0.9509431163E+00  0.3996961921E+01  0.7976775281E+00
  0.9514336852E+00  0.4002114763E+01  0.7996395770E+00
  0.9519193483E+00  0.4007238460E+01  0.8015845008E+00
  0.9524001548E+00  0.4012237276E+01  0.8035124089E+00
  0.9528761533E+00  0.4017334395E+01  0.8054234408E+00
  0.9533473917E+00  0.4022297428E+01  0.8073177327E+00
  0.9538139178E+00  0.4026985485E+01  0.8091953329E+00
  0.9542757786E+00  0.4031456343E+01  0.8110562721E+00
  0.9547330209E+00  0.4035784617E+01  0.8129006137E+00
  0.9551856906E+00  0.4040013180E+01  0.8147284486E+00
  0.9556338337E+00  0.4044108316E+01  0.8165398702E+00
  0.9560774954E+00  0.4047927289E+01  0.8183349332E+00
  0.9565167205E+00  0.4051728294E+01  0.8201137189E+00
  0.9569515532E+00  0.4055276671E+01  0.8218763148E+00
  0.9573820377E+00  0.4058566935E+01  0.8236227566E+00
  0.9578082173E+00  0.4061762355E+01  0.8253531160E+00
  0.9582301352E+00  0.4064861625E+01  0.8270674998E+00
  0.9586478338E+00  0.4067863725E+01  0.8287660140E+00
  0.9590613555E+00  0.4070762509E+01  0.8304487631E+00
  0.9594707419E+00  0.4073291426E+01  0.8321157957E+00
  0.9598760345E+00  0.4075680725E+01  0.8337671547E+00
  0.9602772742E+00  0.4077979787E+01  0.8354029407E+00
  0.9606745014E+00  0.4080370337E+01  0.8370233002E+00
  0.9610677564E+00  0.4082541706E+01  0.8386283531E+00
  0.9614570788E+00  0.4084822413E+01  0.8402182222E+00
  0.9618425080E+00  0.4086949331E+01  0.8417930420E+00
  0.9622240830E+00  0.4089111234E+01  0.8433529318E+00
  0.9626018421E+00  0.4091411312E+01  0.8448980655E+00
  0.9629758237E+00  0.4093598899E+01  0.8464285870E+00
  0.9633460655E+00  0.4095163369E+01  0.8479444979E+00
  0.9637126048E+00  0.4096629101E+01  0.8494458050E+00
  0.9640754788E+00  0.4098075180E+01  0.8509326274E+00
  0.9644347240E+00  0.4099386718E+01  0.8524050769E+00
  0.9647903767E+00  0.4100574463E+01  0.8538632463E+00
  0.9651424730E+00  0.4101684206E+01  0.8553072385E+00
  0.9654910483E+00  0.4102718671E+01  0.8567371644E+00
  0.9658361378E+00  0.4103792140E+01  0.8581531549E+00
  0.9661777764E+00  0.4104822272E+01  0.8595553447E+00
  0.9665159986E+00  0.4105791546E+01  0.8609438508E+00
  0.9668508386E+00  0.4106698097E+01  0.8623187859E+00
  0.9671823303E+00  0.4107544737E+01  0.8636802622E+00
  0.9675105070E+00  0.4108268503E+01  0.8650283814E+00
  0.9678354019E+00  0.4108960143E+01  0.8663632494E+00
  0.9681570479E+00  0.4109645610E+01  0.8676849901E+00
  0.9684754774E+00  0.4110266522E+01  0.8689937215E+00
  0.9687907226E+00  0.4110840249E+01  0.8702895538E+00
  0.9691028154E+00  0.4111369639E+01  0.8715726000E+00
  0.9694117872E+00  0.4111795048E+01  0.8728429631E+00
  0.9697176694E+00  0.4111994192E+01  0.8741007182E+00
  0.9700204927E+00  0.4112167960E+01  0.8753459522E+00
  0.9703202877E+00  0.4112430514E+01  0.8765787993E+00
  0.9706170849E+00  0.4112749774E+01  0.8777994042E+00
  0.9709109140E+00  0.4113039478E+01  0.8790078925E+00
  0.9712018049E+00  0.4113308324E+01  0.8802043772E+00
  0.9714897868E+00  0.4113587564E+01  0.8813889760E+00
  0.9717748890E+00  0.4113880461E+01  0.8825618103E+00
  0.9720571401E+00  0.4114173297E+01  0.8837229990E+00
  0.9723365687E+00  0.4114562133E+01  0.8848726710E+00
  0.9726132030E+00  0.4114937841E+01  0.8860109520E+00
  0.9728870709E+00  0.4115246683E+01  0.8871379440E+00
  0.9731582002E+00  0.4115529056E+01  0.8882537462E+00
  0.9734266182E+00  0.4115822850E+01  0.8893584677E+00
  0.9736923521E+00  0.4116249299E+01  0.8904522376E+00
  0.9739554285E+00  0.4116664699E+01  0.8915351807E+00
  0.9742158742E+00  0.4117048857E+01  0.8926073984E+00
  0.9744737155E+00  0.4117428003E+01  0.8936689923E+00
  0.9747289784E+00  0.4117793638E+01  0.8947200654E+00
  0.9749816886E+00  0.4118131941E+01  0.8957607166E+00
  0.9752318717E+00  0.4118471363E+01  0.8967910462E+00
  0.9754795530E+00  0.4118812933E+01  0.8978111567E+00
  0.9757247574E+00  0.4119157592E+01  0.8988211503E+00
  0.9759675099E+00  0.4119506199E+01  0.8998211281E+00
  0.9762078348E+00  0.4119859533E+01  0.9008111905E+00
  0.9764457564E+00  0.4120206877E+01  0.9017914356E+00
  0.9766812989E+00  0.4120662076E+01  0.9027619728E+00
  0.9769144859E+00  0.4121228836E+01  0.9037229238E+00
  0.9771453410E+00  0.4121772026E+01  0.9046743933E+00
  0.9773738876E+00  0.4122286963E+01  0.9056164691E+00
  0.9776001487E+00  0.4122822611E+01  0.9065492430E+00
  0.9778241472E+00  0.4123363321E+01  0.9074728097E+00
  0.9780459058E+00  0.4123893403E+01  0.9083872594E+00
  0.9782654467E+00  0.4124412361E+01  0.9092926798E+00
  0.9784827922E+00  0.4124977178E+01  0.9101891638E+00
  0.9786979643E+00  0.4125627979E+01  0.9110768138E+00
  0.9789109847E+00  0.4126277701E+01  0.9119557257E+00
  0.9791218748E+00  0.4126928716E+01  0.9128259857E+00
  0.9793306561E+00  0.4127600823E+01  0.9136876812E+00
  0.9795373495E+00  0.4128324769E+01  0.9145409040E+00
  0.9797419760E+00  0.4129039818E+01  0.9153857418E+00
  0.9799445563E+00  0.4129759558E+01  0.9162222766E+00
  0.9801451107E+00  0.4130551496E+01  0.9170505976E+00
  0.9803436596E+00  0.4131351071E+01  0.9178707934E+00
  0.9805402230E+00  0.4132153523E+01  0.9186829447E+00
  0.9807348208E+00  0.4132958558E+01  0.9194871309E+00
  0.9809274726E+00  0.4133799574E+01  0.9202834338E+00
  0.9811181978E+00  0.4134646876E+01  0.9210719347E+00
  0.9813070158E+00  0.4135495489E+01  0.9218527106E+00
  0.9814939457E+00  0.4136345073E+01  0.9226258376E+00
  0.9816790062E+00  0.4137195281E+01  0.9233913905E+00
  0.9818622162E+00  0.4138069747E+01  0.9241494459E+00
  0.9820435940E+00  0.4138946380E+01  0.9249000795E+00
  0.9822231581E+00  0.4139796762E+01  0.9256433619E+00
  0.9824009265E+00  0.4140642541E+01  0.9263793622E+00
  0.9825769172E+00  0.4141538362E+01  0.9271081558E+00
  0.9827511481E+00  0.4142452625E+01  0.9278298191E+00
  0.9829236366E+00  0.4143330595E+01  0.9285444203E+00
  0.9830944002E+00  0.4144139974E+01  0.9292520196E+00
  0.9832634562E+00  0.4144954440E+01  0.9299526802E+00
  0.9834308216E+00  0.4145767362E+01  0.9306464703E+00
  0.9835965134E+00  0.4146578378E+01  0.9313334571E+00
  0.9837605483E+00  0.4147383498E+01  0.9320137065E+00
  0.9839229428E+00  0.4148202084E+01  0.9326872853E+00
  0.9840837134E+00  0.4149015455E+01  0.9333542596E+00
  0.9842428762E+00  0.4149824841E+01  0.9340146932E+00
  0.9844004475E+00  0.4150662124E+01  0.9346686522E+00
  0.9845564430E+00  0.4151514545E+01  0.9353162034E+00
  0.9847108786E+00  0.4152360758E+01  0.9359574102E+00
  0.9848637698E+00  0.4153200542E+01  0.9365923339E+00
  0.9850151321E+00  0.4154033685E+01  0.9372210349E+00
  0.9851649808E+00  0.4154866322E+01  0.9378435738E+00
  0.9853133310E+00  0.4155697465E+01  0.9384600107E+00
  0.9854601977E+00  0.4156521038E+01  0.9390704047E+00
  0.9856055957E+00  0.4157336888E+01  0.9396748139E+00
  0.9857495397E+00  0.4158120514E+01  0.9402732942E+00
  0.9858920443E+00  0.4158882583E+01  0.9408658998E+00
  0.9860331239E+00  0.4159659058E+01  0.9414526879E+00
  0.9861727926E+00  0.4160404643E+01  0.9420337144E+00
  0.9863110647E+00  0.4161085553E+01  0.9426090292E+00
  0.9864479541E+00  0.4161754914E+01  0.9431786834E+00
  0.9865834745E+00  0.4162419755E+01  0.9437427314E+00
  0.9867176398E+00  0.4163078241E+01  0.9443012276E+00
  0.9868504634E+00  0.4163756452E+01  0.9448542277E+00
  0.9869819588E+00  0.4164428333E+01  0.9454017866E+00
  0.9871121392E+00  0.4165091786E+01  0.9459439568E+00
  0.9872410178E+00  0.4165745501E+01  0.9464807901E+00
  0.9873686076E+00  0.4166391586E+01  0.9470123381E+00
  0.9874949215E+00  0.4167030047E+01  0.9475386517E+00
  0.9876199723E+00  0.4167660897E+01  0.9480597815E+00
  0.9877437726E+00  0.4168261839E+01  0.9485757762E+00
  0.9878663349E+00  0.4168862083E+01  0.9490866847E+00
  0.9879876715E+00  0.4169534513E+01  0.9495925612E+00
  0.9881077948E+00  0.4170197632E+01  0.9500934593E+00
  0.9882267168E+00  0.4170851497E+01  0.9505894266E+00
  0.9883444497E+00  0.4171496165E+01  0.9510805107E+00
  0.9884610052E+00  0.4172106530E+01  0.9515667571E+00
  0.9885763951E+00  0.4172702218E+01  0.9520482106E+00
  0.9886906312E+00  0.4173289926E+01  0.9525249172E+00
  0.9888037249E+00  0.4173869706E+01  0.9529969227E+00
  0.9889156876E+00  0.4174441616E+01  0.9534642727E+00
  0.9890265307E+00  0.4175005713E+01  0.9539270121E+00
  0.9891362654E+00  0.4175562061E+01  0.9543851856E+00
  0.9892449028E+00  0.4176110724E+01  0.9548388374E+00
  0.9893524538E+00  0.4176651769E+01  0.9552880113E+00
  0.9894589292E+00  0.4177185266E+01  0.9557327506E+00
  0.9895643399E+00  0.4177735616E+01  0.9561730996E+00
  0.9896686965E+00  0.4178275631E+01  0.9566091021E+00
  0.9897720096E+00  0.4178787554E+01  0.9570407989E+00
  0.9898742895E+00  0.4179276626E+01  0.9574682299E+00
  0.9899755466E+00  0.4179758858E+01  0.9578914358E+00
  0.9900757911E+00  0.4180234329E+01  0.9583104576E+00
  0.9901750332E+00  0.4180703123E+01  0.9587253360E+00
  0.9902732829E+00  0.4181167890E+01  0.9591361115E+00
  0.9903705500E+00  0.4181628593E+01  0.9595428243E+00
  0.9904668445E+00  0.4182082284E+01  0.9599455140E+00
  0.9905621761E+00  0.4182524058E+01  0.9603442195E+00
  0.9906565543E+00  0.4182960323E+01  0.9607389793E+00
  0.9907499888E+00  0.4183391079E+01  0.9611298321E+00
  0.9908424889E+00  0.4183825870E+01  0.9615168163E+00
  0.9909340640E+00  0.4184261416E+01  0.9618999706E+00
  0.9910247234E+00  0.4184691706E+01  0.9622793325E+00
  0.9911144761E+00  0.4185128486E+01  0.9626549398E+00
  0.9912033314E+00  0.4185569492E+01  0.9630268300E+00
  0.9912912981E+00  0.4185991783E+01  0.9633950392E+00
  0.9913783851E+00  0.4186404492E+01  0.9637596028E+00
  0.9914646012E+00  0.4186810859E+01  0.9641205559E+00
  0.9915499552E+00  0.4187210984E+01  0.9644779340E+00
  0.9916344557E+00  0.4187604965E+01  0.9648317719E+00
  0.9917181111E+00  0.4187992901E+01  0.9651821041E+00
  0.9918009300E+00  0.4188374889E+01  0.9655289648E+00
  0.9918829207E+00  0.4188751025E+01  0.9658723880E+00
  0.9919640915E+00  0.4189121405E+01  0.9662124073E+00
  0.9920444506E+00  0.4189486122E+01  0.9665490559E+00
  0.9921240061E+00  0.4189845272E+01  0.9668823668E+00
  0.9922027660E+00  0.4190198944E+01  0.9672123727E+00
  0.9922807383E+00  0.4190547231E+01  0.9675391059E+00
  0.9923579310E+00  0.4190890223E+01  0.9678625984E+00
  0.9924343516E+00  0.4191231895E+01  0.9681828822E+00
  0.9925100081E+00  0.4191573545E+01  0.9684999890E+00
  0.9925849081E+00  0.4191909834E+01  0.9688139501E+00
  0.9926590590E+00  0.4192244971E+01  0.9691247965E+00
  0.9927324684E+00  0.4192577072E+01  0.9694325589E+00
  0.9928051437E+00  0.4192903866E+01  0.9697372677E+00
  0.9928770923E+00  0.4193225451E+01  0.9700389527E+00
  0.9929483213E+00  0.4193541921E+01  0.9703376435E+00
  0.9930188381E+00  0.4193853368E+01  0.9706333696E+00
  0.9930886497E+00  0.4194159886E+01  0.9709261600E+00
  0.9931577632E+00  0.4194461563E+01  0.9712160435E+00
  0.9932261856E+00  0.4194758489E+01  0.9715030486E+00
  0.9932939238E+00  0.4195050751E+01  0.9717872037E+00
  0.9933609845E+00  0.4195338435E+01  0.9720685366E+00
  0.9934273747E+00  0.4195621624E+01  0.9723470752E+00
  0.9934931009E+00  0.4195900403E+01  0.9726228469E+00
  0.9935581699E+00  0.4196174851E+01  0.9728958788E+00
  0.9936225882E+00  0.4196445049E+01  0.9731661979E+00
  0.9936863623E+00  0.4196711075E+01  0.9734338310E+00
  0.9937494987E+00  0.4196973007E+01  0.9736988044E+00
  0.9938120037E+00  0.4197230919E+01  0.9739611443E+00
  0.9938738837E+00  0.4197484886E+01  0.9742208767E+00
  0.9939351449E+00  0.4197734981E+01  0.9744780271E+00
  0.9939957934E+00  0.4197975386E+01  0.9747326210E+00
  0.9940558355E+00  0.4198210832E+01  0.9749846832E+00
  0.9941152771E+00  0.4198442875E+01  0.9752342386E+00
  0.9941741243E+00  0.4198671576E+01  0.9754813121E+00
  0.9942323831E+00  0.4198896993E+01  0.9757259280E+00
  0.9942900593E+00  0.4199119184E+01  0.9759681107E+00
  0.9943471587E+00  0.4199334062E+01  0.9762078841E+00
  0.9944036871E+00  0.4199545927E+01  0.9764452718E+00
  0.9944596502E+00  0.4199754887E+01  0.9766802973E+00
  0.9945150537E+00  0.4199960991E+01  0.9769129841E+00
  0.9945699032E+00  0.4200164290E+01  0.9771433553E+00
  0.9946242041E+00  0.4200364829E+01  0.9773714338E+00
  0.9946779621E+00  0.4200562655E+01  0.9775972421E+00
  0.9947311825E+00  0.4200757815E+01  0.9778208028E+00
  0.9947838707E+00  0.4200950353E+01  0.9780421382E+00
  0.9948360320E+00  0.4201140313E+01  0.9782612701E+00
  0.9948876716E+00  0.4201327739E+01  0.9784782205E+00
  0.9949387949E+00  0.4201512672E+01  0.9786930109E+00
  0.9949894070E+00  0.4201695155E+01  0.9789056627E+00
  0.9950395129E+00  0.4201875227E+01  0.9791161971E+00
  0.9950891178E+00  0.4202052929E+01  0.9793246350E+00
  0.9951382266E+00  0.4202228300E+01  0.9795309971E+00
  0.9951868443E+00  0.4202401082E+01  0.9797353041E+00
  0.9952349759E+00  0.4202571153E+01  0.9799375763E+00
  0.9952826261E+00  0.4202739034E+01  0.9801378339E+00
  0.9953297999E+00  0.4202904761E+01  0.9803360967E+00
  0.9953765019E+00  0.4203068369E+01  0.9805323846E+00
  0.9954227368E+00  0.4203229891E+01  0.9807267171E+00
  0.9954685095E+00  0.4203389360E+01  0.9809191136E+00
  0.9955138244E+00  0.4203546809E+01  0.9811095934E+00
  0.9955586861E+00  0.4203702249E+01  0.9812981754E+00
  0.9956030993E+00  0.4203855499E+01  0.9814848784E+00
  0.9956470683E+00  0.4204006834E+01  0.9816697211E+00
  0.9956905976E+00  0.4204156283E+01  0.9818527219E+00
  0.9957336916E+00  0.4204303875E+01  0.9820338991E+00
  0.9957763547E+00  0.4204449639E+01  0.9822132707E+00
  0.9958185912E+00  0.4204593604E+01  0.9823908548E+00
  0.9958604053E+00  0.4204735797E+01  0.9825666690E+00
  0.9959018012E+00  0.4204876246E+01  0.9827407310E+00
  0.9959427832E+00  0.4205014976E+01  0.9829130580E+00
  0.9959833554E+00  0.4205152015E+01  0.9830836674E+00
  0.9960235218E+00  0.4205287387E+01  0.9832525761E+00
  0.9960632866E+00  0.4205421118E+01  0.9834198011E+00
  0.9961026537E+00  0.4205553233E+01  0.9835853591E+00
  0.9961416272E+00  0.4205683755E+01  0.9837492666E+00
  0.9961802109E+00  0.4205812709E+01  0.9839115400E+00
  0.9962184088E+00  0.4205940118E+01  0.9840721956E+00
  0.9962562247E+00  0.4206066004E+01  0.9842312495E+00
  0.9962936625E+00  0.4206190390E+01  0.9843887175E+00
  0.9963307258E+00  0.4206313298E+01  0.9845446154E+00
  0.9963674186E+00  0.4206434750E+01  0.9846989588E+00
  0.9964037444E+00  0.4206554767E+01  0.9848517631E+00
  0.9964397070E+00  0.4206673370E+01  0.9850030437E+00
  0.9964753099E+00  0.4206790578E+01  0.9851528157E+00
  0.9965105568E+00  0.4206906413E+01  0.9853010941E+00
  0.9965454512E+00  0.4207020893E+01  0.9854478937E+00
  0.9965799967E+00  0.4207134039E+01  0.9855932292E+00
  0.9966141967E+00  0.4207245869E+01  0.9857371152E+00
  0.9966480548E+00  0.4207356401E+01  0.9858795662E+00
  0.9966815742E+00  0.4207465654E+01  0.9860205963E+00
  0.9967147585E+00  0.4207573646E+01  0.9861602197E+00
  0.9967476109E+00  0.4207680395E+01  0.9862984504E+00
  0.9967801348E+00  0.4207785917E+01  0.9864353023E+00
  0.9968123334E+00  0.4207890230E+01  0.9865707890E+00
  0.9968442101E+00  0.4207993351E+01  0.9867049241E+00
  0.9968757680E+00  0.4208095295E+01  0.9868377212E+00
  0.9969070103E+00  0.4208196080E+01  0.9869691934E+00
  0.9969379402E+00  0.4208295720E+01  0.9870993540E+00
  0.9969685608E+00  0.4208394232E+01  0.9872282161E+00
  0.9969988752E+00  0.4208491630E+01  0.9873557925E+00
  0.9970288865E+00  0.4208587930E+01  0.9874820960E+00
  0.9970585976E+00  0.4208683146E+01  0.9876071393E+00
  0.9970880116E+00  0.4208776801E+01  0.9877309350E+00
  0.9971171315E+00  0.4208869223E+01  0.9878534954E+00
  0.9971459602E+00  0.4208960629E+01  0.9879748329E+00
  0.9971745006E+00  0.4209051035E+01  0.9880949596E+00
  0.9972027556E+00  0.4209140451E+01  0.9882138876E+00
  0.9972307280E+00  0.4209228891E+01  0.9883316288E+00
  0.9972584207E+00  0.4209316366E+01  0.9884481950E+00
  0.9972858365E+00  0.4209402890E+01  0.9885635979E+00
  0.9973129782E+00  0.4209488474E+01  0.9886778492E+00
  0.9973398484E+00  0.4209573129E+01  0.9887909602E+00
  0.9973664499E+00  0.4209656867E+01  0.9889029423E+00
  0.9973927854E+00  0.4209739700E+01  0.9890138068E+00
  0.9974188575E+00  0.4209821638E+01  0.9891235648E+00
  0.9974446690E+00  0.4209902694E+01  0.9892322274E+00
  0.9974702223E+00  0.4209982876E+01  0.9893398054E+00
  0.9974955201E+00  0.4210062197E+01  0.9894463096E+00
  0.9975205649E+00  0.4210140667E+01  0.9895517507E+00
  0.9975453592E+00  0.4210218296E+01  0.9896561394E+00
  0.9975699056E+00  0.4210295094E+01  0.9897594861E+00
  0.9975942066E+00  0.4210371071E+01  0.9898618011E+00
  0.9976182645E+00  0.4210446237E+01  0.9899630949E+00
  0.9976420819E+00  0.4210520602E+01  0.9900633774E+00
  0.9976656610E+00  0.4210594176E+01  0.9901626589E+00
  0.9976890044E+00  0.4210666967E+01  0.9902609493E+00
  0.9977121144E+00  0.4210738986E+01  0.9903582585E+00
  0.9977349932E+00  0.4210810241E+01  0.9904545962E+00
  0.9977576433E+00  0.4210880741E+01  0.9905499721E+00
  0.9977800669E+00  0.4210950495E+01  0.9906443959E+00
  0.9978022662E+00  0.4211019513E+01  0.9907378769E+00
  0.9978242435E+00  0.4211087802E+01  0.9908304247E+00
  0.9978460011E+00  0.4211155371E+01  0.9909220484E+00
  0.9978675411E+00  0.4211222229E+01  0.9910127574E+00
  0.9978888657E+00  0.4211288384E+01  0.9911025607E+00
  0.9979099770E+00  0.4211353844E+01  0.9911914673E+00
  0.9979308773E+00  0.4211418706E+01  0.9912794863E+00
  0.9979515685E+00  0.4211483155E+01  0.9913666264E+00
  0.9979720528E+00  0.4211546919E+01  0.9914528964E+00
  0.9979923323E+00  0.4211610005E+01  0.9915383049E+00
  0.9980124089E+00  0.4211672423E+01  0.9916228607E+00
  0.9980322849E+00  0.4211734180E+01  0.9917065721E+00
  0.9980519620E+00  0.4211795283E+01  0.9917894477E+00
  0.9980714424E+00  0.4211855740E+01  0.9918714956E+00
  0.9980907280E+00  0.4211915559E+01  0.9919527243E+00
  0.9981098207E+00  0.4211974748E+01  0.9920331418E+00
  0.9981287225E+00  0.4212033313E+01  0.9921127562E+00
  0.9981474353E+00  0.4212091262E+01  0.9921915756E+00
  0.9981659609E+00  0.4212148602E+01  0.9922696078E+00
  0.9981843013E+00  0.4212205340E+01  0.9923468608E+00
  0.9982024583E+00  0.4212261483E+01  0.9924233423E+00
  0.9982204337E+00  0.4212317037E+01  0.9924990599E+00
  0.9982382294E+00  0.4212372011E+01  0.9925740214E+00
  0.9982558471E+00  0.4212426409E+01  0.9926482342E+00
  0.9982732886E+00  0.4212480240E+01  0.9927217058E+00
  0.9982905557E+00  0.4212533508E+01  0.9927944437E+00
  0.9983076502E+00  0.4212586222E+01  0.9928664550E+00
  0.9983245737E+00  0.4212638386E+01  0.9929377472E+00
  0.9983413279E+00  0.4212690007E+01  0.9930083272E+00
  0.9983579146E+00  0.4212741092E+01  0.9930782024E+00
  0.9983743355E+00  0.4212791701E+01  0.9931473796E+00
  0.9983905921E+00  0.4212841806E+01  0.9932158659E+00
  0.9984066862E+00  0.4212891390E+01  0.9932836681E+00
  0.9984226194E+00  0.4212940457E+01  0.9933507930E+00
  0.9984383932E+00  0.4212989014E+01  0.9934172475E+00
  0.9984540092E+00  0.4213037067E+01  0.9934830382E+00
  0.9984694691E+00  0.4213084621E+01  0.9935481718E+00
  0.9984847744E+00  0.4213131682E+01  0.9936126547E+00
  0.9984999267E+00  0.4213178255E+01  0.9936764935E+00
  0.9985149274E+00  0.4213224346E+01  0.9937396946E+00
  0.9985297782E+00  0.4213269960E+01  0.9938022644E+00
  0.9985444804E+00  0.4213315103E+01  0.9938642091E+00
  0.9985590356E+00  0.4213359779E+01  0.9939255351E+00
  0.9985734452E+00  0.4213403994E+01  0.9939862484E+00
  0.9985877108E+00  0.4213447752E+01  0.9940463552E+00
  0.9986018337E+00  0.4213491060E+01  0.9941058616E+00
  0.9986158153E+00  0.4213533921E+01  0.9941647735E+00
  0.9986296572E+00  0.4213576342E+01  0.9942230969E+00
  0.9986433606E+00  0.4213618325E+01  0.9942808376E+00
  0.9986569270E+00  0.4213659878E+01  0.9943380015E+00
  0.9986703577E+00  0.4213701003E+01  0.9943945943E+00
  0.9986836541E+00  0.4213741706E+01  0.9944506218E+00
  0.9986968176E+00  0.4213781991E+01  0.9945060894E+00
  0.9987098494E+00  0.4213821863E+01  0.9945610030E+00
  0.9987227509E+00  0.4213861327E+01  0.9946153679E+00
  0.9987355234E+00  0.4213900386E+01  0.9946691896E+00
  0.9987481682E+00  0.4213939045E+01  0.9947224736E+00
  0.9987606865E+00  0.4213977309E+01  0.9947752253E+00
  0.9987730796E+00  0.4214015181E+01  0.9948274499E+00
  0.9987853488E+00  0.4214052667E+01  0.9948791528E+00
  0.9987974954E+00  0.4214089769E+01  0.9949303390E+00
  0.9988095204E+00  0.4214126493E+01  0.9949810139E+00
  0.9988214252E+00  0.4214162841E+01  0.9950311824E+00
  0.9988332109E+00  0.4214198819E+01  0.9950808497E+00
  0.9988448788E+00  0.4214234430E+01  0.9951300207E+00
  0.9988564300E+00  0.4214269679E+01  0.9951787004E+00
  0.9988678657E+00  0.4214304568E+01  0.9952268938E+00
  0.9988791871E+00  0.4214339102E+01  0.9952746055E+00
  0.9988903952E+00  0.4214373285E+01  0.9953218406E+00
  0.9989014913E+00  0.4214407119E+01  0.9953686037E+00
  0.9989124764E+00  0.4214440610E+01  0.9954148995E+00
  0.9989233516E+00  0.4214473761E+01  0.9954607327E+00
  0.9989341181E+00  0.4214506574E+01  0.9955061079E+00
  0.9989447769E+00  0.4214539054E+01  0.9955510298E+00
  0.9989553291E+00  0.4214571205E+01  0.9955955027E+00
  0.9989657758E+00  0.4214603029E+01  0.9956395313E+00
  0.9989761181E+00  0.4214634531E+01  0.9956831199E+00
  0.9989863569E+00  0.4214665713E+01  0.9957262729E+00
  0.9989964933E+00  0.4214696579E+01  0.9957689948E+00
  0.9990065284E+00  0.4214727132E+01  0.9958112897E+00
  0.9990164631E+00  0.4214757376E+01  0.9958531619E+00
  0.9990262985E+00  0.4214787313E+01  0.9958946158E+00
  0.9990360355E+00  0.4214816948E+01  0.9959356554E+00
  0.9990456751E+00  0.4214846282E+01  0.9959762849E+00
  0.9990552184E+00  0.4214875320E+01  0.9960165083E+00
  0.9990646662E+00  0.4214904064E+01  0.9960563298E+00
  0.9990740195E+00  0.4214932517E+01  0.9960957534E+00
  0.9990832793E+00  0.4214960683E+01  0.9961347830E+00
  0.9990924466E+00  0.4214988564E+01  0.9961734225E+00
  0.9991015221E+00  0.4215016164E+01  0.9962116759E+00
  0.9991105069E+00  0.4215043485E+01  0.9962495470E+00
  0.9991194018E+00  0.4215070530E+01  0.9962870397E+00
  0.9991282078E+00  0.4215097302E+01  0.9963241576E+00
  0.9991369257E+00  0.4215123803E+01  0.9963609046E+00
  0.9991455564E+00  0.4215150038E+01  0.9963972844E+00
  0.9991541009E+00  0.4215176008E+01  0.9964333006E+00
  0.9991625599E+00  0.4215201716E+01  0.9964689568E+00
  0.9991709343E+00  0.4215227165E+01  0.9965042567E+00
  0.9991792249E+00  0.4215252357E+01  0.9965392038E+00
  0.9991874327E+00  0.4215277295E+01  0.9965738017E+00
  0.9991955584E+00  0.4215301983E+01  0.9966080537E+00
  0.9992036028E+00  0.4215326421E+01  0.9966419635E+00
  0.9992115667E+00  0.4215350614E+01  0.9966755343E+00
  0.9992194511E+00  0.4215374563E+01  0.9967087696E+00
  0.9992272566E+00  0.4215398270E+01  0.9967416728E+00
  0.9992349840E+00  0.4215421740E+01  0.9967742471E+00
  0.9992426342E+00  0.4215444973E+01  0.9968064958E+00
  0.9992502078E+00  0.4215467972E+01  0.9968384223E+00
  0.9992577057E+00  0.4215490740E+01  0.9968700296E+00
  0.9992651287E+00  0.4215513279E+01  0.9969013210E+00
  0.9992724774E+00  0.4215535591E+01  0.9969322997E+00
  0.9992797526E+00  0.4215557680E+01  0.9969629688E+00
  0.9992869551E+00  0.4215579546E+01  0.9969933313E+00
  0.9992940855E+00  0.4215601192E+01  0.9970233903E+00
  0.9993011447E+00  0.4215622621E+01  0.9970531490E+00
  0.9993081332E+00  0.4215643834E+01  0.9970826101E+00
  0.9993150519E+00  0.4215664835E+01  0.9971117768E+00
  0.9993219014E+00  0.4215685624E+01  0.9971406520E+00
  0.9993286824E+00  0.4215706205E+01  0.9971692386E+00
  0.9993353956E+00  0.4215726579E+01  0.9971975394E+00
  0.9993420416E+00  0.4215746749E+01  0.9972255574E+00
  0.9993486212E+00  0.4215766716E+01  0.9972532953E+00
  0.9993551350E+00  0.4215786482E+01  0.9972807560E+00
  0.9993615836E+00  0.4215806051E+01  0.9973079422E+00
  0.9993679678E+00  0.4215825423E+01  0.9973348567E+00
  0.9993742881E+00  0.4215844600E+01  0.9973615021E+00
  0.9993805452E+00  0.4215863585E+01  0.9973878812E+00
  0.9993867398E+00  0.4215882380E+01  0.9974139966E+00
  0.9993928724E+00  0.4215900986E+01  0.9974398510E+00
  0.9993989436E+00  0.4215919406E+01  0.9974654470E+00
  0.9994049542E+00  0.4215937641E+01  0.9974907871E+00
  0.9994109047E+00  0.4215955693E+01  0.9975158739E+00
  0.9994167956E+00  0.4215973564E+01  0.9975407100E+00
  0.9994226277E+00  0.4215991256E+01  0.9975652977E+00
  0.9994284014E+00  0.4216008771E+01  0.9975896398E+00
  0.9994341174E+00  0.4216026110E+01  0.9976137385E+00
  0.9994397762E+00  0.4216043275E+01  0.9976375963E+00
  0.9994453784E+00  0.4216060269E+01  0.9976612156E+00
  0.9994509247E+00  0.4216077092E+01  0.9976845988E+00
  0.9994564154E+00  0.4216093747E+01  0.9977077483E+00
  0.9994618513E+00  0.4216110234E+01  0.9977306664E+00
  0.9994672327E+00  0.4216126557E+01  0.9977533554E+00
  0.9994725604E+00  0.4216142716E+01  0.9977758176E+00
  0.9994778348E+00  0.4216158713E+01  0.9977980552E+00
  0.9994830565E+00  0.4216174550E+01  0.9978200706E+00
  0.9994882259E+00  0.4216190229E+01  0.9978418658E+00
  0.9994933436E+00  0.4216205750E+01  0.9978634433E+00
  0.9994984102E+00  0.4216221116E+01  0.9978848050E+00
  0.9995034261E+00  0.4216236328E+01  0.9979059531E+00
  0.9995083918E+00  0.4216251388E+01  0.9979268899E+00
  0.9995133079E+00  0.4216266297E+01  0.9979476174E+00
  0.9995181748E+00  0.4216281057E+01  0.9979681376E+00
  0.9995229931E+00  0.4216295669E+01  0.9979884528E+00
  0.9995277632E+00  0.4216310135E+01  0.9980085648E+00
  0.9995324855E+00  0.4216324456E+01  0.9980284758E+00
  0.9995371607E+00  0.4216338634E+01  0.9980481878E+00
  0.9995417891E+00  0.4216352670E+01  0.9980677027E+00
  0.9995463712E+00  0.4216366566E+01  0.9980870225E+00
  0.9995509075E+00  0.4216380322E+01  0.9981061492E+00
  0.9995553984E+00  0.4216393941E+01  0.9981250847E+00
  0.9995598444E+00  0.4216407424E+01  0.9981438309E+00
  0.9995642460E+00  0.4216420771E+01  0.9981623897E+00
  0.9995686035E+00  0.4216433985E+01  0.9981807629E+00
  0.9995729175E+00  0.4216447067E+01  0.9981989525E+00
  0.9995771883E+00  0.4216460019E+01  0.9982169602E+00
  0.9995814164E+00  0.4216472840E+01  0.9982347879E+00
  0.9995856022E+00  0.4216485533E+01  0.9982524374E+00
  0.9995897462E+00  0.4216498100E+01  0.9982699105E+00
  0.9995938488E+00  0.4216510540E+01  0.9982872088E+00
  0.9995979103E+00  0.4216522857E+01  0.9983043343E+00
  0.9996019312E+00  0.4216535050E+01  0.9983212885E+00
  0.9996059119E+00  0.4216547121E+01  0.9983380732E+00
  0.9996098527E+00  0.4216559071E+01  0.9983546902E+00
  0.9996137542E+00  0.4216570902E+01  0.9983711410E+00
  0.9996176167E+00  0.4216582615E+01  0.9983874273E+00
  0.9996214405E+00  0.4216594211E+01  0.9984035509E+00
  0.9996252261E+00  0.4216605690E+01  0.9984195132E+00
  0.9996289738E+00  0.4216617055E+01  0.9984353160E+00
  0.9996326841E+00  0.4216628306E+01  0.9984509607E+00
  0.9996363573E+00  0.4216639445E+01  0.9984664491E+00
  0.9996399937E+00  0.4216650472E+01  0.9984817826E+00
  0.9996435938E+00  0.4216661389E+01  0.9984969629E+00
  0.9996471578E+00  0.4216672197E+01  0.9985119913E+00
  0.9996506862E+00  0.4216682897E+01  0.9985268695E+00
  0.9996541794E+00  0.4216693490E+01  0.9985415990E+00
  0.9996576376E+00  0.4216703977E+01  0.9985561812E+00
  0.9996610612E+00  0.4216714359E+01  0.9985706177E+00
  0.9996644506E+00  0.4216724638E+01  0.9985849098E+00
  0.9996678400E+00  0.4216734916E+01  0.9985992019E+00
  0.9996712294E+00  0.4216745195E+01  0.9986134941E+00
  0.9996746188E+00  0.4216755473E+01  0.9986277863E+00
  0.9996780081E+00  0.4216765752E+01  0.9986420785E+00
  0.9996813975E+00  0.4216776031E+01  0.9986563708E+00
  0.9996847869E+00  0.4216786310E+01  0.9986706631E+00
  0.9996881763E+00  0.4216796588E+01  0.9986849554E+00
  0.9996915657E+00  0.4216806867E+01  0.9986992478E+00
  0.9996949551E+00  0.4216817146E+01  0.9987135402E+00
  0.9996983445E+00  0.4216827425E+01  0.9987278327E+00
  0.9997017339E+00  0.4216837704E+01  0.9987421251E+00
  0.9997051232E+00  0.4216847984E+01  0.9987564177E+00
  0.9997085126E+00  0.4216858263E+01  0.9987707102E+00
  0.9997119020E+00  0.4216868542E+01  0.9987850028E+00
  0.9997152914E+00  0.4216878822E+01  0.9987992954E+00
  0.9997186808E+00  0.4216889101E+01  0.9988135881E+00
  0.9997220702E+00  0.4216899381E+01  0.9988278808E+00
  0.9997254596E+00  0.4216909660E+01  0.9988421735E+00
  0.9997288490E+00  0.4216919940E+01  0.9988564662E+00
  0.9997322384E+00  0.4216930220E+01  0.9988707590E+00
  0.9997356277E+00  0.4216940500E+01  0.9988850519E+00
  0.9997390171E+00  0.4216950780E+01  0.9988993447E+00
  0.9997424065E+00  0.4216961060E+01  0.9989136376E+00
  0.9997457959E+00  0.4216971340E+01  0.9989279306E+00
  0.9997491853E+00  0.4216981621E+01  0.9989422235E+00
  0.9997525747E+00  0.4216991901E+01  0.9989565165E+00
  0.9997559641E+00  0.4217002182E+01  0.9989708096E+00
  0.9997593535E+00  0.4217012463E+01  0.9989851027E+00
  0.9997627428E+00  0.4217022743E+01  0.9989993958E+00
  0.9997661322E+00  0.4217033024E+01  0.9990136889E+00
  0.9997695216E+00  0.4217043306E+01  0.9990279821E+00
  0.9997729110E+00  0.4217053587E+01  0.9990422753E+00
  0.9997763004E+00  0.4217063868E+01  0.9990565685E+00
  0.9997796898E+00  0.4217074150E+01  0.9990708618E+00
  0.9997830792E+00  0.4217084431E+01  0.9990851551E+00
  0.9997864686E+00  0.4217094713E+01  0.9990994485E+00
  0.9997898579E+00  0.4217104995E+01  0.9991137419E+00
  0.9997932473E+00  0.4217115277E+01  0.9991280353E+00
  0.9997966367E+00  0.4217125559E+01  0.9991423288E+00
  0.9998000261E+00  0.4217135841E+01  0.9991566223E+00
  0.9998034155E+00  0.4217146124E+01  0.9991709158E+00
  0.9998068049E+00  0.4217156407E+01  0.9991852093E+00
  0.9998101943E+00  0.4217166689E+01  0.9991995029E+00
  0.9998135837E+00  0.4217176972E+01  0.9992137966E+00
  0.9998169731E+00  0.4217187255E+01  0.9992280902E+00
  0.9998203624E+00  0.4217197539E+01  0.9992423839E+00
  0.9998237518E+00  0.4217207822E+01  0.9992566777E+00
  0.9998271412E+00  0.4217218106E+01  0.9992709715E+00
  0.9998305306E+00  0.4217228389E+01  0.9992852653E+00
  0.9998339200E+00  0.4217238673E+01  0.9992995591E+00
  0.9998373094E+00  0.4217248958E+01  0.9993138530E+00
  0.9998406988E+00  0.4217259242E+01  0.9993281469E+00
  0.9998440882E+00  0.4217269526E+01  0.9993424408E+00
  0.9998474775E+00  0.4217279811E+01  0.9993567348E+00
  0.9998508669E+00  0.4217290096E+01  0.9993710288E+00
  0.9998542563E+00  0.4217300381E+01  0.9993853229E+00
  0.9998576457E+00  0.4217310666E+01  0.9993996170E+00
  0.9998610351E+00  0.4217320952E+01  0.9994139111E+00
  0.9998644245E+00  0.4217331237E+01  0.9994282052E+00
  0.9998678139E+00  0.4217341523E+01  0.9994424994E+00
  0.9998712033E+00  0.4217351809E+01  0.9994567936E+00
  0.9998745926E+00  0.4217362095E+01  0.9994710879E+00
  0.9998779820E+00  0.4217372382E+01  0.9994853822E+00
  0.9998813714E+00  0.4217382669E+01  0.9994996765E+00
  0.9998847608E+00  0.4217392955E+01  0.9995139709E+00
  0.9998881502E+00  0.4217403243E+01  0.9995282653E+00
  0.9998915396E+00  0.4217413530E+01  0.9995425597E+00
  0.9998949290E+00  0.4217423817E+01  0.9995568542E+00
  0.9998983184E+00  0.4217434105E+01  0.9995711487E+00
  0.9999017077E+00  0.4217444393E+01  0.9995854432E+00
  0.9999050971E+00  0.4217454681E+01  0.9995997378E+00
  0.9999084865E+00  0.4217464970E+01  0.9996140324E+00
  0.9999118759E+00  0.4217475258E+01  0.9996283271E+00
  0.9999152653E+00  0.4217485547E+01  0.9996426217E+00
  0.9999186547E+00  0.4217495837E+01  0.9996569164E+00
  0.9999220441E+00  0.4217506126E+01  0.9996712112E+00
  0.9999254335E+00  0.4217516416E+01  0.9996855060E+00
  0.9999288229E+00  0.4217526706E+01  0.9996998008E+00
  0.9999322122E+00  0.4217536996E+01  0.9997140956E+00
  0.9999356016E+00  0.4217547286E+01  0.9997283905E+00
  0.9999389910E+00  0.4217557577E+01  0.9997426854E+00
  0.9999423804E+00  0.4217567868E+01  0.9997569804E+00
  0.9999457698E+00  0.4217578159E+01  0.9997712754E+00
  0.9999491592E+00  0.4217588450E+01  0.9997855704E+00
  0.9999525486E+00  0.4217598742E+01  0.9997998655E+00
  0.9999559380E+00  0.4217609034E+01  0.9998141606E+00
  0.9999593273E+00  0.4217619326E+01  0.9998284557E+00
  0.9999627167E+00  0.4217629619E+01  0.9998427509E+00
  0.9999661061E+00  0.4217639912E+01  0.9998570461E+00
  0.9999694955E+00  0.4217650205E+01  0.9998713413E+00
  0.9999728849E+00  0.4217660498E+01  0.9998856366E+00
  0.9999762743E+00  0.4217670792E+01  0.9998999319E+00
  0.9999796637E+00  0.4217681086E+01  0.9999142272E+00
  0.9999830531E+00  0.4217691380E+01  0.9999285226E+00
  0.9999864424E+00  0.4217701674E+01  0.9999428180E+00
  0.9999898318E+00  0.4217711969E+01  0.9999571135E+00
  0.9999932212E+00  0.4217722264E+01  0.9999714089E+00
  0.9999966106E+00  0.4217732560E+01  0.9999857044E+00
  0.1000000000E+01  0.4217744113E+01  0.1000000000E+01
  0.1000000000E+01  0.4217744113E+01  0.1000000000E+01
