  0.0000000000E+00  0.4217743141E+01 -0.1000000000E+01
  0.6996492144E-18  0.4217743141E+01 -0.1000000000E+01
  0.3389387958E-05  0.4217751074E+01 -0.9999857044E+00
  0.6778775916E-05  0.4217759007E+01 -0.9999714088E+00
  0.1016816387E-04  0.4217766940E+01 -0.9999571132E+00
  0.1355755183E-04  0.4217774874E+01 -0.9999428175E+00
  0.1694693979E-04  0.4217782807E+01 -0.9999285218E+00
  0.2033632775E-04  0.4217790742E+01 -0.9999142261E+00
  0.2372571571E-04  0.4217798676E+01 -0.9998999304E+00
  0.2711510367E-04  0.4217806611E+01 -0.9998856346E+00
  0.3050449162E-04  0.4217814546E+01 -0.9998713388E+00
  0.3389387958E-04  0.4217822481E+01 -0.9998570430E+00
  0.3728326754E-04  0.4217830417E+01 -0.9998427471E+00
  0.4067265550E-04  0.4217838352E+01 -0.9998284513E+00
  0.4406204346E-04  0.4217846288E+01 -0.9998141553E+00
  0.4745143141E-04  0.4217854225E+01 -0.9997998594E+00
  0.5084081937E-04  0.4217862161E+01 -0.9997855635E+00
  0.5423020733E-04  0.4217870098E+01 -0.9997712675E+00
  0.5761959529E-04  0.4217878035E+01 -0.9997569715E+00
  0.6100898325E-04  0.4217885973E+01 -0.9997426754E+00
  0.6439837120E-04  0.4217893910E+01 -0.9997283794E+00
  0.6778775916E-04  0.4217901848E+01 -0.9997140833E+00
  0.7117714712E-04  0.4217909786E+01 -0.9996997871E+00
  0.7456653508E-04  0.4217917724E+01 -0.9996854910E+00
  0.7795592304E-04  0.4217925663E+01 -0.9996711948E+00
  0.8134531100E-04  0.4217933601E+01 -0.9996568986E+00
  0.8473469895E-04  0.4217941540E+01 -0.9996426024E+00
  0.8812408691E-04  0.4217949479E+01 -0.9996283061E+00
  0.9151347487E-04  0.4217957419E+01 -0.9996140099E+00
  0.9490286283E-04  0.4217965358E+01 -0.9995997136E+00
  0.9829225079E-04  0.4217973298E+01 -0.9995854172E+00
  0.1016816387E-03  0.4217981238E+01 -0.9995711209E+00
  0.1050710267E-03  0.4217989178E+01 -0.9995568245E+00
  0.1084604147E-03  0.4217997119E+01 -0.9995425281E+00
  0.1118498026E-03  0.4218005059E+01 -0.9995282316E+00
  0.1152391906E-03  0.4218013000E+01 -0.9995139351E+00
  0.1186285785E-03  0.4218020941E+01 -0.9994996387E+00
  0.1220179665E-03  0.4218028882E+01 -0.9994853421E+00
  0.1254073545E-03  0.4218036823E+01 -0.9994710456E+00
  0.1287967424E-03  0.4218044765E+01 -0.9994567490E+00
  0.1321861304E-03  0.4218052706E+01 -0.9994424524E+00
  0.1355755183E-03  0.4218060648E+01 -0.9994281558E+00
  0.1389649063E-03  0.4218068590E+01 -0.9994138591E+00
  0.1423542942E-03  0.4218076532E+01 -0.9993995624E+00
  0.1457436822E-03  0.4218084475E+01 -0.9993852657E+00
  0.1491330702E-03  0.4218092417E+01 -0.9993709690E+00
  0.1525224581E-03  0.4218100360E+01 -0.9993566722E+00
  0.1559118461E-03  0.4218108302E+01 -0.9993423754E+00
  0.1593012340E-03  0.4218116245E+01 -0.9993280786E+00
  0.1626906220E-03  0.4218124188E+01 -0.9993137818E+00
  0.1660800099E-03  0.4218132131E+01 -0.9992994849E+00
  0.1694693979E-03  0.4218140074E+01 -0.9992851880E+00
  0.1728587859E-03  0.4218148018E+01 -0.9992708911E+00
  0.1762481738E-03  0.4218155961E+01 -0.9992565941E+00
  0.1796375618E-03  0.4218163905E+01 -0.9992422971E+00
  0.1830269497E-03  0.4218171849E+01 -0.9992280001E+00
  0.1864163377E-03  0.4218179792E+01 -0.9992137031E+00
  0.1898057257E-03  0.4218187736E+01 -0.9991994060E+00
  0.1931951136E-03  0.4218195681E+01 -0.9991851089E+00
  0.1965845016E-03  0.4218203625E+01 -0.9991708118E+00
  0.1999738895E-03  0.4218211569E+01 -0.9991565147E+00
  0.2033632775E-03  0.4218219513E+01 -0.9991422175E+00
  0.2067526654E-03  0.4218227458E+01 -0.9991279203E+00
  0.2101420534E-03  0.4218235402E+01 -0.9991136231E+00
  0.2135314414E-03  0.4218243347E+01 -0.9990993258E+00
  0.2169208293E-03  0.4218251291E+01 -0.9990850286E+00
  0.2203102173E-03  0.4218259236E+01 -0.9990707313E+00
  0.2236996052E-03  0.4218267181E+01 -0.9990564339E+00
  0.2270889932E-03  0.4218275126E+01 -0.9990421366E+00
  0.2304783812E-03  0.4218283071E+01 -0.9990278392E+00
  0.2338677691E-03  0.4218291016E+01 -0.9990135418E+00
  0.2372571571E-03  0.4218298961E+01 -0.9989992443E+00
  0.2406465450E-03  0.4218306906E+01 -0.9989849469E+00
  0.2440359330E-03  0.4218314851E+01 -0.9989706494E+00
  0.2474253209E-03  0.4218322797E+01 -0.9989563519E+00
  0.2508147089E-03  0.4218330742E+01 -0.9989420543E+00
  0.2542040969E-03  0.4218338687E+01 -0.9989277567E+00
  0.2575934848E-03  0.4218346633E+01 -0.9989134591E+00
  0.2609828728E-03  0.4218354578E+01 -0.9988991615E+00
  0.2643722607E-03  0.4218362523E+01 -0.9988848639E+00
  0.2677616487E-03  0.4218370469E+01 -0.9988705662E+00
  0.2711510367E-03  0.4218378414E+01 -0.9988562685E+00
  0.2745404246E-03  0.4218386360E+01 -0.9988419707E+00
  0.2779298126E-03  0.4218394305E+01 -0.9988276730E+00
  0.2813192005E-03  0.4218402251E+01 -0.9988133752E+00
  0.2847085885E-03  0.4218410196E+01 -0.9987990774E+00
  0.2880979764E-03  0.4218418142E+01 -0.9987847795E+00
  0.2914873644E-03  0.4218426087E+01 -0.9987704817E+00
  0.2948767524E-03  0.4218434033E+01 -0.9987561838E+00
  0.2982661403E-03  0.4218441978E+01 -0.9987418858E+00
  0.3016555283E-03  0.4218449924E+01 -0.9987275879E+00
  0.3050449162E-03  0.4218457869E+01 -0.9987132899E+00
  0.3084343042E-03  0.4218465815E+01 -0.9986989919E+00
  0.3118236921E-03  0.4218473760E+01 -0.9986846939E+00
  0.3152130801E-03  0.4218481706E+01 -0.9986703958E+00
  0.3186024681E-03  0.4218489651E+01 -0.9986560977E+00
  0.3219918560E-03  0.4218497596E+01 -0.9986417996E+00
  0.3253812440E-03  0.4218505542E+01 -0.9986275015E+00
  0.3287706319E-03  0.4218513487E+01 -0.9986132033E+00
  0.3321600199E-03  0.4218521432E+01 -0.9985989051E+00
  0.3355494079E-03  0.4218529377E+01 -0.9985846069E+00
  0.3389387958E-03  0.4218537323E+01 -0.9985703087E+00
  0.3423624200E-03  0.4218545348E+01 -0.9985558660E+00
  0.3458206263E-03  0.4218553454E+01 -0.9985412774E+00
  0.3493137639E-03  0.4218561642E+01 -0.9985265413E+00
  0.3528421858E-03  0.4218569913E+01 -0.9985116565E+00
  0.3564062483E-03  0.4218578267E+01 -0.9984966212E+00
  0.3600063114E-03  0.4218586706E+01 -0.9984814340E+00
  0.3636427388E-03  0.4218595230E+01 -0.9984660934E+00
  0.3673158977E-03  0.4218603839E+01 -0.9984505979E+00
  0.3710261593E-03  0.4218612536E+01 -0.9984349457E+00
  0.3747738983E-03  0.4218621320E+01 -0.9984191354E+00
  0.3785594932E-03  0.4218630193E+01 -0.9984031654E+00
  0.3823833265E-03  0.4218639156E+01 -0.9983870341E+00
  0.3862457844E-03  0.4218648209E+01 -0.9983707397E+00
  0.3901472569E-03  0.4218657353E+01 -0.9983542808E+00
  0.3940881383E-03  0.4218666589E+01 -0.9983376555E+00
  0.3980688266E-03  0.4218675919E+01 -0.9983208623E+00
  0.4020897238E-03  0.4218685342E+01 -0.9983038994E+00
  0.4061512362E-03  0.4218694861E+01 -0.9982867652E+00
  0.4102537739E-03  0.4218704475E+01 -0.9982694578E+00
  0.4143977514E-03  0.4218714187E+01 -0.9982519756E+00
  0.4185835873E-03  0.4218723996E+01 -0.9982343167E+00
  0.4228117043E-03  0.4218733905E+01 -0.9982164794E+00
  0.4270825296E-03  0.4218743913E+01 -0.9981984619E+00
  0.4313964946E-03  0.4218754022E+01 -0.9981802624E+00
  0.4357540349E-03  0.4218764233E+01 -0.9981618790E+00
  0.4401555908E-03  0.4218774546E+01 -0.9981433098E+00
  0.4446016069E-03  0.4218784964E+01 -0.9981245531E+00
  0.4490925322E-03  0.4218795486E+01 -0.9981056068E+00
  0.4536288204E-03  0.4218806115E+01 -0.9980864691E+00
  0.4582109297E-03  0.4218816851E+01 -0.9980671380E+00
  0.4628393230E-03  0.4218827694E+01 -0.9980476117E+00
  0.4675144676E-03  0.4218838647E+01 -0.9980278880E+00
  0.4722368360E-03  0.4218849710E+01 -0.9980079651E+00
  0.4770069051E-03  0.4218860885E+01 -0.9979878409E+00
  0.4818251566E-03  0.4218872172E+01 -0.9979675133E+00
  0.4866920774E-03  0.4218883572E+01 -0.9979469803E+00
  0.4916081590E-03  0.4218895088E+01 -0.9979262399E+00
  0.4965738980E-03  0.4218906719E+01 -0.9979052900E+00
  0.5015897959E-03  0.4218918467E+01 -0.9978841283E+00
  0.5066563595E-03  0.4218930333E+01 -0.9978627529E+00
  0.5117741005E-03  0.4218942319E+01 -0.9978411615E+00
  0.5169435359E-03  0.4218954425E+01 -0.9978193519E+00
  0.5221651878E-03  0.4218966653E+01 -0.9977973220E+00
  0.5274395836E-03  0.4218979003E+01 -0.9977750694E+00
  0.5327672562E-03  0.4218991478E+01 -0.9977525920E+00
  0.5381487436E-03  0.4219004079E+01 -0.9977298876E+00
  0.5435845895E-03  0.4219016806E+01 -0.9977069537E+00
  0.5490753429E-03  0.4219029660E+01 -0.9976837881E+00
  0.5546215585E-03  0.4219042644E+01 -0.9976603884E+00
  0.5602237965E-03  0.4219055758E+01 -0.9976367523E+00
  0.5658826227E-03  0.4219069004E+01 -0.9976128773E+00
  0.5715986088E-03  0.4219082383E+01 -0.9975887611E+00
  0.5773723321E-03  0.4219095896E+01 -0.9975644013E+00
  0.5832043759E-03  0.4219109545E+01 -0.9975397953E+00
  0.5890953291E-03  0.4219123330E+01 -0.9975149407E+00
  0.5950457870E-03  0.4219137254E+01 -0.9974898349E+00
  0.6010563505E-03  0.4219151318E+01 -0.9974644755E+00
  0.6071276268E-03  0.4219165522E+01 -0.9974388598E+00
  0.6132602291E-03  0.4219179869E+01 -0.9974129853E+00
  0.6194547769E-03  0.4219194360E+01 -0.9973868493E+00
  0.6257118958E-03  0.4219208996E+01 -0.9973604493E+00
  0.6320322180E-03  0.4219223778E+01 -0.9973337825E+00
  0.6384163818E-03  0.4219238709E+01 -0.9973068462E+00
  0.6448650321E-03  0.4219253788E+01 -0.9972796378E+00
  0.6513788203E-03  0.4219269019E+01 -0.9972521544E+00
  0.6579584044E-03  0.4219284403E+01 -0.9972243933E+00
  0.6646044489E-03  0.4219299940E+01 -0.9971963517E+00
  0.6713176251E-03  0.4219315632E+01 -0.9971680268E+00
  0.6780986112E-03  0.4219331482E+01 -0.9971394156E+00
  0.6849480921E-03  0.4219347490E+01 -0.9971105153E+00
  0.6918667597E-03  0.4219363657E+01 -0.9970813230E+00
  0.6988553129E-03  0.4219379987E+01 -0.9970518357E+00
  0.7059144575E-03  0.4219396479E+01 -0.9970220504E+00
  0.7130449065E-03  0.4219413136E+01 -0.9969919642E+00
  0.7202473803E-03  0.4219429959E+01 -0.9969615739E+00
  0.7275226064E-03  0.4219446950E+01 -0.9969308765E+00
  0.7348713196E-03  0.4219464111E+01 -0.9968998689E+00
  0.7422942622E-03  0.4219481443E+01 -0.9968685480E+00
  0.7497921840E-03  0.4219498947E+01 -0.9968369106E+00
  0.7573658425E-03  0.4219516626E+01 -0.9968049535E+00
  0.7650160025E-03  0.4219534480E+01 -0.9967726735E+00
  0.7727434369E-03  0.4219552513E+01 -0.9967400672E+00
  0.7805489261E-03  0.4219570725E+01 -0.9967071315E+00
  0.7884332587E-03  0.4219589118E+01 -0.9966738629E+00
  0.7963972310E-03  0.4219607694E+01 -0.9966402582E+00
  0.8044416475E-03  0.4219626454E+01 -0.9966063138E+00
  0.8125673207E-03  0.4219645401E+01 -0.9965720264E+00
  0.8207750714E-03  0.4219664536E+01 -0.9965373925E+00
  0.8290657287E-03  0.4219683861E+01 -0.9965024087E+00
  0.8374401300E-03  0.4219703378E+01 -0.9964670713E+00
  0.8458991212E-03  0.4219723088E+01 -0.9964313767E+00
  0.8544435568E-03  0.4219742994E+01 -0.9963953215E+00
  0.8630742998E-03  0.4219763096E+01 -0.9963589019E+00
  0.8717922220E-03  0.4219783398E+01 -0.9963221142E+00
  0.8805982040E-03  0.4219803901E+01 -0.9962849548E+00
  0.8894931354E-03  0.4219824607E+01 -0.9962474199E+00
  0.8984779145E-03  0.4219845517E+01 -0.9962095056E+00
  0.9075534490E-03  0.4219866634E+01 -0.9961712081E+00
  0.9167206556E-03  0.4219887959E+01 -0.9961325236E+00
  0.9259804602E-03  0.4219909495E+01 -0.9960934482E+00
  0.9353337982E-03  0.4219931243E+01 -0.9960539779E+00
  0.9447816143E-03  0.4219953206E+01 -0.9960141086E+00
  0.9543248629E-03  0.4219975385E+01 -0.9959738364E+00
  0.9639645080E-03  0.4219997782E+01 -0.9959331573E+00
  0.9737015233E-03  0.4220020399E+01 -0.9958920670E+00
  0.9835368922E-03  0.4220043239E+01 -0.9958505614E+00
  0.9934716083E-03  0.4220066304E+01 -0.9958086364E+00
  0.1003506675E-02  0.4220089595E+01 -0.9957662876E+00
  0.1013643106E-02  0.4220113114E+01 -0.9957235108E+00
  0.1023881925E-02  0.4220136864E+01 -0.9956803017E+00
  0.1034224167E-02  0.4220160847E+01 -0.9956366559E+00
  0.1044670876E-02  0.4220185064E+01 -0.9955925690E+00
  0.1055223107E-02  0.4220209519E+01 -0.9955480365E+00
  0.1065881926E-02  0.4220234212E+01 -0.9955030539E+00
  0.1076648410E-02  0.4220259146E+01 -0.9954576167E+00
  0.1087523647E-02  0.4220284324E+01 -0.9954117203E+00
  0.1098508734E-02  0.4220309747E+01 -0.9953653599E+00
  0.1109604782E-02  0.4220335418E+01 -0.9953185310E+00
  0.1120812911E-02  0.4220361339E+01 -0.9952712288E+00
  0.1132134253E-02  0.4220387512E+01 -0.9952234485E+00
  0.1143569953E-02  0.4220413939E+01 -0.9951751853E+00
  0.1155121165E-02  0.4220440622E+01 -0.9951264342E+00
  0.1166789055E-02  0.4220467565E+01 -0.9950771904E+00
  0.1178574803E-02  0.4220494768E+01 -0.9950274489E+00
  0.1190479599E-02  0.4220522234E+01 -0.9949772046E+00
  0.1202504646E-02  0.4220549966E+01 -0.9949264525E+00
  0.1214651157E-02  0.4220577965E+01 -0.9948751874E+00
  0.1226920361E-02  0.4220606235E+01 -0.9948234040E+00
  0.1239313496E-02  0.4220634777E+01 -0.9947710973E+00
  0.1251831814E-02  0.4220663593E+01 -0.9947182619E+00
  0.1264476580E-02  0.4220692687E+01 -0.9946648924E+00
  0.1277249070E-02  0.4220722059E+01 -0.9946109835E+00
  0.1290150576E-02  0.4220751714E+01 -0.9945565296E+00
  0.1303182400E-02  0.4220781652E+01 -0.9945015253E+00
  0.1316345859E-02  0.4220811876E+01 -0.9944459650E+00
  0.1329642282E-02  0.4220842390E+01 -0.9943898431E+00
  0.1343073012E-02  0.4220873194E+01 -0.9943331539E+00
  0.1356639406E-02  0.4220904291E+01 -0.9942758917E+00
  0.1370342834E-02  0.4220935684E+01 -0.9942180506E+00
  0.1384184681E-02  0.4220967376E+01 -0.9941596249E+00
  0.1398166344E-02  0.4220999367E+01 -0.9941006085E+00
  0.1412289237E-02  0.4221031662E+01 -0.9940409955E+00
  0.1426554785E-02  0.4221064262E+01 -0.9939807800E+00
  0.1440964429E-02  0.4221097169E+01 -0.9939199557E+00
  0.1455519625E-02  0.4221130387E+01 -0.9938585166E+00
  0.1470221844E-02  0.4221163916E+01 -0.9937964563E+00
  0.1485072569E-02  0.4221197761E+01 -0.9937337687E+00
  0.1500073302E-02  0.4221231923E+01 -0.9936704474E+00
  0.1515225558E-02  0.4221266456E+01 -0.9936064860E+00
  0.1530530867E-02  0.4221301381E+01 -0.9935418779E+00
  0.1545990774E-02  0.4221336634E+01 -0.9934766167E+00
  0.1561606843E-02  0.4221372220E+01 -0.9934106958E+00
  0.1577380649E-02  0.4221408139E+01 -0.9933441084E+00
  0.1593313787E-02  0.4221444396E+01 -0.9932768478E+00
  0.1609407866E-02  0.4221480992E+01 -0.9932089072E+00
  0.1625664511E-02  0.4221517929E+01 -0.9931402798E+00
  0.1642085364E-02  0.4221555212E+01 -0.9930709586E+00
  0.1658672085E-02  0.4221592841E+01 -0.9930009365E+00
  0.1675426349E-02  0.4221630820E+01 -0.9929302065E+00
  0.1692349847E-02  0.4221669151E+01 -0.9928587614E+00
  0.1709444290E-02  0.4221707836E+01 -0.9927865940E+00
  0.1726711404E-02  0.4221746878E+01 -0.9927136970E+00
  0.1744152934E-02  0.4221786280E+01 -0.9926400629E+00
  0.1761770640E-02  0.4221826044E+01 -0.9925656844E+00
  0.1779566303E-02  0.4221866172E+01 -0.9924905538E+00
  0.1797541720E-02  0.4221906668E+01 -0.9924146637E+00
  0.1815698707E-02  0.4221947532E+01 -0.9923380062E+00
  0.1834039098E-02  0.4221988769E+01 -0.9922605736E+00
  0.1852564746E-02  0.4222030380E+01 -0.9921823582E+00
  0.1871277521E-02  0.4222072426E+01 -0.9921033519E+00
  0.1890179314E-02  0.4222114953E+01 -0.9920235467E+00
  0.1909272034E-02  0.4222157867E+01 -0.9919429347E+00
  0.1928557610E-02  0.4222201172E+01 -0.9918615075E+00
  0.1948037990E-02  0.4222244870E+01 -0.9917792570E+00
  0.1967715142E-02  0.4222288963E+01 -0.9916961748E+00
  0.1987591052E-02  0.4222333454E+01 -0.9916122525E+00
  0.2007667730E-02  0.4222378345E+01 -0.9915274816E+00
  0.2027947202E-02  0.4222423639E+01 -0.9914418536E+00
  0.2048431517E-02  0.4222469338E+01 -0.9913553597E+00
  0.2069122744E-02  0.4222515445E+01 -0.9912679911E+00
  0.2090022974E-02  0.4222561961E+01 -0.9911797391E+00
  0.2111134317E-02  0.4222608890E+01 -0.9910905946E+00
  0.2132458906E-02  0.4222656233E+01 -0.9910005487E+00
  0.2153998895E-02  0.4222703992E+01 -0.9909095922E+00
  0.2175756460E-02  0.4222752170E+01 -0.9908177160E+00
  0.2197733798E-02  0.4222800770E+01 -0.9907249106E+00
  0.2219933129E-02  0.4222849792E+01 -0.9906311667E+00
  0.2242356696E-02  0.4222899240E+01 -0.9905364748E+00
  0.2265006764E-02  0.4222949115E+01 -0.9904408252E+00
  0.2287885620E-02  0.4222999418E+01 -0.9903442084E+00
  0.2310995576E-02  0.4223050153E+01 -0.9902466145E+00
  0.2334338965E-02  0.4223101321E+01 -0.9901480336E+00
  0.2357918147E-02  0.4223152924E+01 -0.9900484557E+00
  0.2381735502E-02  0.4223204962E+01 -0.9899478708E+00
  0.2405793436E-02  0.4223257439E+01 -0.9898462686E+00
  0.2430094380E-02  0.4223310356E+01 -0.9897436388E+00
  0.2454640788E-02  0.4223363713E+01 -0.9896399710E+00
  0.2479435139E-02  0.4223417514E+01 -0.9895352548E+00
  0.2504479939E-02  0.4223471758E+01 -0.9894294795E+00
  0.2529777716E-02  0.4223526447E+01 -0.9893226343E+00
  0.2555331026E-02  0.4223581582E+01 -0.9892147085E+00
  0.2581142450E-02  0.4223637165E+01 -0.9891056912E+00
  0.2607214596E-02  0.4223693196E+01 -0.9889955712E+00
  0.2633550097E-02  0.4223749677E+01 -0.9888843373E+00
  0.2660151614E-02  0.4223806607E+01 -0.9887719784E+00
  0.2687021832E-02  0.4223863988E+01 -0.9886584831E+00
  0.2714163467E-02  0.4223921821E+01 -0.9885438397E+00
  0.2741579259E-02  0.4223980105E+01 -0.9884280367E+00
  0.2769271979E-02  0.4224038841E+01 -0.9883110624E+00
  0.2797244423E-02  0.4224098029E+01 -0.9881929049E+00
  0.2825499417E-02  0.4224157669E+01 -0.9880735522E+00
  0.2854039815E-02  0.4224217761E+01 -0.9879529922E+00
  0.2882868500E-02  0.4224278305E+01 -0.9878312127E+00
  0.2911988384E-02  0.4224339301E+01 -0.9877082013E+00
  0.2941402408E-02  0.4224400747E+01 -0.9875839456E+00
  0.2971113544E-02  0.4224462643E+01 -0.9874584329E+00
  0.3001124792E-02  0.4224524987E+01 -0.9873316506E+00
  0.3031439184E-02  0.4224587780E+01 -0.9872035857E+00
  0.3062059781E-02  0.4224651020E+01 -0.9870742254E+00
  0.3092989678E-02  0.4224714704E+01 -0.9869435563E+00
  0.3124231998E-02  0.4224778832E+01 -0.9868115655E+00
  0.3155789897E-02  0.4224843402E+01 -0.9866782393E+00
  0.3187666563E-02  0.4224908411E+01 -0.9865435643E+00
  0.3219865215E-02  0.4224973857E+01 -0.9864075269E+00
  0.3252389106E-02  0.4225039737E+01 -0.9862701133E+00
  0.3285241521E-02  0.4225106049E+01 -0.9861313094E+00
  0.3318425779E-02  0.4225172789E+01 -0.9859911013E+00
  0.3351945231E-02  0.4225239954E+01 -0.9858494747E+00
  0.3385803264E-02  0.4225307541E+01 -0.9857064152E+00
  0.3420003297E-02  0.4225375545E+01 -0.9855619084E+00
  0.3454548785E-02  0.4225443107E+01 -0.9854159396E+00
  0.3489443217E-02  0.4225510733E+01 -0.9852684940E+00
  0.3524690118E-02  0.4225578716E+01 -0.9851195566E+00
  0.3560293049E-02  0.4225647049E+01 -0.9849691124E+00
  0.3596255605E-02  0.4225715724E+01 -0.9848171461E+00
  0.3632581419E-02  0.4225784734E+01 -0.9846636423E+00
  0.3669274160E-02  0.4225854071E+01 -0.9845085854E+00
  0.3706337536E-02  0.4225923726E+01 -0.9843519597E+00
  0.3743775289E-02  0.4225993692E+01 -0.9841937493E+00
  0.3781591201E-02  0.4226063958E+01 -0.9840339382E+00
  0.3819789092E-02  0.4226134515E+01 -0.9838725101E+00
  0.3858372820E-02  0.4226205353E+01 -0.9837094487E+00
  0.3897346283E-02  0.4226276460E+01 -0.9835447374E+00
  0.3936713417E-02  0.4226347826E+01 -0.9833783596E+00
  0.3976478199E-02  0.4226419439E+01 -0.9832102984E+00
  0.4016644645E-02  0.4226491287E+01 -0.9830405367E+00
  0.4057216813E-02  0.4226563455E+01 -0.9828690574E+00
  0.4098198801E-02  0.4226635945E+01 -0.9826958429E+00
  0.4139594749E-02  0.4226708636E+01 -0.9825208758E+00
  0.4181408837E-02  0.4226781514E+01 -0.9823441383E+00
  0.4223645290E-02  0.4226854563E+01 -0.9821656125E+00
  0.4266308374E-02  0.4226927768E+01 -0.9819852803E+00
  0.4309402398E-02  0.4227001111E+01 -0.9818031234E+00
  0.4352931715E-02  0.4227074576E+01 -0.9816191233E+00
  0.4396900722E-02  0.4227148145E+01 -0.9814332614E+00
  0.4441313861E-02  0.4227221797E+01 -0.9812455189E+00
  0.4486175617E-02  0.4227295514E+01 -0.9810558766E+00
  0.4531490522E-02  0.4227369274E+01 -0.9808643155E+00
  0.4577263154E-02  0.4227443057E+01 -0.9806708159E+00
  0.4623498135E-02  0.4227516840E+01 -0.9804753585E+00
  0.4670200136E-02  0.4227590599E+01 -0.9802779233E+00
  0.4717373875E-02  0.4227664311E+01 -0.9800784903E+00
  0.4765024116E-02  0.4227737950E+01 -0.9798770393E+00
  0.4813155673E-02  0.4227811490E+01 -0.9796735499E+00
  0.4861773407E-02  0.4227886041E+01 -0.9794680015E+00
  0.4910882230E-02  0.4227961485E+01 -0.9792603731E+00
  0.4960487101E-02  0.4228039456E+01 -0.9790506437E+00
  0.5010593031E-02  0.4228117406E+01 -0.9788387919E+00
  0.5061205082E-02  0.4228195306E+01 -0.9786247963E+00
  0.5112328365E-02  0.4228273132E+01 -0.9784086350E+00
  0.5163968046E-02  0.4228350853E+01 -0.9781902864E+00
  0.5216129339E-02  0.4228428443E+01 -0.9779697281E+00
  0.5268817514E-02  0.4228505869E+01 -0.9777469379E+00
  0.5322037893E-02  0.4228583101E+01 -0.9775218931E+00
  0.5375795852E-02  0.4228660106E+01 -0.9772945711E+00
  0.5430096820E-02  0.4228736850E+01 -0.9770649486E+00
  0.5484946283E-02  0.4228813298E+01 -0.9768330026E+00
  0.5540349781E-02  0.4228889411E+01 -0.9765987094E+00
  0.5596312910E-02  0.4228965154E+01 -0.9763620454E+00
  0.5652841323E-02  0.4229040485E+01 -0.9761229866E+00
  0.5709940730E-02  0.4229115364E+01 -0.9758815088E+00
  0.5767616899E-02  0.4229189747E+01 -0.9756375875E+00
  0.5825875656E-02  0.4229263592E+01 -0.9753911980E+00
  0.5884722885E-02  0.4229336850E+01 -0.9751423154E+00
  0.5944164530E-02  0.4229409476E+01 -0.9748909145E+00
  0.6004206596E-02  0.4229481419E+01 -0.9746369698E+00
  0.6064855147E-02  0.4229552627E+01 -0.9743804557E+00
  0.6126116310E-02  0.4229619820E+01 -0.9741213464E+00
  0.6187996273E-02  0.4229683560E+01 -0.9738596157E+00
  0.6250501286E-02  0.4229746191E+01 -0.9735952373E+00
  0.6313637663E-02  0.4229807650E+01 -0.9733281845E+00
  0.6377411780E-02  0.4229867868E+01 -0.9730584303E+00
  0.6441830081E-02  0.4229926779E+01 -0.9727859475E+00
  0.6506899072E-02  0.4229984309E+01 -0.9725107086E+00
  0.6572625325E-02  0.4230040384E+01 -0.9722326857E+00
  0.6639015480E-02  0.4230094930E+01 -0.9719518509E+00
  0.6706076242E-02  0.4230147865E+01 -0.9716681757E+00
  0.6773814386E-02  0.4230199110E+01 -0.9713816316E+00
  0.6842236754E-02  0.4230251825E+01 -0.9710921896E+00
  0.6911350256E-02  0.4230304706E+01 -0.9707998202E+00
  0.6981161875E-02  0.4230355826E+01 -0.9705044940E+00
  0.7051678662E-02  0.4230405097E+01 -0.9702061812E+00
  0.7122907739E-02  0.4230452428E+01 -0.9699048517E+00
  0.7194856302E-02  0.4230497725E+01 -0.9696004751E+00
  0.7267531618E-02  0.4230540892E+01 -0.9692930207E+00
  0.7340941029E-02  0.4230581827E+01 -0.9689824577E+00
  0.7415091948E-02  0.4230620427E+01 -0.9686687548E+00
  0.7489991867E-02  0.4230656586E+01 -0.9683518803E+00
  0.7565648350E-02  0.4230690193E+01 -0.9680318024E+00
  0.7642069041E-02  0.4230721133E+01 -0.9677084890E+00
  0.7719261657E-02  0.4230743719E+01 -0.9673819077E+00
  0.7797233997E-02  0.4230758467E+01 -0.9670520261E+00
  0.7875993937E-02  0.4230769806E+01 -0.9667188114E+00
  0.7955549431E-02  0.4230777594E+01 -0.9663822301E+00
  0.8035908516E-02  0.4230781689E+01 -0.9660422485E+00
  0.8117079309E-02  0.4230781942E+01 -0.9656988326E+00
  0.8199070009E-02  0.4230778200E+01 -0.9653519480E+00
  0.8281888898E-02  0.4230770307E+01 -0.9650015599E+00
  0.8365544342E-02  0.4230758099E+01 -0.9646476335E+00
  0.8450044790E-02  0.4230741410E+01 -0.9642901332E+00
  0.8535398777E-02  0.4230720068E+01 -0.9639290235E+00
  0.8621614927E-02  0.4230693896E+01 -0.9635642682E+00
  0.8708701946E-02  0.4230662710E+01 -0.9631958311E+00
  0.8796668632E-02  0.4230626325E+01 -0.9628236753E+00
  0.8885523871E-02  0.4230573181E+01 -0.9624477643E+00
  0.8975276638E-02  0.4230511178E+01 -0.9620680615E+00
  0.9065935997E-02  0.4230442867E+01 -0.9616845291E+00
  0.9157511109E-02  0.4230375303E+01 -0.9612971289E+00
  0.9250011221E-02  0.4230307193E+01 -0.9609058219E+00
  0.9343445678E-02  0.4230232421E+01 -0.9605105689E+00
  0.9437823917E-02  0.4230150746E+01 -0.9601113309E+00
  0.9533155471E-02  0.4230061919E+01 -0.9597080683E+00
  0.9629449971E-02  0.4229965684E+01 -0.9593007412E+00
  0.9726717143E-02  0.4229864971E+01 -0.9588893093E+00
  0.9824966811E-02  0.4229760932E+01 -0.9584737316E+00
  0.9924208900E-02  0.4229648921E+01 -0.9580539669E+00
  0.1002445343E-01  0.4229528657E+01 -0.9576299737E+00
  0.1012571054E-01  0.4229399850E+01 -0.9572017104E+00
  0.1022799044E-01  0.4229262202E+01 -0.9567691348E+00
  0.1033130348E-01  0.4229115408E+01 -0.9563322045E+00
  0.1043566008E-01  0.4228959223E+01 -0.9558908765E+00
  0.1054107079E-01  0.4228797935E+01 -0.9554451074E+00
  0.1064754625E-01  0.4228626670E+01 -0.9549948533E+00
  0.1075509722E-01  0.4228450738E+01 -0.9545400699E+00
  0.1086373457E-01  0.4228264916E+01 -0.9540807123E+00
  0.1097346926E-01  0.4228071064E+01 -0.9536167356E+00
  0.1108431238E-01  0.4227870078E+01 -0.9531480941E+00
  0.1119627514E-01  0.4227657819E+01 -0.9526747421E+00
  0.1130936882E-01  0.4227405680E+01 -0.9521966349E+00
  0.1142360487E-01  0.4227126041E+01 -0.9517137288E+00
  0.1153899482E-01  0.4226842780E+01 -0.9512259772E+00
  0.1165555032E-01  0.4226588078E+01 -0.9507333303E+00
  0.1177328316E-01  0.4226320577E+01 -0.9502357379E+00
  0.1189220521E-01  0.4226034196E+01 -0.9497331522E+00
  0.1201232849E-01  0.4225725183E+01 -0.9492255256E+00
  0.1213366514E-01  0.4225402014E+01 -0.9487128099E+00
  0.1225622742E-01  0.4225049924E+01 -0.9481949566E+00
  0.1238002770E-01  0.4224681125E+01 -0.9476719171E+00
  0.1250507848E-01  0.4224296535E+01 -0.9471436414E+00
  0.1263139240E-01  0.4223854085E+01 -0.9466100819E+00
  0.1275898223E-01  0.4223367179E+01 -0.9460711922E+00
  0.1288786083E-01  0.4222843299E+01 -0.9455269242E+00
  0.1301804125E-01  0.4222249102E+01 -0.9449772314E+00
  0.1314953661E-01  0.4221632745E+01 -0.9444220658E+00
  0.1328236022E-01  0.4220993696E+01 -0.9438613757E+00
  0.1341652547E-01  0.4220330249E+01 -0.9432951096E+00
  0.1355204593E-01  0.4219636553E+01 -0.9427232155E+00
  0.1368893528E-01  0.4218918774E+01 -0.9421456413E+00
  0.1382720736E-01  0.4218176393E+01 -0.9415623340E+00
  0.1396687612E-01  0.4217408891E+01 -0.9409732401E+00
  0.1410795567E-01  0.4216615748E+01 -0.9403783058E+00
  0.1425046028E-01  0.4215796441E+01 -0.9397774771E+00
  0.1439440432E-01  0.4214960061E+01 -0.9391706985E+00
  0.1453980234E-01  0.4214102938E+01 -0.9385579139E+00
  0.1468666903E-01  0.4213217998E+01 -0.9379390676E+00
  0.1483501923E-01  0.4212321508E+01 -0.9373141024E+00
  0.1498486790E-01  0.4211426732E+01 -0.9366829586E+00
  0.1513623021E-01  0.4210525000E+01 -0.9360455756E+00
  0.1528912142E-01  0.4209570639E+01 -0.9354018963E+00
  0.1544355699E-01  0.4208557471E+01 -0.9347518671E+00
  0.1559955252E-01  0.4207523121E+01 -0.9340954316E+00
  0.1575712375E-01  0.4206493085E+01 -0.9334325281E+00
  0.1591628662E-01  0.4205433531E+01 -0.9327630950E+00
  0.1607705719E-01  0.4204317730E+01 -0.9320870747E+00
  0.1623945171E-01  0.4203155342E+01 -0.9314044109E+00
  0.1640348657E-01  0.4201960936E+01 -0.9307150449E+00
  0.1656917836E-01  0.4200656717E+01 -0.9300189225E+00
  0.1673654380E-01  0.4199311414E+01 -0.9293159903E+00
  0.1690559979E-01  0.4197930934E+01 -0.9286061883E+00
  0.1707636343E-01  0.4196514920E+01 -0.9278894552E+00
  0.1724885195E-01  0.4195063038E+01 -0.9271657298E+00
  0.1742308278E-01  0.4193574982E+01 -0.9264349501E+00
  0.1759907351E-01  0.4192050471E+01 -0.9256970539E+00
  0.1777684193E-01  0.4190493955E+01 -0.9249519781E+00
  0.1795640599E-01  0.4188914949E+01 -0.9241996577E+00
  0.1813778383E-01  0.4187257743E+01 -0.9234400317E+00
  0.1832099377E-01  0.4185556581E+01 -0.9226730403E+00
  0.1850605431E-01  0.4183882445E+01 -0.9218986138E+00
  0.1869298415E-01  0.4182178891E+01 -0.9211166806E+00
  0.1888180217E-01  0.4180437188E+01 -0.9203271743E+00
  0.1907252745E-01  0.4178657245E+01 -0.9195300290E+00
  0.1926517924E-01  0.4176839014E+01 -0.9187251783E+00
  0.1945977701E-01  0.4175003149E+01 -0.9179125534E+00
  0.1965634041E-01  0.4173131767E+01 -0.9170920845E+00
  0.1985488931E-01  0.4171210676E+01 -0.9162637045E+00
  0.2005544374E-01  0.4169245035E+01 -0.9154273468E+00
  0.2025802398E-01  0.4167242067E+01 -0.9145829430E+00
  0.2046265049E-01  0.4165218563E+01 -0.9137304219E+00
  0.2066934393E-01  0.4163319319E+01 -0.9128696948E+00
  0.2087812518E-01  0.4161444139E+01 -0.9120006675E+00
  0.2108901533E-01  0.4159536030E+01 -0.9111232611E+00
  0.2130203569E-01  0.4157595417E+01 -0.9102374020E+00
  0.2151720777E-01  0.4155622788E+01 -0.9093430158E+00
  0.2173455330E-01  0.4153618705E+01 -0.9084400275E+00
  0.2195409424E-01  0.4151615955E+01 -0.9075283580E+00
  0.2217585277E-01  0.4149598281E+01 -0.9066079255E+00
  0.2239985128E-01  0.4147575025E+01 -0.9056786482E+00
  0.2262611241E-01  0.4145532610E+01 -0.9047404443E+00
  0.2285465900E-01  0.4143467156E+01 -0.9037932330E+00
  0.2308551414E-01  0.4141379637E+01 -0.9028369332E+00
  0.2331870115E-01  0.4139271091E+01 -0.9018714631E+00
  0.2355424359E-01  0.4137142627E+01 -0.9008967398E+00
  0.2379216524E-01  0.4134995500E+01 -0.8999126794E+00
  0.2403249014E-01  0.4132831142E+01 -0.8989191971E+00
  0.2427524257E-01  0.4130650599E+01 -0.8979162070E+00
  0.2452044704E-01  0.4128455250E+01 -0.8969036222E+00
  0.2476812832E-01  0.4126291755E+01 -0.8958813490E+00
  0.2501831143E-01  0.4124035710E+01 -0.8948493027E+00
  0.2527102165E-01  0.4121768531E+01 -0.8938074032E+00
  0.2552628449E-01  0.4119496449E+01 -0.8927555588E+00
  0.2578412575E-01  0.4117244710E+01 -0.8916936730E+00
  0.2604457147E-01  0.4114989354E+01 -0.8906216479E+00
  0.2630764795E-01  0.4112732278E+01 -0.8895393879E+00
  0.2657338176E-01  0.4110475433E+01 -0.8884467957E+00
  0.2684179976E-01  0.4108220821E+01 -0.8873437727E+00
  0.2711292905E-01  0.4105962490E+01 -0.8862302199E+00
  0.2738679702E-01  0.4103696025E+01 -0.8851060386E+00
  0.2766343134E-01  0.4101437754E+01 -0.8839711278E+00
  0.2794285993E-01  0.4099142250E+01 -0.8828253896E+00
  0.2822511105E-01  0.4096861201E+01 -0.8816687240E+00
  0.2851021318E-01  0.4094595009E+01 -0.8805010232E+00
  0.2879819513E-01  0.4092346067E+01 -0.8793221776E+00
  0.2908908599E-01  0.4090116780E+01 -0.8781320757E+00
  0.2938291514E-01  0.4087909549E+01 -0.8769306045E+00
  0.2967971226E-01  0.4085726765E+01 -0.8757176486E+00
  0.2997950734E-01  0.4083570797E+01 -0.8744930910E+00
  0.3028233064E-01  0.4081425884E+01 -0.8732568154E+00
  0.3058821277E-01  0.4079287957E+01 -0.8720087071E+00
  0.3089718462E-01  0.4077188077E+01 -0.8707486464E+00
  0.3120927739E-01  0.4075160625E+01 -0.8694765018E+00
  0.3152452262E-01  0.4073181328E+01 -0.8681921389E+00
  0.3184295214E-01  0.4071494114E+01 -0.8668953863E+00
  0.3216459812E-01  0.4069939692E+01 -0.8655860566E+00
  0.3248949305E-01  0.4068466463E+01 -0.8642639931E+00
  0.3281766975E-01  0.4066962693E+01 -0.8629290640E+00
  0.3314916136E-01  0.4065511754E+01 -0.8615811405E+00
  0.3348400137E-01  0.4064115191E+01 -0.8602200783E+00
  0.3382222361E-01  0.4062624938E+01 -0.8588457562E+00
  0.3416386223E-01  0.4061083341E+01 -0.8574580699E+00
  0.3450895175E-01  0.4059602299E+01 -0.8560568882E+00
  0.3485752702E-01  0.4058182744E+01 -0.8546420586E+00
  0.3520962325E-01  0.4056825277E+01 -0.8532134267E+00
  0.3556527601E-01  0.4055530139E+01 -0.8517708359E+00
  0.3592452122E-01  0.4054374769E+01 -0.8503141137E+00
  0.3628739518E-01  0.4053027831E+01 -0.8488431311E+00
  0.3665393452E-01  0.4051633584E+01 -0.8473577924E+00
  0.3702417628E-01  0.4050284611E+01 -0.8458579582E+00
  0.3739815786E-01  0.4048978994E+01 -0.8443434705E+00
  0.3777591703E-01  0.4047802196E+01 -0.8428141538E+00
  0.3815749195E-01  0.4046711604E+01 -0.8412698221E+00
  0.3854292116E-01  0.4045687464E+01 -0.8397102986E+00
  0.3893224360E-01  0.4044727962E+01 -0.8381354085E+00
  0.3932549859E-01  0.4043894411E+01 -0.8365449629E+00
  0.3972272585E-01  0.4043286978E+01 -0.8349387385E+00
  0.4012396550E-01  0.4042712599E+01 -0.8333165267E+00
  0.4052925808E-01  0.4042164424E+01 -0.8316781563E+00
  0.4093864453E-01  0.4041737949E+01 -0.8300234363E+00
  0.4135216619E-01  0.4041346457E+01 -0.8283521710E+00
  0.4176986484E-01  0.4040961970E+01 -0.8266641864E+00
  0.4219178266E-01  0.4040575460E+01 -0.8249593140E+00
  0.4261796229E-01  0.4040177309E+01 -0.8232373880E+00
  0.4304844675E-01  0.4039836690E+01 -0.8214982277E+00
  0.4348327955E-01  0.4039506812E+01 -0.8197416459E+00
  0.4392250460E-01  0.4039328729E+01 -0.8179674325E+00
  0.4436616626E-01  0.4039056795E+01 -0.8161753975E+00
  0.4481430935E-01  0.4038715341E+01 -0.8143653986E+00
  0.4526697914E-01  0.4038291166E+01 -0.8125372902E+00
  0.4572422136E-01  0.4037770795E+01 -0.8106909319E+00
  0.4618608218E-01  0.4037140565E+01 -0.8088261894E+00
  0.4665260826E-01  0.4036386709E+01 -0.8069429338E+00
  0.4712384673E-01  0.4035504665E+01 -0.8050410410E+00
  0.4759984518E-01  0.4034584292E+01 -0.8031203660E+00
  0.4808065170E-01  0.4033656238E+01 -0.8011807347E+00
  0.4856631485E-01  0.4032553837E+01 -0.7992220042E+00
  0.4905688368E-01  0.4031339207E+01 -0.7972440569E+00
  0.4955240776E-01  0.4030047290E+01 -0.7952467514E+00
  0.5005293713E-01  0.4028764825E+01 -0.7932299153E+00
  0.5055852235E-01  0.4027288082E+01 -0.7911934046E+00
  0.5106921450E-01  0.4025606957E+01 -0.7891371295E+00
  0.5158506515E-01  0.4023712713E+01 -0.7870610061E+00
  0.5210612641E-01  0.4021655432E+01 -0.7849649413E+00
  0.5263245092E-01  0.4019430498E+01 -0.7828488310E+00
  0.5316409184E-01  0.4016965055E+01 -0.7807125926E+00
  0.5370110287E-01  0.4014441353E+01 -0.7785561157E+00
  0.5424353825E-01  0.4011869681E+01 -0.7763792381E+00
  0.5479145278E-01  0.4008902958E+01 -0.7741818892E+00
  0.5534490180E-01  0.4005720590E+01 -0.7719640465E+00
  0.5590394121E-01  0.4002368550E+01 -0.7697256277E+00
  0.5646862749E-01  0.3998845911E+01 -0.7674665397E+00
  0.5703901766E-01  0.3995232595E+01 -0.7651866678E+00
  0.5761516936E-01  0.3991246043E+01 -0.7628859562E+00
  0.5819714076E-01  0.3986912166E+01 -0.7605644262E+00
  0.5878499067E-01  0.3981803399E+01 -0.7582222219E+00
  0.5937877846E-01  0.3976624302E+01 -0.7558594133E+00
  0.5997856410E-01  0.3971347512E+01 -0.7534758736E+00
  0.6058440818E-01  0.3965764467E+01 -0.7510715475E+00
  0.6119637190E-01  0.3959724171E+01 -0.7486464917E+00
  0.6181451707E-01  0.3953300567E+01 -0.7462007927E+00
  0.6243890613E-01  0.3946854800E+01 -0.7437344074E+00
  0.6306960215E-01  0.3939878265E+01 -0.7412473418E+00
  0.6370666884E-01  0.3932102040E+01 -0.7387398536E+00
  0.6435017054E-01  0.3923987433E+01 -0.7362121501E+00
  0.6500017227E-01  0.3915609976E+01 -0.7336642742E+00
  0.6565673966E-01  0.3907586363E+01 -0.7310960464E+00
  0.6631993905E-01  0.3899182565E+01 -0.7285073242E+00
  0.6698983743E-01  0.3890401067E+01 -0.7258982095E+00
  0.6766650245E-01  0.3881231477E+01 -0.7232688135E+00
  0.6835000248E-01  0.3871747753E+01 -0.7206192328E+00
  0.6904040654E-01  0.3862012695E+01 -0.7179495229E+00
  0.6973778439E-01  0.3851802771E+01 -0.7152598009E+00
  0.7044220645E-01  0.3841405041E+01 -0.7125501683E+00
  0.7115374389E-01  0.3831480448E+01 -0.7098203956E+00
  0.7187246858E-01  0.3821565765E+01 -0.7070701790E+00
  0.7259845311E-01  0.3811281584E+01 -0.7042995145E+00
  0.7333177082E-01  0.3800788189E+01 -0.7015084817E+00
  0.7407249577E-01  0.3791282057E+01 -0.6986966637E+00
  0.7482070280E-01  0.3782133229E+01 -0.6958634225E+00
  0.7557646748E-01  0.3773652254E+01 -0.6930082246E+00
  0.7633986614E-01  0.3765729617E+01 -0.6901304476E+00
  0.7711097590E-01  0.3757631732E+01 -0.6872297789E+00
  0.7788987464E-01  0.3749256985E+01 -0.6843062258E+00
  0.7867664105E-01  0.3740771692E+01 -0.6813597743E+00
  0.7947135460E-01  0.3731528267E+01 -0.6783906053E+00
  0.8027409556E-01  0.3722140755E+01 -0.6753989226E+00
  0.8108494501E-01  0.3712715448E+01 -0.6723846481E+00
  0.8190398485E-01  0.3703110583E+01 -0.6693477196E+00
  0.8273129783E-01  0.3694011667E+01 -0.6662878519E+00
  0.8356696751E-01  0.3685081123E+01 -0.6632046099E+00
  0.8441107829E-01  0.3676294844E+01 -0.6600977015E+00
  0.8526371544E-01  0.3668277232E+01 -0.6569665740E+00
  0.8612496510E-01  0.3661386089E+01 -0.6538102390E+00
  0.8699491424E-01  0.3654852282E+01 -0.6506278613E+00
  0.8787365075E-01  0.3647622332E+01 -0.6474193858E+00
  0.8876126338E-01  0.3640668935E+01 -0.6441847961E+00
  0.8965784180E-01  0.3633951551E+01 -0.6409236622E+00
  0.9056347656E-01  0.3627723098E+01 -0.6376354497E+00
  0.9147825915E-01  0.3622404504E+01 -0.6343193045E+00
  0.9240228197E-01  0.3617322323E+01 -0.6309744681E+00
  0.9333563836E-01  0.3612039872E+01 -0.6276006824E+00
  0.9427842258E-01  0.3607093878E+01 -0.6241976397E+00
  0.9523072988E-01  0.3602560808E+01 -0.6207647363E+00
  0.9619265645E-01  0.3598216954E+01 -0.6173014266E+00
  0.9716429944E-01  0.3594401093E+01 -0.6138070981E+00
  0.9814575701E-01  0.3590839165E+01 -0.6102810939E+00
  0.9913712829E-01  0.3586920999E+01 -0.6067231812E+00
  0.1001385134E+00  0.3582155776E+01 -0.6031336778E+00
  0.1011500136E+00  0.3577355497E+01 -0.5995127545E+00
  0.1021717309E+00  0.3572539780E+01 -0.5958601686E+00
  0.1032037686E+00  0.3567661083E+01 -0.5921756904E+00
  0.1042462309E+00  0.3562870369E+01 -0.5884590353E+00
  0.1052992231E+00  0.3557044143E+01 -0.5847104279E+00
  0.1063628516E+00  0.3549463100E+01 -0.5809310861E+00
  0.1074372239E+00  0.3541473262E+01 -0.5771219335E+00
  0.1085224483E+00  0.3533258119E+01 -0.5732830976E+00
  0.1096186347E+00  0.3524783694E+01 -0.5694146331E+00
  0.1107258936E+00  0.3516926994E+01 -0.5655161345E+00
  0.1118443370E+00  0.3508654570E+01 -0.5615872770E+00
  0.1129740778E+00  0.3500019913E+01 -0.5576282843E+00
  0.1141152301E+00  0.3491851361E+01 -0.5536388893E+00
  0.1152679092E+00  0.3482925430E+01 -0.5496190496E+00
  0.1164322315E+00  0.3474252704E+01 -0.5455688507E+00
  0.1176083146E+00  0.3464937080E+01 -0.5414883187E+00
  0.1187962774E+00  0.3454619164E+01 -0.5373782311E+00
  0.1199962398E+00  0.3442214610E+01 -0.5332402605E+00
  0.1212083230E+00  0.3428686319E+01 -0.5290762086E+00
  0.1224326495E+00  0.3413879178E+01 -0.5248874414E+00
  0.1236693429E+00  0.3397300078E+01 -0.5206757711E+00
  0.1249185282E+00  0.3379980434E+01 -0.5164427316E+00
  0.1261803315E+00  0.3362296767E+01 -0.5121890177E+00
  0.1274548803E+00  0.3343726041E+01 -0.5079154411E+00
  0.1287423034E+00  0.3324439170E+01 -0.5036230663E+00
  0.1300427307E+00  0.3306877872E+01 -0.4993112934E+00
  0.1313562936E+00  0.3289473251E+01 -0.4949789323E+00
  0.1326831249E+00  0.3271010995E+01 -0.4906266045E+00
  0.1340233585E+00  0.3252703574E+01 -0.4862549538E+00
  0.1353771298E+00  0.3234380778E+01 -0.4818639395E+00
  0.1367445755E+00  0.3216609835E+01 -0.4774532497E+00
  0.1381258338E+00  0.3198865490E+01 -0.4730225353E+00
  0.1395210443E+00  0.3181687277E+01 -0.4685714283E+00
  0.1409303478E+00  0.3165497509E+01 -0.4640988735E+00
  0.1423538866E+00  0.3151061616E+01 -0.4596029398E+00
  0.1437918047E+00  0.3137818771E+01 -0.4550814925E+00
  0.1452442472E+00  0.3124929295E+01 -0.4505333519E+00
  0.1467113608E+00  0.3111221865E+01 -0.4459587808E+00
  0.1481932937E+00  0.3095508383E+01 -0.4413598018E+00
  0.1496901957E+00  0.3080343127E+01 -0.4367374797E+00
  0.1512022178E+00  0.3064363146E+01 -0.4320920136E+00
  0.1527295130E+00  0.3047813728E+01 -0.4274244646E+00
  0.1542722353E+00  0.3030270392E+01 -0.4227360665E+00
  0.1558305407E+00  0.3010879207E+01 -0.4180290885E+00
  0.1574045866E+00  0.2992307700E+01 -0.4133044427E+00
  0.1589945319E+00  0.2974090840E+01 -0.4085613190E+00
  0.1606005373E+00  0.2953723606E+01 -0.4038012680E+00
  0.1622227649E+00  0.2933879139E+01 -0.3990257521E+00
  0.1638613787E+00  0.2913229451E+01 -0.3942351757E+00
  0.1655165442E+00  0.2892316353E+01 -0.3894306063E+00
  0.1671884284E+00  0.2870072077E+01 -0.3846135830E+00
  0.1688772004E+00  0.2846469222E+01 -0.3797866155E+00
  0.1705830308E+00  0.2823217241E+01 -0.3749508540E+00
  0.1723060917E+00  0.2799836451E+01 -0.3701064220E+00
  0.1740465572E+00  0.2776972578E+01 -0.3652532999E+00
  0.1758046033E+00  0.2756239842E+01 -0.3603894789E+00
  0.1775804074E+00  0.2733838392E+01 -0.3555148272E+00
  0.1793741488E+00  0.2710016807E+01 -0.3506323927E+00
  0.1811860089E+00  0.2684139339E+01 -0.3457456646E+00
  0.1830161706E+00  0.2657233566E+01 -0.3408578766E+00
  0.1848648188E+00  0.2630242869E+01 -0.3359705347E+00
  0.1867321402E+00  0.2602526528E+01 -0.3310849035E+00
  0.1886183235E+00  0.2577478619E+01 -0.3261996841E+00
  0.1905235591E+00  0.2553345787E+01 -0.3213119695E+00
  0.1924480394E+00  0.2530904298E+01 -0.3164196997E+00
  0.1943919590E+00  0.2510680038E+01 -0.3115194824E+00
  0.1963555142E+00  0.2491392041E+01 -0.3066085602E+00
  0.1983389032E+00  0.2472601510E+01 -0.3016857950E+00
  0.2003423265E+00  0.2453607266E+01 -0.2967511544E+00
  0.2023659863E+00  0.2435640075E+01 -0.2918040676E+00
  0.2044100872E+00  0.2417067207E+01 -0.2868443560E+00
  0.2064748356E+00  0.2400330768E+01 -0.2818709987E+00
  0.2085604400E+00  0.2381295725E+01 -0.2768847081E+00
  0.2106671111E+00  0.2356966375E+01 -0.2718937282E+00
  0.2127950617E+00  0.2329890770E+01 -0.2669070279E+00
  0.2149445068E+00  0.2301756338E+01 -0.2619292924E+00
  0.2171156634E+00  0.2276090352E+01 -0.2569596813E+00
  0.2193087509E+00  0.2248209257E+01 -0.2519985888E+00
  0.2215239908E+00  0.2222217587E+01 -0.2470470548E+00
  0.2237616069E+00  0.2200230621E+01 -0.2420991842E+00
  0.2260218251E+00  0.2182707051E+01 -0.2371459864E+00
  0.2283048739E+00  0.2170654402E+01 -0.2321765182E+00
  0.2306109837E+00  0.2159071533E+01 -0.2271841064E+00
  0.2329403876E+00  0.2147962536E+01 -0.2221676955E+00
  0.2352933208E+00  0.2135008527E+01 -0.2171289230E+00
  0.2376700210E+00  0.2121334069E+01 -0.2120708979E+00
  0.2400707283E+00  0.2103954843E+01 -0.2069990569E+00
  0.2424956851E+00  0.2080320125E+01 -0.2019257138E+00
  0.2449451365E+00  0.2059434300E+01 -0.1968556503E+00
  0.2474193298E+00  0.2038106168E+01 -0.1917865967E+00
  0.2499185149E+00  0.2017323359E+01 -0.1867189620E+00
  0.2524429444E+00  0.1993149617E+01 -0.1816568840E+00
  0.2549928731E+00  0.1963182505E+01 -0.1766127015E+00
  0.2575685587E+00  0.1931011012E+01 -0.1715975925E+00
  0.2601702613E+00  0.1897560761E+01 -0.1666171899E+00
  0.2627982438E+00  0.1865782996E+01 -0.1616721892E+00
  0.2654527715E+00  0.1838316087E+01 -0.1567558724E+00
  0.2681341126E+00  0.1808389013E+01 -0.1518668422E+00
  0.2708425380E+00  0.1777472651E+01 -0.1470108228E+00
  0.2735783212E+00  0.1747073909E+01 -0.1421896252E+00
  0.2763417386E+00  0.1708673677E+01 -0.1374147887E+00
  0.2791330693E+00  0.1662150536E+01 -0.1327102462E+00
  0.2819525952E+00  0.1612346070E+01 -0.1280939821E+00
  0.2848006012E+00  0.1560692280E+01 -0.1235755659E+00
  0.2876773750E+00  0.1516087692E+01 -0.1191499660E+00
  0.2905832071E+00  0.1478246548E+01 -0.1147994498E+00
  0.2935183910E+00  0.1444653892E+01 -0.1105098246E+00
  0.2964832232E+00  0.1416219914E+01 -0.1062688192E+00
  0.2994780032E+00  0.1392677047E+01 -0.1020628049E+00
  0.3025030336E+00  0.1372063653E+01 -0.9788109267E-01
  0.3055586198E+00  0.1357305912E+01 -0.9371118068E-01
  0.3086450705E+00  0.1350396491E+01 -0.8953258569E-01
  0.3117626974E+00  0.1345797361E+01 -0.8532972235E-01
  0.3149118156E+00  0.1343220461E+01 -0.8109570492E-01
  0.3180927430E+00  0.1342542597E+01 -0.7682409623E-01
  0.3213058010E+00  0.1341153798E+01 -0.7251266013E-01
  0.3245513142E+00  0.1342332197E+01 -0.6815801560E-01
  0.3278296103E+00  0.1342713488E+01 -0.6375682820E-01
  0.3311410205E+00  0.1344175877E+01 -0.5930813177E-01
  0.3344858793E+00  0.1349384994E+01 -0.5480334139E-01
  0.3378645245E+00  0.1362278286E+01 -0.5022246726E-01
  0.3412772975E+00  0.1381232266E+01 -0.4554097793E-01
  0.3447245429E+00  0.1404401684E+01 -0.4073959598E-01
  0.3482066090E+00  0.1427780802E+01 -0.3580867268E-01
  0.3517238475E+00  0.1444739812E+01 -0.3075700267E-01
  0.3552766136E+00  0.1454201748E+01 -0.2560737197E-01
  0.3588652663E+00  0.1461471022E+01 -0.2037570354E-01
  0.3624901680E+00  0.1468566556E+01 -0.1506515447E-01
  0.3661516848E+00  0.1478922933E+01 -0.9669013259E-02
  0.3698501867E+00  0.1484897110E+01 -0.4188166278E-02
  0.3735860472E+00  0.1492550114E+01  0.1373497419E-02
  0.3773596436E+00  0.1499165983E+01  0.7018262020E-02
  0.3811713572E+00  0.1493369100E+01  0.1272160531E-01
  0.3850215729E+00  0.1481711258E+01  0.1844895591E-01
  0.3889106797E+00  0.1460015324E+01  0.2416930033E-01
  0.3928390704E+00  0.1435449303E+01  0.2985655849E-01
  0.3968071418E+00  0.1407072172E+01  0.3549622260E-01
  0.4008152948E+00  0.1381277956E+01  0.4108428949E-01
  0.4048639341E+00  0.1358798684E+01  0.4663108053E-01
  0.4089534688E+00  0.1337805840E+01  0.5214500940E-01
  0.4130843119E+00  0.1313039629E+01  0.5762012279E-01
  0.4172568807E+00  0.1284512643E+01  0.6303935558E-01
  0.4214715967E+00  0.1252230307E+01  0.6838518108E-01
  0.4257288855E+00  0.1214862643E+01  0.7363674474E-01
  0.4300291773E+00  0.1172451054E+01  0.7876981747E-01
  0.4343729064E+00  0.1124474713E+01  0.8375842908E-01
  0.4387605115E+00  0.1066940322E+01  0.8856596099E-01
  0.4431924359E+00  0.1001330467E+01  0.9314917083E-01
  0.4476691271E+00  0.9327023431E+00  0.9747820473E-01
  0.4521910375E+00  0.8663307307E+00  0.1015457379E+00
  0.4567586237E+00  0.8019433614E+00  0.1053557308E+00
  0.4613723472E+00  0.7478368081E+00  0.1089308594E+00
  0.4660326740E+00  0.7013408133E+00  0.1123076800E+00
  0.4707400747E+00  0.6560291715E+00  0.1155025222E+00
  0.4754950250E+00  0.6164609416E+00  0.1185278358E+00
  0.4802980050E+00  0.5892714426E+00  0.1214233901E+00
  0.4851495000E+00  0.5753114406E+00  0.1242483741E+00
  0.4900500000E+00  0.5705379721E+00  0.1270559916E+00
  0.4950000000E+00  0.5735187219E+00  0.1298875319E+00
  0.5000000000E+00  0.5748615513E+00  0.1327322451E+00
  0.5050000000E+00  0.5756585055E+00  0.1356085453E+00
  0.5099500000E+00  0.5729685586E+00  0.1384513972E+00
  0.5148505000E+00  0.5592517890E+00  0.1412256202E+00
  0.5197019950E+00  0.5419802852E+00  0.1438969311E+00
  0.5245049750E+00  0.5265278091E+00  0.1464629426E+00
  0.5292599253E+00  0.5125868725E+00  0.1489334119E+00
  0.5339673260E+00  0.4939503302E+00  0.1513024989E+00
  0.5386276528E+00  0.4613702120E+00  0.1535285519E+00
  0.5432413763E+00  0.4323146240E+00  0.1555901592E+00
  0.5478089625E+00  0.4122198483E+00  0.1575189012E+00
  0.5523308729E+00  0.3969972838E+00  0.1593485049E+00
  0.5568075641E+00  0.3892922835E+00  0.1611084927E+00
  0.5612394885E+00  0.3823611266E+00  0.1628184475E+00
  0.5656270936E+00  0.3765308821E+00  0.1644833067E+00
  0.5699708227E+00  0.3796906151E+00  0.1661257174E+00
  0.5742711145E+00  0.3889211157E+00  0.1677783447E+00
  0.5785284033E+00  0.3998298596E+00  0.1694573151E+00
  0.5827431193E+00  0.4111028534E+00  0.1711662406E+00
  0.5869156881E+00  0.4198569793E+00  0.1728998592E+00
  0.5910465312E+00  0.4304619318E+00  0.1746561262E+00
  0.5951360659E+00  0.4447172140E+00  0.1764456639E+00
  0.5991847052E+00  0.4699835550E+00  0.1782973107E+00
  0.6031928582E+00  0.4945098141E+00  0.1802302291E+00
  0.6071609296E+00  0.5200716183E+00  0.1822431949E+00
  0.6110893203E+00  0.5465657082E+00  0.1843382790E+00
  0.6149784271E+00  0.5744324527E+00  0.1865181198E+00
  0.6188286428E+00  0.6008114884E+00  0.1887805911E+00
  0.6226403564E+00  0.6280316658E+00  0.1911225902E+00
  0.6264139528E+00  0.6518311053E+00  0.1935374330E+00
  0.6301498133E+00  0.6699945464E+00  0.1960065111E+00
  0.6338483152E+00  0.6826986879E+00  0.1985079803E+00
  0.6375098320E+00  0.7017773818E+00  0.2010426216E+00
  0.6411347337E+00  0.7265428110E+00  0.2036313817E+00
  0.6447233864E+00  0.7457245108E+00  0.2062731097E+00
  0.6482761525E+00  0.7607041713E+00  0.2089491041E+00
  0.6517933910E+00  0.7746857431E+00  0.2116492704E+00
  0.6552754571E+00  0.7762461743E+00  0.2143494941E+00
  0.6587227025E+00  0.7757263315E+00  0.2170245091E+00
  0.6621354755E+00  0.7762286604E+00  0.2196727442E+00
  0.6655141207E+00  0.7865216026E+00  0.2223127335E+00
  0.6688589795E+00  0.8167272865E+00  0.2249940541E+00
  0.6721703897E+00  0.8510847980E+00  0.2277554591E+00
  0.6754486858E+00  0.8857628877E+00  0.2306024096E+00
  0.6786941990E+00  0.9254821284E+00  0.2335416193E+00
  0.6819072570E+00  0.9636574168E+00  0.2365765768E+00
  0.6850881844E+00  0.1000123930E+01  0.2396998998E+00
  0.6882373026E+00  0.1041884938E+01  0.2429151634E+00
  0.6913549295E+00  0.1084765709E+01  0.2462302151E+00
  0.6944413802E+00  0.1127817862E+01  0.2496447302E+00
  0.6974969664E+00  0.1174786337E+01  0.2531626330E+00
  0.7005219968E+00  0.1222967778E+01  0.2567892724E+00
  0.7035167768E+00  0.1270685261E+01  0.2605232436E+00
  0.7064816090E+00  0.1317784667E+01  0.2643604331E+00
  0.7094167929E+00  0.1361505503E+01  0.2682925378E+00
  0.7123226250E+00  0.1403210400E+01  0.2723094379E+00
  0.7151993988E+00  0.1445167931E+01  0.2764065079E+00
  0.7180474048E+00  0.1486017173E+01  0.2805805243E+00
  0.7208669307E+00  0.1517149885E+01  0.2848142780E+00
  0.7236582614E+00  0.1544476477E+01  0.2890872839E+00
  0.7264216788E+00  0.1571087438E+01  0.2933920856E+00
  0.7291574620E+00  0.1597325081E+01  0.2977261305E+00
  0.7318658874E+00  0.1622785324E+01  0.3020868449E+00
  0.7345472285E+00  0.1645608779E+01  0.3064686846E+00
  0.7372017562E+00  0.1661164660E+01  0.3108576455E+00
  0.7398297387E+00  0.1673651660E+01  0.3152395649E+00
  0.7424314413E+00  0.1690695377E+01  0.3196160801E+00
  0.7450071269E+00  0.1706043472E+01  0.3239905458E+00
  0.7475570556E+00  0.1715445953E+01  0.3283528228E+00
  0.7500814851E+00  0.1722501500E+01  0.3326922507E+00
  0.7525806702E+00  0.1729743110E+01  0.3370061500E+00
  0.7550548635E+00  0.1735743720E+01  0.3412932921E+00
  0.7575043149E+00  0.1743565625E+01  0.3455544916E+00
  0.7599292717E+00  0.1754839884E+01  0.3497962328E+00
  0.7623299790E+00  0.1767905207E+01  0.3540247727E+00
  0.7647066792E+00  0.1782063174E+01  0.3582433780E+00
  0.7670596124E+00  0.1796688233E+01  0.3624536595E+00
  0.7693890163E+00  0.1810897064E+01  0.3666554211E+00
  0.7716951261E+00  0.1823305269E+01  0.3708458560E+00
  0.7739781749E+00  0.1835390799E+01  0.3750223467E+00
  0.7762383931E+00  0.1847693282E+01  0.3791846337E+00
  0.7784760092E+00  0.1859795355E+01  0.3833326017E+00
  0.7806912491E+00  0.1872180321E+01  0.3874662125E+00
  0.7828843366E+00  0.1888388473E+01  0.3915898407E+00
  0.7850554932E+00  0.1906799745E+01  0.3957098147E+00
  0.7872049383E+00  0.1923792500E+01  0.3998266385E+00
  0.7893328889E+00  0.1941234234E+01  0.4039389315E+00
  0.7914395600E+00  0.1959377823E+01  0.4080475849E+00
  0.7935251644E+00  0.1975344454E+01  0.4121507219E+00
  0.7955899128E+00  0.1988239965E+01  0.4162426241E+00
  0.7976340137E+00  0.1999869198E+01  0.4203186729E+00
  0.7996576735E+00  0.2009620039E+01  0.4243755941E+00
  0.8016610968E+00  0.2017142114E+01  0.4284092486E+00
  0.8036444858E+00  0.2024221085E+01  0.4324170463E+00
  0.8056080410E+00  0.2033402058E+01  0.4364007297E+00
  0.8075519606E+00  0.2042912151E+01  0.4403627432E+00
  0.8094764409E+00  0.2053512682E+01  0.4443044878E+00
  0.8113816765E+00  0.2064545428E+01  0.4482274233E+00
  0.8132678598E+00  0.2074766592E+01  0.4521311737E+00
  0.8151351812E+00  0.2085661208E+01  0.4560156017E+00
  0.8169838294E+00  0.2096542168E+01  0.4598813130E+00
  0.8188139911E+00  0.2106419340E+01  0.4637273626E+00
  0.8206258512E+00  0.2117902098E+01  0.4675543023E+00
  0.8224195926E+00  0.2127494290E+01  0.4713618742E+00
  0.8241953967E+00  0.2137108810E+01  0.4751484239E+00
  0.8259534428E+00  0.2148002808E+01  0.4789151357E+00
  0.8276939083E+00  0.2158452545E+01  0.4826627543E+00
  0.8294169692E+00  0.2168826758E+01  0.4863908372E+00
  0.8311227996E+00  0.2181318219E+01  0.4901011418E+00
  0.8328115716E+00  0.2194830449E+01  0.4937963005E+00
  0.8344834558E+00  0.2208013908E+01  0.4974768236E+00
  0.8361386213E+00  0.2220090544E+01  0.5011414464E+00
  0.8377772351E+00  0.2230882127E+01  0.5047881590E+00
  0.8393994627E+00  0.2240317938E+01  0.5084148111E+00
  0.8410054681E+00  0.2248402404E+01  0.5120192656E+00
  0.8425954134E+00  0.2255739665E+01  0.5155999354E+00
  0.8441694593E+00  0.2261899995E+01  0.5191554215E+00
  0.8457277647E+00  0.2265772547E+01  0.5226831698E+00
  0.8472704870E+00  0.2270644046E+01  0.5261823854E+00
  0.8487977822E+00  0.2277172944E+01  0.5296553148E+00
  0.8503098043E+00  0.2284445545E+01  0.5331039489E+00
  0.8518067063E+00  0.2291441219E+01  0.5365287759E+00
  0.8532886392E+00  0.2298537907E+01  0.5399297965E+00
  0.8547557528E+00  0.2305978612E+01  0.5433074709E+00
  0.8562081953E+00  0.2315264964E+01  0.5466635161E+00
  0.8576461134E+00  0.2324577220E+01  0.5499993725E+00
  0.8590696522E+00  0.2334449271E+01  0.5533155252E+00
  0.8604789557E+00  0.2344684374E+01  0.5566126848E+00
  0.8618741662E+00  0.2354424338E+01  0.5598908076E+00
  0.8632554245E+00  0.2362867350E+01  0.5631487068E+00
  0.8646228702E+00  0.2368215282E+01  0.5663834563E+00
  0.8659766415E+00  0.2371413354E+01  0.5695916429E+00
  0.8673168751E+00  0.2374399152E+01  0.5727718915E+00
  0.8686437064E+00  0.2377271918E+01  0.5759242244E+00
  0.8699572693E+00  0.2379629404E+01  0.5790484690E+00
  0.8712576966E+00  0.2380437337E+01  0.5821435294E+00
  0.8725451197E+00  0.2381534923E+01  0.5852088658E+00
  0.8738196685E+00  0.2383547378E+01  0.5882455307E+00
  0.8750814718E+00  0.2386081328E+01  0.5912546974E+00
  0.8763306571E+00  0.2388303242E+01  0.5942367429E+00
  0.8775673505E+00  0.2391368008E+01  0.5971922369E+00
  0.8787916770E+00  0.2395334689E+01  0.6001224803E+00
  0.8800037602E+00  0.2399772889E+01  0.6030285151E+00
  0.8812037226E+00  0.2404919645E+01  0.6059112403E+00
  0.8823916854E+00  0.2410688532E+01  0.6087716219E+00
  0.8835677685E+00  0.2417973115E+01  0.6116110757E+00
  0.8847320908E+00  0.2426338268E+01  0.6144312456E+00
  0.8858847699E+00  0.2435257447E+01  0.6172331755E+00
  0.8870259222E+00  0.2446094196E+01  0.6200183583E+00
  0.8881556630E+00  0.2457564379E+01  0.6227882898E+00
  0.8892741064E+00  0.2469500343E+01  0.6255436113E+00
  0.8903813653E+00  0.2481769106E+01  0.6282847799E+00
  0.8914775517E+00  0.2495192765E+01  0.6310126188E+00
  0.8925627761E+00  0.2510821046E+01  0.6337289431E+00
  0.8936371484E+00  0.2527051772E+01  0.6364352185E+00
  0.8947007769E+00  0.2542886106E+01  0.6391314837E+00
  0.8957537691E+00  0.2557956956E+01  0.6418170578E+00
  0.8967962314E+00  0.2572452698E+01  0.6444911871E+00
  0.8978282691E+00  0.2585927475E+01  0.6471530085E+00
  0.8988499864E+00  0.2599279640E+01  0.6498019164E+00
  0.8998614866E+00  0.2612147712E+01  0.6524375962E+00
  0.9008628717E+00  0.2624924124E+01  0.6550597591E+00
  0.9018542430E+00  0.2638470134E+01  0.6576687481E+00
  0.9028357006E+00  0.2652539163E+01  0.6602651986E+00
  0.9038073436E+00  0.2666318001E+01  0.6628492138E+00
  0.9047692701E+00  0.2679741197E+01  0.6654204720E+00
  0.9057215774E+00  0.2692890688E+01  0.6679786703E+00
  0.9066643616E+00  0.2705726382E+01  0.6705235358E+00
  0.9075977180E+00  0.2718293226E+01  0.6730548074E+00
  0.9085217408E+00  0.2731252423E+01  0.6755725597E+00
  0.9094365234E+00  0.2744164078E+01  0.6780769675E+00
  0.9103421582E+00  0.2757286474E+01  0.6805681200E+00
  0.9112387366E+00  0.2770691257E+01  0.6830462527E+00
  0.9121263493E+00  0.2784891974E+01  0.6855118557E+00
  0.9130050858E+00  0.2799179322E+01  0.6879653193E+00
  0.9138750349E+00  0.2813508120E+01  0.6904066956E+00
  0.9147362846E+00  0.2827177383E+01  0.6928357149E+00
  0.9155889217E+00  0.2840133299E+01  0.6952517947E+00
  0.9164330325E+00  0.2852986194E+01  0.6976546065E+00
  0.9172687022E+00  0.2866364535E+01  0.7000443504E+00
  0.9180960151E+00  0.2880803733E+01  0.7024217039E+00
  0.9189150550E+00  0.2896154643E+01  0.7047874834E+00
  0.9197259044E+00  0.2911668259E+01  0.7071421184E+00
  0.9205286454E+00  0.2927293569E+01  0.7094857053E+00
  0.9213233589E+00  0.2942978880E+01  0.7118182979E+00
  0.9221101254E+00  0.2958673240E+01  0.7141399087E+00
  0.9228890241E+00  0.2974409188E+01  0.7164505439E+00
  0.9236601339E+00  0.2989791948E+01  0.7187500708E+00
  0.9244235325E+00  0.3005142710E+01  0.7210383333E+00
  0.9251792972E+00  0.3019939002E+01  0.7233151053E+00
  0.9259275042E+00  0.3034354968E+01  0.7255800379E+00
  0.9266682292E+00  0.3048574698E+01  0.7278329268E+00
  0.9274015469E+00  0.3062582097E+01  0.7300736366E+00
  0.9281275314E+00  0.3076366166E+01  0.7323020273E+00
  0.9288462561E+00  0.3089696079E+01  0.7345178779E+00
  0.9295577935E+00  0.3102344993E+01  0.7367208124E+00
  0.9302622156E+00  0.3114420805E+01  0.7389104259E+00
  0.9309595935E+00  0.3126833547E+01  0.7410866822E+00
  0.9316499975E+00  0.3139278965E+01  0.7432497569E+00
  0.9323334975E+00  0.3151841454E+01  0.7453997474E+00
  0.9330101626E+00  0.3164203341E+01  0.7475366707E+00
  0.9336800609E+00  0.3176686438E+01  0.7496605466E+00
  0.9343432603E+00  0.3189413474E+01  0.7517715434E+00
  0.9349998277E+00  0.3201925826E+01  0.7538697159E+00
  0.9356498295E+00  0.3214539230E+01  0.7559550726E+00
  0.9362933312E+00  0.3227006715E+01  0.7580276455E+00
  0.9369303978E+00  0.3239298601E+01  0.7600873793E+00
  0.9375610939E+00  0.3251341409E+01  0.7621341897E+00
  0.9381854829E+00  0.3263272822E+01  0.7641680167E+00
  0.9388036281E+00  0.3275103709E+01  0.7661888496E+00
  0.9394155918E+00  0.3286843753E+01  0.7681966865E+00
  0.9400214359E+00  0.3298501931E+01  0.7701915329E+00
  0.9406212215E+00  0.3309729754E+01  0.7721732941E+00
  0.9412150093E+00  0.3320783592E+01  0.7741418530E+00
  0.9418028592E+00  0.3331803764E+01  0.7760972144E+00
  0.9423848306E+00  0.3342774092E+01  0.7780394212E+00
  0.9429609823E+00  0.3353697475E+01  0.7799685129E+00
  0.9435313725E+00  0.3364784476E+01  0.7818845909E+00
  0.9440960588E+00  0.3376275021E+01  0.7837878828E+00
  0.9446550982E+00  0.3387763296E+01  0.7856785648E+00
  0.9452085472E+00  0.3399192333E+01  0.7875566818E+00
  0.9457564617E+00  0.3410559266E+01  0.7894222627E+00
  0.9462988971E+00  0.3421798999E+01  0.7912753192E+00
  0.9468359082E+00  0.3432981553E+01  0.7931158655E+00
  0.9473675491E+00  0.3444166715E+01  0.7949439522E+00
  0.9478938736E+00  0.3455267589E+01  0.7967596229E+00
  0.9484149348E+00  0.3466335032E+01  0.7985629124E+00
  0.9489307855E+00  0.3477514375E+01  0.8003539071E+00
  0.9494414776E+00  0.3488489982E+01  0.8021326489E+00
  0.9499470629E+00  0.3499058517E+01  0.8038990495E+00
  0.9504475922E+00  0.3509468747E+01  0.8056530364E+00
  0.9509431163E+00  0.3519986766E+01  0.8073946686E+00
  0.9514336852E+00  0.3530320405E+01  0.8091239991E+00
  0.9519193483E+00  0.3540480567E+01  0.8108410129E+00
  0.9524001548E+00  0.3550493516E+01  0.8125457061E+00
  0.9528761533E+00  0.3560386200E+01  0.8142380900E+00
  0.9533473917E+00  0.3570252433E+01  0.8159182056E+00
  0.9538139178E+00  0.3579899124E+01  0.8175860717E+00
  0.9542757786E+00  0.3589354187E+01  0.8192416703E+00
  0.9547330209E+00  0.3598633694E+01  0.8208849961E+00
  0.9551856906E+00  0.3607735322E+01  0.8225160489E+00
  0.9556338337E+00  0.3616670039E+01  0.8241348325E+00
  0.9560774954E+00  0.3625466227E+01  0.8257413616E+00
  0.9565167205E+00  0.3634080514E+01  0.8273356490E+00
  0.9569515532E+00  0.3642239280E+01  0.8289176403E+00
  0.9573820377E+00  0.3650165838E+01  0.8304872738E+00
  0.9578082173E+00  0.3658134485E+01  0.8320445982E+00
  0.9582301352E+00  0.3666250554E+01  0.8335897425E+00
  0.9586478338E+00  0.3674364578E+01  0.8351228250E+00
  0.9590613555E+00  0.3682314648E+01  0.8366438981E+00
  0.9594707419E+00  0.3690155652E+01  0.8381529928E+00
  0.9598760345E+00  0.3697926878E+01  0.8396501603E+00
  0.9602772742E+00  0.3705708519E+01  0.8411354764E+00
  0.9606745014E+00  0.3713692949E+01  0.8426090706E+00
  0.9610677564E+00  0.3721344717E+01  0.8440710034E+00
  0.9614570788E+00  0.3728943271E+01  0.8455212856E+00
  0.9618425080E+00  0.3736339407E+01  0.8469599546E+00
  0.9622240830E+00  0.3743562985E+01  0.8483870262E+00
  0.9626018421E+00  0.3750609641E+01  0.8498025224E+00
  0.9629758237E+00  0.3757228795E+01  0.8512064190E+00
  0.9633460655E+00  0.3763598092E+01  0.8525986811E+00
  0.9637126048E+00  0.3769794804E+01  0.8539793236E+00
  0.9640754788E+00  0.3775857906E+01  0.8553483840E+00
  0.9644347240E+00  0.3781792790E+01  0.8567059089E+00
  0.9647903767E+00  0.3787604747E+01  0.8580519475E+00
  0.9651424730E+00  0.3793298941E+01  0.8593865513E+00
  0.9654910483E+00  0.3798880401E+01  0.8607097742E+00
  0.9658361378E+00  0.3804353998E+01  0.8620216725E+00
  0.9661777764E+00  0.3809724443E+01  0.8633223041E+00
  0.9665159986E+00  0.3814996267E+01  0.8646117292E+00
  0.9668508386E+00  0.3820173824E+01  0.8658900094E+00
  0.9671823303E+00  0.3825261275E+01  0.8671572082E+00
  0.9675105070E+00  0.3830262592E+01  0.8684133905E+00
  0.9678354019E+00  0.3835181552E+01  0.8696586225E+00
  0.9681570479E+00  0.3839959631E+01  0.8708929616E+00
  0.9684754774E+00  0.3844358442E+01  0.8721164185E+00
  0.9687907226E+00  0.3848665066E+01  0.8733290129E+00
  0.9691028154E+00  0.3852991361E+01  0.8745308286E+00
  0.9694117872E+00  0.3857272894E+01  0.8757219559E+00
  0.9697176694E+00  0.3861471648E+01  0.8769024689E+00
  0.9700204927E+00  0.3865661910E+01  0.8780724470E+00
  0.9703202877E+00  0.3869881283E+01  0.8792319858E+00
  0.9706170849E+00  0.3874095263E+01  0.8803811808E+00
  0.9709109140E+00  0.3878272352E+01  0.8815201166E+00
  0.9712018049E+00  0.3882405744E+01  0.8826488718E+00
  0.9714897868E+00  0.3886478269E+01  0.8837675210E+00
  0.9717748890E+00  0.3890534883E+01  0.8848761425E+00
  0.9720571401E+00  0.3894602365E+01  0.8859748243E+00
  0.9723365687E+00  0.3898737411E+01  0.8870636653E+00
  0.9726132030E+00  0.3902879730E+01  0.8881427628E+00
  0.9728870709E+00  0.3906988151E+01  0.8892121991E+00
  0.9731582002E+00  0.3911062920E+01  0.8902720504E+00
  0.9734266182E+00  0.3915104190E+01  0.8913223925E+00
  0.9736923521E+00  0.3919112025E+01  0.8923633006E+00
  0.9739554285E+00  0.3923078347E+01  0.8933948485E+00
  0.9742158742E+00  0.3926933111E+01  0.8944170994E+00
  0.9744737155E+00  0.3930702703E+01  0.8954301108E+00
  0.9747289784E+00  0.3934389217E+01  0.8964339437E+00
  0.9749816886E+00  0.3937997056E+01  0.8974286599E+00
  0.9752318717E+00  0.3941574027E+01  0.8984143277E+00
  0.9754795530E+00  0.3945174433E+01  0.8993910277E+00
  0.9757247574E+00  0.3948755782E+01  0.9003588412E+00
  0.9759675099E+00  0.3952251306E+01  0.9013178355E+00
  0.9762078348E+00  0.3955567174E+01  0.9022680583E+00
  0.9764457564E+00  0.3958853780E+01  0.9032095644E+00
  0.9766812989E+00  0.3962228280E+01  0.9041424399E+00
  0.9769144859E+00  0.3965602495E+01  0.9050667735E+00
  0.9771453410E+00  0.3968942552E+01  0.9059826387E+00
  0.9773738876E+00  0.3972248188E+01  0.9068901047E+00
  0.9776001487E+00  0.3975592831E+01  0.9077892485E+00
  0.9778241472E+00  0.3978932180E+01  0.9086801494E+00
  0.9780459058E+00  0.3982224185E+01  0.9095628765E+00
  0.9782654467E+00  0.3985477551E+01  0.9104374949E+00
  0.9784827922E+00  0.3988692163E+01  0.9113040700E+00
  0.9786979643E+00  0.3991867932E+01  0.9121626668E+00
  0.9789109847E+00  0.3995004789E+01  0.9130133501E+00
  0.9791218748E+00  0.3998102689E+01  0.9138561839E+00
  0.9793306561E+00  0.4001161610E+01  0.9146912321E+00
  0.9795373495E+00  0.4004181552E+01  0.9155185580E+00
  0.9797419760E+00  0.4007162540E+01  0.9163382247E+00
  0.9799445563E+00  0.4010166477E+01  0.9171503009E+00
  0.9801451107E+00  0.4013159147E+01  0.9179548577E+00
  0.9803436596E+00  0.4016112638E+01  0.9187519592E+00
  0.9805402230E+00  0.4019027010E+01  0.9195416664E+00
  0.9807348208E+00  0.4021902344E+01  0.9203240399E+00
  0.9809274726E+00  0.4024738740E+01  0.9210991398E+00
  0.9811181978E+00  0.4027536320E+01  0.9218670260E+00
  0.9813070158E+00  0.4030295226E+01  0.9226277579E+00
  0.9814939457E+00  0.4033084393E+01  0.9233814010E+00
  0.9816790062E+00  0.4035844453E+01  0.9241280212E+00
  0.9818622162E+00  0.4038564955E+01  0.9248676772E+00
  0.9820435940E+00  0.4041246089E+01  0.9256004266E+00
  0.9822231581E+00  0.4043889627E+01  0.9263263265E+00
  0.9824009265E+00  0.4046534288E+01  0.9270454374E+00
  0.9825769172E+00  0.4049140223E+01  0.9277578192E+00
  0.9827511481E+00  0.4051706624E+01  0.9284635279E+00
  0.9829236366E+00  0.4054233773E+01  0.9291626187E+00
  0.9830944002E+00  0.4056721967E+01  0.9298551468E+00
  0.9832634562E+00  0.4059171520E+01  0.9305411671E+00
  0.9834308216E+00  0.4061582761E+01  0.9312207339E+00
  0.9835965134E+00  0.4063956032E+01  0.9318939014E+00
  0.9837605483E+00  0.4066291688E+01  0.9325607234E+00
  0.9839229428E+00  0.4068562572E+01  0.9332212513E+00
  0.9840837134E+00  0.4070805327E+01  0.9338755367E+00
  0.9842428762E+00  0.4073031059E+01  0.9345236349E+00
  0.9844004475E+00  0.4075220272E+01  0.9351655999E+00
  0.9845564430E+00  0.4077373399E+01  0.9358014840E+00
  0.9847108786E+00  0.4079500212E+01  0.9364313397E+00
  0.9848637698E+00  0.4081624319E+01  0.9370552218E+00
  0.9850151321E+00  0.4083712560E+01  0.9376731839E+00
  0.9851649808E+00  0.4085765406E+01  0.9382852766E+00
  0.9853133310E+00  0.4087783333E+01  0.9388915504E+00
  0.9854601977E+00  0.4089766820E+01  0.9394920553E+00
  0.9856055957E+00  0.4091714636E+01  0.9400868409E+00
  0.9857495397E+00  0.4093548947E+01  0.9406759508E+00
  0.9858920443E+00  0.4095311794E+01  0.9412594260E+00
  0.9860331239E+00  0.4097034308E+01  0.9418373123E+00
  0.9861727926E+00  0.4098728706E+01  0.9424096583E+00
  0.9863110647E+00  0.4100435946E+01  0.9429765161E+00
  0.9864479541E+00  0.4102144805E+01  0.9435379391E+00
  0.9865834745E+00  0.4103824740E+01  0.9440939774E+00
  0.9867176398E+00  0.4105476205E+01  0.9446446789E+00
  0.9868504634E+00  0.4107099651E+01  0.9451900909E+00
  0.9869819588E+00  0.4108695529E+01  0.9457302604E+00
  0.9871121392E+00  0.4110293004E+01  0.9462652360E+00
  0.9872410178E+00  0.4111890629E+01  0.9467950678E+00
  0.9873686076E+00  0.4113460365E+01  0.9473198034E+00
  0.9874949215E+00  0.4114965132E+01  0.9478394857E+00
  0.9876199723E+00  0.4116428459E+01  0.9483541568E+00
  0.9877437726E+00  0.4117867034E+01  0.9488638609E+00
  0.9878663349E+00  0.4119281274E+01  0.9493686427E+00
  0.9879876715E+00  0.4120671592E+01  0.9498685468E+00
  0.9881077948E+00  0.4122038397E+01  0.9503636175E+00
  0.9882267168E+00  0.4123382096E+01  0.9508538987E+00
  0.9883444497E+00  0.4124667178E+01  0.9513394318E+00
  0.9884610052E+00  0.4125897331E+01  0.9518202561E+00
  0.9885763951E+00  0.4127107861E+01  0.9522964131E+00
  0.9886906312E+00  0.4128285867E+01  0.9527679448E+00
  0.9888037249E+00  0.4129433190E+01  0.9532348928E+00
  0.9889156876E+00  0.4130562734E+01  0.9536972987E+00
  0.9890265307E+00  0.4131674802E+01  0.9541552048E+00
  0.9891362654E+00  0.4132769695E+01  0.9546086530E+00
  0.9892449028E+00  0.4133847710E+01  0.9550576847E+00
  0.9893524538E+00  0.4134909140E+01  0.9555023411E+00
  0.9894589292E+00  0.4135975240E+01  0.9559426642E+00
  0.9895643399E+00  0.4137037399E+01  0.9563786963E+00
  0.9896686965E+00  0.4138082828E+01  0.9568104780E+00
  0.9897720096E+00  0.4139111819E+01  0.9572380490E+00
  0.9898742895E+00  0.4140124661E+01  0.9576614488E+00
  0.9899755466E+00  0.4141110071E+01  0.9580807157E+00
  0.9900757911E+00  0.4142066050E+01  0.9584958873E+00
  0.9901750332E+00  0.4143007487E+01  0.9589070013E+00
  0.9902732829E+00  0.4143934643E+01  0.9593140959E+00
  0.9903705500E+00  0.4144847773E+01  0.9597172091E+00
  0.9904668445E+00  0.4145747126E+01  0.9601163785E+00
  0.9905621761E+00  0.4146632949E+01  0.9605116412E+00
  0.9906565543E+00  0.4147505484E+01  0.9609030343E+00
  0.9907499888E+00  0.4148364969E+01  0.9612905944E+00
  0.9908424889E+00  0.4149210183E+01  0.9616743577E+00
  0.9909340640E+00  0.4150038379E+01  0.9620543600E+00
  0.9910247234E+00  0.4150854406E+01  0.9624306368E+00
  0.9911144761E+00  0.4151658479E+01  0.9628032236E+00
  0.9912033314E+00  0.4152452495E+01  0.9631721555E+00
  0.9912912981E+00  0.4153236598E+01  0.9635374674E+00
  0.9913783851E+00  0.4154009286E+01  0.9638991941E+00
  0.9914646012E+00  0.4154769643E+01  0.9642573695E+00
  0.9915499552E+00  0.4155517395E+01  0.9646120276E+00
  0.9916344557E+00  0.4156254398E+01  0.9649632018E+00
  0.9917181111E+00  0.4156980844E+01  0.9653109255E+00
  0.9918009300E+00  0.4157709341E+01  0.9656552322E+00
  0.9918829207E+00  0.4158427736E+01  0.9659961552E+00
  0.9919640915E+00  0.4159135662E+01  0.9663337268E+00
  0.9920444506E+00  0.4159833308E+01  0.9666679791E+00
  0.9921240061E+00  0.4160513867E+01  0.9669989438E+00
  0.9922027660E+00  0.4161184362E+01  0.9673266520E+00
  0.9922807383E+00  0.4161845399E+01  0.9676511351E+00
  0.9923579310E+00  0.4162496694E+01  0.9679724240E+00
  0.9924343516E+00  0.4163122813E+01  0.9682905487E+00
  0.9925100081E+00  0.4163740570E+01  0.9686055393E+00
  0.9925849081E+00  0.4164350105E+01  0.9689174260E+00
  0.9926590590E+00  0.4164951555E+01  0.9692262387E+00
  0.9927324684E+00  0.4165545055E+01  0.9695320071E+00
  0.9928051437E+00  0.4166130735E+01  0.9698347607E+00
  0.9928770923E+00  0.4166708726E+01  0.9701345286E+00
  0.9929483213E+00  0.4167279153E+01  0.9704313397E+00
  0.9930188381E+00  0.4167842140E+01  0.9707252227E+00
  0.9930886497E+00  0.4168397810E+01  0.9710162059E+00
  0.9931577632E+00  0.4168946281E+01  0.9713043175E+00
  0.9932261856E+00  0.4169487670E+01  0.9715895852E+00
  0.9932939238E+00  0.4170022092E+01  0.9718720366E+00
  0.9933609845E+00  0.4170549659E+01  0.9721516992E+00
  0.9934273747E+00  0.4171070483E+01  0.9724285999E+00
  0.9934931009E+00  0.4171584669E+01  0.9727027656E+00
  0.9935581699E+00  0.4172092326E+01  0.9729742229E+00
  0.9936225882E+00  0.4172593556E+01  0.9732429982E+00
  0.9936863623E+00  0.4173088461E+01  0.9735091174E+00
  0.9937494987E+00  0.4173577141E+01  0.9737726066E+00
  0.9938120037E+00  0.4174059695E+01  0.9740334911E+00
  0.9938738837E+00  0.4174536218E+01  0.9742917965E+00
  0.9939351449E+00  0.4175006804E+01  0.9745475479E+00
  0.9939957934E+00  0.4175471546E+01  0.9748007701E+00
  0.9940558355E+00  0.4175930535E+01  0.9750514878E+00
  0.9941152771E+00  0.4176383858E+01  0.9752997255E+00
  0.9941741243E+00  0.4176828849E+01  0.9755455072E+00
  0.9942323831E+00  0.4177263906E+01  0.9757888567E+00
  0.9942900593E+00  0.4177693835E+01  0.9760297977E+00
  0.9943471587E+00  0.4178118709E+01  0.9762683537E+00
  0.9944036871E+00  0.4178538602E+01  0.9765045479E+00
  0.9944596502E+00  0.4178953583E+01  0.9767384036E+00
  0.9945150537E+00  0.4179363722E+01  0.9769699437E+00
  0.9945699032E+00  0.4179769087E+01  0.9771991906E+00
  0.9946242041E+00  0.4180169746E+01  0.9774261670E+00
  0.9946779621E+00  0.4180565765E+01  0.9776508951E+00
  0.9947311825E+00  0.4180957208E+01  0.9778733968E+00
  0.9947838707E+00  0.4181344138E+01  0.9780936940E+00
  0.9948360320E+00  0.4181726619E+01  0.9783118083E+00
  0.9948876716E+00  0.4182104712E+01  0.9785277610E+00
  0.9949387949E+00  0.4182478476E+01  0.9787415735E+00
  0.9949894070E+00  0.4182847972E+01  0.9789532667E+00
  0.9950395129E+00  0.4183213257E+01  0.9791628613E+00
  0.9950891178E+00  0.4183570543E+01  0.9793703779E+00
  0.9951382266E+00  0.4183923654E+01  0.9795758368E+00
  0.9951868443E+00  0.4184272874E+01  0.9797792582E+00
  0.9952349759E+00  0.4184618252E+01  0.9799806621E+00
  0.9952826261E+00  0.4184959839E+01  0.9801800683E+00
  0.9953297999E+00  0.4185297682E+01  0.9803774965E+00
  0.9953765019E+00  0.4185632280E+01  0.9805729661E+00
  0.9954227368E+00  0.4185963309E+01  0.9807664963E+00
  0.9954685095E+00  0.4186290713E+01  0.9809581064E+00
  0.9955138244E+00  0.4186614539E+01  0.9811478151E+00
  0.9955586861E+00  0.4186934831E+01  0.9813356412E+00
  0.9956030993E+00  0.4187251634E+01  0.9815216031E+00
  0.9956470683E+00  0.4187564990E+01  0.9817057193E+00
  0.9956905976E+00  0.4187874944E+01  0.9818880079E+00
  0.9957336916E+00  0.4188181537E+01  0.9820684869E+00
  0.9957763547E+00  0.4188484811E+01  0.9822471741E+00
  0.9958185912E+00  0.4188784807E+01  0.9824240872E+00
  0.9958604053E+00  0.4189081565E+01  0.9825992436E+00
  0.9959018012E+00  0.4189375124E+01  0.9827726607E+00
  0.9959427832E+00  0.4189665524E+01  0.9829443555E+00
  0.9959833554E+00  0.4189952803E+01  0.9831143452E+00
  0.9960235218E+00  0.4190236999E+01  0.9832826464E+00
  0.9960632866E+00  0.4190518150E+01  0.9834492759E+00
  0.9961026537E+00  0.4190796291E+01  0.9836142500E+00
  0.9961416272E+00  0.4191071460E+01  0.9837775852E+00
  0.9961802109E+00  0.4191343691E+01  0.9839392976E+00
  0.9962184088E+00  0.4191613021E+01  0.9840994033E+00
  0.9962562247E+00  0.4191879483E+01  0.9842579180E+00
  0.9962936625E+00  0.4192143111E+01  0.9844148575E+00
  0.9963307258E+00  0.4192403940E+01  0.9845702373E+00
  0.9963674186E+00  0.4192662002E+01  0.9847240728E+00
  0.9964037444E+00  0.4192917329E+01  0.9848763793E+00
  0.9964397070E+00  0.4193169955E+01  0.9850271719E+00
  0.9964753099E+00  0.4193419910E+01  0.9851764654E+00
  0.9965105568E+00  0.4193667226E+01  0.9853242749E+00
  0.9965454512E+00  0.4193911933E+01  0.9854706148E+00
  0.9965799967E+00  0.4194154062E+01  0.9856154997E+00
  0.9966141967E+00  0.4194393644E+01  0.9857589440E+00
  0.9966480548E+00  0.4194630706E+01  0.9859009619E+00
  0.9966815742E+00  0.4194865278E+01  0.9860415676E+00
  0.9967147585E+00  0.4195097390E+01  0.9861807749E+00
  0.9967476109E+00  0.4195327069E+01  0.9863185978E+00
  0.9967801348E+00  0.4195554342E+01  0.9864550498E+00
  0.9968123334E+00  0.4195779239E+01  0.9865901446E+00
  0.9968442101E+00  0.4196001784E+01  0.9867238956E+00
  0.9968757680E+00  0.4196222006E+01  0.9868563161E+00
  0.9969070103E+00  0.4196439931E+01  0.9869874192E+00
  0.9969379402E+00  0.4196655585E+01  0.9871172180E+00
  0.9969685608E+00  0.4196868992E+01  0.9872457254E+00
  0.9969988752E+00  0.4197080179E+01  0.9873729541E+00
  0.9970288865E+00  0.4197289171E+01  0.9874989169E+00
  0.9970585976E+00  0.4197495992E+01  0.9876236262E+00
  0.9970880116E+00  0.4197700667E+01  0.9877470944E+00
  0.9971171315E+00  0.4197903218E+01  0.9878693339E+00
  0.9971459602E+00  0.4198103671E+01  0.9879903569E+00
  0.9971745006E+00  0.4198302049E+01  0.9881101752E+00
  0.9972027556E+00  0.4198498374E+01  0.9882288010E+00
  0.9972307280E+00  0.4198692669E+01  0.9883462460E+00
  0.9972584207E+00  0.4198884957E+01  0.9884625219E+00
  0.9972858365E+00  0.4199075259E+01  0.9885776402E+00
  0.9973129782E+00  0.4199263599E+01  0.9886916126E+00
  0.9973398484E+00  0.4199449996E+01  0.9888044502E+00
  0.9973664499E+00  0.4199634474E+01  0.9889161644E+00
  0.9973927854E+00  0.4199817052E+01  0.9890267663E+00
  0.9974188575E+00  0.4199997751E+01  0.9891362669E+00
  0.9974446690E+00  0.4200176592E+01  0.9892446771E+00
  0.9974702223E+00  0.4200353595E+01  0.9893520078E+00
  0.9974955201E+00  0.4200528781E+01  0.9894582696E+00
  0.9975205649E+00  0.4200702168E+01  0.9895634732E+00
  0.9975453592E+00  0.4200873777E+01  0.9896676290E+00
  0.9975699056E+00  0.4201043627E+01  0.9897707474E+00
  0.9975942066E+00  0.4201211736E+01  0.9898728388E+00
  0.9976182645E+00  0.4201378123E+01  0.9899739133E+00
  0.9976420819E+00  0.4201542808E+01  0.9900739810E+00
  0.9976656610E+00  0.4201705808E+01  0.9901730518E+00
  0.9976890044E+00  0.4201867142E+01  0.9902711358E+00
  0.9977121144E+00  0.4202026826E+01  0.9903682426E+00
  0.9977349932E+00  0.4202184880E+01  0.9904643819E+00
  0.9977576433E+00  0.4202341320E+01  0.9905595635E+00
  0.9977800669E+00  0.4202496164E+01  0.9906537967E+00
  0.9978022662E+00  0.4202649429E+01  0.9907470910E+00
  0.9978242435E+00  0.4202801131E+01  0.9908394557E+00
  0.9978460011E+00  0.4202951287E+01  0.9909309001E+00
  0.9978675411E+00  0.4203099914E+01  0.9910214332E+00
  0.9978888657E+00  0.4203247028E+01  0.9911110641E+00
  0.9979099770E+00  0.4203392644E+01  0.9911998019E+00
  0.9979308773E+00  0.4203536780E+01  0.9912876552E+00
  0.9979515685E+00  0.4203679449E+01  0.9913746331E+00
  0.9979720528E+00  0.4203820669E+01  0.9914607440E+00
  0.9979923323E+00  0.4203960454E+01  0.9915459967E+00
  0.9980124089E+00  0.4204098819E+01  0.9916303996E+00
  0.9980322849E+00  0.4204235779E+01  0.9917139613E+00
  0.9980519620E+00  0.4204371349E+01  0.9917966900E+00
  0.9980714424E+00  0.4204505544E+01  0.9918785941E+00
  0.9980907280E+00  0.4204638378E+01  0.9919596817E+00
  0.9981098207E+00  0.4204769865E+01  0.9920399609E+00
  0.9981287225E+00  0.4204900019E+01  0.9921194398E+00
  0.9981474353E+00  0.4205028883E+01  0.9921981264E+00
  0.9981659609E+00  0.4205156533E+01  0.9922760284E+00
  0.9981843013E+00  0.4205282887E+01  0.9923531538E+00
  0.9982024583E+00  0.4205407959E+01  0.9924295102E+00
  0.9982204337E+00  0.4205531762E+01  0.9925051053E+00
  0.9982382294E+00  0.4205654309E+01  0.9925799466E+00
  0.9982558471E+00  0.4205775614E+01  0.9926540417E+00
  0.9982732886E+00  0.4205895690E+01  0.9927273979E+00
  0.9982905557E+00  0.4206014549E+01  0.9928000226E+00
  0.9983076502E+00  0.4206132204E+01  0.9928719230E+00
  0.9983245737E+00  0.4206248668E+01  0.9929431065E+00
  0.9983413279E+00  0.4206363953E+01  0.9930135801E+00
  0.9983579146E+00  0.4206478071E+01  0.9930833508E+00
  0.9983743355E+00  0.4206591035E+01  0.9931524257E+00
  0.9983905921E+00  0.4206702857E+01  0.9932208117E+00
  0.9984066862E+00  0.4206813548E+01  0.9932885155E+00
  0.9984226194E+00  0.4206923120E+01  0.9933555442E+00
  0.9984383932E+00  0.4207031585E+01  0.9934219042E+00
  0.9984540092E+00  0.4207138954E+01  0.9934876023E+00
  0.9984694691E+00  0.4207245239E+01  0.9935526451E+00
  0.9984847744E+00  0.4207350451E+01  0.9936170391E+00
  0.9984999267E+00  0.4207454601E+01  0.9936807908E+00
  0.9985149274E+00  0.4207557699E+01  0.9937439064E+00
  0.9985297782E+00  0.4207659758E+01  0.9938063925E+00
  0.9985444804E+00  0.4207760786E+01  0.9938682552E+00
  0.9985590356E+00  0.4207860796E+01  0.9939295007E+00
  0.9985734452E+00  0.4207959798E+01  0.9939901352E+00
  0.9985877108E+00  0.4208057801E+01  0.9940501647E+00
  0.9986018337E+00  0.4208154817E+01  0.9941095954E+00
  0.9986158153E+00  0.4208250855E+01  0.9941684330E+00
  0.9986296572E+00  0.4208345926E+01  0.9942266837E+00
  0.9986433606E+00  0.4208440039E+01  0.9942843531E+00
  0.9986569270E+00  0.4208533204E+01  0.9943414471E+00
  0.9986703577E+00  0.4208625431E+01  0.9943979713E+00
  0.9986836541E+00  0.4208716730E+01  0.9944539316E+00
  0.9986968176E+00  0.4208807110E+01  0.9945093335E+00
  0.9987098494E+00  0.4208896580E+01  0.9945641825E+00
  0.9987227509E+00  0.4208985150E+01  0.9946184842E+00
  0.9987355234E+00  0.4209072830E+01  0.9946722440E+00
  0.9987481682E+00  0.4209159627E+01  0.9947254672E+00
  0.9987606865E+00  0.4209245551E+01  0.9947781594E+00
  0.9987730796E+00  0.4209330612E+01  0.9948303257E+00
  0.9987853488E+00  0.4209414817E+01  0.9948819713E+00
  0.9987974954E+00  0.4209498176E+01  0.9949331015E+00
  0.9988095204E+00  0.4209580697E+01  0.9949837214E+00
  0.9988214252E+00  0.4209662389E+01  0.9950338361E+00
  0.9988332109E+00  0.4209743260E+01  0.9950834506E+00
  0.9988448788E+00  0.4209823319E+01  0.9951325699E+00
  0.9988564300E+00  0.4209902573E+01  0.9951811989E+00
  0.9988678657E+00  0.4209981032E+01  0.9952293425E+00
  0.9988791871E+00  0.4210058702E+01  0.9952770056E+00
  0.9988903952E+00  0.4210135593E+01  0.9953241929E+00
  0.9989014913E+00  0.4210211712E+01  0.9953709092E+00
  0.9989124764E+00  0.4210287066E+01  0.9954171592E+00
  0.9989233516E+00  0.4210361665E+01  0.9954629475E+00
  0.9989341181E+00  0.4210435514E+01  0.9955082786E+00
  0.9989447769E+00  0.4210508623E+01  0.9955531573E+00
  0.9989553291E+00  0.4210580998E+01  0.9955975879E+00
  0.9989657758E+00  0.4210652647E+01  0.9956415750E+00
  0.9989761181E+00  0.4210723577E+01  0.9956851230E+00
  0.9989863569E+00  0.4210793795E+01  0.9957282362E+00
  0.9989964933E+00  0.4210863310E+01  0.9957709190E+00
  0.9990065284E+00  0.4210932127E+01  0.9958131756E+00
  0.9990164631E+00  0.4211000254E+01  0.9958550103E+00
  0.9990262985E+00  0.4211067698E+01  0.9958964274E+00
  0.9990360355E+00  0.4211134466E+01  0.9959374310E+00
  0.9990456751E+00  0.4211200565E+01  0.9959780251E+00
  0.9990552184E+00  0.4211266001E+01  0.9960182140E+00
  0.9990646662E+00  0.4211330781E+01  0.9960580016E+00
  0.9990740195E+00  0.4211394911E+01  0.9960973919E+00
  0.9990832793E+00  0.4211458399E+01  0.9961363888E+00
  0.9990924466E+00  0.4211521251E+01  0.9961749964E+00
  0.9991015221E+00  0.4211583473E+01  0.9962132185E+00
  0.9991105069E+00  0.4211645072E+01  0.9962510590E+00
  0.9991194018E+00  0.4211706054E+01  0.9962885215E+00
  0.9991282078E+00  0.4211766424E+01  0.9963256100E+00
  0.9991369257E+00  0.4211826190E+01  0.9963623281E+00
  0.9991455564E+00  0.4211885357E+01  0.9963986796E+00
  0.9991541009E+00  0.4211943932E+01  0.9964346680E+00
  0.9991625599E+00  0.4212001920E+01  0.9964702970E+00
  0.9991709343E+00  0.4212059327E+01  0.9965055703E+00
  0.9991792249E+00  0.4212116159E+01  0.9965404912E+00
  0.9991874327E+00  0.4212172423E+01  0.9965750635E+00
  0.9991955584E+00  0.4212228122E+01  0.9966092904E+00
  0.9992036028E+00  0.4212283265E+01  0.9966431756E+00
  0.9992115667E+00  0.4212337855E+01  0.9966767223E+00
  0.9992194511E+00  0.4212391898E+01  0.9967099340E+00
  0.9992272566E+00  0.4212445401E+01  0.9967428140E+00
  0.9992349840E+00  0.4212498368E+01  0.9967753656E+00
  0.9992426342E+00  0.4212550805E+01  0.9968075921E+00
  0.9992502078E+00  0.4212602717E+01  0.9968394967E+00
  0.9992577057E+00  0.4212654109E+01  0.9968710826E+00
  0.9992651287E+00  0.4212704987E+01  0.9969023531E+00
  0.9992724774E+00  0.4212755356E+01  0.9969333113E+00
  0.9992797526E+00  0.4212805221E+01  0.9969639602E+00
  0.9992869551E+00  0.4212854587E+01  0.9969943030E+00
  0.9992940855E+00  0.4212903459E+01  0.9970243427E+00
  0.9993011447E+00  0.4212951841E+01  0.9970540824E+00
  0.9993081332E+00  0.4212999740E+01  0.9970835250E+00
  0.9993150519E+00  0.4213047160E+01  0.9971126735E+00
  0.9993219014E+00  0.4213094105E+01  0.9971415308E+00
  0.9993286824E+00  0.4213140580E+01  0.9971700999E+00
  0.9993353956E+00  0.4213186590E+01  0.9971983836E+00
  0.9993420416E+00  0.4213232141E+01  0.9972263848E+00
  0.9993486212E+00  0.4213277235E+01  0.9972541063E+00
  0.9993551350E+00  0.4213321878E+01  0.9972815508E+00
  0.9993615836E+00  0.4213366075E+01  0.9973087212E+00
  0.9993679678E+00  0.4213409830E+01  0.9973356201E+00
  0.9993742881E+00  0.4213453147E+01  0.9973622504E+00
  0.9993805452E+00  0.4213496031E+01  0.9973886146E+00
  0.9993867398E+00  0.4213538486E+01  0.9974147154E+00
  0.9993928724E+00  0.4213580516E+01  0.9974405555E+00
  0.9993989436E+00  0.4213622126E+01  0.9974661375E+00
  0.9994049542E+00  0.4213663319E+01  0.9974914638E+00
  0.9994109047E+00  0.4213704101E+01  0.9975165372E+00
  0.9994167956E+00  0.4213744475E+01  0.9975413600E+00
  0.9994226277E+00  0.4213784445E+01  0.9975659349E+00
  0.9994284014E+00  0.4213824016E+01  0.9975902642E+00
  0.9994341174E+00  0.4213863191E+01  0.9976143505E+00
  0.9994397762E+00  0.4213901974E+01  0.9976381961E+00
  0.9994453784E+00  0.4213940369E+01  0.9976618035E+00
  0.9994509247E+00  0.4213978380E+01  0.9976851750E+00
  0.9994564154E+00  0.4214016012E+01  0.9977083131E+00
  0.9994618513E+00  0.4214053267E+01  0.9977312199E+00
  0.9994672327E+00  0.4214090149E+01  0.9977538979E+00
  0.9994725604E+00  0.4214126663E+01  0.9977763493E+00
  0.9994778348E+00  0.4214162811E+01  0.9977985763E+00
  0.9994830565E+00  0.4214198599E+01  0.9978205813E+00
  0.9994882259E+00  0.4214234028E+01  0.9978423664E+00
  0.9994933436E+00  0.4214269103E+01  0.9978639339E+00
  0.9994984102E+00  0.4214303828E+01  0.9978852858E+00
  0.9995034261E+00  0.4214338205E+01  0.9979064244E+00
  0.9995083918E+00  0.4214372239E+01  0.9979273518E+00
  0.9995133079E+00  0.4214405932E+01  0.9979480701E+00
  0.9995181748E+00  0.4214439289E+01  0.9979685814E+00
  0.9995229931E+00  0.4214472312E+01  0.9979888877E+00
  0.9995277632E+00  0.4214505005E+01  0.9980089911E+00
  0.9995324855E+00  0.4214537371E+01  0.9980288936E+00
  0.9995371607E+00  0.4214569414E+01  0.9980485973E+00
  0.9995417891E+00  0.4214601136E+01  0.9980681040E+00
  0.9995463712E+00  0.4214632541E+01  0.9980874158E+00
  0.9995509075E+00  0.4214663633E+01  0.9981065347E+00
  0.9995553984E+00  0.4214694413E+01  0.9981254625E+00
  0.9995598444E+00  0.4214724886E+01  0.9981442012E+00
  0.9995642460E+00  0.4214755054E+01  0.9981627526E+00
  0.9995686035E+00  0.4214784921E+01  0.9981811186E+00
  0.9995729175E+00  0.4214814489E+01  0.9981993011E+00
  0.9995771883E+00  0.4214843761E+01  0.9982173019E+00
  0.9995814164E+00  0.4214872741E+01  0.9982351228E+00
  0.9995856022E+00  0.4214901432E+01  0.9982527657E+00
  0.9995897462E+00  0.4214929835E+01  0.9982702322E+00
  0.9995938488E+00  0.4214957955E+01  0.9982875241E+00
  0.9995979103E+00  0.4214985793E+01  0.9983046433E+00
  0.9996019312E+00  0.4215013353E+01  0.9983215914E+00
  0.9996059119E+00  0.4215040638E+01  0.9983383701E+00
  0.9996098527E+00  0.4215067650E+01  0.9983549811E+00
  0.9996137542E+00  0.4215094392E+01  0.9983714261E+00
  0.9996176167E+00  0.4215120867E+01  0.9983877068E+00
  0.9996214405E+00  0.4215147077E+01  0.9984038248E+00
  0.9996252261E+00  0.4215173026E+01  0.9984197817E+00
  0.9996289738E+00  0.4215198714E+01  0.9984355791E+00
  0.9996326841E+00  0.4215224147E+01  0.9984512186E+00
  0.9996363573E+00  0.4215249324E+01  0.9984667019E+00
  0.9996399937E+00  0.4215274251E+01  0.9984820304E+00
  0.9996435938E+00  0.4215298928E+01  0.9984972057E+00
  0.9996471578E+00  0.4215323358E+01  0.9985122293E+00
  0.9996506862E+00  0.4215347545E+01  0.9985271028E+00
  0.9996541794E+00  0.4215371489E+01  0.9985418276E+00
  0.9996576376E+00  0.4215395195E+01  0.9985564053E+00
  0.9996610612E+00  0.4215418663E+01  0.9985708372E+00
  0.9996644506E+00  0.4215441897E+01  0.9985851250E+00
  0.9996678400E+00  0.4215465131E+01  0.9985994128E+00
  0.9996712294E+00  0.4215488365E+01  0.9986137007E+00
  0.9996746188E+00  0.4215511599E+01  0.9986279886E+00
  0.9996780081E+00  0.4215534833E+01  0.9986422767E+00
  0.9996813975E+00  0.4215558067E+01  0.9986565648E+00
  0.9996847869E+00  0.4215581302E+01  0.9986708530E+00
  0.9996881763E+00  0.4215604537E+01  0.9986851413E+00
  0.9996915657E+00  0.4215627772E+01  0.9986994296E+00
  0.9996949551E+00  0.4215651007E+01  0.9987137181E+00
  0.9996983445E+00  0.4215674242E+01  0.9987280066E+00
  0.9997017339E+00  0.4215697477E+01  0.9987422952E+00
  0.9997051232E+00  0.4215720712E+01  0.9987565838E+00
  0.9997085126E+00  0.4215743948E+01  0.9987708726E+00
  0.9997119020E+00  0.4215767184E+01  0.9987851614E+00
  0.9997152914E+00  0.4215790419E+01  0.9987994503E+00
  0.9997186808E+00  0.4215813656E+01  0.9988137393E+00
  0.9997220702E+00  0.4215836892E+01  0.9988280284E+00
  0.9997254596E+00  0.4215860128E+01  0.9988423175E+00
  0.9997288490E+00  0.4215883365E+01  0.9988566068E+00
  0.9997322384E+00  0.4215906601E+01  0.9988708961E+00
  0.9997356277E+00  0.4215929838E+01  0.9988851855E+00
  0.9997390171E+00  0.4215953075E+01  0.9988994749E+00
  0.9997424065E+00  0.4215976312E+01  0.9989137645E+00
  0.9997457959E+00  0.4215999550E+01  0.9989280541E+00
  0.9997491853E+00  0.4216022787E+01  0.9989423438E+00
  0.9997525747E+00  0.4216046025E+01  0.9989566335E+00
  0.9997559641E+00  0.4216069263E+01  0.9989709234E+00
  0.9997593535E+00  0.4216092501E+01  0.9989852133E+00
  0.9997627428E+00  0.4216115739E+01  0.9989995034E+00
  0.9997661322E+00  0.4216138977E+01  0.9990137934E+00
  0.9997695216E+00  0.4216162216E+01  0.9990280836E+00
  0.9997729110E+00  0.4216185454E+01  0.9990423739E+00
  0.9997763004E+00  0.4216208693E+01  0.9990566642E+00
  0.9997796898E+00  0.4216231932E+01  0.9990709546E+00
  0.9997830792E+00  0.4216255172E+01  0.9990852451E+00
  0.9997864686E+00  0.4216278411E+01  0.9990995356E+00
  0.9997898579E+00  0.4216301651E+01  0.9991138263E+00
  0.9997932473E+00  0.4216324891E+01  0.9991281170E+00
  0.9997966367E+00  0.4216348131E+01  0.9991424078E+00
  0.9998000261E+00  0.4216371371E+01  0.9991566987E+00
  0.9998034155E+00  0.4216394612E+01  0.9991709896E+00
  0.9998068049E+00  0.4216417852E+01  0.9991852807E+00
  0.9998101943E+00  0.4216441093E+01  0.9991995718E+00
  0.9998135837E+00  0.4216464334E+01  0.9992138630E+00
  0.9998169731E+00  0.4216487576E+01  0.9992281543E+00
  0.9998203624E+00  0.4216510817E+01  0.9992424456E+00
  0.9998237518E+00  0.4216534059E+01  0.9992567370E+00
  0.9998271412E+00  0.4216557301E+01  0.9992710286E+00
  0.9998305306E+00  0.4216580543E+01  0.9992853201E+00
  0.9998339200E+00  0.4216603785E+01  0.9992996118E+00
  0.9998373094E+00  0.4216627028E+01  0.9993139036E+00
  0.9998406988E+00  0.4216650270E+01  0.9993281954E+00
  0.9998440882E+00  0.4216673513E+01  0.9993424873E+00
  0.9998474775E+00  0.4216696757E+01  0.9993567793E+00
  0.9998508669E+00  0.4216720000E+01  0.9993710713E+00
  0.9998542563E+00  0.4216743244E+01  0.9993853635E+00
  0.9998576457E+00  0.4216766488E+01  0.9993996557E+00
  0.9998610351E+00  0.4216789732E+01  0.9994139480E+00
  0.9998644245E+00  0.4216812976E+01  0.9994282404E+00
  0.9998678139E+00  0.4216836221E+01  0.9994425328E+00
  0.9998712033E+00  0.4216859466E+01  0.9994568253E+00
  0.9998745926E+00  0.4216882711E+01  0.9994711180E+00
  0.9998779820E+00  0.4216905956E+01  0.9994854106E+00
  0.9998813714E+00  0.4216929202E+01  0.9994997034E+00
  0.9998847608E+00  0.4216952447E+01  0.9995139963E+00
  0.9998881502E+00  0.4216975693E+01  0.9995282892E+00
  0.9998915396E+00  0.4216998940E+01  0.9995425822E+00
  0.9998949290E+00  0.4217022186E+01  0.9995568753E+00
  0.9998983184E+00  0.4217045433E+01  0.9995711684E+00
  0.9999017077E+00  0.4217068680E+01  0.9995854617E+00
  0.9999050971E+00  0.4217091927E+01  0.9995997550E+00
  0.9999084865E+00  0.4217115175E+01  0.9996140484E+00
  0.9999118759E+00  0.4217138423E+01  0.9996283419E+00
  0.9999152653E+00  0.4217161671E+01  0.9996426354E+00
  0.9999186547E+00  0.4217184919E+01  0.9996569291E+00
  0.9999220441E+00  0.4217208168E+01  0.9996712228E+00
  0.9999254335E+00  0.4217231417E+01  0.9996855166E+00
  0.9999288229E+00  0.4217254666E+01  0.9996998105E+00
  0.9999322122E+00  0.4217277915E+01  0.9997141044E+00
  0.9999356016E+00  0.4217301165E+01  0.9997283984E+00
  0.9999389910E+00  0.4217324415E+01  0.9997426926E+00
  0.9999423804E+00  0.4217347665E+01  0.9997569867E+00
  0.9999457698E+00  0.4217370915E+01  0.9997712810E+00
  0.9999491592E+00  0.4217394166E+01  0.9997855754E+00
  0.9999525486E+00  0.4217417417E+01  0.9997998698E+00
  0.9999559380E+00  0.4217440668E+01  0.9998141643E+00
  0.9999593273E+00  0.4217463920E+01  0.9998284589E+00
  0.9999627167E+00  0.4217487172E+01  0.9998427535E+00
  0.9999661061E+00  0.4217510424E+01  0.9998570483E+00
  0.9999694955E+00  0.4217533677E+01  0.9998713431E+00
  0.9999728849E+00  0.4217556929E+01  0.9998856380E+00
  0.9999762743E+00  0.4217580182E+01  0.9998999330E+00
  0.9999796637E+00  0.4217603436E+01  0.9999142280E+00
  0.9999830531E+00  0.4217626689E+01  0.9999285231E+00
  0.9999864424E+00  0.4217649943E+01  0.9999428184E+00
  0.9999898318E+00  0.4217673197E+01  0.9999571136E+00
  0.9999932212E+00  0.4217696452E+01  0.9999714090E+00
  0.9999966106E+00  0.4217719707E+01  0.9999857045E+00
  0.1000000000E+01  0.4217745341E+01  0.1000000000E+01
  0.1000000000E+01  0.4217745341E+01  0.1000000000E+01
