  0.0000000000E+00  0.4217743141E+01 -0.1000000000E+01
  0.6996492144E-18  0.4217743141E+01 -0.1000000000E+01
  0.3389387958E-05  0.4217733661E+01 -0.9999857044E+00
  0.6778775916E-05  0.4217724181E+01 -0.9999714089E+00
  0.1016816387E-04  0.4217714702E+01 -0.9999571134E+00
  0.1355755183E-04  0.4217705223E+01 -0.9999428180E+00
  0.1694693979E-04  0.4217695744E+01 -0.9999285226E+00
  0.2033632775E-04  0.4217686266E+01 -0.9999142272E+00
  0.2372571571E-04  0.4217676788E+01 -0.9998999318E+00
  0.2711510367E-04  0.4217667310E+01 -0.9998856365E+00
  0.3050449162E-04  0.4217657832E+01 -0.9998713412E+00
  0.3389387958E-04  0.4217648355E+01 -0.9998570459E+00
  0.3728326754E-04  0.4217638878E+01 -0.9998427507E+00
  0.4067265550E-04  0.4217629401E+01 -0.9998284555E+00
  0.4406204346E-04  0.4217619925E+01 -0.9998141603E+00
  0.4745143141E-04  0.4217610449E+01 -0.9997998652E+00
  0.5084081937E-04  0.4217600973E+01 -0.9997855701E+00
  0.5423020733E-04  0.4217591497E+01 -0.9997712750E+00
  0.5761959529E-04  0.4217582022E+01 -0.9997569800E+00
  0.6100898325E-04  0.4217572547E+01 -0.9997426850E+00
  0.6439837120E-04  0.4217563073E+01 -0.9997283900E+00
  0.6778775916E-04  0.4217553598E+01 -0.9997140951E+00
  0.7117714712E-04  0.4217544124E+01 -0.9996998002E+00
  0.7456653508E-04  0.4217534650E+01 -0.9996855053E+00
  0.7795592304E-04  0.4217525177E+01 -0.9996712104E+00
  0.8134531100E-04  0.4217515704E+01 -0.9996569156E+00
  0.8473469895E-04  0.4217506231E+01 -0.9996426208E+00
  0.8812408691E-04  0.4217496758E+01 -0.9996283261E+00
  0.9151347487E-04  0.4217487286E+01 -0.9996140314E+00
  0.9490286283E-04  0.4217477814E+01 -0.9995997367E+00
  0.9829225079E-04  0.4217468342E+01 -0.9995854420E+00
  0.1016816387E-03  0.4217458870E+01 -0.9995711474E+00
  0.1050710267E-03  0.4217449399E+01 -0.9995568528E+00
  0.1084604147E-03  0.4217439928E+01 -0.9995425583E+00
  0.1118498026E-03  0.4217430457E+01 -0.9995282638E+00
  0.1152391906E-03  0.4217420987E+01 -0.9995139693E+00
  0.1186285785E-03  0.4217411516E+01 -0.9994996748E+00
  0.1220179665E-03  0.4217402046E+01 -0.9994853804E+00
  0.1254073545E-03  0.4217392577E+01 -0.9994710860E+00
  0.1287967424E-03  0.4217383107E+01 -0.9994567916E+00
  0.1321861304E-03  0.4217373638E+01 -0.9994424973E+00
  0.1355755183E-03  0.4217364169E+01 -0.9994282030E+00
  0.1389649063E-03  0.4217354701E+01 -0.9994139087E+00
  0.1423542942E-03  0.4217345232E+01 -0.9993996145E+00
  0.1457436822E-03  0.4217335764E+01 -0.9993853203E+00
  0.1491330702E-03  0.4217326297E+01 -0.9993710261E+00
  0.1525224581E-03  0.4217316829E+01 -0.9993567320E+00
  0.1559118461E-03  0.4217307362E+01 -0.9993424379E+00
  0.1593012340E-03  0.4217297895E+01 -0.9993281438E+00
  0.1626906220E-03  0.4217288428E+01 -0.9993138497E+00
  0.1660800099E-03  0.4217278961E+01 -0.9992995557E+00
  0.1694693979E-03  0.4217269495E+01 -0.9992852618E+00
  0.1728587859E-03  0.4217260029E+01 -0.9992709678E+00
  0.1762481738E-03  0.4217250563E+01 -0.9992566739E+00
  0.1796375618E-03  0.4217241098E+01 -0.9992423800E+00
  0.1830269497E-03  0.4217231633E+01 -0.9992280862E+00
  0.1864163377E-03  0.4217222168E+01 -0.9992137923E+00
  0.1898057257E-03  0.4217212703E+01 -0.9991994986E+00
  0.1931951136E-03  0.4217203238E+01 -0.9991852048E+00
  0.1965845016E-03  0.4217193774E+01 -0.9991709111E+00
  0.1999738895E-03  0.4217184310E+01 -0.9991566174E+00
  0.2033632775E-03  0.4217174846E+01 -0.9991423237E+00
  0.2067526654E-03  0.4217165383E+01 -0.9991280301E+00
  0.2101420534E-03  0.4217155919E+01 -0.9991137365E+00
  0.2135314414E-03  0.4217146456E+01 -0.9990994430E+00
  0.2169208293E-03  0.4217136994E+01 -0.9990851494E+00
  0.2203102173E-03  0.4217127531E+01 -0.9990708559E+00
  0.2236996052E-03  0.4217118069E+01 -0.9990565625E+00
  0.2270889932E-03  0.4217108607E+01 -0.9990422690E+00
  0.2304783812E-03  0.4217099145E+01 -0.9990279756E+00
  0.2338677691E-03  0.4217089683E+01 -0.9990136823E+00
  0.2372571571E-03  0.4217080222E+01 -0.9989993889E+00
  0.2406465450E-03  0.4217070761E+01 -0.9989850956E+00
  0.2440359330E-03  0.4217061300E+01 -0.9989708023E+00
  0.2474253209E-03  0.4217051839E+01 -0.9989565091E+00
  0.2508147089E-03  0.4217042378E+01 -0.9989422159E+00
  0.2542040969E-03  0.4217032918E+01 -0.9989279227E+00
  0.2575934848E-03  0.4217023458E+01 -0.9989136296E+00
  0.2609828728E-03  0.4217013998E+01 -0.9988993365E+00
  0.2643722607E-03  0.4217004539E+01 -0.9988850434E+00
  0.2677616487E-03  0.4216995080E+01 -0.9988707503E+00
  0.2711510367E-03  0.4216985620E+01 -0.9988564573E+00
  0.2745404246E-03  0.4216976162E+01 -0.9988421643E+00
  0.2779298126E-03  0.4216966703E+01 -0.9988278714E+00
  0.2813192005E-03  0.4216957244E+01 -0.9988135785E+00
  0.2847085885E-03  0.4216947786E+01 -0.9987992856E+00
  0.2880979764E-03  0.4216938328E+01 -0.9987849927E+00
  0.2914873644E-03  0.4216928870E+01 -0.9987706999E+00
  0.2948767524E-03  0.4216919413E+01 -0.9987564071E+00
  0.2982661403E-03  0.4216909955E+01 -0.9987421143E+00
  0.3016555283E-03  0.4216900498E+01 -0.9987278216E+00
  0.3050449162E-03  0.4216891041E+01 -0.9987135289E+00
  0.3084343042E-03  0.4216881585E+01 -0.9986992363E+00
  0.3118236921E-03  0.4216872128E+01 -0.9986849436E+00
  0.3152130801E-03  0.4216862672E+01 -0.9986706510E+00
  0.3186024681E-03  0.4216853216E+01 -0.9986563585E+00
  0.3219918560E-03  0.4216843760E+01 -0.9986420659E+00
  0.3253812440E-03  0.4216834304E+01 -0.9986277734E+00
  0.3287706319E-03  0.4216824849E+01 -0.9986134809E+00
  0.3321600199E-03  0.4216815393E+01 -0.9985991885E+00
  0.3355494079E-03  0.4216805938E+01 -0.9985848961E+00
  0.3389387958E-03  0.4216796484E+01 -0.9985706037E+00
  0.3423624200E-03  0.4216786933E+01 -0.9985561670E+00
  0.3458206263E-03  0.4216777287E+01 -0.9985415845E+00
  0.3493137639E-03  0.4216767543E+01 -0.9985268547E+00
  0.3528421858E-03  0.4216757702E+01 -0.9985119762E+00
  0.3564062483E-03  0.4216747760E+01 -0.9984969475E+00
  0.3600063114E-03  0.4216737719E+01 -0.9984817669E+00
  0.3636427388E-03  0.4216727577E+01 -0.9984664331E+00
  0.3673158977E-03  0.4216717332E+01 -0.9984509444E+00
  0.3710261593E-03  0.4216706984E+01 -0.9984352993E+00
  0.3747738983E-03  0.4216696532E+01 -0.9984194962E+00
  0.3785594932E-03  0.4216685975E+01 -0.9984035335E+00
  0.3823833265E-03  0.4216675311E+01 -0.9983874096E+00
  0.3862457844E-03  0.4216664539E+01 -0.9983711229E+00
  0.3901472569E-03  0.4216653659E+01 -0.9983546717E+00
  0.3940881383E-03  0.4216642670E+01 -0.9983380544E+00
  0.3980688266E-03  0.4216631569E+01 -0.9983212693E+00
  0.4020897238E-03  0.4216620357E+01 -0.9983043147E+00
  0.4061512362E-03  0.4216609032E+01 -0.9982871888E+00
  0.4102537739E-03  0.4216597592E+01 -0.9982698901E+00
  0.4143977514E-03  0.4216586038E+01 -0.9982524166E+00
  0.4185835873E-03  0.4216574367E+01 -0.9982347667E+00
  0.4228117043E-03  0.4216562578E+01 -0.9982169385E+00
  0.4270825296E-03  0.4216550670E+01 -0.9981989304E+00
  0.4313964946E-03  0.4216538643E+01 -0.9981807403E+00
  0.4357540349E-03  0.4216526494E+01 -0.9981623666E+00
  0.4401555908E-03  0.4216514223E+01 -0.9981438074E+00
  0.4446016069E-03  0.4216501828E+01 -0.9981250607E+00
  0.4490925322E-03  0.4216489309E+01 -0.9981061248E+00
  0.4536288204E-03  0.4216476663E+01 -0.9980869976E+00
  0.4582109297E-03  0.4216463889E+01 -0.9980676772E+00
  0.4628393230E-03  0.4216450987E+01 -0.9980481618E+00
  0.4675144676E-03  0.4216437955E+01 -0.9980284493E+00
  0.4722368360E-03  0.4216424792E+01 -0.9980085378E+00
  0.4770069051E-03  0.4216411496E+01 -0.9979884252E+00
  0.4818251566E-03  0.4216398066E+01 -0.9979681095E+00
  0.4866920774E-03  0.4216384501E+01 -0.9979475886E+00
  0.4916081590E-03  0.4216370799E+01 -0.9979268606E+00
  0.4965738980E-03  0.4216356959E+01 -0.9979059232E+00
  0.5015897959E-03  0.4216342979E+01 -0.9978847744E+00
  0.5066563595E-03  0.4216328859E+01 -0.9978634121E+00
  0.5117741005E-03  0.4216314596E+01 -0.9978418341E+00
  0.5169435359E-03  0.4216300190E+01 -0.9978200381E+00
  0.5221651878E-03  0.4216285638E+01 -0.9977980221E+00
  0.5274395836E-03  0.4216270940E+01 -0.9977757838E+00
  0.5327672562E-03  0.4216256093E+01 -0.9977533209E+00
  0.5381487436E-03  0.4216241097E+01 -0.9977306312E+00
  0.5435845895E-03  0.4216225950E+01 -0.9977077124E+00
  0.5490753429E-03  0.4216210651E+01 -0.9976845622E+00
  0.5546215585E-03  0.4216195197E+01 -0.9976611783E+00
  0.5602237965E-03  0.4216179587E+01 -0.9976375582E+00
  0.5658826227E-03  0.4216163820E+01 -0.9976136996E+00
  0.5715986088E-03  0.4216147895E+01 -0.9975896001E+00
  0.5773723321E-03  0.4216131808E+01 -0.9975652573E+00
  0.5832043759E-03  0.4216115560E+01 -0.9975406687E+00
  0.5890953291E-03  0.4216099148E+01 -0.9975158318E+00
  0.5950457870E-03  0.4216082570E+01 -0.9974907441E+00
  0.6010563505E-03  0.4216065826E+01 -0.9974654031E+00
  0.6071276268E-03  0.4216048912E+01 -0.9974398063E+00
  0.6132602291E-03  0.4216031828E+01 -0.9974139510E+00
  0.6194547769E-03  0.4216014572E+01 -0.9973878346E+00
  0.6257118958E-03  0.4215997143E+01 -0.9973614546E+00
  0.6320322180E-03  0.4215979537E+01 -0.9973348082E+00
  0.6384163818E-03  0.4215961754E+01 -0.9973078927E+00
  0.6448650321E-03  0.4215943792E+01 -0.9972807055E+00
  0.6513788203E-03  0.4215925648E+01 -0.9972532438E+00
  0.6579584044E-03  0.4215907322E+01 -0.9972255048E+00
  0.6646044489E-03  0.4215888811E+01 -0.9971974858E+00
  0.6713176251E-03  0.4215870114E+01 -0.9971691838E+00
  0.6780986112E-03  0.4215851228E+01 -0.9971405961E+00
  0.6849480921E-03  0.4215832152E+01 -0.9971117198E+00
  0.6918667597E-03  0.4215812883E+01 -0.9970825519E+00
  0.6988553129E-03  0.4215793420E+01 -0.9970530896E+00
  0.7059144575E-03  0.4215773761E+01 -0.9970233297E+00
  0.7130449065E-03  0.4215753904E+01 -0.9969932695E+00
  0.7202473803E-03  0.4215733847E+01 -0.9969629057E+00
  0.7275226064E-03  0.4215713587E+01 -0.9969322353E+00
  0.7348713196E-03  0.4215693123E+01 -0.9969012553E+00
  0.7422942622E-03  0.4215672453E+01 -0.9968699626E+00
  0.7497921840E-03  0.4215651575E+01 -0.9968383539E+00
  0.7573658425E-03  0.4215630486E+01 -0.9968064260E+00
  0.7650160025E-03  0.4215609184E+01 -0.9967741759E+00
  0.7727434369E-03  0.4215587667E+01 -0.9967416001E+00
  0.7805489261E-03  0.4215565934E+01 -0.9967086955E+00
  0.7884332587E-03  0.4215543981E+01 -0.9966754586E+00
  0.7963972310E-03  0.4215521807E+01 -0.9966418862E+00
  0.8044416475E-03  0.4215499409E+01 -0.9966079749E+00
  0.8125673207E-03  0.4215476786E+01 -0.9965737212E+00
  0.8207750714E-03  0.4215453934E+01 -0.9965391218E+00
  0.8290657287E-03  0.4215430851E+01 -0.9965041730E+00
  0.8374401300E-03  0.4215407536E+01 -0.9964688714E+00
  0.8458991212E-03  0.4215383986E+01 -0.9964332134E+00
  0.8544435568E-03  0.4215360198E+01 -0.9963971954E+00
  0.8630742998E-03  0.4215336170E+01 -0.9963608138E+00
  0.8717922220E-03  0.4215311899E+01 -0.9963240649E+00
  0.8805982040E-03  0.4215287384E+01 -0.9962869451E+00
  0.8894931354E-03  0.4215262621E+01 -0.9962494505E+00
  0.8984779145E-03  0.4215237609E+01 -0.9962115774E+00
  0.9075534490E-03  0.4215212343E+01 -0.9961733220E+00
  0.9167206556E-03  0.4215186823E+01 -0.9961346804E+00
  0.9259804602E-03  0.4215161046E+01 -0.9960956487E+00
  0.9353337982E-03  0.4215135008E+01 -0.9960562230E+00
  0.9447816143E-03  0.4215108707E+01 -0.9960163993E+00
  0.9543248629E-03  0.4215082141E+01 -0.9959761736E+00
  0.9639645080E-03  0.4215055306E+01 -0.9959355418E+00
  0.9737015233E-03  0.4215028200E+01 -0.9958944999E+00
  0.9835368922E-03  0.4215000821E+01 -0.9958530437E+00
  0.9934716083E-03  0.4214973165E+01 -0.9958111690E+00
  0.1003506675E-02  0.4214945230E+01 -0.9957688716E+00
  0.1013643106E-02  0.4214917013E+01 -0.9957261472E+00
  0.1023881925E-02  0.4214888510E+01 -0.9956829916E+00
  0.1034224167E-02  0.4214859720E+01 -0.9956394003E+00
  0.1044670876E-02  0.4214830638E+01 -0.9955953691E+00
  0.1055223107E-02  0.4214801263E+01 -0.9955508934E+00
  0.1065881926E-02  0.4214771591E+01 -0.9955059687E+00
  0.1076648410E-02  0.4214741619E+01 -0.9954605906E+00
  0.1087523647E-02  0.4214711344E+01 -0.9954147545E+00
  0.1098508734E-02  0.4214680762E+01 -0.9953684557E+00
  0.1109604782E-02  0.4214649872E+01 -0.9953216895E+00
  0.1120812911E-02  0.4214618669E+01 -0.9952744514E+00
  0.1132134253E-02  0.4214587150E+01 -0.9952267364E+00
  0.1143569953E-02  0.4214555313E+01 -0.9951785398E+00
  0.1155121165E-02  0.4214523153E+01 -0.9951298568E+00
  0.1166789055E-02  0.4214490668E+01 -0.9950806824E+00
  0.1178574803E-02  0.4214457854E+01 -0.9950310117E+00
  0.1190479599E-02  0.4214424709E+01 -0.9949808396E+00
  0.1202504646E-02  0.4214391227E+01 -0.9949301612E+00
  0.1214651157E-02  0.4214357407E+01 -0.9948789712E+00
  0.1226920361E-02  0.4214323243E+01 -0.9948272646E+00
  0.1239313496E-02  0.4214288734E+01 -0.9947750361E+00
  0.1251831814E-02  0.4214253876E+01 -0.9947222806E+00
  0.1264476580E-02  0.4214218664E+01 -0.9946689925E+00
  0.1277249070E-02  0.4214183095E+01 -0.9946151667E+00
  0.1290150576E-02  0.4214147166E+01 -0.9945607976E+00
  0.1303182400E-02  0.4214110872E+01 -0.9945058798E+00
  0.1316345859E-02  0.4214074210E+01 -0.9944504078E+00
  0.1329642282E-02  0.4214037177E+01 -0.9943943759E+00
  0.1343073012E-02  0.4213999768E+01 -0.9943377786E+00
  0.1356639406E-02  0.4213961979E+01 -0.9942806100E+00
  0.1370342834E-02  0.4213923806E+01 -0.9942228646E+00
  0.1384184681E-02  0.4213885246E+01 -0.9941645364E+00
  0.1398166344E-02  0.4213846295E+01 -0.9941056195E+00
  0.1412289237E-02  0.4213806948E+01 -0.9940461081E+00
  0.1426554785E-02  0.4213767201E+01 -0.9939859961E+00
  0.1440964429E-02  0.4213727050E+01 -0.9939252775E+00
  0.1455519625E-02  0.4213686491E+01 -0.9938639462E+00
  0.1470221844E-02  0.4213645520E+01 -0.9938019959E+00
  0.1485072569E-02  0.4213604132E+01 -0.9937394206E+00
  0.1500073302E-02  0.4213562323E+01 -0.9936762137E+00
  0.1515225558E-02  0.4213520089E+01 -0.9936123691E+00
  0.1530530867E-02  0.4213477424E+01 -0.9935478802E+00
  0.1545990774E-02  0.4213434325E+01 -0.9934827405E+00
  0.1561606843E-02  0.4213390788E+01 -0.9934169436E+00
  0.1577380649E-02  0.4213346806E+01 -0.9933504827E+00
  0.1593313787E-02  0.4213302377E+01 -0.9932833512E+00
  0.1609407866E-02  0.4213257494E+01 -0.9932155424E+00
  0.1625664511E-02  0.4213212154E+01 -0.9931470493E+00
  0.1642085364E-02  0.4213166351E+01 -0.9930778652E+00
  0.1658672085E-02  0.4213120080E+01 -0.9930079829E+00
  0.1675426349E-02  0.4213073337E+01 -0.9929373956E+00
  0.1692349847E-02  0.4213026117E+01 -0.9928660961E+00
  0.1709444290E-02  0.4212978414E+01 -0.9927940771E+00
  0.1726711404E-02  0.4212930223E+01 -0.9927213316E+00
  0.1744152934E-02  0.4212881540E+01 -0.9926478520E+00
  0.1761770640E-02  0.4212832358E+01 -0.9925736312E+00
  0.1779566303E-02  0.4212782674E+01 -0.9924986615E+00
  0.1797541720E-02  0.4212732480E+01 -0.9924229354E+00
  0.1815698707E-02  0.4212681772E+01 -0.9923464453E+00
  0.1834039098E-02  0.4212630545E+01 -0.9922691836E+00
  0.1852564746E-02  0.4212578792E+01 -0.9921911423E+00
  0.1871277521E-02  0.4212526508E+01 -0.9921123138E+00
  0.1890179314E-02  0.4212473688E+01 -0.9920326900E+00
  0.1909272034E-02  0.4212420325E+01 -0.9919522629E+00
  0.1928557610E-02  0.4212366414E+01 -0.9918710245E+00
  0.1948037990E-02  0.4212311949E+01 -0.9917889665E+00
  0.1967715142E-02  0.4212256923E+01 -0.9917060807E+00
  0.1987591052E-02  0.4212201332E+01 -0.9916223589E+00
  0.2007667730E-02  0.4212145167E+01 -0.9915377924E+00
  0.2027947202E-02  0.4212088424E+01 -0.9914523729E+00
  0.2048431517E-02  0.4212031096E+01 -0.9913660917E+00
  0.2069122744E-02  0.4211973177E+01 -0.9912789403E+00
  0.2090022974E-02  0.4211914660E+01 -0.9911909097E+00
  0.2111134317E-02  0.4211855538E+01 -0.9911019911E+00
  0.2132458906E-02  0.4211795806E+01 -0.9910121757E+00
  0.2153998895E-02  0.4211735455E+01 -0.9909214543E+00
  0.2175756460E-02  0.4211674480E+01 -0.9908298178E+00
  0.2197733798E-02  0.4211612873E+01 -0.9907372571E+00
  0.2219933129E-02  0.4211550628E+01 -0.9906437628E+00
  0.2242356696E-02  0.4211487738E+01 -0.9905493255E+00
  0.2265006764E-02  0.4211424194E+01 -0.9904539358E+00
  0.2287885620E-02  0.4211359990E+01 -0.9903575839E+00
  0.2310995576E-02  0.4211295119E+01 -0.9902602603E+00
  0.2334338965E-02  0.4211229573E+01 -0.9901619552E+00
  0.2357918147E-02  0.4211163345E+01 -0.9900626586E+00
  0.2381735502E-02  0.4211096426E+01 -0.9899623607E+00
  0.2405793436E-02  0.4211028809E+01 -0.9898610512E+00
  0.2430094380E-02  0.4210960486E+01 -0.9897587200E+00
  0.2454640788E-02  0.4210891450E+01 -0.9896553569E+00
  0.2479435139E-02  0.4210821691E+01 -0.9895509515E+00
  0.2504479939E-02  0.4210751202E+01 -0.9894454932E+00
  0.2529777716E-02  0.4210679975E+01 -0.9893389714E+00
  0.2555331026E-02  0.4210608000E+01 -0.9892313755E+00
  0.2581142450E-02  0.4210535270E+01 -0.9891226947E+00
  0.2607214596E-02  0.4210461775E+01 -0.9890129180E+00
  0.2633550097E-02  0.4210387507E+01 -0.9889020343E+00
  0.2660151614E-02  0.4210312457E+01 -0.9887900326E+00
  0.2687021832E-02  0.4210236615E+01 -0.9886769016E+00
  0.2714163467E-02  0.4210159973E+01 -0.9885626300E+00
  0.2741579259E-02  0.4210082522E+01 -0.9884472062E+00
  0.2769271979E-02  0.4210004250E+01 -0.9883306186E+00
  0.2797244423E-02  0.4209925150E+01 -0.9882128556E+00
  0.2825499417E-02  0.4209845210E+01 -0.9880939053E+00
  0.2854039815E-02  0.4209764422E+01 -0.9879737558E+00
  0.2882868500E-02  0.4209682775E+01 -0.9878523950E+00
  0.2911988384E-02  0.4209600259E+01 -0.9877298107E+00
  0.2941402408E-02  0.4209516863E+01 -0.9876059907E+00
  0.2971113544E-02  0.4209432577E+01 -0.9874809224E+00
  0.3001124792E-02  0.4209347390E+01 -0.9873545934E+00
  0.3031439184E-02  0.4209261292E+01 -0.9872269909E+00
  0.3062059781E-02  0.4209174270E+01 -0.9870981021E+00
  0.3092989678E-02  0.4209086314E+01 -0.9869679141E+00
  0.3124231998E-02  0.4208997413E+01 -0.9868364139E+00
  0.3155789897E-02  0.4208907555E+01 -0.9867035882E+00
  0.3187666563E-02  0.4208816727E+01 -0.9865694237E+00
  0.3219865215E-02  0.4208724918E+01 -0.9864339070E+00
  0.3252389106E-02  0.4208632117E+01 -0.9862970244E+00
  0.3285241521E-02  0.4208538309E+01 -0.9861587622E+00
  0.3318425779E-02  0.4208443484E+01 -0.9860191065E+00
  0.3351945231E-02  0.4208347627E+01 -0.9858780434E+00
  0.3385803264E-02  0.4208250726E+01 -0.9857355587E+00
  0.3420003297E-02  0.4208152768E+01 -0.9855916380E+00
  0.3454548785E-02  0.4208053739E+01 -0.9854462671E+00
  0.3489443217E-02  0.4207953625E+01 -0.9852994312E+00
  0.3524690118E-02  0.4207852413E+01 -0.9851511156E+00
  0.3560293049E-02  0.4207750088E+01 -0.9850013056E+00
  0.3596255605E-02  0.4207646636E+01 -0.9848499860E+00
  0.3632581419E-02  0.4207542042E+01 -0.9846971417E+00
  0.3669274160E-02  0.4207436291E+01 -0.9845427574E+00
  0.3706337536E-02  0.4207329367E+01 -0.9843868176E+00
  0.3743775289E-02  0.4207221256E+01 -0.9842293066E+00
  0.3781591201E-02  0.4207111942E+01 -0.9840702088E+00
  0.3819789092E-02  0.4207001408E+01 -0.9839095081E+00
  0.3858372820E-02  0.4206889638E+01 -0.9837471885E+00
  0.3897346283E-02  0.4206776616E+01 -0.9835832336E+00
  0.3936713417E-02  0.4206662324E+01 -0.9834176271E+00
  0.3976478199E-02  0.4206546744E+01 -0.9832503524E+00
  0.4016644645E-02  0.4206429860E+01 -0.9830813927E+00
  0.4057216813E-02  0.4206311654E+01 -0.9829107311E+00
  0.4098198801E-02  0.4206192106E+01 -0.9827383506E+00
  0.4139594749E-02  0.4206071199E+01 -0.9825642338E+00
  0.4181408837E-02  0.4205948913E+01 -0.9823883633E+00
  0.4223645290E-02  0.4205824159E+01 -0.9822107216E+00
  0.4266308374E-02  0.4205697077E+01 -0.9820312908E+00
  0.4309402398E-02  0.4205568481E+01 -0.9818500532E+00
  0.4352931715E-02  0.4205438347E+01 -0.9816669905E+00
  0.4396900722E-02  0.4205306651E+01 -0.9814820845E+00
  0.4441313861E-02  0.4205173371E+01 -0.9812953166E+00
  0.4486175617E-02  0.4205038480E+01 -0.9811066681E+00
  0.4531490522E-02  0.4204901954E+01 -0.9809161203E+00
  0.4577263154E-02  0.4204763768E+01 -0.9807236540E+00
  0.4623498135E-02  0.4204623896E+01 -0.9805292501E+00
  0.4670200136E-02  0.4204482311E+01 -0.9803328890E+00
  0.4717373875E-02  0.4204338986E+01 -0.9801345513E+00
  0.4765024116E-02  0.4204193893E+01 -0.9799342170E+00
  0.4813155673E-02  0.4204047003E+01 -0.9797318661E+00
  0.4861773407E-02  0.4203898288E+01 -0.9795274785E+00
  0.4910882230E-02  0.4203747719E+01 -0.9793210337E+00
  0.4960487101E-02  0.4203595264E+01 -0.9791125111E+00
  0.5010593031E-02  0.4203439413E+01 -0.9789018899E+00
  0.5061205082E-02  0.4203276547E+01 -0.9786891494E+00
  0.5112328365E-02  0.4203111449E+01 -0.9784742683E+00
  0.5163968046E-02  0.4202945116E+01 -0.9782572253E+00
  0.5216129339E-02  0.4202779056E+01 -0.9780379985E+00
  0.5268817514E-02  0.4202610781E+01 -0.9778165662E+00
  0.5322037893E-02  0.4202440250E+01 -0.9775929062E+00
  0.5375795852E-02  0.4202267425E+01 -0.9773669963E+00
  0.5430096820E-02  0.4202092265E+01 -0.9771388138E+00
  0.5484946283E-02  0.4201914726E+01 -0.9769083362E+00
  0.5540349781E-02  0.4201734766E+01 -0.9766755404E+00
  0.5596312910E-02  0.4201552342E+01 -0.9764404033E+00
  0.5652841323E-02  0.4201367408E+01 -0.9762029014E+00
  0.5709940730E-02  0.4201179918E+01 -0.9759630112E+00
  0.5767616899E-02  0.4200988804E+01 -0.9757207087E+00
  0.5825875656E-02  0.4200794842E+01 -0.9754759700E+00
  0.5884722885E-02  0.4200598135E+01 -0.9752287706E+00
  0.5944164530E-02  0.4200398631E+01 -0.9749790861E+00
  0.6004206596E-02  0.4200196276E+01 -0.9747268916E+00
  0.6064855147E-02  0.4199990860E+01 -0.9744721620E+00
  0.6126116310E-02  0.4199780856E+01 -0.9742148721E+00
  0.6187996273E-02  0.4199567770E+01 -0.9739549964E+00
  0.6250501286E-02  0.4199351544E+01 -0.9736925091E+00
  0.6313637663E-02  0.4199132115E+01 -0.9734273842E+00
  0.6377411780E-02  0.4198909420E+01 -0.9731595954E+00
  0.6441830081E-02  0.4198683396E+01 -0.9728891160E+00
  0.6506899072E-02  0.4198453022E+01 -0.9726159194E+00
  0.6572625325E-02  0.4198214565E+01 -0.9723399787E+00
  0.6639015480E-02  0.4197972375E+01 -0.9720612666E+00
  0.6706076242E-02  0.4197726375E+01 -0.9717797556E+00
  0.6773814386E-02  0.4197476487E+01 -0.9714954179E+00
  0.6842236754E-02  0.4197215206E+01 -0.9712082256E+00
  0.6911350256E-02  0.4196946480E+01 -0.9709181506E+00
  0.6981161875E-02  0.4196673235E+01 -0.9706251645E+00
  0.7051678662E-02  0.4196395376E+01 -0.9703292384E+00
  0.7122907739E-02  0.4196112805E+01 -0.9700303431E+00
  0.7194856302E-02  0.4195825423E+01 -0.9697284491E+00
  0.7267531618E-02  0.4195533127E+01 -0.9694235268E+00
  0.7340941029E-02  0.4195236700E+01 -0.9691155461E+00
  0.7415091948E-02  0.4194942391E+01 -0.9688044763E+00
  0.7489991867E-02  0.4194643158E+01 -0.9684902867E+00
  0.7565648350E-02  0.4194338898E+01 -0.9681729463E+00
  0.7642069041E-02  0.4194029506E+01 -0.9678524238E+00
  0.7719261657E-02  0.4193714875E+01 -0.9675286878E+00
  0.7797233997E-02  0.4193394896E+01 -0.9672017066E+00
  0.7875993937E-02  0.4193069458E+01 -0.9668714478E+00
  0.7955549431E-02  0.4192738445E+01 -0.9665378793E+00
  0.8035908516E-02  0.4192401971E+01 -0.9662009682E+00
  0.8117079309E-02  0.4192060510E+01 -0.9658606815E+00
  0.8199070009E-02  0.4191713174E+01 -0.9655169857E+00
  0.8281888898E-02  0.4191359841E+01 -0.9651698473E+00
  0.8365544342E-02  0.4191000386E+01 -0.9648192323E+00
  0.8450044790E-02  0.4190634683E+01 -0.9644651063E+00
  0.8535398777E-02  0.4190262603E+01 -0.9641074348E+00
  0.8621614927E-02  0.4189884013E+01 -0.9637461828E+00
  0.8708701946E-02  0.4189498779E+01 -0.9633813151E+00
  0.8796668632E-02  0.4189106764E+01 -0.9630127960E+00
  0.8885523871E-02  0.4188707827E+01 -0.9626405897E+00
  0.8975276638E-02  0.4188301826E+01 -0.9622646598E+00
  0.9065935997E-02  0.4187888616E+01 -0.9618849697E+00
  0.9157511109E-02  0.4187468047E+01 -0.9615014826E+00
  0.9250011221E-02  0.4187039970E+01 -0.9611141612E+00
  0.9343445678E-02  0.4186604230E+01 -0.9607229677E+00
  0.9437823917E-02  0.4186160669E+01 -0.9603278643E+00
  0.9533155471E-02  0.4185709129E+01 -0.9599288126E+00
  0.9629449971E-02  0.4185270813E+01 -0.9595257730E+00
  0.9726717143E-02  0.4184828878E+01 -0.9591187050E+00
  0.9824966811E-02  0.4184395833E+01 -0.9587075682E+00
  0.9924208900E-02  0.4183960816E+01 -0.9582923216E+00
  0.1002445343E-01  0.4183518661E+01 -0.9578729246E+00
  0.1012571054E-01  0.4183069229E+01 -0.9574493364E+00
  0.1022799044E-01  0.4182616118E+01 -0.9570215156E+00
  0.1033130348E-01  0.4182168493E+01 -0.9565894200E+00
  0.1043566008E-01  0.4181713721E+01 -0.9561530068E+00
  0.1054107079E-01  0.4181251666E+01 -0.9557122338E+00
  0.1064754625E-01  0.4180798220E+01 -0.9552670572E+00
  0.1075509722E-01  0.4180367351E+01 -0.9548174315E+00
  0.1086373457E-01  0.4179958046E+01 -0.9543633097E+00
  0.1097346926E-01  0.4179546185E+01 -0.9539046459E+00
  0.1108431238E-01  0.4179150241E+01 -0.9534413938E+00
  0.1119627514E-01  0.4178755173E+01 -0.9529735068E+00
  0.1130936882E-01  0.4178354929E+01 -0.9525009386E+00
  0.1142360487E-01  0.4177949390E+01 -0.9520236430E+00
  0.1153899482E-01  0.4177538431E+01 -0.9515415734E+00
  0.1165555032E-01  0.4177115239E+01 -0.9510546829E+00
  0.1177328316E-01  0.4176660579E+01 -0.9505629261E+00
  0.1189220521E-01  0.4176193030E+01 -0.9500662568E+00
  0.1201232849E-01  0.4175702835E+01 -0.9495646283E+00
  0.1213366514E-01  0.4175158488E+01 -0.9490579955E+00
  0.1225622742E-01  0.4174604243E+01 -0.9485463125E+00
  0.1238002770E-01  0.4174043163E+01 -0.9480295301E+00
  0.1250507848E-01  0.4173469927E+01 -0.9475075986E+00
  0.1263139240E-01  0.4172826281E+01 -0.9469804719E+00
  0.1275898223E-01  0.4172170501E+01 -0.9464481035E+00
  0.1288786083E-01  0.4171502322E+01 -0.9459104431E+00
  0.1301804125E-01  0.4170821480E+01 -0.9453674395E+00
  0.1314953661E-01  0.4170127704E+01 -0.9448190414E+00
  0.1328236022E-01  0.4169405229E+01 -0.9442651980E+00
  0.1341652547E-01  0.4168666332E+01 -0.9437058582E+00
  0.1355204593E-01  0.4167912944E+01 -0.9431409697E+00
  0.1368893528E-01  0.4167144755E+01 -0.9425704794E+00
  0.1382720736E-01  0.4166341843E+01 -0.9419943352E+00
  0.1396687612E-01  0.4165523071E+01 -0.9414124845E+00
  0.1410795567E-01  0.4164688141E+01 -0.9408248733E+00
  0.1425046028E-01  0.4163836730E+01 -0.9402314467E+00
  0.1439440432E-01  0.4162968510E+01 -0.9396321497E+00
  0.1453980234E-01  0.4162083150E+01 -0.9390269267E+00
  0.1468666903E-01  0.4161174369E+01 -0.9384157220E+00
  0.1483501923E-01  0.4160244042E+01 -0.9377984800E+00
  0.1498486790E-01  0.4159295385E+01 -0.9371751440E+00
  0.1513623021E-01  0.4158328063E+01 -0.9365456567E+00
  0.1528912142E-01  0.4157341739E+01 -0.9359099603E+00
  0.1544355699E-01  0.4156347182E+01 -0.9352679956E+00
  0.1559955252E-01  0.4155335672E+01 -0.9346197030E+00
  0.1575712375E-01  0.4154330775E+01 -0.9339650208E+00
  0.1591628662E-01  0.4153312301E+01 -0.9333038866E+00
  0.1607705719E-01  0.4152274268E+01 -0.9326362397E+00
  0.1623945171E-01  0.4151223348E+01 -0.9319620184E+00
  0.1640348657E-01  0.4150175078E+01 -0.9312811590E+00
  0.1656917836E-01  0.4149107246E+01 -0.9305935976E+00
  0.1673654380E-01  0.4148019558E+01 -0.9298992715E+00
  0.1690559979E-01  0.4146911945E+01 -0.9291981175E+00
  0.1707636343E-01  0.4145783819E+01 -0.9284900721E+00
  0.1724885195E-01  0.4144634872E+01 -0.9277750710E+00
  0.1742308278E-01  0.4143464799E+01 -0.9270530498E+00
  0.1759907351E-01  0.4142266014E+01 -0.9263239439E+00
  0.1777684193E-01  0.4141036910E+01 -0.9255876890E+00
  0.1795640599E-01  0.4139785525E+01 -0.9248442200E+00
  0.1813778383E-01  0.4138511584E+01 -0.9240934702E+00
  0.1832099377E-01  0.4137214819E+01 -0.9233353725E+00
  0.1850605431E-01  0.4135894972E+01 -0.9225698594E+00
  0.1869298415E-01  0.4134551797E+01 -0.9217968628E+00
  0.1888180217E-01  0.4133167207E+01 -0.9210163156E+00
  0.1907252745E-01  0.4131713281E+01 -0.9202281548E+00
  0.1926517924E-01  0.4130165008E+01 -0.9194323220E+00
  0.1945977701E-01  0.4128558215E+01 -0.9186287574E+00
  0.1965634041E-01  0.4126828419E+01 -0.9178174040E+00
  0.1985488931E-01  0.4125048845E+01 -0.9169982034E+00
  0.2005544374E-01  0.4123281315E+01 -0.9161710838E+00
  0.2025802398E-01  0.4121482235E+01 -0.9153359707E+00
  0.2046265049E-01  0.4119651418E+01 -0.9144927935E+00
  0.2066934393E-01  0.4117752510E+01 -0.9136414849E+00
  0.2087812518E-01  0.4115759595E+01 -0.9127819834E+00
  0.2108901533E-01  0.4113730997E+01 -0.9119142241E+00
  0.2130203569E-01  0.4111666523E+01 -0.9110381356E+00
  0.2151720777E-01  0.4109507653E+01 -0.9101536520E+00
  0.2173455330E-01  0.4107306064E+01 -0.9092607081E+00
  0.2195409424E-01  0.4105066411E+01 -0.9083592321E+00
  0.2217585277E-01  0.4102788622E+01 -0.9074491512E+00
  0.2239985128E-01  0.4100472682E+01 -0.9065303920E+00
  0.2262611241E-01  0.4098119219E+01 -0.9056028807E+00
  0.2285465900E-01  0.4095767947E+01 -0.9046665382E+00
  0.2308551414E-01  0.4093465161E+01 -0.9037212749E+00
  0.2331870115E-01  0.4091197977E+01 -0.9027669964E+00
  0.2355424359E-01  0.4089006686E+01 -0.9018036037E+00
  0.2379216524E-01  0.4086785566E+01 -0.9008310047E+00
  0.2403249014E-01  0.4084515074E+01 -0.8998491212E+00
  0.2427524257E-01  0.4082239799E+01 -0.8988578714E+00
  0.2452044704E-01  0.4079831684E+01 -0.8978571832E+00
  0.2476812832E-01  0.4077358599E+01 -0.8968469915E+00
  0.2501831143E-01  0.4074848543E+01 -0.8958272192E+00
  0.2527102165E-01  0.4072301600E+01 -0.8947977852E+00
  0.2552628449E-01  0.4069717904E+01 -0.8937586077E+00
  0.2578412575E-01  0.4067123947E+01 -0.8927096009E+00
  0.2604457147E-01  0.4064591305E+01 -0.8916506657E+00
  0.2630764795E-01  0.4062022562E+01 -0.8905817052E+00
  0.2657338176E-01  0.4059405603E+01 -0.8895026362E+00
  0.2684179976E-01  0.4056717355E+01 -0.8884133794E+00
  0.2711292905E-01  0.4053989910E+01 -0.8873138543E+00
  0.2738679702E-01  0.4051223501E+01 -0.8862039751E+00
  0.2766343134E-01  0.4048435953E+01 -0.8850836532E+00
  0.2794285993E-01  0.4045706912E+01 -0.8839527857E+00
  0.2822511105E-01  0.4042942039E+01 -0.8828112707E+00
  0.2851021318E-01  0.4040141615E+01 -0.8816590185E+00
  0.2879819513E-01  0.4037306000E+01 -0.8804959389E+00
  0.2908908599E-01  0.4034306970E+01 -0.8793219597E+00
  0.2938291514E-01  0.4031266004E+01 -0.8781370095E+00
  0.2967971226E-01  0.4028185567E+01 -0.8769409985E+00
  0.2997950734E-01  0.4025032397E+01 -0.8757338409E+00
  0.3028233064E-01  0.4021844927E+01 -0.8745154499E+00
  0.3058821277E-01  0.4018624499E+01 -0.8732857320E+00
  0.3089718462E-01  0.4015372614E+01 -0.8720445925E+00
  0.3120927739E-01  0.4012171233E+01 -0.8707919233E+00
  0.3152452262E-01  0.4008963961E+01 -0.8695276110E+00
  0.3184295214E-01  0.4005703384E+01 -0.8682515577E+00
  0.3216459812E-01  0.4002432922E+01 -0.8669636652E+00
  0.3248949305E-01  0.3999128219E+01 -0.8656638319E+00
  0.3281766975E-01  0.3995666711E+01 -0.8643519792E+00
  0.3314916136E-01  0.3992169681E+01 -0.8630280288E+00
  0.3348400137E-01  0.3988776653E+01 -0.8616918587E+00
  0.3382222361E-01  0.3985162898E+01 -0.8603433769E+00
  0.3416386223E-01  0.3981477507E+01 -0.8589825209E+00
  0.3450895175E-01  0.3977784785E+01 -0.8576091919E+00
  0.3485752702E-01  0.3974139125E+01 -0.8562232699E+00
  0.3520962325E-01  0.3970526107E+01 -0.8548246265E+00
  0.3556527601E-01  0.3966926547E+01 -0.8534131380E+00
  0.3592452122E-01  0.3963436673E+01 -0.8519886655E+00
  0.3628739518E-01  0.3960062698E+01 -0.8505510498E+00
  0.3665393452E-01  0.3956737268E+01 -0.8491001404E+00
  0.3702417628E-01  0.3953447094E+01 -0.8476358001E+00
  0.3739815786E-01  0.3950197848E+01 -0.8461578913E+00
  0.3777591703E-01  0.3946995394E+01 -0.8446662727E+00
  0.3815749195E-01  0.3943793477E+01 -0.8431608092E+00
  0.3854292116E-01  0.3940571866E+01 -0.8416413768E+00
  0.3893224360E-01  0.3937299174E+01 -0.8401078609E+00
  0.3932549859E-01  0.3934059199E+01 -0.8385601354E+00
  0.3972272585E-01  0.3930885108E+01 -0.8369980503E+00
  0.4012396550E-01  0.3927783163E+01 -0.8354214456E+00
  0.4052925808E-01  0.3924683424E+01 -0.8338301724E+00
  0.4093864453E-01  0.3921665449E+01 -0.8322240779E+00
  0.4135216619E-01  0.3918735769E+01 -0.8306029901E+00
  0.4176986484E-01  0.3915900860E+01 -0.8289667315E+00
  0.4219178266E-01  0.3913167087E+01 -0.8273151198E+00
  0.4261796229E-01  0.3910654632E+01 -0.8256479431E+00
  0.4304844675E-01  0.3908433357E+01 -0.8239649452E+00
  0.4348327955E-01  0.3906348453E+01 -0.8222658834E+00
  0.4392250460E-01  0.3904406021E+01 -0.8205505440E+00
  0.4436616626E-01  0.3902587152E+01 -0.8188187122E+00
  0.4481430935E-01  0.3900874234E+01 -0.8170701785E+00
  0.4526697914E-01  0.3899312207E+01 -0.8153047241E+00
  0.4572422136E-01  0.3897904253E+01 -0.8135221159E+00
  0.4618608218E-01  0.3896638187E+01 -0.8117221190E+00
  0.4665260826E-01  0.3895678547E+01 -0.8099044595E+00
  0.4712384673E-01  0.3894897199E+01 -0.8080688500E+00
  0.4759984518E-01  0.3894551640E+01 -0.8062149672E+00
  0.4808065170E-01  0.3894702839E+01 -0.8043424050E+00
  0.4856631485E-01  0.3895042944E+01 -0.8024508088E+00
  0.4905688368E-01  0.3895542078E+01 -0.8005398997E+00
  0.4955240776E-01  0.3896194869E+01 -0.7986094031E+00
  0.5005293713E-01  0.3896884217E+01 -0.7966590706E+00
  0.5055852235E-01  0.3897482449E+01 -0.7946887123E+00
  0.5106921450E-01  0.3898200040E+01 -0.7926981154E+00
  0.5158506515E-01  0.3899027785E+01 -0.7906870128E+00
  0.5210612641E-01  0.3899955361E+01 -0.7886551388E+00
  0.5263245092E-01  0.3901038271E+01 -0.7866022117E+00
  0.5316409184E-01  0.3902075454E+01 -0.7845279845E+00
  0.5370110287E-01  0.3902909846E+01 -0.7824323029E+00
  0.5424353825E-01  0.3903392473E+01 -0.7803150956E+00
  0.5479145278E-01  0.3903719983E+01 -0.7781762804E+00
  0.5534490180E-01  0.3904030238E+01 -0.7760156846E+00
  0.5590394121E-01  0.3903889371E+01 -0.7738332172E+00
  0.5646862749E-01  0.3903705503E+01 -0.7716287963E+00
  0.5703901766E-01  0.3903662250E+01 -0.7694021734E+00
  0.5761516936E-01  0.3903539301E+01 -0.7671531072E+00
  0.5819714076E-01  0.3903479213E+01 -0.7648813764E+00
  0.5878499067E-01  0.3903882133E+01 -0.7625865981E+00
  0.5937877846E-01  0.3904486627E+01 -0.7602683411E+00
  0.5997856410E-01  0.3905006772E+01 -0.7579263301E+00
  0.6058440818E-01  0.3905386800E+01 -0.7555603898E+00
  0.6119637190E-01  0.3905614715E+01 -0.7531703650E+00
  0.6181451707E-01  0.3905680744E+01 -0.7507561077E+00
  0.6243890613E-01  0.3904488780E+01 -0.7483178155E+00
  0.6306960215E-01  0.3902434565E+01 -0.7458559178E+00
  0.6370666884E-01  0.3899685547E+01 -0.7433706823E+00
  0.6435017054E-01  0.3896980938E+01 -0.7408620983E+00
  0.6500017227E-01  0.3894643424E+01 -0.7383298136E+00
  0.6565673966E-01  0.3891916296E+01 -0.7357736130E+00
  0.6631993905E-01  0.3888989296E+01 -0.7331934671E+00
  0.6698983743E-01  0.3885885873E+01 -0.7305892790E+00
  0.6766650245E-01  0.3882581074E+01 -0.7279609540E+00
  0.6835000248E-01  0.3879476841E+01 -0.7253082706E+00
  0.6904040654E-01  0.3876254830E+01 -0.7226309763E+00
  0.6973778439E-01  0.3872887450E+01 -0.7199289362E+00
  0.7044220645E-01  0.3869627146E+01 -0.7172019372E+00
  0.7115374389E-01  0.3866489530E+01 -0.7144496688E+00
  0.7187246858E-01  0.3863151799E+01 -0.7116719268E+00
  0.7259845311E-01  0.3859541525E+01 -0.7088686489E+00
  0.7333177082E-01  0.3856114938E+01 -0.7060396351E+00
  0.7407249577E-01  0.3852573941E+01 -0.7031846260E+00
  0.7482070280E-01  0.3848602336E+01 -0.7003035889E+00
  0.7557646748E-01  0.3844559797E+01 -0.6973964788E+00
  0.7633986614E-01  0.3840473871E+01 -0.6944631066E+00
  0.7711097590E-01  0.3836271900E+01 -0.6915032998E+00
  0.7788987464E-01  0.3831883329E+01 -0.6885169416E+00
  0.7867664105E-01  0.3827418268E+01 -0.6855039010E+00
  0.7947135460E-01  0.3822964000E+01 -0.6824639697E+00
  0.8027409556E-01  0.3818512530E+01 -0.6793969067E+00
  0.8108494501E-01  0.3814069366E+01 -0.6763024692E+00
  0.8190398485E-01  0.3809537475E+01 -0.6731804503E+00
  0.8273129783E-01  0.3804561798E+01 -0.6700308288E+00
  0.8356696751E-01  0.3799483002E+01 -0.6668535939E+00
  0.8441107829E-01  0.3793669493E+01 -0.6636488630E+00
  0.8526371544E-01  0.3787832868E+01 -0.6604167277E+00
  0.8612496510E-01  0.3780674003E+01 -0.6571575407E+00
  0.8699491424E-01  0.3773263424E+01 -0.6538717701E+00
  0.8787365075E-01  0.3765631672E+01 -0.6505594189E+00
  0.8876126338E-01  0.3757787610E+01 -0.6472204779E+00
  0.8965784180E-01  0.3749721033E+01 -0.6438549428E+00
  0.9056347656E-01  0.3742110489E+01 -0.6404625112E+00
  0.9147825915E-01  0.3735795719E+01 -0.6370421820E+00
  0.9240228197E-01  0.3729643195E+01 -0.6335930641E+00
  0.9333563836E-01  0.3722562345E+01 -0.6301152823E+00
  0.9427842258E-01  0.3716038591E+01 -0.6266087844E+00
  0.9523072988E-01  0.3710716417E+01 -0.6230725079E+00
  0.9619265645E-01  0.3705912613E+01 -0.6195053817E+00
  0.9716429944E-01  0.3700598925E+01 -0.6159071392E+00
  0.9814575701E-01  0.3694566813E+01 -0.6122781185E+00
  0.9913712829E-01  0.3687239394E+01 -0.6086190631E+00
  0.1001385134E+00  0.3679822515E+01 -0.6049304300E+00
  0.1011500136E+00  0.3671899046E+01 -0.6012122963E+00
  0.1021717309E+00  0.3662487392E+01 -0.5974654615E+00
  0.1032037686E+00  0.3652653929E+01 -0.5936907108E+00
  0.1042462309E+00  0.3643694867E+01 -0.5898876265E+00
  0.1052992231E+00  0.3634860122E+01 -0.5860554955E+00
  0.1063628516E+00  0.3626282124E+01 -0.5821939166E+00
  0.1074372239E+00  0.3617287720E+01 -0.5783027714E+00
  0.1085224483E+00  0.3608055387E+01 -0.5743822118E+00
  0.1096186347E+00  0.3597323886E+01 -0.5704329926E+00
  0.1107258936E+00  0.3586200529E+01 -0.5664559818E+00
  0.1118443370E+00  0.3574875764E+01 -0.5624513526E+00
  0.1129740778E+00  0.3562268062E+01 -0.5584197914E+00
  0.1141152301E+00  0.3549534430E+01 -0.5543619665E+00
  0.1152679092E+00  0.3536933268E+01 -0.5502777549E+00
  0.1164322315E+00  0.3523010055E+01 -0.5461677302E+00
  0.1176083146E+00  0.3507123701E+01 -0.5420337193E+00
  0.1187962774E+00  0.3491031122E+01 -0.5378769456E+00
  0.1199962398E+00  0.3475143582E+01 -0.5336973717E+00
  0.1212083230E+00  0.3459177481E+01 -0.5294948846E+00
  0.1224326495E+00  0.3443168796E+01 -0.5252695218E+00
  0.1236693429E+00  0.3426774503E+01 -0.5210215150E+00
  0.1249185282E+00  0.3409608009E+01 -0.5167515608E+00
  0.1261803315E+00  0.3394167031E+01 -0.5124590478E+00
  0.1274548803E+00  0.3377972773E+01 -0.5081433365E+00
  0.1287423034E+00  0.3360819695E+01 -0.5038054982E+00
  0.1300427307E+00  0.3343314308E+01 -0.4994463787E+00
  0.1313562936E+00  0.3327768290E+01 -0.4950649353E+00
  0.1326831249E+00  0.3312369715E+01 -0.4906597640E+00
  0.1340233585E+00  0.3295859071E+01 -0.4862314789E+00
  0.1353771298E+00  0.3278223881E+01 -0.4817815765E+00
  0.1367445755E+00  0.3259853252E+01 -0.4773113436E+00
  0.1381258338E+00  0.3240128229E+01 -0.4728222668E+00
  0.1395210443E+00  0.3218696390E+01 -0.4683165570E+00
  0.1409303478E+00  0.3195480076E+01 -0.4637967964E+00
  0.1423538866E+00  0.3170097609E+01 -0.4592659728E+00
  0.1437918047E+00  0.3144156621E+01 -0.4547262827E+00
  0.1452442472E+00  0.3119103666E+01 -0.4501777701E+00
  0.1467113608E+00  0.3093836907E+01 -0.4456202253E+00
  0.1481932937E+00  0.3068125117E+01 -0.4410544180E+00
  0.1496901957E+00  0.3042883949E+01 -0.4364806273E+00
  0.1512022178E+00  0.3017830991E+01 -0.4318986596E+00
  0.1527295130E+00  0.2992618019E+01 -0.4273087949E+00
  0.1542722353E+00  0.2966078261E+01 -0.4227124879E+00
  0.1558305407E+00  0.2940900585E+01 -0.4181100493E+00
  0.1574045866E+00  0.2915716140E+01 -0.4135007577E+00
  0.1589945319E+00  0.2890651947E+01 -0.4088848538E+00
  0.1606005373E+00  0.2866055783E+01 -0.4042622020E+00
  0.1622227649E+00  0.2843195799E+01 -0.3996313491E+00
  0.1638613787E+00  0.2821310270E+01 -0.3949903803E+00
  0.1655165442E+00  0.2799406135E+01 -0.3903387725E+00
  0.1671884284E+00  0.2778511171E+01 -0.3856759563E+00
  0.1688772004E+00  0.2757533506E+01 -0.3810013977E+00
  0.1705830308E+00  0.2739398110E+01 -0.3763129814E+00
  0.1723060917E+00  0.2721373507E+01 -0.3716083604E+00
  0.1740465572E+00  0.2700357985E+01 -0.3668901919E+00
  0.1758046033E+00  0.2677195739E+01 -0.3621631984E+00
  0.1775804074E+00  0.2652016140E+01 -0.3574313803E+00
  0.1793741488E+00  0.2627288016E+01 -0.3526965268E+00
  0.1811860089E+00  0.2602041883E+01 -0.3479591198E+00
  0.1830161706E+00  0.2576099698E+01 -0.3432207015E+00
  0.1848648188E+00  0.2547204513E+01 -0.3384851080E+00
  0.1867321402E+00  0.2517625666E+01 -0.3337562751E+00
  0.1886183235E+00  0.2483866426E+01 -0.3290394099E+00
  0.1905235591E+00  0.2448341243E+01 -0.3243409011E+00
  0.1924480394E+00  0.2413035603E+01 -0.3196630888E+00
  0.1943919590E+00  0.2374150655E+01 -0.3150101363E+00
  0.1963555142E+00  0.2332879419E+01 -0.3103888797E+00
  0.1983389032E+00  0.2289166134E+01 -0.3058052225E+00
  0.2003423265E+00  0.2242801341E+01 -0.3012654980E+00
  0.2023659863E+00  0.2196102056E+01 -0.2967740826E+00
  0.2044100872E+00  0.2149538914E+01 -0.2923326184E+00
  0.2064748356E+00  0.2105654692E+01 -0.2879396664E+00
  0.2085604400E+00  0.2062838497E+01 -0.2835927525E+00
  0.2106671111E+00  0.2021915069E+01 -0.2792901363E+00
  0.2127950617E+00  0.1979949526E+01 -0.2750322512E+00
  0.2149445068E+00  0.1940282177E+01 -0.2708190899E+00
  0.2171156634E+00  0.1902086024E+01 -0.2666478983E+00
  0.2193087509E+00  0.1863908685E+01 -0.2625183203E+00
  0.2215239908E+00  0.1826607966E+01 -0.2584306304E+00
  0.2237616069E+00  0.1790987855E+01 -0.2543832351E+00
  0.2260218251E+00  0.1755860942E+01 -0.2503749090E+00
  0.2283048739E+00  0.1718207876E+01 -0.2464091747E+00
  0.2306109837E+00  0.1680893495E+01 -0.2424898242E+00
  0.2329403876E+00  0.1649249400E+01 -0.2386112003E+00
  0.2352933208E+00  0.1618715732E+01 -0.2347665485E+00
  0.2376700210E+00  0.1585428654E+01 -0.2309589031E+00
  0.2400707283E+00  0.1554291954E+01 -0.2271901281E+00
  0.2424956851E+00  0.1525967037E+01 -0.2234553805E+00
  0.2449451365E+00  0.1501423853E+01 -0.2197476571E+00
  0.2474193298E+00  0.1480047762E+01 -0.2160592886E+00
  0.2499185149E+00  0.1462437604E+01 -0.2123823807E+00
  0.2524429444E+00  0.1449192037E+01 -0.2087072789E+00
  0.2549928731E+00  0.1433201455E+01 -0.2050323299E+00
  0.2575685587E+00  0.1417887323E+01 -0.2013605758E+00
  0.2601702613E+00  0.1404865897E+01 -0.1976885936E+00
  0.2627982438E+00  0.1394196803E+01 -0.1940106498E+00
  0.2654527715E+00  0.1384208116E+01 -0.1903229733E+00
  0.2681341126E+00  0.1375922018E+01 -0.1866225481E+00
  0.2708425380E+00  0.1372306205E+01 -0.1829008626E+00
  0.2735783212E+00  0.1364965502E+01 -0.1791565716E+00
  0.2763417386E+00  0.1358976524E+01 -0.1753928772E+00
  0.2791330693E+00  0.1349905600E+01 -0.1716121843E+00
  0.2819525952E+00  0.1341759219E+01 -0.1678175749E+00
  0.2848006012E+00  0.1335896646E+01 -0.1640045849E+00
  0.2876773750E+00  0.1330004523E+01 -0.1601699877E+00
  0.2905832071E+00  0.1322709386E+01 -0.1563158171E+00
  0.2935183910E+00  0.1313850315E+01 -0.1524464233E+00
  0.2964832232E+00  0.1303755588E+01 -0.1485660421E+00
  0.2994780032E+00  0.1294108341E+01 -0.1446760266E+00
  0.3025030336E+00  0.1284335539E+01 -0.1407760911E+00
  0.3055586198E+00  0.1266059697E+01 -0.1368796149E+00
  0.3086450705E+00  0.1248457373E+01 -0.1329991484E+00
  0.3117626974E+00  0.1233625784E+01 -0.1291300437E+00
  0.3149118156E+00  0.1222549928E+01 -0.1252626499E+00
  0.3180927430E+00  0.1218618971E+01 -0.1213800593E+00
  0.3213058010E+00  0.1227376559E+01 -0.1174504966E+00
  0.3245513142E+00  0.1238948026E+01 -0.1134482522E+00
  0.3278296103E+00  0.1253083838E+01 -0.1093634430E+00
  0.3311410205E+00  0.1272298396E+01 -0.1051821547E+00
  0.3344858793E+00  0.1278544766E+01 -0.1009160496E+00
  0.3378645245E+00  0.1281766676E+01 -0.9659085761E-01
  0.3412772975E+00  0.1289836575E+01 -0.9220270857E-01
  0.3447245429E+00  0.1294099403E+01 -0.8774897782E-01
  0.3482066090E+00  0.1294114051E+01 -0.8324281267E-01
  0.3517238475E+00  0.1288537414E+01 -0.7870091212E-01
  0.3552766136E+00  0.1279344173E+01 -0.7413937075E-01
  0.3588652663E+00  0.1268701803E+01 -0.6956734476E-01
  0.3624901680E+00  0.1255309653E+01 -0.6499269807E-01
  0.3661516848E+00  0.1240475541E+01 -0.6042351831E-01
  0.3698501867E+00  0.1219454102E+01 -0.5587449112E-01
  0.3735860472E+00  0.1192451407E+01 -0.5136921989E-01
  0.3773596436E+00  0.1156213806E+01 -0.4693776255E-01
  0.3811713572E+00  0.1112458156E+01 -0.4261399870E-01
  0.3850215729E+00  0.1068726393E+01 -0.3841498317E-01
  0.3889106797E+00  0.1033748090E+01 -0.3432660927E-01
  0.3928390704E+00  0.9995385553E+00 -0.3033283709E-01
  0.3968071418E+00  0.9704666676E+00 -0.2642427638E-01
  0.4008152948E+00  0.9491117824E+00 -0.2257729437E-01
  0.4048639341E+00  0.9326266904E+00 -0.1876805416E-01
  0.4089534688E+00  0.9212240317E+00 -0.1497736075E-01
  0.4130843119E+00  0.9107393674E+00 -0.1119358405E-01
  0.4172568807E+00  0.9019640560E+00 -0.7411769165E-02
  0.4214715967E+00  0.8973793922E+00 -0.3619908385E-02
  0.4257288855E+00  0.8902501521E+00  0.1853192838E-03
  0.4300291773E+00  0.8812320349E+00  0.3994264421E-02
  0.4343729064E+00  0.8635624126E+00  0.7783721597E-02
  0.4387605115E+00  0.8401298380E+00  0.1152128601E-01
  0.4431924359E+00  0.8187919018E+00  0.1519739385E-01
  0.4476691271E+00  0.7962207679E+00  0.1881235041E-01
  0.4521910375E+00  0.7744916093E+00  0.2236366071E-01
  0.4567586237E+00  0.7513646699E+00  0.2584840078E-01
  0.4613723472E+00  0.7274469632E+00  0.2925981475E-01
  0.4660326740E+00  0.7005861755E+00  0.3258736526E-01
  0.4707400747E+00  0.6674499412E+00  0.3580731238E-01
  0.4754950250E+00  0.6248145598E+00  0.3887963908E-01
  0.4802980050E+00  0.5770516207E+00  0.4176590873E-01
  0.4851495000E+00  0.5341017392E+00  0.4446128621E-01
  0.4900500000E+00  0.4879574435E+00  0.4696558672E-01
  0.4950000000E+00  0.4473549155E+00  0.4928048481E-01
  0.5000000000E+00  0.4084414023E+00  0.5138636374E-01
  0.5050000000E+00  0.3758500487E+00  0.5334709236E-01
  0.5099500000E+00  0.3512720996E+00  0.5514671968E-01
  0.5148505000E+00  0.3383109660E+00  0.5683637059E-01
  0.5197019950E+00  0.3353214053E+00  0.5847043263E-01
  0.5245049750E+00  0.3360340047E+00  0.6008268595E-01
  0.5292599253E+00  0.3395914087E+00  0.6168896856E-01
  0.5339673260E+00  0.3450119991E+00  0.6330031986E-01
  0.5386276528E+00  0.3538881851E+00  0.6492887147E-01
  0.5432413763E+00  0.3594322020E+00  0.6657440297E-01
  0.5478089625E+00  0.3669289860E+00  0.6823326166E-01
  0.5523308729E+00  0.3827549386E+00  0.6992826341E-01
  0.5568075641E+00  0.3958308367E+00  0.7167100749E-01
  0.5612394885E+00  0.4035398461E+00  0.7344238269E-01
  0.5656270936E+00  0.3982873772E+00  0.7520143330E-01
  0.5699708227E+00  0.3864075369E+00  0.7690568435E-01
  0.5742711145E+00  0.3731747466E+00  0.7853889707E-01
  0.5785284033E+00  0.3584863216E+00  0.8009634333E-01
  0.5827431193E+00  0.3410365816E+00  0.8157048850E-01
  0.5869156881E+00  0.3219454027E+00  0.8295365748E-01
  0.5910465312E+00  0.2968380422E+00  0.8423170615E-01
  0.5951360659E+00  0.2734414436E+00  0.8539779502E-01
  0.5991847052E+00  0.2540065881E+00  0.8646551844E-01
  0.6031928582E+00  0.2395070841E+00  0.8745455758E-01
  0.6071609296E+00  0.2341207456E+00  0.8839425211E-01
  0.6110893203E+00  0.2410686118E+00  0.8932761684E-01
  0.6149784271E+00  0.2507843741E+00  0.9028405123E-01
  0.6188286428E+00  0.2610472329E+00  0.9126938228E-01
  0.6226403564E+00  0.2758114790E+00  0.9229255810E-01
  0.6264139528E+00  0.2972320329E+00  0.9337377558E-01
  0.6301498133E+00  0.3185919364E+00  0.9452409179E-01
  0.6338483152E+00  0.3396391757E+00  0.9574132629E-01
  0.6375098320E+00  0.3666047998E+00  0.9703428840E-01
  0.6411347337E+00  0.3972200260E+00  0.9841868335E-01
  0.6447233864E+00  0.4267272614E+00  0.9989711366E-01
  0.6482761525E+00  0.4563673496E+00  0.1014658280E+00
  0.6517933910E+00  0.4867294373E+00  0.1031243761E+00
  0.6552754571E+00  0.5201859463E+00  0.1048774491E+00
  0.6587227025E+00  0.5526673915E+00  0.1067266435E+00
  0.6621354755E+00  0.5851230956E+00  0.1086681538E+00
  0.6655141207E+00  0.6177943642E+00  0.1107002695E+00
  0.6688589795E+00  0.6503488728E+00  0.1128211495E+00
  0.6721703897E+00  0.6780059713E+00  0.1150205134E+00
  0.6754486858E+00  0.7083394625E+00  0.1172929388E+00
  0.6786941990E+00  0.7405559912E+00  0.1196441434E+00
  0.6819072570E+00  0.7726694566E+00  0.1220751840E+00
  0.6850881844E+00  0.8067232957E+00  0.1245871508E+00
  0.6882373026E+00  0.8471166432E+00  0.1271912195E+00
  0.6913549295E+00  0.8895970936E+00  0.1298984323E+00
  0.6944413802E+00  0.9293564314E+00  0.1327054875E+00
  0.6974969664E+00  0.9742956135E+00  0.1356138740E+00
  0.7005219968E+00  0.1025518802E+01  0.1386386236E+00
  0.7035167768E+00  0.1073563366E+01  0.1417817683E+00
  0.7064816090E+00  0.1119225458E+01  0.1450323938E+00
  0.7094167929E+00  0.1165090683E+01  0.1483848378E+00
  0.7123226250E+00  0.1212663050E+01  0.1518395143E+00
  0.7151993988E+00  0.1261989298E+01  0.1553990218E+00
  0.7180474048E+00  0.1313389097E+01  0.1590663683E+00
  0.7208669307E+00  0.1365059870E+01  0.1628423465E+00
  0.7236582614E+00  0.1419395207E+01  0.1667285140E+00
  0.7264216788E+00  0.1471057004E+01  0.1707222769E+00
  0.7291574620E+00  0.1520286713E+01  0.1748141109E+00
  0.7318658874E+00  0.1569109834E+01  0.1789978109E+00
  0.7345472285E+00  0.1612669371E+01  0.1832635286E+00
  0.7372017562E+00  0.1652966744E+01  0.1875978894E+00
  0.7398297387E+00  0.1690506064E+01  0.1919911833E+00
  0.7424314413E+00  0.1726384314E+01  0.1964360496E+00
  0.7450071269E+00  0.1761068212E+01  0.2009273402E+00
  0.7475570556E+00  0.1792542903E+01  0.2054580678E+00
  0.7500814851E+00  0.1825805383E+01  0.2100252003E+00
  0.7525806702E+00  0.1860516024E+01  0.2146316001E+00
  0.7550548635E+00  0.1891647030E+01  0.2192733885E+00
  0.7575043149E+00  0.1922024639E+01  0.2239440901E+00
  0.7599292717E+00  0.1953793843E+01  0.2286434364E+00
  0.7623299790E+00  0.1992294959E+01  0.2333801385E+00
  0.7647066792E+00  0.2029694008E+01  0.2381596695E+00
  0.7670596124E+00  0.2065276013E+01  0.2429772649E+00
  0.7693890163E+00  0.2098396384E+01  0.2478267022E+00
  0.7716951261E+00  0.2129798549E+01  0.2527020432E+00
  0.7739781749E+00  0.2157038085E+01  0.2575955717E+00
  0.7762383931E+00  0.2177736699E+01  0.2624943402E+00
  0.7784760092E+00  0.2193909818E+01  0.2673853735E+00
  0.7806912491E+00  0.2211018159E+01  0.2722643596E+00
  0.7828843366E+00  0.2226431915E+01  0.2771302178E+00
  0.7850554932E+00  0.2241585618E+01  0.2819806007E+00
  0.7872049383E+00  0.2247743607E+01  0.2868053840E+00
  0.7893328889E+00  0.2251923500E+01  0.2915929187E+00
  0.7914395600E+00  0.2254436574E+01  0.2963396280E+00
  0.7935251644E+00  0.2255777667E+01  0.3010428893E+00
  0.7955899128E+00  0.2256824176E+01  0.3057015829E+00
  0.7976340137E+00  0.2261050139E+01  0.3103190784E+00
  0.7996576735E+00  0.2269825279E+01  0.3149035537E+00
  0.8016610968E+00  0.2282842722E+01  0.3194640142E+00
  0.8036444858E+00  0.2297094513E+01  0.3240059129E+00
  0.8056080410E+00  0.2312460614E+01  0.3285314707E+00
  0.8075519606E+00  0.2330256054E+01  0.3330440046E+00
  0.8094764409E+00  0.2347811473E+01  0.3375454293E+00
  0.8113816765E+00  0.2366981356E+01  0.3420368248E+00
  0.8132678598E+00  0.2386354612E+01  0.3465196561E+00
  0.8151351812E+00  0.2405585343E+01  0.3509937021E+00
  0.8169838294E+00  0.2423071737E+01  0.3554569462E+00
  0.8188139911E+00  0.2439483896E+01  0.3599065778E+00
  0.8206258512E+00  0.2456349218E+01  0.3643418601E+00
  0.8224195926E+00  0.2476659467E+01  0.3687661312E+00
  0.8241953967E+00  0.2500634056E+01  0.3731854803E+00
  0.8259534428E+00  0.2525800793E+01  0.3776038322E+00
  0.8276939083E+00  0.2551445014E+01  0.3820222180E+00
  0.8294169692E+00  0.2577975009E+01  0.3864413696E+00
  0.8311227996E+00  0.2604284735E+01  0.3908613974E+00
  0.8328115716E+00  0.2627127649E+01  0.3952787288E+00
  0.8344834558E+00  0.2650121995E+01  0.3996902042E+00
  0.8361386213E+00  0.2674708790E+01  0.4040969422E+00
  0.8377772351E+00  0.2698216261E+01  0.4084990167E+00
  0.8393994627E+00  0.2721400498E+01  0.4128949428E+00
  0.8410054681E+00  0.2743387679E+01  0.4172831823E+00
  0.8425954134E+00  0.2761463092E+01  0.4216593882E+00
  0.8441694593E+00  0.2777785911E+01  0.4260189042E+00
  0.8457277647E+00  0.2791747891E+01  0.4303584215E+00
  0.8472704870E+00  0.2804893920E+01  0.4346754537E+00
  0.8487977822E+00  0.2817491375E+01  0.4389689746E+00
  0.8503098043E+00  0.2830790942E+01  0.4432391386E+00
  0.8518067063E+00  0.2845181141E+01  0.4474873255E+00
  0.8532886392E+00  0.2859765984E+01  0.4517145000E+00
  0.8547557528E+00  0.2874665773E+01  0.4559210315E+00
  0.8562081953E+00  0.2890478793E+01  0.4601078019E+00
  0.8576461134E+00  0.2907995068E+01  0.4642766670E+00
  0.8590696522E+00  0.2927416718E+01  0.4684301347E+00
  0.8604789557E+00  0.2947223985E+01  0.4725697105E+00
  0.8618741662E+00  0.2967431916E+01  0.4766958053E+00
  0.8632554245E+00  0.2987398596E+01  0.4808083850E+00
  0.8646228702E+00  0.3006956550E+01  0.4849068627E+00
  0.8659766415E+00  0.3025046200E+01  0.4889898388E+00
  0.8673168751E+00  0.3041699538E+01  0.4930552670E+00
  0.8686437064E+00  0.3058401064E+01  0.4971021691E+00
  0.8699572693E+00  0.3075094369E+01  0.5011305352E+00
  0.8712576966E+00  0.3091890626E+01  0.5051403931E+00
  0.8725451197E+00  0.3107817188E+01  0.5091312164E+00
  0.8738196685E+00  0.3123136460E+01  0.5131020436E+00
  0.8750814718E+00  0.3139049240E+01  0.5170528670E+00
  0.8763306571E+00  0.3153922279E+01  0.5209834107E+00
  0.8775673505E+00  0.3168008251E+01  0.5248925556E+00
  0.8787916770E+00  0.3182160423E+01  0.5287798955E+00
  0.8800037602E+00  0.3195326633E+01  0.5326449181E+00
  0.8812037226E+00  0.3208965644E+01  0.5364873730E+00
  0.8823916854E+00  0.3223251079E+01  0.5403079901E+00
  0.8835677685E+00  0.3238162832E+01  0.5441075701E+00
  0.8847320908E+00  0.3252773928E+01  0.5478863413E+00
  0.8858847699E+00  0.3268416911E+01  0.5516447615E+00
  0.8870259222E+00  0.3285124802E+01  0.5553840561E+00
  0.8881556630E+00  0.3302333831E+01  0.5591051164E+00
  0.8892741064E+00  0.3319109940E+01  0.5628079713E+00
  0.8903813653E+00  0.3336182865E+01  0.5664925376E+00
  0.8914775517E+00  0.3352872142E+01  0.5701587629E+00
  0.8925627761E+00  0.3370349768E+01  0.5738068655E+00
  0.8936371484E+00  0.3388012830E+01  0.5774373640E+00
  0.8947007769E+00  0.3405413924E+01  0.5810502052E+00
  0.8957537691E+00  0.3421759208E+01  0.5846446854E+00
  0.8967962314E+00  0.3437909925E+01  0.5882201586E+00
  0.8978282691E+00  0.3453717643E+01  0.5917763683E+00
  0.8988499864E+00  0.3469702666E+01  0.5953132575E+00
  0.8998614866E+00  0.3485652755E+01  0.5988309290E+00
  0.9008628717E+00  0.3501752958E+01  0.6023294711E+00
  0.9018542430E+00  0.3518409396E+01  0.6058092648E+00
  0.9028357006E+00  0.3535279565E+01  0.6092707130E+00
  0.9038073436E+00  0.3551612699E+01  0.6127136776E+00
  0.9047692701E+00  0.3567741170E+01  0.6161378254E+00
  0.9057215774E+00  0.3584074938E+01  0.6195431887E+00
  0.9066643616E+00  0.3600766534E+01  0.6229300663E+00
  0.9075977180E+00  0.3617445451E+01  0.6262986484E+00
  0.9085217408E+00  0.3634228021E+01  0.6296490043E+00
  0.9094365234E+00  0.3651366052E+01  0.6329813716E+00
  0.9103421582E+00  0.3668820537E+01  0.6362960794E+00
  0.9112387366E+00  0.3686470916E+01  0.6395933772E+00
  0.9121263493E+00  0.3703989680E+01  0.6428733103E+00
  0.9130050858E+00  0.3720696533E+01  0.6461354817E+00
  0.9138750349E+00  0.3737007358E+01  0.6493793932E+00
  0.9147362846E+00  0.3752349816E+01  0.6526044964E+00
  0.9155889217E+00  0.3767839962E+01  0.6558104930E+00
  0.9164330325E+00  0.3783403720E+01  0.6589975361E+00
  0.9172687022E+00  0.3798907224E+01  0.6621656897E+00
  0.9180960151E+00  0.3813923192E+01  0.6653147864E+00
  0.9189150550E+00  0.3828559648E+01  0.6684445354E+00
  0.9197259044E+00  0.3843017564E+01  0.6715547825E+00
  0.9205286454E+00  0.3857055942E+01  0.6746453647E+00
  0.9213233589E+00  0.3870637494E+01  0.6777160160E+00
  0.9221101254E+00  0.3884214291E+01  0.6807666445E+00
  0.9228890241E+00  0.3896988176E+01  0.6837970289E+00
  0.9236601339E+00  0.3908962412E+01  0.6868066512E+00
  0.9244235325E+00  0.3920297330E+01  0.6897950744E+00
  0.9251792972E+00  0.3930889316E+01  0.6927618992E+00
  0.9259275042E+00  0.3940695685E+01  0.6957066868E+00
  0.9266682292E+00  0.3949984404E+01  0.6986290986E+00
  0.9274015469E+00  0.3958764728E+01  0.7015289115E+00
  0.9281275314E+00  0.3966961340E+01  0.7044058888E+00
  0.9288462561E+00  0.3974547923E+01  0.7072597682E+00
  0.9295577935E+00  0.3981697358E+01  0.7100903514E+00
  0.9302622156E+00  0.3988436701E+01  0.7128975205E+00
  0.9309595935E+00  0.3994794558E+01  0.7156811848E+00
  0.9316499975E+00  0.4000594015E+01  0.7184412092E+00
  0.9323334975E+00  0.4005215526E+01  0.7211771947E+00
  0.9330101626E+00  0.4008975007E+01  0.7238886559E+00
  0.9336800609E+00  0.4012633189E+01  0.7265754871E+00
  0.9343432603E+00  0.4016313837E+01  0.7292378835E+00
  0.9349998277E+00  0.4019863172E+01  0.7318760294E+00
  0.9356498295E+00  0.4023308904E+01  0.7344900672E+00
  0.9362933312E+00  0.4026676533E+01  0.7370801569E+00
  0.9369303978E+00  0.4029989194E+01  0.7396464736E+00
  0.9375610939E+00  0.4033358653E+01  0.7421892343E+00
  0.9381854829E+00  0.4036530309E+01  0.7447086095E+00
  0.9388036281E+00  0.4039424411E+01  0.7472046657E+00
  0.9394155918E+00  0.4042338924E+01  0.7496775387E+00
  0.9400214359E+00  0.4045283571E+01  0.7521274578E+00
  0.9406212215E+00  0.4048265901E+01  0.7545546551E+00
  0.9412150093E+00  0.4051399952E+01  0.7569593965E+00
  0.9418028592E+00  0.4054776627E+01  0.7593420040E+00
  0.9423848306E+00  0.4058189040E+01  0.7617027611E+00
  0.9429609823E+00  0.4061637415E+01  0.7640418869E+00
  0.9435313725E+00  0.4065120623E+01  0.7663595984E+00
  0.9440960588E+00  0.4068423224E+01  0.7686560487E+00
  0.9446550982E+00  0.4071651825E+01  0.7709313601E+00
  0.9452085472E+00  0.4074734607E+01  0.7731856649E+00
  0.9457564617E+00  0.4077844088E+01  0.7754191230E+00
  0.9462988971E+00  0.4080941387E+01  0.7776319300E+00
  0.9468359082E+00  0.4083513852E+01  0.7798241312E+00
  0.9473675491E+00  0.4086075976E+01  0.7819957754E+00
  0.9478938736E+00  0.4088334812E+01  0.7841469717E+00
  0.9484149348E+00  0.4090889123E+01  0.7862779101E+00
  0.9489307855E+00  0.4093209676E+01  0.7883887965E+00
  0.9494414776E+00  0.4095567113E+01  0.7904797685E+00
  0.9499470629E+00  0.4098064273E+01  0.7925510579E+00
  0.9504475922E+00  0.4100192202E+01  0.7946027920E+00
  0.9509431163E+00  0.4102270155E+01  0.7966350508E+00
  0.9514336852E+00  0.4104283678E+01  0.7986479906E+00
  0.9519193483E+00  0.4106252282E+01  0.8006417680E+00
  0.9524001548E+00  0.4108186216E+01  0.8026165458E+00
  0.9528761533E+00  0.4110095952E+01  0.8045724905E+00
  0.9533473917E+00  0.4111841024E+01  0.8065097370E+00
  0.9538139178E+00  0.4113729293E+01  0.8084284586E+00
  0.9542757786E+00  0.4115753110E+01  0.8103288963E+00
  0.9547330209E+00  0.4117742619E+01  0.8122112472E+00
  0.9551856906E+00  0.4119691177E+01  0.8140756660E+00
  0.9556338337E+00  0.4121660969E+01  0.8159223185E+00
  0.9560774954E+00  0.4123695542E+01  0.8177513928E+00
  0.9565167205E+00  0.4125609525E+01  0.8195630435E+00
  0.9569515532E+00  0.4127118533E+01  0.8213573219E+00
  0.9573820377E+00  0.4128598466E+01  0.8231343008E+00
  0.9578082173E+00  0.4130002485E+01  0.8248941246E+00
  0.9582301352E+00  0.4131325683E+01  0.8266369254E+00
  0.9586478338E+00  0.4132654349E+01  0.8283628520E+00
  0.9590613555E+00  0.4134293810E+01  0.8300721331E+00
  0.9594707419E+00  0.4135966979E+01  0.8317649994E+00
  0.9598760345E+00  0.4137556559E+01  0.8334415983E+00
  0.9602772742E+00  0.4139060557E+01  0.8351020518E+00
  0.9606745014E+00  0.4140521335E+01  0.8367464896E+00
  0.9610677564E+00  0.4141704554E+01  0.8383750029E+00
  0.9614570788E+00  0.4142766599E+01  0.8399876681E+00
  0.9618425080E+00  0.4143742458E+01  0.8415845995E+00
  0.9622240830E+00  0.4144529892E+01  0.8431658979E+00
  0.9626018421E+00  0.4145153947E+01  0.8447316499E+00
  0.9629758237E+00  0.4145689933E+01  0.8462819614E+00
  0.9633460655E+00  0.4146133714E+01  0.8478169511E+00
  0.9637126048E+00  0.4146378850E+01  0.8493367172E+00
  0.9640754788E+00  0.4146557588E+01  0.8508413625E+00
  0.9644347240E+00  0.4146677830E+01  0.8523310150E+00
  0.9647903767E+00  0.4146645110E+01  0.8538057866E+00
  0.9651424730E+00  0.4146876259E+01  0.8552658454E+00
  0.9654910483E+00  0.4146912075E+01  0.8567113502E+00
  0.9658361378E+00  0.4146769334E+01  0.8581423814E+00
  0.9661777764E+00  0.4146562187E+01  0.8595590426E+00
  0.9665159986E+00  0.4146256046E+01  0.8609614504E+00
  0.9668508386E+00  0.4146048694E+01  0.8623497481E+00
  0.9671823303E+00  0.4145838888E+01  0.8637240937E+00
  0.9675105070E+00  0.4145418114E+01  0.8650845924E+00
  0.9678354019E+00  0.4144982334E+01  0.8664313469E+00
  0.9681570479E+00  0.4144520240E+01  0.8677644895E+00
  0.9684754774E+00  0.4144055778E+01  0.8690841531E+00
  0.9687907226E+00  0.4143586763E+01  0.8703904730E+00
  0.9691028154E+00  0.4143116139E+01  0.8716835831E+00
  0.9694117872E+00  0.4142598357E+01  0.8729636093E+00
  0.9697176694E+00  0.4142069652E+01  0.8742306753E+00
  0.9700204927E+00  0.4141632193E+01  0.8754849243E+00
  0.9703202877E+00  0.4141203929E+01  0.8767265010E+00
  0.9706170849E+00  0.4140887734E+01  0.8779555515E+00
  0.9709109140E+00  0.4140465593E+01  0.8791722030E+00
  0.9712018049E+00  0.4140019350E+01  0.8803765617E+00
  0.9714897868E+00  0.4139593311E+01  0.8815687512E+00
  0.9717748890E+00  0.4139189541E+01  0.8827489005E+00
  0.9720571401E+00  0.4138809935E+01  0.8839171378E+00
  0.9723365687E+00  0.4138421596E+01  0.8850735854E+00
  0.9726132030E+00  0.4138047016E+01  0.8862183630E+00
  0.9728870709E+00  0.4137700845E+01  0.8873515941E+00
  0.9731582002E+00  0.4137302835E+01  0.8884733921E+00
  0.9734266182E+00  0.4136812888E+01  0.8895838528E+00
  0.9736923521E+00  0.4136124857E+01  0.8906830525E+00
  0.9739554285E+00  0.4135385680E+01  0.8917710724E+00
  0.9742158742E+00  0.4134484495E+01  0.8928479986E+00
  0.9744737155E+00  0.4133472170E+01  0.8939139087E+00
  0.9747289784E+00  0.4132469373E+01  0.8949689026E+00
  0.9749816886E+00  0.4131466277E+01  0.8960130931E+00
  0.9752318717E+00  0.4130556805E+01  0.8970466024E+00
  0.9754795530E+00  0.4129708554E+01  0.8980695590E+00
  0.9757247574E+00  0.4128920271E+01  0.8990820853E+00
  0.9759675099E+00  0.4128142687E+01  0.9000842964E+00
  0.9762078348E+00  0.4127389602E+01  0.9010763014E+00
  0.9764457564E+00  0.4126698302E+01  0.9020582145E+00
  0.9766812989E+00  0.4126068002E+01  0.9030301528E+00
  0.9769144859E+00  0.4125497819E+01  0.9039922318E+00
  0.9771453410E+00  0.4124986780E+01  0.9049445652E+00
  0.9773738876E+00  0.4124475743E+01  0.9058872585E+00
  0.9776001487E+00  0.4123966045E+01  0.9068204093E+00
  0.9778241472E+00  0.4123514515E+01  0.9077441210E+00
  0.9780459058E+00  0.4123119871E+01  0.9086585018E+00
  0.9782654467E+00  0.4122780775E+01  0.9095636582E+00
  0.9784827922E+00  0.4122495842E+01  0.9104596952E+00
  0.9786979643E+00  0.4122222199E+01  0.9113467117E+00
  0.9789109847E+00  0.4121948292E+01  0.9122247998E+00
  0.9791218748E+00  0.4121746981E+01  0.9130940569E+00
  0.9793306561E+00  0.4121617422E+01  0.9139545869E+00
  0.9795373495E+00  0.4121404865E+01  0.9148064762E+00
  0.9797419760E+00  0.4121220233E+01  0.9156498060E+00
  0.9799445563E+00  0.4121105499E+01  0.9164846721E+00
  0.9801451107E+00  0.4121062369E+01  0.9173111738E+00
  0.9803436596E+00  0.4121035086E+01  0.9181294035E+00
  0.9805402230E+00  0.4121047387E+01  0.9189394493E+00
  0.9807348208E+00  0.4121097925E+01  0.9197414009E+00
  0.9809274726E+00  0.4121185359E+01  0.9205353462E+00
  0.9811181978E+00  0.4121317672E+01  0.9213213730E+00
  0.9813070158E+00  0.4121603788E+01  0.9220995791E+00
  0.9814939457E+00  0.4121922185E+01  0.9228700596E+00
  0.9816790062E+00  0.4122270273E+01  0.9236328970E+00
  0.9818622162E+00  0.4122659826E+01  0.9243881735E+00
  0.9820435940E+00  0.4123154373E+01  0.9251359775E+00
  0.9822231581E+00  0.4123674663E+01  0.9258763946E+00
  0.9824009265E+00  0.4124264711E+01  0.9266095061E+00
  0.9825769172E+00  0.4124898810E+01  0.9273353943E+00
  0.9827511481E+00  0.4125555539E+01  0.9280541361E+00
  0.9829236366E+00  0.4126226856E+01  0.9287658049E+00
  0.9830944002E+00  0.4126911740E+01  0.9294704729E+00
  0.9832634562E+00  0.4127609197E+01  0.9301682110E+00
  0.9834308216E+00  0.4128318261E+01  0.9308590895E+00
  0.9835965134E+00  0.4129037996E+01  0.9315431775E+00
  0.9837605483E+00  0.4129767496E+01  0.9322205436E+00
  0.9839229428E+00  0.4130505883E+01  0.9328912551E+00
  0.9840837134E+00  0.4131252308E+01  0.9335553789E+00
  0.9842428762E+00  0.4132005954E+01  0.9342129808E+00
  0.9844004475E+00  0.4132811627E+01  0.9348641296E+00
  0.9845564430E+00  0.4133656953E+01  0.9355088957E+00
  0.9847108786E+00  0.4134505327E+01  0.9361473448E+00
  0.9848637698E+00  0.4135356050E+01  0.9367795394E+00
  0.9850151321E+00  0.4136193186E+01  0.9374055398E+00
  0.9851649808E+00  0.4137014248E+01  0.9380254044E+00
  0.9853133310E+00  0.4137828576E+01  0.9386391916E+00
  0.9854601977E+00  0.4138617742E+01  0.9392469588E+00
  0.9856055957E+00  0.4139407722E+01  0.9398487631E+00
  0.9857495397E+00  0.4140197989E+01  0.9404446630E+00
  0.9858920443E+00  0.4140988041E+01  0.9410347166E+00
  0.9860331239E+00  0.4141756507E+01  0.9416189795E+00
  0.9861727926E+00  0.4142518915E+01  0.9421975068E+00
  0.9863110647E+00  0.4143277473E+01  0.9427703539E+00
  0.9864479541E+00  0.4144029706E+01  0.9433375760E+00
  0.9865834745E+00  0.4144756932E+01  0.9438992261E+00
  0.9867176398E+00  0.4145461318E+01  0.9444553557E+00
  0.9868504634E+00  0.4146156041E+01  0.9450060169E+00
  0.9869819588E+00  0.4146850548E+01  0.9455512629E+00
  0.9871121392E+00  0.4147539991E+01  0.9460911465E+00
  0.9872410178E+00  0.4148182730E+01  0.9466257171E+00
  0.9873686076E+00  0.4148819639E+01  0.9471550236E+00
  0.9874949215E+00  0.4149456420E+01  0.9476791175E+00
  0.9876199723E+00  0.4150092729E+01  0.9481980501E+00
  0.9877437726E+00  0.4150686583E+01  0.9487118695E+00
  0.9878663349E+00  0.4151297759E+01  0.9492206245E+00
  0.9879876715E+00  0.4151939580E+01  0.9497243680E+00
  0.9881077948E+00  0.4152579252E+01  0.9502231511E+00
  0.9882267168E+00  0.4153216537E+01  0.9507170222E+00
  0.9883444497E+00  0.4153851210E+01  0.9512060295E+00
  0.9884610052E+00  0.4154483061E+01  0.9516902205E+00
  0.9885763951E+00  0.4155111890E+01  0.9521696424E+00
  0.9886906312E+00  0.4155737513E+01  0.9526443417E+00
  0.9888037249E+00  0.4156359754E+01  0.9531143646E+00
  0.9889156876E+00  0.4156978451E+01  0.9535797567E+00
  0.9890265307E+00  0.4157593452E+01  0.9540405632E+00
  0.9891362654E+00  0.4158204617E+01  0.9544968290E+00
  0.9892449028E+00  0.4158811813E+01  0.9549485983E+00
  0.9893524538E+00  0.4159414920E+01  0.9553959150E+00
  0.9894589292E+00  0.4160013825E+01  0.9558388225E+00
  0.9895643399E+00  0.4160633851E+01  0.9562773652E+00
  0.9896686965E+00  0.4161252734E+01  0.9567115871E+00
  0.9897720096E+00  0.4161866290E+01  0.9571415304E+00
  0.9898742895E+00  0.4162474452E+01  0.9575672368E+00
  0.9899755466E+00  0.4163099346E+01  0.9579887486E+00
  0.9900757911E+00  0.4163722490E+01  0.9584061078E+00
  0.9901750332E+00  0.4164339312E+01  0.9588193549E+00
  0.9902732829E+00  0.4164933234E+01  0.9592285290E+00
  0.9903705500E+00  0.4165519363E+01  0.9596336688E+00
  0.9904668445E+00  0.4166099680E+01  0.9600348133E+00
  0.9905621761E+00  0.4166663503E+01  0.9604320010E+00
  0.9906565543E+00  0.4167214523E+01  0.9608252693E+00
  0.9907499888E+00  0.4167739104E+01  0.9612146553E+00
  0.9908424889E+00  0.4168271605E+01  0.9616001962E+00
  0.9909340640E+00  0.4168802434E+01  0.9619819305E+00
  0.9910247234E+00  0.4169325827E+01  0.9623598952E+00
  0.9911144761E+00  0.4169819027E+01  0.9627341258E+00
  0.9912033314E+00  0.4170299140E+01  0.9631046574E+00
  0.9912912981E+00  0.4170775309E+01  0.9634715258E+00
  0.9913783851E+00  0.4171247893E+01  0.9638347667E+00
  0.9914646012E+00  0.4171729938E+01  0.9641944164E+00
  0.9915499552E+00  0.4172207505E+01  0.9645505106E+00
  0.9916344557E+00  0.4172680590E+01  0.9649030840E+00
  0.9917181111E+00  0.4173149192E+01  0.9652521710E+00
  0.9918009300E+00  0.4173613314E+01  0.9655978058E+00
  0.9918829207E+00  0.4174072958E+01  0.9659400222E+00
  0.9919640915E+00  0.4174528133E+01  0.9662788534E+00
  0.9920444506E+00  0.4174978848E+01  0.9666143328E+00
  0.9921240061E+00  0.4175421105E+01  0.9669464929E+00
  0.9922027660E+00  0.4175857456E+01  0.9672753660E+00
  0.9922807383E+00  0.4176289602E+01  0.9676009842E+00
  0.9923579310E+00  0.4176717554E+01  0.9679233795E+00
  0.9924343516E+00  0.4177141325E+01  0.9682425833E+00
  0.9925100081E+00  0.4177560931E+01  0.9685586270E+00
  0.9925849081E+00  0.4177976388E+01  0.9688715415E+00
  0.9926590590E+00  0.4178387714E+01  0.9691813576E+00
  0.9927324684E+00  0.4178794929E+01  0.9694881055E+00
  0.9928051437E+00  0.4179198055E+01  0.9697918154E+00
  0.9928770923E+00  0.4179597112E+01  0.9700925170E+00
  0.9929483213E+00  0.4179992126E+01  0.9703902400E+00
  0.9930188381E+00  0.4180383120E+01  0.9706850134E+00
  0.9930886497E+00  0.4180770121E+01  0.9709768662E+00
  0.9931577632E+00  0.4181153154E+01  0.9712658271E+00
  0.9932261856E+00  0.4181531110E+01  0.9715519244E+00
  0.9932939238E+00  0.4181904849E+01  0.9718351862E+00
  0.9933609845E+00  0.4182269098E+01  0.9721156402E+00
  0.9934273747E+00  0.4182627778E+01  0.9723933136E+00
  0.9934931009E+00  0.4182982946E+01  0.9726682337E+00
  0.9935581699E+00  0.4183334627E+01  0.9729404276E+00
  0.9936225882E+00  0.4183682843E+01  0.9732099221E+00
  0.9936863623E+00  0.4184027617E+01  0.9734767438E+00
  0.9937494987E+00  0.4184368975E+01  0.9737409189E+00
  0.9938120037E+00  0.4184706942E+01  0.9740024735E+00
  0.9938738837E+00  0.4185041541E+01  0.9742614334E+00
  0.9939351449E+00  0.4185372800E+01  0.9745178241E+00
  0.9939957934E+00  0.4185700743E+01  0.9747716708E+00
  0.9940558355E+00  0.4186025398E+01  0.9750229987E+00
  0.9941152771E+00  0.4186346790E+01  0.9752718324E+00
  0.9941741243E+00  0.4186664947E+01  0.9755181967E+00
  0.9942323831E+00  0.4186979895E+01  0.9757621158E+00
  0.9942900593E+00  0.4187291662E+01  0.9760036137E+00
  0.9943471587E+00  0.4187597626E+01  0.9762427143E+00
  0.9944036871E+00  0.4187896980E+01  0.9764794411E+00
  0.9944596502E+00  0.4188193457E+01  0.9767138172E+00
  0.9945150537E+00  0.4188487081E+01  0.9769458659E+00
  0.9945699032E+00  0.4188777872E+01  0.9771756101E+00
  0.9946242041E+00  0.4189065853E+01  0.9774030726E+00
  0.9946779621E+00  0.4189351046E+01  0.9776282759E+00
  0.9947311825E+00  0.4189633473E+01  0.9778512423E+00
  0.9947838707E+00  0.4189913156E+01  0.9780719938E+00
  0.9948360320E+00  0.4190190117E+01  0.9782905523E+00
  0.9948876716E+00  0.4190464380E+01  0.9785069395E+00
  0.9949387949E+00  0.4190735966E+01  0.9787211767E+00
  0.9949894070E+00  0.4191004898E+01  0.9789332853E+00
  0.9950395129E+00  0.4191271199E+01  0.9791432861E+00
  0.9950891178E+00  0.4191538618E+01  0.9793512002E+00
  0.9951382266E+00  0.4191804086E+01  0.9795570483E+00
  0.9951868443E+00  0.4192065842E+01  0.9797608507E+00
  0.9952349759E+00  0.4192324931E+01  0.9799626275E+00
  0.9952826261E+00  0.4192581382E+01  0.9801623989E+00
  0.9953297999E+00  0.4192835218E+01  0.9803601847E+00
  0.9953765019E+00  0.4193086467E+01  0.9805560043E+00
  0.9954227368E+00  0.4193337407E+01  0.9807498774E+00
  0.9954685095E+00  0.4193585914E+01  0.9809418232E+00
  0.9955138244E+00  0.4193831819E+01  0.9811318607E+00
  0.9955586861E+00  0.4194075150E+01  0.9813200088E+00
  0.9956030993E+00  0.4194315935E+01  0.9815062862E+00
  0.9956470683E+00  0.4194554201E+01  0.9816907114E+00
  0.9956905976E+00  0.4194789975E+01  0.9818733026E+00
  0.9957336916E+00  0.4195023285E+01  0.9820540780E+00
  0.9957763547E+00  0.4195254157E+01  0.9822330555E+00
  0.9958185912E+00  0.4195482618E+01  0.9824102530E+00
  0.9958604053E+00  0.4195708693E+01  0.9825856880E+00
  0.9959018012E+00  0.4195932409E+01  0.9827593780E+00
  0.9959427832E+00  0.4196153792E+01  0.9829313402E+00
  0.9959833554E+00  0.4196372867E+01  0.9831015917E+00
  0.9960235218E+00  0.4196589658E+01  0.9832701494E+00
  0.9960632866E+00  0.4196804191E+01  0.9834370302E+00
  0.9961026537E+00  0.4197016491E+01  0.9836022505E+00
  0.9961416272E+00  0.4197226582E+01  0.9837658268E+00
  0.9961802109E+00  0.4197434487E+01  0.9839277755E+00
  0.9962184088E+00  0.4197640231E+01  0.9840881126E+00
  0.9962562247E+00  0.4197843837E+01  0.9842468540E+00
  0.9962936625E+00  0.4198045329E+01  0.9844040156E+00
  0.9963307258E+00  0.4198244730E+01  0.9845596131E+00
  0.9963674186E+00  0.4198442061E+01  0.9847136618E+00
  0.9964037444E+00  0.4198637347E+01  0.9848661772E+00
  0.9964397070E+00  0.4198830609E+01  0.9850171744E+00
  0.9964753099E+00  0.4199021869E+01  0.9851666684E+00
  0.9965105568E+00  0.4199211149E+01  0.9853146743E+00
  0.9965454512E+00  0.4199398470E+01  0.9854612066E+00
  0.9965799967E+00  0.4199583855E+01  0.9856062801E+00
  0.9966141967E+00  0.4199767323E+01  0.9857499092E+00
  0.9966480548E+00  0.4199948896E+01  0.9858921081E+00
  0.9966815742E+00  0.4200128594E+01  0.9860328911E+00
  0.9967147585E+00  0.4200306437E+01  0.9861722722E+00
  0.9967476109E+00  0.4200482446E+01  0.9863102653E+00
  0.9967801348E+00  0.4200656641E+01  0.9864468842E+00
  0.9968123334E+00  0.4200829041E+01  0.9865821424E+00
  0.9968442101E+00  0.4200999665E+01  0.9867160536E+00
  0.9968757680E+00  0.4201168533E+01  0.9868486310E+00
  0.9969070103E+00  0.4201335664E+01  0.9869798878E+00
  0.9969379402E+00  0.4201501076E+01  0.9871098372E+00
  0.9969685608E+00  0.4201664788E+01  0.9872384922E+00
  0.9969988752E+00  0.4201826819E+01  0.9873658656E+00
  0.9970288865E+00  0.4201987186E+01  0.9874919701E+00
  0.9970585976E+00  0.4202145907E+01  0.9876168182E+00
  0.9970880116E+00  0.4202302999E+01  0.9877404226E+00
  0.9971171315E+00  0.4202458482E+01  0.9878627954E+00
  0.9971459602E+00  0.4202612371E+01  0.9879839490E+00
  0.9971745006E+00  0.4202764684E+01  0.9881038954E+00
  0.9972027556E+00  0.4202915437E+01  0.9882226466E+00
  0.9972307280E+00  0.4203064648E+01  0.9883402145E+00
  0.9972584207E+00  0.4203212332E+01  0.9884566108E+00
  0.9972858365E+00  0.4203358507E+01  0.9885718472E+00
  0.9973129782E+00  0.4203503187E+01  0.9886859352E+00
  0.9973398484E+00  0.4203646390E+01  0.9887988862E+00
  0.9973664499E+00  0.4203788131E+01  0.9889107115E+00
  0.9973927854E+00  0.4203928425E+01  0.9890214222E+00
  0.9974188575E+00  0.4204067288E+01  0.9891310294E+00
  0.9974446690E+00  0.4204204734E+01  0.9892395442E+00
  0.9974702223E+00  0.4204340780E+01  0.9893469772E+00
  0.9974955201E+00  0.4204475439E+01  0.9894533394E+00
  0.9975205649E+00  0.4204608727E+01  0.9895586413E+00
  0.9975453592E+00  0.4204740658E+01  0.9896628935E+00
  0.9975699056E+00  0.4204871247E+01  0.9897661064E+00
  0.9975942066E+00  0.4205000507E+01  0.9898682903E+00
  0.9976182645E+00  0.4205128452E+01  0.9899694555E+00
  0.9976420819E+00  0.4205255097E+01  0.9900696120E+00
  0.9976656610E+00  0.4205380455E+01  0.9901687700E+00
  0.9976890044E+00  0.4205504539E+01  0.9902669393E+00
  0.9977121144E+00  0.4205627363E+01  0.9903641297E+00
  0.9977349932E+00  0.4205748941E+01  0.9904603510E+00
  0.9977576433E+00  0.4205869285E+01  0.9905556129E+00
  0.9977800669E+00  0.4205988409E+01  0.9906499248E+00
  0.9978022662E+00  0.4206106424E+01  0.9907432963E+00
  0.9978242435E+00  0.4206223496E+01  0.9908357366E+00
  0.9978460011E+00  0.4206339371E+01  0.9909272550E+00
  0.9978675411E+00  0.4206454062E+01  0.9910178607E+00
  0.9978888657E+00  0.4206567582E+01  0.9911075629E+00
  0.9979099770E+00  0.4206679943E+01  0.9911963703E+00
  0.9979308773E+00  0.4206791158E+01  0.9912842921E+00
  0.9979515685E+00  0.4206901239E+01  0.9913713369E+00
  0.9979720528E+00  0.4207010198E+01  0.9914575135E+00
  0.9979923323E+00  0.4207118046E+01  0.9915428305E+00
  0.9980124089E+00  0.4207224797E+01  0.9916272966E+00
  0.9980322849E+00  0.4207330460E+01  0.9917109200E+00
  0.9980519620E+00  0.4207435048E+01  0.9917937093E+00
  0.9980714424E+00  0.4207538572E+01  0.9918756728E+00
  0.9980907280E+00  0.4207641044E+01  0.9919568186E+00
  0.9981098207E+00  0.4207742474E+01  0.9920371549E+00
  0.9981287225E+00  0.4207842874E+01  0.9921166897E+00
  0.9981474353E+00  0.4207942253E+01  0.9921954310E+00
  0.9981659609E+00  0.4208040624E+01  0.9922733868E+00
  0.9981843013E+00  0.4208137996E+01  0.9923505648E+00
  0.9982024583E+00  0.4208234381E+01  0.9924269728E+00
  0.9982204337E+00  0.4208329788E+01  0.9925026184E+00
  0.9982382294E+00  0.4208424228E+01  0.9925775093E+00
  0.9982558471E+00  0.4208517710E+01  0.9926516529E+00
  0.9982732886E+00  0.4208610245E+01  0.9927250567E+00
  0.9982905557E+00  0.4208701843E+01  0.9927977280E+00
  0.9983076502E+00  0.4208792514E+01  0.9928696742E+00
  0.9983245737E+00  0.4208882266E+01  0.9929409025E+00
  0.9983413279E+00  0.4208971111E+01  0.9930114199E+00
  0.9983579146E+00  0.4209059057E+01  0.9930812337E+00
  0.9983743355E+00  0.4209146113E+01  0.9931503507E+00
  0.9983905921E+00  0.4209232289E+01  0.9932187780E+00
  0.9984066862E+00  0.4209317594E+01  0.9932865224E+00
  0.9984226194E+00  0.4209402037E+01  0.9933535907E+00
  0.9984383932E+00  0.4209485626E+01  0.9934199897E+00
  0.9984540092E+00  0.4209568372E+01  0.9934857260E+00
  0.9984694691E+00  0.4209650282E+01  0.9935508061E+00
  0.9984847744E+00  0.4209731366E+01  0.9936152367E+00
  0.9984999267E+00  0.4209811631E+01  0.9936790243E+00
  0.9985149274E+00  0.4209891086E+01  0.9937421751E+00
  0.9985297782E+00  0.4209969739E+01  0.9938046957E+00
  0.9985444804E+00  0.4210047600E+01  0.9938665921E+00
  0.9985590356E+00  0.4210124675E+01  0.9939278708E+00
  0.9985734452E+00  0.4210200974E+01  0.9939885377E+00
  0.9985877108E+00  0.4210276503E+01  0.9940485991E+00
  0.9986018337E+00  0.4210351272E+01  0.9941080609E+00
  0.9986158153E+00  0.4210425287E+01  0.9941669291E+00
  0.9986296572E+00  0.4210498557E+01  0.9942252097E+00
  0.9986433606E+00  0.4210571089E+01  0.9942829084E+00
  0.9986569270E+00  0.4210642890E+01  0.9943400312E+00
  0.9986703577E+00  0.4210713969E+01  0.9943965837E+00
  0.9986836541E+00  0.4210784333E+01  0.9944525716E+00
  0.9986968176E+00  0.4210853988E+01  0.9945080005E+00
  0.9987098494E+00  0.4210922943E+01  0.9945628761E+00
  0.9987227509E+00  0.4210991205E+01  0.9946172038E+00
  0.9987355234E+00  0.4211058779E+01  0.9946709890E+00
  0.9987481682E+00  0.4211125675E+01  0.9947242373E+00
  0.9987606865E+00  0.4211191897E+01  0.9947769539E+00
  0.9987730796E+00  0.4211257454E+01  0.9948291442E+00
  0.9987853488E+00  0.4211322353E+01  0.9948808134E+00
  0.9987974954E+00  0.4211386599E+01  0.9949319667E+00
  0.9988095204E+00  0.4211450199E+01  0.9949826092E+00
  0.9988214252E+00  0.4211513161E+01  0.9950327460E+00
  0.9988332109E+00  0.4211575490E+01  0.9950823822E+00
  0.9988448788E+00  0.4211637193E+01  0.9951315228E+00
  0.9988564300E+00  0.4211698277E+01  0.9951801726E+00
  0.9988678657E+00  0.4211758748E+01  0.9952283367E+00
  0.9988791871E+00  0.4211818611E+01  0.9952760198E+00
  0.9988903952E+00  0.4211877873E+01  0.9953232267E+00
  0.9989014913E+00  0.4211936541E+01  0.9953699622E+00
  0.9989124764E+00  0.4211994620E+01  0.9954162311E+00
  0.9989233516E+00  0.4212052116E+01  0.9954620378E+00
  0.9989341181E+00  0.4212109036E+01  0.9955073871E+00
  0.9989447769E+00  0.4212165384E+01  0.9955522835E+00
  0.9989553291E+00  0.4212221167E+01  0.9955967315E+00
  0.9989657758E+00  0.4212276391E+01  0.9956407357E+00
  0.9989761181E+00  0.4212331061E+01  0.9956843003E+00
  0.9989863569E+00  0.4212385182E+01  0.9957274299E+00
  0.9989964933E+00  0.4212438761E+01  0.9957701287E+00
  0.9990065284E+00  0.4212491803E+01  0.9958124011E+00
  0.9990164631E+00  0.4212544314E+01  0.9958542513E+00
  0.9990262985E+00  0.4212596297E+01  0.9958956835E+00
  0.9990360355E+00  0.4212647760E+01  0.9959367018E+00
  0.9990456751E+00  0.4212698708E+01  0.9959773105E+00
  0.9990552184E+00  0.4212749144E+01  0.9960175136E+00
  0.9990646662E+00  0.4212799075E+01  0.9960573151E+00
  0.9990740195E+00  0.4212848507E+01  0.9960967191E+00
  0.9990832793E+00  0.4212897442E+01  0.9961357294E+00
  0.9990924466E+00  0.4212945888E+01  0.9961743502E+00
  0.9991015221E+00  0.4212993848E+01  0.9962125851E+00
  0.9991105069E+00  0.4213041328E+01  0.9962504382E+00
  0.9991194018E+00  0.4213088333E+01  0.9962879131E+00
  0.9991282078E+00  0.4213134867E+01  0.9963250137E+00
  0.9991369257E+00  0.4213180935E+01  0.9963617436E+00
  0.9991455564E+00  0.4213226541E+01  0.9963981067E+00
  0.9991541009E+00  0.4213271691E+01  0.9964341066E+00
  0.9991625599E+00  0.4213316389E+01  0.9964697468E+00
  0.9991709343E+00  0.4213360639E+01  0.9965050310E+00
  0.9991792249E+00  0.4213404447E+01  0.9965399627E+00
  0.9991874327E+00  0.4213447816E+01  0.9965745454E+00
  0.9991955584E+00  0.4213490751E+01  0.9966087827E+00
  0.9992036028E+00  0.4213533256E+01  0.9966426779E+00
  0.9992115667E+00  0.4213575336E+01  0.9966762346E+00
  0.9992194511E+00  0.4213616995E+01  0.9967094560E+00
  0.9992272566E+00  0.4213658236E+01  0.9967423455E+00
  0.9992349840E+00  0.4213699066E+01  0.9967749064E+00
  0.9992426342E+00  0.4213739486E+01  0.9968071420E+00
  0.9992502078E+00  0.4213779502E+01  0.9968390556E+00
  0.9992577057E+00  0.4213819118E+01  0.9968706503E+00
  0.9992651287E+00  0.4213858338E+01  0.9969019294E+00
  0.9992724774E+00  0.4213897165E+01  0.9969328960E+00
  0.9992797526E+00  0.4213935604E+01  0.9969635532E+00
  0.9992869551E+00  0.4213973658E+01  0.9969939041E+00
  0.9992940855E+00  0.4214011331E+01  0.9970239517E+00
  0.9993011447E+00  0.4214048628E+01  0.9970536992E+00
  0.9993081332E+00  0.4214085552E+01  0.9970831494E+00
  0.9993150519E+00  0.4214122106E+01  0.9971123054E+00
  0.9993219014E+00  0.4214158295E+01  0.9971411701E+00
  0.9993286824E+00  0.4214194122E+01  0.9971697464E+00
  0.9993353956E+00  0.4214229591E+01  0.9971980371E+00
  0.9993420416E+00  0.4214264705E+01  0.9972260452E+00
  0.9993486212E+00  0.4214299468E+01  0.9972537734E+00
  0.9993551350E+00  0.4214333883E+01  0.9972812246E+00
  0.9993615836E+00  0.4214367954E+01  0.9973084014E+00
  0.9993679678E+00  0.4214401684E+01  0.9973353068E+00
  0.9993742881E+00  0.4214435077E+01  0.9973619432E+00
  0.9993805452E+00  0.4214468137E+01  0.9973883136E+00
  0.9993867398E+00  0.4214500865E+01  0.9974144204E+00
  0.9993928724E+00  0.4214533267E+01  0.9974402664E+00
  0.9993989436E+00  0.4214565345E+01  0.9974658540E+00
  0.9994049542E+00  0.4214597102E+01  0.9974911861E+00
  0.9994109047E+00  0.4214628541E+01  0.9975162649E+00
  0.9994167956E+00  0.4214659666E+01  0.9975410932E+00
  0.9994226277E+00  0.4214690480E+01  0.9975656734E+00
  0.9994284014E+00  0.4214720986E+01  0.9975900079E+00
  0.9994341174E+00  0.4214751187E+01  0.9976140993E+00
  0.9994397762E+00  0.4214781086E+01  0.9976379499E+00
  0.9994453784E+00  0.4214810687E+01  0.9976615622E+00
  0.9994509247E+00  0.4214839991E+01  0.9976849385E+00
  0.9994564154E+00  0.4214869002E+01  0.9977080813E+00
  0.9994618513E+00  0.4214897724E+01  0.9977309927E+00
  0.9994672327E+00  0.4214926158E+01  0.9977536752E+00
  0.9994725604E+00  0.4214954309E+01  0.9977761310E+00
  0.9994778348E+00  0.4214982178E+01  0.9977983624E+00
  0.9994830565E+00  0.4215009768E+01  0.9978203717E+00
  0.9994882259E+00  0.4215037083E+01  0.9978421610E+00
  0.9994933436E+00  0.4215064124E+01  0.9978637325E+00
  0.9994984102E+00  0.4215090896E+01  0.9978850885E+00
  0.9995034261E+00  0.4215117399E+01  0.9979062310E+00
  0.9995083918E+00  0.4215143638E+01  0.9979271622E+00
  0.9995133079E+00  0.4215169615E+01  0.9979478843E+00
  0.9995181748E+00  0.4215195332E+01  0.9979683993E+00
  0.9995229931E+00  0.4215220792E+01  0.9979887092E+00
  0.9995277632E+00  0.4215245998E+01  0.9980088161E+00
  0.9995324855E+00  0.4215270952E+01  0.9980287221E+00
  0.9995371607E+00  0.4215295656E+01  0.9980484292E+00
  0.9995417891E+00  0.4215320114E+01  0.9980679393E+00
  0.9995463712E+00  0.4215344327E+01  0.9980872544E+00
  0.9995509075E+00  0.4215368298E+01  0.9981063765E+00
  0.9995553984E+00  0.4215392030E+01  0.9981253075E+00
  0.9995598444E+00  0.4215415524E+01  0.9981440492E+00
  0.9995642460E+00  0.4215438784E+01  0.9981626036E+00
  0.9995686035E+00  0.4215461811E+01  0.9981809726E+00
  0.9995729175E+00  0.4215484609E+01  0.9981991580E+00
  0.9995771883E+00  0.4215507178E+01  0.9982171617E+00
  0.9995814164E+00  0.4215529522E+01  0.9982349854E+00
  0.9995856022E+00  0.4215551642E+01  0.9982526310E+00
  0.9995897462E+00  0.4215573542E+01  0.9982701002E+00
  0.9995938488E+00  0.4215595223E+01  0.9982873947E+00
  0.9995979103E+00  0.4215616687E+01  0.9983045165E+00
  0.9996019312E+00  0.4215637937E+01  0.9983214671E+00
  0.9996059119E+00  0.4215658974E+01  0.9983382483E+00
  0.9996098527E+00  0.4215679801E+01  0.9983548617E+00
  0.9996137542E+00  0.4215700420E+01  0.9983713091E+00
  0.9996176167E+00  0.4215720833E+01  0.9983875921E+00
  0.9996214405E+00  0.4215741042E+01  0.9984037124E+00
  0.9996252261E+00  0.4215761049E+01  0.9984196715E+00
  0.9996289738E+00  0.4215780856E+01  0.9984354711E+00
  0.9996326841E+00  0.4215800466E+01  0.9984511128E+00
  0.9996363573E+00  0.4215819879E+01  0.9984665981E+00
  0.9996399937E+00  0.4215839098E+01  0.9984819287E+00
  0.9996435938E+00  0.4215858126E+01  0.9984971060E+00
  0.9996471578E+00  0.4215876963E+01  0.9985121316E+00
  0.9996506862E+00  0.4215895612E+01  0.9985270071E+00
  0.9996541794E+00  0.4215914074E+01  0.9985417338E+00
  0.9996576376E+00  0.4215932353E+01  0.9985563133E+00
  0.9996610612E+00  0.4215950448E+01  0.9985707471E+00
  0.9996644506E+00  0.4215968363E+01  0.9985850366E+00
  0.9996678400E+00  0.4215986278E+01  0.9985993262E+00
  0.9996712294E+00  0.4216004193E+01  0.9986136159E+00
  0.9996746188E+00  0.4216022108E+01  0.9986279056E+00
  0.9996780081E+00  0.4216040023E+01  0.9986421953E+00
  0.9996813975E+00  0.4216057939E+01  0.9986564852E+00
  0.9996847869E+00  0.4216075854E+01  0.9986707751E+00
  0.9996881763E+00  0.4216093770E+01  0.9986850650E+00
  0.9996915657E+00  0.4216111686E+01  0.9986993550E+00
  0.9996949551E+00  0.4216129602E+01  0.9987136451E+00
  0.9996983445E+00  0.4216147519E+01  0.9987279352E+00
  0.9997017339E+00  0.4216165435E+01  0.9987422254E+00
  0.9997051232E+00  0.4216183352E+01  0.9987565156E+00
  0.9997085126E+00  0.4216201269E+01  0.9987708060E+00
  0.9997119020E+00  0.4216219186E+01  0.9987850963E+00
  0.9997152914E+00  0.4216237103E+01  0.9987993868E+00
  0.9997186808E+00  0.4216255020E+01  0.9988136773E+00
  0.9997220702E+00  0.4216272938E+01  0.9988279678E+00
  0.9997254596E+00  0.4216290855E+01  0.9988422584E+00
  0.9997288490E+00  0.4216308773E+01  0.9988565491E+00
  0.9997322384E+00  0.4216326691E+01  0.9988708398E+00
  0.9997356277E+00  0.4216344609E+01  0.9988851306E+00
  0.9997390171E+00  0.4216362528E+01  0.9988994215E+00
  0.9997424065E+00  0.4216380446E+01  0.9989137124E+00
  0.9997457959E+00  0.4216398365E+01  0.9989280034E+00
  0.9997491853E+00  0.4216416284E+01  0.9989422944E+00
  0.9997525747E+00  0.4216434203E+01  0.9989565855E+00
  0.9997559641E+00  0.4216452123E+01  0.9989708767E+00
  0.9997593535E+00  0.4216470042E+01  0.9989851679E+00
  0.9997627428E+00  0.4216487962E+01  0.9989994592E+00
  0.9997661322E+00  0.4216505882E+01  0.9990137505E+00
  0.9997695216E+00  0.4216523802E+01  0.9990280420E+00
  0.9997729110E+00  0.4216541722E+01  0.9990423334E+00
  0.9997763004E+00  0.4216559643E+01  0.9990566249E+00
  0.9997796898E+00  0.4216577563E+01  0.9990709165E+00
  0.9997830792E+00  0.4216595484E+01  0.9990852082E+00
  0.9997864686E+00  0.4216613405E+01  0.9990994999E+00
  0.9997898579E+00  0.4216631327E+01  0.9991137917E+00
  0.9997932473E+00  0.4216649248E+01  0.9991280835E+00
  0.9997966367E+00  0.4216667170E+01  0.9991423754E+00
  0.9998000261E+00  0.4216685092E+01  0.9991566673E+00
  0.9998034155E+00  0.4216703014E+01  0.9991709593E+00
  0.9998068049E+00  0.4216720937E+01  0.9991852514E+00
  0.9998101943E+00  0.4216738859E+01  0.9991995435E+00
  0.9998135837E+00  0.4216756782E+01  0.9992138357E+00
  0.9998169731E+00  0.4216774705E+01  0.9992281280E+00
  0.9998203624E+00  0.4216792628E+01  0.9992424203E+00
  0.9998237518E+00  0.4216810552E+01  0.9992567127E+00
  0.9998271412E+00  0.4216828476E+01  0.9992710051E+00
  0.9998305306E+00  0.4216846399E+01  0.9992852976E+00
  0.9998339200E+00  0.4216864324E+01  0.9992995902E+00
  0.9998373094E+00  0.4216882248E+01  0.9993138828E+00
  0.9998406988E+00  0.4216900173E+01  0.9993281755E+00
  0.9998440882E+00  0.4216918097E+01  0.9993424682E+00
  0.9998474775E+00  0.4216936023E+01  0.9993567610E+00
  0.9998508669E+00  0.4216953948E+01  0.9993710539E+00
  0.9998542563E+00  0.4216971873E+01  0.9993853468E+00
  0.9998576457E+00  0.4216989799E+01  0.9993996398E+00
  0.9998610351E+00  0.4217007725E+01  0.9994139328E+00
  0.9998644245E+00  0.4217025651E+01  0.9994282259E+00
  0.9998678139E+00  0.4217043578E+01  0.9994425191E+00
  0.9998712033E+00  0.4217061505E+01  0.9994568123E+00
  0.9998745926E+00  0.4217079432E+01  0.9994711056E+00
  0.9998779820E+00  0.4217097359E+01  0.9994853990E+00
  0.9998813714E+00  0.4217115287E+01  0.9994996924E+00
  0.9998847608E+00  0.4217133214E+01  0.9995139859E+00
  0.9998881502E+00  0.4217151142E+01  0.9995282794E+00
  0.9998915396E+00  0.4217169071E+01  0.9995425730E+00
  0.9998949290E+00  0.4217186999E+01  0.9995568666E+00
  0.9998983184E+00  0.4217204928E+01  0.9995711603E+00
  0.9999017077E+00  0.4217222857E+01  0.9995854541E+00
  0.9999050971E+00  0.4217240786E+01  0.9995997479E+00
  0.9999084865E+00  0.4217258716E+01  0.9996140418E+00
  0.9999118759E+00  0.4217276645E+01  0.9996283358E+00
  0.9999152653E+00  0.4217294576E+01  0.9996426298E+00
  0.9999186547E+00  0.4217312506E+01  0.9996569239E+00
  0.9999220441E+00  0.4217330437E+01  0.9996712180E+00
  0.9999254335E+00  0.4217348367E+01  0.9996855122E+00
  0.9999288229E+00  0.4217366299E+01  0.9996998065E+00
  0.9999322122E+00  0.4217384230E+01  0.9997141008E+00
  0.9999356016E+00  0.4217402162E+01  0.9997283952E+00
  0.9999389910E+00  0.4217420094E+01  0.9997426896E+00
  0.9999423804E+00  0.4217438026E+01  0.9997569841E+00
  0.9999457698E+00  0.4217455958E+01  0.9997712787E+00
  0.9999491592E+00  0.4217473891E+01  0.9997855733E+00
  0.9999525486E+00  0.4217491824E+01  0.9997998680E+00
  0.9999559380E+00  0.4217509758E+01  0.9998141628E+00
  0.9999593273E+00  0.4217527691E+01  0.9998284576E+00
  0.9999627167E+00  0.4217545625E+01  0.9998427524E+00
  0.9999661061E+00  0.4217563560E+01  0.9998570474E+00
  0.9999694955E+00  0.4217581494E+01  0.9998713424E+00
  0.9999728849E+00  0.4217599429E+01  0.9998856374E+00
  0.9999762743E+00  0.4217617364E+01  0.9998999325E+00
  0.9999796637E+00  0.4217635299E+01  0.9999142277E+00
  0.9999830531E+00  0.4217653235E+01  0.9999285229E+00
  0.9999864424E+00  0.4217671171E+01  0.9999428182E+00
  0.9999898318E+00  0.4217689107E+01  0.9999571136E+00
  0.9999932212E+00  0.4217707044E+01  0.9999714090E+00
  0.9999966106E+00  0.4217724981E+01  0.9999857045E+00
  0.1000000000E+01  0.4217744240E+01  0.1000000000E+01
  0.1000000000E+01  0.4217744240E+01  0.1000000000E+01
