  0.0000000000E+00  0.4217743141E+01 -0.1000000000E+01
  0.6996492144E-18  0.4217743141E+01 -0.1000000000E+01
  0.3389387958E-05  0.4217691841E+01 -0.9999857045E+00
  0.6778775916E-05  0.4217640542E+01 -0.9999714092E+00
  0.1016816387E-04  0.4217589242E+01 -0.9999571141E+00
  0.1355755183E-04  0.4217537943E+01 -0.9999428191E+00
  0.1694693979E-04  0.4217486645E+01 -0.9999285243E+00
  0.2033632775E-04  0.4217435346E+01 -0.9999142297E+00
  0.2372571571E-04  0.4217384048E+01 -0.9998999353E+00
  0.2711510367E-04  0.4217332750E+01 -0.9998856410E+00
  0.3050449162E-04  0.4217281453E+01 -0.9998713469E+00
  0.3389387958E-04  0.4217230156E+01 -0.9998570530E+00
  0.3728326754E-04  0.4217178859E+01 -0.9998427593E+00
  0.4067265550E-04  0.4217127563E+01 -0.9998284657E+00
  0.4406204346E-04  0.4217076267E+01 -0.9998141723E+00
  0.4745143141E-04  0.4217024971E+01 -0.9997998791E+00
  0.5084081937E-04  0.4216973676E+01 -0.9997855860E+00
  0.5423020733E-04  0.4216922381E+01 -0.9997712932E+00
  0.5761959529E-04  0.4216871087E+01 -0.9997570005E+00
  0.6100898325E-04  0.4216819792E+01 -0.9997427079E+00
  0.6439837120E-04  0.4216768499E+01 -0.9997284156E+00
  0.6778775916E-04  0.4216717205E+01 -0.9997141234E+00
  0.7117714712E-04  0.4216665912E+01 -0.9996998314E+00
  0.7456653508E-04  0.4216614619E+01 -0.9996855396E+00
  0.7795592304E-04  0.4216563327E+01 -0.9996712479E+00
  0.8134531100E-04  0.4216512035E+01 -0.9996569564E+00
  0.8473469895E-04  0.4216460744E+01 -0.9996426651E+00
  0.8812408691E-04  0.4216409452E+01 -0.9996283740E+00
  0.9151347487E-04  0.4216358162E+01 -0.9996140830E+00
  0.9490286283E-04  0.4216306871E+01 -0.9995997923E+00
  0.9829225079E-04  0.4216255581E+01 -0.9995855016E+00
  0.1016816387E-03  0.4216204292E+01 -0.9995712112E+00
  0.1050710267E-03  0.4216153003E+01 -0.9995569209E+00
  0.1084604147E-03  0.4216101714E+01 -0.9995426308E+00
  0.1118498026E-03  0.4216050426E+01 -0.9995283409E+00
  0.1152391906E-03  0.4215999138E+01 -0.9995140512E+00
  0.1186285785E-03  0.4215947851E+01 -0.9994997616E+00
  0.1220179665E-03  0.4215896564E+01 -0.9994854722E+00
  0.1254073545E-03  0.4215845277E+01 -0.9994711830E+00
  0.1287967424E-03  0.4215793991E+01 -0.9994568940E+00
  0.1321861304E-03  0.4215742705E+01 -0.9994426051E+00
  0.1355755183E-03  0.4215691420E+01 -0.9994283164E+00
  0.1389649063E-03  0.4215640135E+01 -0.9994140278E+00
  0.1423542942E-03  0.4215588851E+01 -0.9993997395E+00
  0.1457436822E-03  0.4215537567E+01 -0.9993854513E+00
  0.1491330702E-03  0.4215486284E+01 -0.9993711633E+00
  0.1525224581E-03  0.4215435001E+01 -0.9993568755E+00
  0.1559118461E-03  0.4215383718E+01 -0.9993425878E+00
  0.1593012340E-03  0.4215332436E+01 -0.9993283003E+00
  0.1626906220E-03  0.4215281155E+01 -0.9993140130E+00
  0.1660800099E-03  0.4215229874E+01 -0.9992997259E+00
  0.1694693979E-03  0.4215178593E+01 -0.9992854389E+00
  0.1728587859E-03  0.4215127313E+01 -0.9992711521E+00
  0.1762481738E-03  0.4215076033E+01 -0.9992568655E+00
  0.1796375618E-03  0.4215024754E+01 -0.9992425791E+00
  0.1830269497E-03  0.4214973476E+01 -0.9992282928E+00
  0.1864163377E-03  0.4214922198E+01 -0.9992140067E+00
  0.1898057257E-03  0.4214870920E+01 -0.9991997208E+00
  0.1931951136E-03  0.4214819643E+01 -0.9991854351E+00
  0.1965845016E-03  0.4214768366E+01 -0.9991711495E+00
  0.1999738895E-03  0.4214717090E+01 -0.9991568641E+00
  0.2033632775E-03  0.4214665815E+01 -0.9991425789E+00
  0.2067526654E-03  0.4214614540E+01 -0.9991282938E+00
  0.2101420534E-03  0.4214563265E+01 -0.9991140089E+00
  0.2135314414E-03  0.4214511991E+01 -0.9990997242E+00
  0.2169208293E-03  0.4214460718E+01 -0.9990854397E+00
  0.2203102173E-03  0.4214409445E+01 -0.9990711553E+00
  0.2236996052E-03  0.4214358172E+01 -0.9990568712E+00
  0.2270889932E-03  0.4214306901E+01 -0.9990425872E+00
  0.2304783812E-03  0.4214255629E+01 -0.9990283033E+00
  0.2338677691E-03  0.4214204358E+01 -0.9990140197E+00
  0.2372571571E-03  0.4214153088E+01 -0.9989997362E+00
  0.2406465450E-03  0.4214101819E+01 -0.9989854529E+00
  0.2440359330E-03  0.4214050550E+01 -0.9989711697E+00
  0.2474253209E-03  0.4213999281E+01 -0.9989568868E+00
  0.2508147089E-03  0.4213948013E+01 -0.9989426040E+00
  0.2542040969E-03  0.4213896746E+01 -0.9989283214E+00
  0.2575934848E-03  0.4213845479E+01 -0.9989140389E+00
  0.2609828728E-03  0.4213794213E+01 -0.9988997566E+00
  0.2643722607E-03  0.4213742947E+01 -0.9988854745E+00
  0.2677616487E-03  0.4213691682E+01 -0.9988711926E+00
  0.2711510367E-03  0.4213640418E+01 -0.9988569109E+00
  0.2745404246E-03  0.4213589154E+01 -0.9988426293E+00
  0.2779298126E-03  0.4213537890E+01 -0.9988283479E+00
  0.2813192005E-03  0.4213486628E+01 -0.9988140667E+00
  0.2847085885E-03  0.4213435366E+01 -0.9987997856E+00
  0.2880979764E-03  0.4213384104E+01 -0.9987855047E+00
  0.2914873644E-03  0.4213332843E+01 -0.9987712240E+00
  0.2948767524E-03  0.4213281583E+01 -0.9987569435E+00
  0.2982661403E-03  0.4213230324E+01 -0.9987426631E+00
  0.3016555283E-03  0.4213179065E+01 -0.9987283829E+00
  0.3050449162E-03  0.4213127806E+01 -0.9987141029E+00
  0.3084343042E-03  0.4213076548E+01 -0.9986998231E+00
  0.3118236921E-03  0.4213025291E+01 -0.9986855434E+00
  0.3152130801E-03  0.4212974035E+01 -0.9986712639E+00
  0.3186024681E-03  0.4212922779E+01 -0.9986569846E+00
  0.3219918560E-03  0.4212871524E+01 -0.9986427055E+00
  0.3253812440E-03  0.4212820269E+01 -0.9986284265E+00
  0.3287706319E-03  0.4212769015E+01 -0.9986141477E+00
  0.3321600199E-03  0.4212717762E+01 -0.9985998691E+00
  0.3355494079E-03  0.4212666509E+01 -0.9985855906E+00
  0.3389387958E-03  0.4212615257E+01 -0.9985713124E+00
  0.3423624200E-03  0.4212563489E+01 -0.9985568901E+00
  0.3458206263E-03  0.4212511197E+01 -0.9985423222E+00
  0.3493137639E-03  0.4212458379E+01 -0.9985276074E+00
  0.3528421858E-03  0.4212405027E+01 -0.9985127442E+00
  0.3564062483E-03  0.4212351138E+01 -0.9984977310E+00
  0.3600063114E-03  0.4212296704E+01 -0.9984825664E+00
  0.3636427388E-03  0.4212241722E+01 -0.9984672488E+00
  0.3673158977E-03  0.4212186185E+01 -0.9984517767E+00
  0.3710261593E-03  0.4212130088E+01 -0.9984361484E+00
  0.3747738983E-03  0.4212073426E+01 -0.9984203626E+00
  0.3785594932E-03  0.4212016191E+01 -0.9984044175E+00
  0.3823833265E-03  0.4211958380E+01 -0.9983883116E+00
  0.3862457844E-03  0.4211899986E+01 -0.9983720432E+00
  0.3901472569E-03  0.4211841002E+01 -0.9983556107E+00
  0.3940881383E-03  0.4211781424E+01 -0.9983390124E+00
  0.3980688266E-03  0.4211721245E+01 -0.9983222467E+00
  0.4020897238E-03  0.4211660459E+01 -0.9983053120E+00
  0.4061512362E-03  0.4211599060E+01 -0.9982882064E+00
  0.4102537739E-03  0.4211537042E+01 -0.9982709283E+00
  0.4143977514E-03  0.4211474399E+01 -0.9982534759E+00
  0.4185835873E-03  0.4211411124E+01 -0.9982358475E+00
  0.4228117043E-03  0.4211347211E+01 -0.9982180413E+00
  0.4270825296E-03  0.4211282654E+01 -0.9982000555E+00
  0.4313964946E-03  0.4211217446E+01 -0.9981818883E+00
  0.4357540349E-03  0.4211151580E+01 -0.9981635379E+00
  0.4401555908E-03  0.4211085050E+01 -0.9981450024E+00
  0.4446016069E-03  0.4211017850E+01 -0.9981262800E+00
  0.4490925322E-03  0.4210949972E+01 -0.9981073688E+00
  0.4536288204E-03  0.4210881410E+01 -0.9980882669E+00
  0.4582109297E-03  0.4210812157E+01 -0.9980689723E+00
  0.4628393230E-03  0.4210742206E+01 -0.9980494832E+00
  0.4675144676E-03  0.4210671550E+01 -0.9980297975E+00
  0.4722368360E-03  0.4210600181E+01 -0.9980099133E+00
  0.4770069051E-03  0.4210528094E+01 -0.9979898287E+00
  0.4818251566E-03  0.4210455279E+01 -0.9979695414E+00
  0.4866920774E-03  0.4210381731E+01 -0.9979490497E+00
  0.4916081590E-03  0.4210307442E+01 -0.9979283513E+00
  0.4965738980E-03  0.4210232404E+01 -0.9979074442E+00
  0.5015897959E-03  0.4210156610E+01 -0.9978863263E+00
  0.5066563595E-03  0.4210080052E+01 -0.9978649954E+00
  0.5117741005E-03  0.4210002723E+01 -0.9978434495E+00
  0.5169435359E-03  0.4209924615E+01 -0.9978216864E+00
  0.5221651878E-03  0.4209845720E+01 -0.9977997038E+00
  0.5274395836E-03  0.4209766029E+01 -0.9977774997E+00
  0.5327672562E-03  0.4209685536E+01 -0.9977550716E+00
  0.5381487436E-03  0.4209604233E+01 -0.9977324175E+00
  0.5435845895E-03  0.4209522110E+01 -0.9977095349E+00
  0.5490753429E-03  0.4209439160E+01 -0.9976864217E+00
  0.5546215585E-03  0.4209355374E+01 -0.9976630755E+00
  0.5602237965E-03  0.4209270745E+01 -0.9976394939E+00
  0.5658826227E-03  0.4209185263E+01 -0.9976156746E+00
  0.5715986088E-03  0.4209098920E+01 -0.9975916152E+00
  0.5773723321E-03  0.4209011708E+01 -0.9975673133E+00
  0.5832043759E-03  0.4208923617E+01 -0.9975427664E+00
  0.5890953291E-03  0.4208834640E+01 -0.9975179721E+00
  0.5950457870E-03  0.4208744766E+01 -0.9974929279E+00
  0.6010563505E-03  0.4208653988E+01 -0.9974676312E+00
  0.6071276268E-03  0.4208562295E+01 -0.9974420796E+00
  0.6132602291E-03  0.4208469680E+01 -0.9974162705E+00
  0.6194547769E-03  0.4208376132E+01 -0.9973902012E+00
  0.6257118958E-03  0.4208281643E+01 -0.9973638692E+00
  0.6320322180E-03  0.4208186202E+01 -0.9973372718E+00
  0.6384163818E-03  0.4208089801E+01 -0.9973104063E+00
  0.6448650321E-03  0.4207992430E+01 -0.9972832701E+00
  0.6513788203E-03  0.4207894078E+01 -0.9972558605E+00
  0.6579584044E-03  0.4207794737E+01 -0.9972281746E+00
  0.6646044489E-03  0.4207694397E+01 -0.9972002098E+00
  0.6713176251E-03  0.4207593047E+01 -0.9971719631E+00
  0.6780986112E-03  0.4207490677E+01 -0.9971434318E+00
  0.6849480921E-03  0.4207387277E+01 -0.9971146131E+00
  0.6918667597E-03  0.4207282837E+01 -0.9970855039E+00
  0.6988553129E-03  0.4207177346E+01 -0.9970561014E+00
  0.7059144575E-03  0.4207070795E+01 -0.9970264028E+00
  0.7130449065E-03  0.4206963171E+01 -0.9969964048E+00
  0.7202473803E-03  0.4206854466E+01 -0.9969661047E+00
  0.7275226064E-03  0.4206744667E+01 -0.9969354993E+00
  0.7348713196E-03  0.4206633764E+01 -0.9969045855E+00
  0.7422942622E-03  0.4206521746E+01 -0.9968733603E+00
  0.7497921840E-03  0.4206408602E+01 -0.9968418206E+00
  0.7573658425E-03  0.4206294321E+01 -0.9968099631E+00
  0.7650160025E-03  0.4206178890E+01 -0.9967777847E+00
  0.7727434369E-03  0.4206062300E+01 -0.9967452822E+00
  0.7805489261E-03  0.4205944538E+01 -0.9967124523E+00
  0.7884332587E-03  0.4205825592E+01 -0.9966792917E+00
  0.7963972310E-03  0.4205705451E+01 -0.9966457971E+00
  0.8044416475E-03  0.4205584103E+01 -0.9966119651E+00
  0.8125673207E-03  0.4205461536E+01 -0.9965777924E+00
  0.8207750714E-03  0.4205337737E+01 -0.9965432756E+00
  0.8290657287E-03  0.4205212695E+01 -0.9965084111E+00
  0.8374401300E-03  0.4205086397E+01 -0.9964731955E+00
  0.8458991212E-03  0.4204958831E+01 -0.9964376252E+00
  0.8544435568E-03  0.4204829984E+01 -0.9964016968E+00
  0.8630742998E-03  0.4204699843E+01 -0.9963654065E+00
  0.8717922220E-03  0.4204568396E+01 -0.9963287508E+00
  0.8805982040E-03  0.4204435629E+01 -0.9962917261E+00
  0.8894931354E-03  0.4204301529E+01 -0.9962543285E+00
  0.8984779145E-03  0.4204166083E+01 -0.9962165544E+00
  0.9075534490E-03  0.4204029279E+01 -0.9961784000E+00
  0.9167206556E-03  0.4203891101E+01 -0.9961398614E+00
  0.9259804602E-03  0.4203751538E+01 -0.9961009348E+00
  0.9353337982E-03  0.4203610574E+01 -0.9960616164E+00
  0.9447816143E-03  0.4203468196E+01 -0.9960219021E+00
  0.9543248629E-03  0.4203324391E+01 -0.9959817880E+00
  0.9639645080E-03  0.4203179144E+01 -0.9959412702E+00
  0.9737015233E-03  0.4203032440E+01 -0.9959003445E+00
  0.9835368922E-03  0.4202884265E+01 -0.9958590068E+00
  0.9934716083E-03  0.4202734605E+01 -0.9958172531E+00
  0.1003506675E-02  0.4202583446E+01 -0.9957750792E+00
  0.1013643106E-02  0.4202430771E+01 -0.9957324807E+00
  0.1023881925E-02  0.4202276567E+01 -0.9956894536E+00
  0.1034224167E-02  0.4202120818E+01 -0.9956459934E+00
  0.1044670876E-02  0.4201963509E+01 -0.9956020959E+00
  0.1055223107E-02  0.4201804625E+01 -0.9955577567E+00
  0.1065881926E-02  0.4201644149E+01 -0.9955129713E+00
  0.1076648410E-02  0.4201482067E+01 -0.9954677352E+00
  0.1087523647E-02  0.4201318363E+01 -0.9954220440E+00
  0.1098508734E-02  0.4201153020E+01 -0.9953758930E+00
  0.1109604782E-02  0.4200986022E+01 -0.9953292778E+00
  0.1120812911E-02  0.4200817354E+01 -0.9952821935E+00
  0.1132134253E-02  0.4200646998E+01 -0.9952346356E+00
  0.1143569953E-02  0.4200474939E+01 -0.9951865992E+00
  0.1155121165E-02  0.4200301159E+01 -0.9951380797E+00
  0.1166789055E-02  0.4200125642E+01 -0.9950890720E+00
  0.1178574803E-02  0.4199948370E+01 -0.9950395715E+00
  0.1190479599E-02  0.4199769326E+01 -0.9949895730E+00
  0.1202504646E-02  0.4199588494E+01 -0.9949390717E+00
  0.1214651157E-02  0.4199405855E+01 -0.9948880624E+00
  0.1226920361E-02  0.4199221391E+01 -0.9948365402E+00
  0.1239313496E-02  0.4199035086E+01 -0.9947844998E+00
  0.1251831814E-02  0.4198846920E+01 -0.9947319361E+00
  0.1264476580E-02  0.4198656877E+01 -0.9946788439E+00
  0.1277249070E-02  0.4198464936E+01 -0.9946252178E+00
  0.1290150576E-02  0.4198271081E+01 -0.9945710526E+00
  0.1303182400E-02  0.4198075292E+01 -0.9945163427E+00
  0.1316345859E-02  0.4197877550E+01 -0.9944610828E+00
  0.1329642282E-02  0.4197677837E+01 -0.9944052674E+00
  0.1343073012E-02  0.4197476133E+01 -0.9943488909E+00
  0.1356639406E-02  0.4197272419E+01 -0.9942919476E+00
  0.1370342834E-02  0.4197066675E+01 -0.9942344320E+00
  0.1384184681E-02  0.4196858882E+01 -0.9941763383E+00
  0.1398166344E-02  0.4196649020E+01 -0.9941176607E+00
  0.1412289237E-02  0.4196437068E+01 -0.9940583934E+00
  0.1426554785E-02  0.4196223007E+01 -0.9939985304E+00
  0.1440964429E-02  0.4196006816E+01 -0.9939380659E+00
  0.1455519625E-02  0.4195788475E+01 -0.9938769938E+00
  0.1470221844E-02  0.4195567962E+01 -0.9938153080E+00
  0.1485072569E-02  0.4195345258E+01 -0.9937530024E+00
  0.1500073302E-02  0.4195120340E+01 -0.9936900709E+00
  0.1515225558E-02  0.4194893187E+01 -0.9936265071E+00
  0.1530530867E-02  0.4194663778E+01 -0.9935623047E+00
  0.1545990774E-02  0.4194432092E+01 -0.9934974574E+00
  0.1561606843E-02  0.4194198105E+01 -0.9934319586E+00
  0.1577380649E-02  0.4193961797E+01 -0.9933658020E+00
  0.1593313787E-02  0.4193723145E+01 -0.9932989810E+00
  0.1609407866E-02  0.4193482127E+01 -0.9932314888E+00
  0.1625664511E-02  0.4193238719E+01 -0.9931633188E+00
  0.1642085364E-02  0.4192992900E+01 -0.9930944643E+00
  0.1658672085E-02  0.4192744645E+01 -0.9930249183E+00
  0.1675426349E-02  0.4192493933E+01 -0.9929546741E+00
  0.1692349847E-02  0.4192240738E+01 -0.9928837246E+00
  0.1709444290E-02  0.4191985039E+01 -0.9928120627E+00
  0.1726711404E-02  0.4191726684E+01 -0.9927396815E+00
  0.1744152934E-02  0.4191465590E+01 -0.9926665736E+00
  0.1761770640E-02  0.4191201716E+01 -0.9925927319E+00
  0.1779566303E-02  0.4190935220E+01 -0.9925181491E+00
  0.1797541720E-02  0.4190666076E+01 -0.9924428177E+00
  0.1815698707E-02  0.4190394260E+01 -0.9923667303E+00
  0.1834039098E-02  0.4190119744E+01 -0.9922898794E+00
  0.1852564746E-02  0.4189842504E+01 -0.9922122572E+00
  0.1871277521E-02  0.4189562514E+01 -0.9921338563E+00
  0.1890179314E-02  0.4189279746E+01 -0.9920546687E+00
  0.1909272034E-02  0.4188994174E+01 -0.9919746867E+00
  0.1928557610E-02  0.4188705772E+01 -0.9918939023E+00
  0.1948037990E-02  0.4188414512E+01 -0.9918123076E+00
  0.1967715142E-02  0.4188120367E+01 -0.9917298944E+00
  0.1987591052E-02  0.4187823310E+01 -0.9916466546E+00
  0.2007667730E-02  0.4187523313E+01 -0.9915625801E+00
  0.2027947202E-02  0.4187220347E+01 -0.9914776624E+00
  0.2048431517E-02  0.4186914385E+01 -0.9913918932E+00
  0.2069122744E-02  0.4186605399E+01 -0.9913052640E+00
  0.2090022974E-02  0.4186293358E+01 -0.9912177662E+00
  0.2111134317E-02  0.4185978236E+01 -0.9911293913E+00
  0.2132458906E-02  0.4185660002E+01 -0.9910401304E+00
  0.2153998895E-02  0.4185338626E+01 -0.9909499748E+00
  0.2175756460E-02  0.4185014081E+01 -0.9908589155E+00
  0.2197733798E-02  0.4184686334E+01 -0.9907669437E+00
  0.2219933129E-02  0.4184355358E+01 -0.9906740501E+00
  0.2242356696E-02  0.4184021120E+01 -0.9905802257E+00
  0.2265006764E-02  0.4183683591E+01 -0.9904854611E+00
  0.2287885620E-02  0.4183342739E+01 -0.9903897472E+00
  0.2310995576E-02  0.4182998534E+01 -0.9902930743E+00
  0.2334338965E-02  0.4182650944E+01 -0.9901954330E+00
  0.2357918147E-02  0.4182299938E+01 -0.9900968136E+00
  0.2381735502E-02  0.4181945484E+01 -0.9899972065E+00
  0.2405793436E-02  0.4181587549E+01 -0.9898966018E+00
  0.2430094380E-02  0.4181226102E+01 -0.9897949897E+00
  0.2454640788E-02  0.4180861110E+01 -0.9896923601E+00
  0.2479435139E-02  0.4180492541E+01 -0.9895887029E+00
  0.2504479939E-02  0.4180120360E+01 -0.9894840080E+00
  0.2529777716E-02  0.4179744536E+01 -0.9893782650E+00
  0.2555331026E-02  0.4179365034E+01 -0.9892714635E+00
  0.2581142450E-02  0.4178981820E+01 -0.9891635931E+00
  0.2607214596E-02  0.4178594861E+01 -0.9890546431E+00
  0.2633550097E-02  0.4178204123E+01 -0.9889446029E+00
  0.2660151614E-02  0.4177809570E+01 -0.9888334616E+00
  0.2687021832E-02  0.4177411169E+01 -0.9887212083E+00
  0.2714163467E-02  0.4177008884E+01 -0.9886078320E+00
  0.2741579259E-02  0.4176602679E+01 -0.9884933215E+00
  0.2769271979E-02  0.4176192521E+01 -0.9883776657E+00
  0.2797244423E-02  0.4175778372E+01 -0.9882608532E+00
  0.2825499417E-02  0.4175360197E+01 -0.9881428725E+00
  0.2854039815E-02  0.4174937959E+01 -0.9880237121E+00
  0.2882868500E-02  0.4174511623E+01 -0.9879033603E+00
  0.2911988384E-02  0.4174081151E+01 -0.9877818052E+00
  0.2941402408E-02  0.4173646507E+01 -0.9876590351E+00
  0.2971113544E-02  0.4173207654E+01 -0.9875350379E+00
  0.3001124792E-02  0.4172764554E+01 -0.9874098013E+00
  0.3031439184E-02  0.4172317169E+01 -0.9872833133E+00
  0.3062059781E-02  0.4171865463E+01 -0.9871555614E+00
  0.3092989678E-02  0.4171409396E+01 -0.9870265331E+00
  0.3124231998E-02  0.4170948930E+01 -0.9868962157E+00
  0.3155789897E-02  0.4170484028E+01 -0.9867645967E+00
  0.3187666563E-02  0.4170014650E+01 -0.9866316630E+00
  0.3219865215E-02  0.4169540757E+01 -0.9864974018E+00
  0.3252389106E-02  0.4169062310E+01 -0.9863617999E+00
  0.3285241521E-02  0.4168579270E+01 -0.9862248441E+00
  0.3318425779E-02  0.4168091597E+01 -0.9860865210E+00
  0.3351945231E-02  0.4167599252E+01 -0.9859468171E+00
  0.3385803264E-02  0.4167102194E+01 -0.9858057188E+00
  0.3420003297E-02  0.4166600383E+01 -0.9856632123E+00
  0.3454548785E-02  0.4166093779E+01 -0.9855192838E+00
  0.3489443217E-02  0.4165582341E+01 -0.9853739193E+00
  0.3524690118E-02  0.4165066029E+01 -0.9852271045E+00
  0.3560293049E-02  0.4164544801E+01 -0.9850788252E+00
  0.3596255605E-02  0.4164018616E+01 -0.9849290670E+00
  0.3632581419E-02  0.4163487433E+01 -0.9847778153E+00
  0.3669274160E-02  0.4162951211E+01 -0.9846250554E+00
  0.3706337536E-02  0.4162409907E+01 -0.9844707724E+00
  0.3743775289E-02  0.4161863481E+01 -0.9843149513E+00
  0.3781591201E-02  0.4161311889E+01 -0.9841575771E+00
  0.3819789092E-02  0.4160755090E+01 -0.9839986344E+00
  0.3858372820E-02  0.4160193041E+01 -0.9838381078E+00
  0.3897346283E-02  0.4159625701E+01 -0.9836759817E+00
  0.3936713417E-02  0.4159053025E+01 -0.9835122404E+00
  0.3976478199E-02  0.4158474973E+01 -0.9833468681E+00
  0.4016644645E-02  0.4157891746E+01 -0.9831798487E+00
  0.4057216813E-02  0.4157304669E+01 -0.9830111659E+00
  0.4098198801E-02  0.4156713589E+01 -0.9828408034E+00
  0.4139594749E-02  0.4156117091E+01 -0.9826687446E+00
  0.4181408837E-02  0.4155515136E+01 -0.9824949730E+00
  0.4223645290E-02  0.4154907686E+01 -0.9823194716E+00
  0.4266308374E-02  0.4154294699E+01 -0.9821422235E+00
  0.4309402398E-02  0.4153676138E+01 -0.9819632115E+00
  0.4352931715E-02  0.4153051964E+01 -0.9817824184E+00
  0.4396900722E-02  0.4152422137E+01 -0.9815998267E+00
  0.4441313861E-02  0.4151786619E+01 -0.9814154187E+00
  0.4486175617E-02  0.4151145370E+01 -0.9812291767E+00
  0.4531490522E-02  0.4150498353E+01 -0.9810410826E+00
  0.4577263154E-02  0.4149845528E+01 -0.9808511183E+00
  0.4623498135E-02  0.4149186857E+01 -0.9806592655E+00
  0.4670200136E-02  0.4148522301E+01 -0.9804655057E+00
  0.4717373875E-02  0.4147851823E+01 -0.9802698202E+00
  0.4765024116E-02  0.4147175385E+01 -0.9800721901E+00
  0.4813155673E-02  0.4146492948E+01 -0.9798725966E+00
  0.4861773407E-02  0.4145804475E+01 -0.9796710202E+00
  0.4910882230E-02  0.4145109929E+01 -0.9794674417E+00
  0.4960487101E-02  0.4144409272E+01 -0.9792618414E+00
  0.5010593031E-02  0.4143701897E+01 -0.9790541997E+00
  0.5061205082E-02  0.4142988125E+01 -0.9788444965E+00
  0.5112328365E-02  0.4142268100E+01 -0.9786327117E+00
  0.5163968046E-02  0.4141541786E+01 -0.9784188251E+00
  0.5216129339E-02  0.4140809145E+01 -0.9782028160E+00
  0.5268817514E-02  0.4140070141E+01 -0.9779846638E+00
  0.5322037893E-02  0.4139324738E+01 -0.9777643475E+00
  0.5375795852E-02  0.4138572900E+01 -0.9775418461E+00
  0.5430096820E-02  0.4137814590E+01 -0.9773171382E+00
  0.5484946283E-02  0.4137048624E+01 -0.9770902023E+00
  0.5540349781E-02  0.4136273961E+01 -0.9768610168E+00
  0.5596312910E-02  0.4135492599E+01 -0.9766295598E+00
  0.5652841323E-02  0.4134704499E+01 -0.9763958092E+00
  0.5709940730E-02  0.4133909625E+01 -0.9761597427E+00
  0.5767616899E-02  0.4133107940E+01 -0.9759213378E+00
  0.5825875656E-02  0.4132299406E+01 -0.9756805716E+00
  0.5884722885E-02  0.4131483143E+01 -0.9754374213E+00
  0.5944164530E-02  0.4130655857E+01 -0.9751918637E+00
  0.6004206596E-02  0.4129821429E+01 -0.9749438756E+00
  0.6064855147E-02  0.4128979818E+01 -0.9746934335E+00
  0.6126116310E-02  0.4128130984E+01 -0.9744405134E+00
  0.6187996273E-02  0.4127274889E+01 -0.9741850913E+00
  0.6250501286E-02  0.4126411492E+01 -0.9739271429E+00
  0.6313637663E-02  0.4125540755E+01 -0.9736666437E+00
  0.6377411780E-02  0.4124662640E+01 -0.9734035690E+00
  0.6441830081E-02  0.4123777108E+01 -0.9731378937E+00
  0.6506899072E-02  0.4122884124E+01 -0.9728695928E+00
  0.6572625325E-02  0.4121983648E+01 -0.9725986406E+00
  0.6639015480E-02  0.4121075646E+01 -0.9723250116E+00
  0.6706076242E-02  0.4120160081E+01 -0.9720486799E+00
  0.6773814386E-02  0.4119236918E+01 -0.9717696191E+00
  0.6842236754E-02  0.4118306758E+01 -0.9714878030E+00
  0.6911350256E-02  0.4117367705E+01 -0.9712032049E+00
  0.6981161875E-02  0.4116415676E+01 -0.9709157980E+00
  0.7051678662E-02  0.4115455705E+01 -0.9706255554E+00
  0.7122907739E-02  0.4114487754E+01 -0.9703324498E+00
  0.7194856302E-02  0.4113510215E+01 -0.9700364535E+00
  0.7267531618E-02  0.4112524997E+01 -0.9697375386E+00
  0.7340941029E-02  0.4111531649E+01 -0.9694356770E+00
  0.7415091948E-02  0.4110530137E+01 -0.9691308403E+00
  0.7489991867E-02  0.4109520425E+01 -0.9688229998E+00
  0.7565648350E-02  0.4108502477E+01 -0.9685121264E+00
  0.7642069041E-02  0.4107473614E+01 -0.9681981911E+00
  0.7719261657E-02  0.4106436252E+01 -0.9678811645E+00
  0.7797233997E-02  0.4105390453E+01 -0.9675610169E+00
  0.7875993937E-02  0.4104336182E+01 -0.9672377181E+00
  0.7955549431E-02  0.4103273406E+01 -0.9669112379E+00
  0.8035908516E-02  0.4102202091E+01 -0.9665815456E+00
  0.8117079309E-02  0.4101122203E+01 -0.9662486104E+00
  0.8199070009E-02  0.4100033711E+01 -0.9659124012E+00
  0.8281888898E-02  0.4098936582E+01 -0.9655728864E+00
  0.8365544342E-02  0.4097830787E+01 -0.9652300343E+00
  0.8450044790E-02  0.4096720964E+01 -0.9648838126E+00
  0.8535398777E-02  0.4095609645E+01 -0.9645341886E+00
  0.8621614927E-02  0.4094501268E+01 -0.9641811287E+00
  0.8708701946E-02  0.4093391762E+01 -0.9638245991E+00
  0.8796668632E-02  0.4092274462E+01 -0.9634645661E+00
  0.8885523871E-02  0.4091155488E+01 -0.9631009958E+00
  0.8975276638E-02  0.4090032301E+01 -0.9627338537E+00
  0.9065935997E-02  0.4088901639E+01 -0.9623631052E+00
  0.9157511109E-02  0.4087763506E+01 -0.9619887157E+00
  0.9250011221E-02  0.4086617908E+01 -0.9616106501E+00
  0.9343445678E-02  0.4085464852E+01 -0.9612288730E+00
  0.9437823917E-02  0.4084304343E+01 -0.9608433488E+00
  0.9533155471E-02  0.4083136390E+01 -0.9604540414E+00
  0.9629449971E-02  0.4081961000E+01 -0.9600609144E+00
  0.9726717143E-02  0.4080778183E+01 -0.9596639312E+00
  0.9824966811E-02  0.4079586025E+01 -0.9592630546E+00
  0.9924208900E-02  0.4078373509E+01 -0.9588582481E+00
  0.1002445343E-01  0.4077153026E+01 -0.9584494747E+00
  0.1012571054E-01  0.4075925091E+01 -0.9580366961E+00
  0.1022799044E-01  0.4074695224E+01 -0.9576198738E+00
  0.1033130348E-01  0.4073457623E+01 -0.9571989686E+00
  0.1043566008E-01  0.4072212287E+01 -0.9567739414E+00
  0.1054107079E-01  0.4070959217E+01 -0.9563447526E+00
  0.1064754625E-01  0.4069698412E+01 -0.9559113625E+00
  0.1075509722E-01  0.4068424643E+01 -0.9554737310E+00
  0.1086373457E-01  0.4067133151E+01 -0.9550318183E+00
  0.1097346926E-01  0.4065833449E+01 -0.9545855840E+00
  0.1108431238E-01  0.4064525524E+01 -0.9541349868E+00
  0.1119627514E-01  0.4063209366E+01 -0.9536799850E+00
  0.1130936882E-01  0.4061884961E+01 -0.9532205366E+00
  0.1142360487E-01  0.4060552293E+01 -0.9527565990E+00
  0.1153899482E-01  0.4059211348E+01 -0.9522881294E+00
  0.1165555032E-01  0.4057862107E+01 -0.9518150846E+00
  0.1177328316E-01  0.4056504551E+01 -0.9513374210E+00
  0.1189220521E-01  0.4055138658E+01 -0.9508550943E+00
  0.1201232849E-01  0.4053764406E+01 -0.9503680603E+00
  0.1213366514E-01  0.4052342596E+01 -0.9498762764E+00
  0.1225622742E-01  0.4050909883E+01 -0.9493796998E+00
  0.1238002770E-01  0.4049467268E+01 -0.9488782854E+00
  0.1250507848E-01  0.4048014681E+01 -0.9483719871E+00
  0.1263139240E-01  0.4046552051E+01 -0.9478607589E+00
  0.1275898223E-01  0.4045079298E+01 -0.9473445540E+00
  0.1288786083E-01  0.4043596342E+01 -0.9468233254E+00
  0.1301804125E-01  0.4042103096E+01 -0.9462970255E+00
  0.1314953661E-01  0.4040599471E+01 -0.9457656065E+00
  0.1328236022E-01  0.4039085370E+01 -0.9452290201E+00
  0.1341652547E-01  0.4037546230E+01 -0.9446872185E+00
  0.1355204593E-01  0.4035981337E+01 -0.9441401544E+00
  0.1368893528E-01  0.4034405409E+01 -0.9435877794E+00
  0.1382720736E-01  0.4032818360E+01 -0.9430300435E+00
  0.1396687612E-01  0.4031193334E+01 -0.9424668982E+00
  0.1410795567E-01  0.4029515842E+01 -0.9418982976E+00
  0.1425046028E-01  0.4027824977E+01 -0.9413241935E+00
  0.1439440432E-01  0.4026107682E+01 -0.9407445357E+00
  0.1453980234E-01  0.4024324927E+01 -0.9401592772E+00
  0.1468666903E-01  0.4022507660E+01 -0.9395683714E+00
  0.1483501923E-01  0.4020684042E+01 -0.9389717668E+00
  0.1498486790E-01  0.4018853832E+01 -0.9383694098E+00
  0.1513623021E-01  0.4017050041E+01 -0.9377612433E+00
  0.1528912142E-01  0.4015231894E+01 -0.9371472107E+00
  0.1544355699E-01  0.4013398111E+01 -0.9365272576E+00
  0.1559955252E-01  0.4011544097E+01 -0.9359013301E+00
  0.1575712375E-01  0.4009675036E+01 -0.9352693734E+00
  0.1591628662E-01  0.4007790775E+01 -0.9346313320E+00
  0.1607705719E-01  0.4005975501E+01 -0.9339871431E+00
  0.1623945171E-01  0.4004149390E+01 -0.9333367429E+00
  0.1640348657E-01  0.4002280467E+01 -0.9326800761E+00
  0.1656917836E-01  0.4000336962E+01 -0.9320170921E+00
  0.1673654380E-01  0.3998343137E+01 -0.9313477408E+00
  0.1690559979E-01  0.3996325125E+01 -0.9306719675E+00
  0.1707636343E-01  0.3994314434E+01 -0.9299897122E+00
  0.1724885195E-01  0.3992252091E+01 -0.9293009166E+00
  0.1742308278E-01  0.3990078175E+01 -0.9286055326E+00
  0.1759907351E-01  0.3987881481E+01 -0.9279035091E+00
  0.1777684193E-01  0.3985661656E+01 -0.9271947871E+00
  0.1795640599E-01  0.3983418338E+01 -0.9264793069E+00
  0.1813778383E-01  0.3981151158E+01 -0.9257570087E+00
  0.1832099377E-01  0.3978859744E+01 -0.9250278321E+00
  0.1850605431E-01  0.3976543713E+01 -0.9242917165E+00
  0.1869298415E-01  0.3974202680E+01 -0.9235486006E+00
  0.1888180217E-01  0.3971815026E+01 -0.9227984249E+00
  0.1907252745E-01  0.3969376852E+01 -0.9220411319E+00
  0.1926517924E-01  0.3966931653E+01 -0.9212766599E+00
  0.1945977701E-01  0.3964507611E+01 -0.9205049397E+00
  0.1965634041E-01  0.3962069893E+01 -0.9197259022E+00
  0.1985488931E-01  0.3959577430E+01 -0.9189394850E+00
  0.2005544374E-01  0.3957020673E+01 -0.9181456306E+00
  0.2025802398E-01  0.3954378284E+01 -0.9173442840E+00
  0.2046265049E-01  0.3951667906E+01 -0.9165353907E+00
  0.2066934393E-01  0.3948924641E+01 -0.9157188904E+00
  0.2087812518E-01  0.3946148096E+01 -0.9148947188E+00
  0.2108901533E-01  0.3943239312E+01 -0.9140628218E+00
  0.2130203569E-01  0.3940266612E+01 -0.9132231481E+00
  0.2151720777E-01  0.3937367283E+01 -0.9123756247E+00
  0.2173455330E-01  0.3934436938E+01 -0.9115201740E+00
  0.2195409424E-01  0.3931470995E+01 -0.9106567296E+00
  0.2217585277E-01  0.3928469058E+01 -0.9097852252E+00
  0.2239985128E-01  0.3925430749E+01 -0.9089055943E+00
  0.2262611241E-01  0.3922355710E+01 -0.9080177698E+00
  0.2285465900E-01  0.3919243599E+01 -0.9071216844E+00
  0.2308551414E-01  0.3916094102E+01 -0.9062172704E+00
  0.2331870115E-01  0.3912906928E+01 -0.9053044597E+00
  0.2355424359E-01  0.3909681816E+01 -0.9043831839E+00
  0.2379216524E-01  0.3906418533E+01 -0.9034533741E+00
  0.2403249014E-01  0.3903146366E+01 -0.9025149577E+00
  0.2427524257E-01  0.3899864092E+01 -0.9015678578E+00
  0.2452044704E-01  0.3896545115E+01 -0.9006120006E+00
  0.2476812832E-01  0.3893189409E+01 -0.8996473149E+00
  0.2501831143E-01  0.3889796996E+01 -0.8986737290E+00
  0.2527102165E-01  0.3886367949E+01 -0.8976911709E+00
  0.2552628449E-01  0.3882868821E+01 -0.8966995721E+00
  0.2578412575E-01  0.3879409775E+01 -0.8956988543E+00
  0.2604457147E-01  0.3875893184E+01 -0.8946889366E+00
  0.2630764795E-01  0.3872287427E+01 -0.8936697545E+00
  0.2657338176E-01  0.3868640140E+01 -0.8926412414E+00
  0.2684179976E-01  0.3864963732E+01 -0.8916033222E+00
  0.2711292905E-01  0.3861301546E+01 -0.8905559138E+00
  0.2738679702E-01  0.3857601486E+01 -0.8894989336E+00
  0.2766343134E-01  0.3854015796E+01 -0.8884322846E+00
  0.2794285993E-01  0.3850419292E+01 -0.8873558649E+00
  0.2822511105E-01  0.3846791996E+01 -0.8862695917E+00
  0.2851021318E-01  0.3843143022E+01 -0.8851733832E+00
  0.2879819513E-01  0.3839656083E+01 -0.8840671295E+00
  0.2908908599E-01  0.3836240644E+01 -0.8829507054E+00
  0.2938291514E-01  0.3832899167E+01 -0.8818239970E+00
  0.2967971226E-01  0.3829569761E+01 -0.8806868976E+00
  0.2997950734E-01  0.3826220070E+01 -0.8795393136E+00
  0.3028233064E-01  0.3822845032E+01 -0.8783811560E+00
  0.3058821277E-01  0.3819302008E+01 -0.8772123579E+00
  0.3089718462E-01  0.3815407906E+01 -0.8760329027E+00
  0.3120927739E-01  0.3811499076E+01 -0.8748427514E+00
  0.3152452262E-01  0.3807581106E+01 -0.8736418121E+00
  0.3184295214E-01  0.3803657287E+01 -0.8724299906E+00
  0.3216459812E-01  0.3799729181E+01 -0.8712071912E+00
  0.3248949305E-01  0.3795800459E+01 -0.8699733167E+00
  0.3281766975E-01  0.3791874940E+01 -0.8687282676E+00
  0.3314916136E-01  0.3787956578E+01 -0.8674719423E+00
  0.3348400137E-01  0.3784049449E+01 -0.8662042370E+00
  0.3382222361E-01  0.3780271855E+01 -0.8649250261E+00
  0.3416386223E-01  0.3776563814E+01 -0.8636341727E+00
  0.3450895175E-01  0.3772853241E+01 -0.8623315603E+00
  0.3485752702E-01  0.3769154515E+01 -0.8610170816E+00
  0.3520962325E-01  0.3765410501E+01 -0.8596906356E+00
  0.3556527601E-01  0.3761703813E+01 -0.8583521162E+00
  0.3592452122E-01  0.3758038945E+01 -0.8570014004E+00
  0.3628739518E-01  0.3754420353E+01 -0.8556383625E+00
  0.3665393452E-01  0.3750972374E+01 -0.8542628516E+00
  0.3702417628E-01  0.3747585888E+01 -0.8528747119E+00
  0.3739815786E-01  0.3744366823E+01 -0.8514737857E+00
  0.3777591703E-01  0.3741255183E+01 -0.8500599046E+00
  0.3815749195E-01  0.3738219335E+01 -0.8486329146E+00
  0.3854292116E-01  0.3735372346E+01 -0.8471926443E+00
  0.3893224360E-01  0.3732582160E+01 -0.8457389232E+00
  0.3932549859E-01  0.3729860667E+01 -0.8442716018E+00
  0.3972272585E-01  0.3727229054E+01 -0.8427905221E+00
  0.4012396550E-01  0.3724689209E+01 -0.8412955196E+00
  0.4052925808E-01  0.3722103188E+01 -0.8397864547E+00
  0.4093864453E-01  0.3719224945E+01 -0.8382632653E+00
  0.4135216619E-01  0.3716385097E+01 -0.8367258724E+00
  0.4176986484E-01  0.3713190027E+01 -0.8351742106E+00
  0.4219178266E-01  0.3710083732E+01 -0.8336082049E+00
  0.4261796229E-01  0.3706867366E+01 -0.8320277282E+00
  0.4304844675E-01  0.3703684541E+01 -0.8304326644E+00
  0.4348327955E-01  0.3700659763E+01 -0.8288228385E+00
  0.4392250460E-01  0.3697558575E+01 -0.8271980972E+00
  0.4436616626E-01  0.3694412447E+01 -0.8255583301E+00
  0.4481430935E-01  0.3691285705E+01 -0.8239034053E+00
  0.4526697914E-01  0.3688173377E+01 -0.8222331762E+00
  0.4572422136E-01  0.3685070121E+01 -0.8205474971E+00
  0.4618608218E-01  0.3681973363E+01 -0.8188462227E+00
  0.4665260826E-01  0.3678912209E+01 -0.8171292001E+00
  0.4712384673E-01  0.3675844504E+01 -0.8153962780E+00
  0.4759984518E-01  0.3672745050E+01 -0.8136473194E+00
  0.4808065170E-01  0.3669289704E+01 -0.8118822703E+00
  0.4856631485E-01  0.3665993284E+01 -0.8101010320E+00
  0.4905688368E-01  0.3662879214E+01 -0.8083033738E+00
  0.4955240776E-01  0.3659975515E+01 -0.8064890483E+00
  0.5005293713E-01  0.3657128113E+01 -0.8046578357E+00
  0.5055852235E-01  0.3654299099E+01 -0.8028095609E+00
  0.5106921450E-01  0.3651368386E+01 -0.8009440874E+00
  0.5158506515E-01  0.3648306541E+01 -0.7990613164E+00
  0.5210612641E-01  0.3645204306E+01 -0.7971611334E+00
  0.5263245092E-01  0.3641894023E+01 -0.7952434442E+00
  0.5316409184E-01  0.3638230388E+01 -0.7933082382E+00
  0.5370110287E-01  0.3634663170E+01 -0.7913554261E+00
  0.5424353825E-01  0.3631020803E+01 -0.7893848441E+00
  0.5479145278E-01  0.3627300839E+01 -0.7873963742E+00
  0.5534490180E-01  0.3623434228E+01 -0.7853899181E+00
  0.5590394121E-01  0.3619481971E+01 -0.7833653803E+00
  0.5646862749E-01  0.3615358231E+01 -0.7813226728E+00
  0.5703901766E-01  0.3611081217E+01 -0.7792617277E+00
  0.5761516936E-01  0.3606715446E+01 -0.7771824548E+00
  0.5819714076E-01  0.3602264258E+01 -0.7750847448E+00
  0.5878499067E-01  0.3597732000E+01 -0.7729684862E+00
  0.5937877846E-01  0.3593123946E+01 -0.7708335650E+00
  0.5997856410E-01  0.3588240879E+01 -0.7686799253E+00
  0.6058440818E-01  0.3582308312E+01 -0.7665078079E+00
  0.6119637190E-01  0.3576046563E+01 -0.7643174812E+00
  0.6181451707E-01  0.3569684390E+01 -0.7621089316E+00
  0.6243890613E-01  0.3563248130E+01 -0.7598820691E+00
  0.6306960215E-01  0.3556899880E+01 -0.7576367446E+00
  0.6370666884E-01  0.3550853001E+01 -0.7553726883E+00
  0.6435017054E-01  0.3545176982E+01 -0.7530895346E+00
  0.6500017227E-01  0.3539489264E+01 -0.7507870120E+00
  0.6565673966E-01  0.3533784240E+01 -0.7484649716E+00
  0.6631993905E-01  0.3528177744E+01 -0.7461232271E+00
  0.6698983743E-01  0.3522573337E+01 -0.7437615838E+00
  0.6766650245E-01  0.3517049345E+01 -0.7413798506E+00
  0.6835000248E-01  0.3511575893E+01 -0.7389778178E+00
  0.6904040654E-01  0.3506134376E+01 -0.7365552900E+00
  0.6973778439E-01  0.3501323123E+01 -0.7341118671E+00
  0.7044220645E-01  0.3496432527E+01 -0.7316471804E+00
  0.7115374389E-01  0.3490896470E+01 -0.7291613073E+00
  0.7187246858E-01  0.3485134703E+01 -0.7266543844E+00
  0.7259845311E-01  0.3479017710E+01 -0.7241264510E+00
  0.7333177082E-01  0.3472904470E+01 -0.7215774671E+00
  0.7407249577E-01  0.3467096500E+01 -0.7190071512E+00
  0.7482070280E-01  0.3461219002E+01 -0.7164152440E+00
  0.7557646748E-01  0.3454667244E+01 -0.7138018527E+00
  0.7633986614E-01  0.3448985649E+01 -0.7111667330E+00
  0.7711097590E-01  0.3443670426E+01 -0.7085092359E+00
  0.7788987464E-01  0.3438541387E+01 -0.7058289628E+00
  0.7867664105E-01  0.3433169756E+01 -0.7031257470E+00
  0.7947135460E-01  0.3427617133E+01 -0.7003995669E+00
  0.8027409556E-01  0.3422293421E+01 -0.6976502150E+00
  0.8108494501E-01  0.3417383068E+01 -0.6948772411E+00
  0.8190398485E-01  0.3412443208E+01 -0.6920802911E+00
  0.8273129783E-01  0.3407112080E+01 -0.6892593378E+00
  0.8356696751E-01  0.3401302539E+01 -0.6864145450E+00
  0.8441107829E-01  0.3394949045E+01 -0.6835461504E+00
  0.8526371544E-01  0.3388974995E+01 -0.6806540375E+00
  0.8612496510E-01  0.3382680603E+01 -0.6777379945E+00
  0.8699491424E-01  0.3376472816E+01 -0.6747979347E+00
  0.8787365075E-01  0.3370231231E+01 -0.6718336471E+00
  0.8876126338E-01  0.3364673911E+01 -0.6688446536E+00
  0.8965784180E-01  0.3358712927E+01 -0.6658306319E+00
  0.9056347656E-01  0.3351235718E+01 -0.6627922505E+00
  0.9147825915E-01  0.3342331642E+01 -0.6597306710E+00
  0.9240228197E-01  0.3333721093E+01 -0.6566462585E+00
  0.9333563836E-01  0.3325239065E+01 -0.6535386670E+00
  0.9427842258E-01  0.3316422130E+01 -0.6504078403E+00
  0.9523072988E-01  0.3307581126E+01 -0.6472537970E+00
  0.9619265645E-01  0.3299556202E+01 -0.6440760065E+00
  0.9716429944E-01  0.3290755964E+01 -0.6408742912E+00
  0.9814575701E-01  0.3282122512E+01 -0.6376487905E+00
  0.9913712829E-01  0.3273650912E+01 -0.6343991878E+00
  0.1001385134E+00  0.3265375683E+01 -0.6311251458E+00
  0.1011500136E+00  0.3256334481E+01 -0.6278267904E+00
  0.1021717309E+00  0.3246910600E+01 -0.6245045514E+00
  0.1032037686E+00  0.3237007737E+01 -0.6211587274E+00
  0.1042462309E+00  0.3227323097E+01 -0.6177893167E+00
  0.1052992231E+00  0.3217779842E+01 -0.6143959951E+00
  0.1063628516E+00  0.3206925199E+01 -0.6109792453E+00
  0.1074372239E+00  0.3195928095E+01 -0.6075397214E+00
  0.1085224483E+00  0.3185075878E+01 -0.6040773105E+00
  0.1096186347E+00  0.3175506795E+01 -0.6005911186E+00
  0.1107258936E+00  0.3164438061E+01 -0.5970811383E+00
  0.1118443370E+00  0.3154386945E+01 -0.5935475143E+00
  0.1129740778E+00  0.3143526148E+01 -0.5899900097E+00
  0.1141152301E+00  0.3131900220E+01 -0.5864094011E+00
  0.1152679092E+00  0.3120474238E+01 -0.5828059104E+00
  0.1164322315E+00  0.3108284611E+01 -0.5791797690E+00
  0.1176083146E+00  0.3097041725E+01 -0.5755307791E+00
  0.1187962774E+00  0.3083868548E+01 -0.5718594335E+00
  0.1199962398E+00  0.3070656841E+01 -0.5681668339E+00
  0.1212083230E+00  0.3058888601E+01 -0.5644520743E+00
  0.1224326495E+00  0.3049696575E+01 -0.5607126230E+00
  0.1236693429E+00  0.3041003323E+01 -0.5569464587E+00
  0.1249185282E+00  0.3032738749E+01 -0.5531528441E+00
  0.1261803315E+00  0.3024084035E+01 -0.5493315846E+00
  0.1274548803E+00  0.3014695395E+01 -0.5454832250E+00
  0.1287423034E+00  0.3006410495E+01 -0.5416073698E+00
  0.1300427307E+00  0.2997630912E+01 -0.5377034601E+00
  0.1313562936E+00  0.2987740842E+01 -0.5337723789E+00
  0.1326831249E+00  0.2977400711E+01 -0.5298150108E+00
  0.1340233585E+00  0.2966072185E+01 -0.5258321898E+00
  0.1353771298E+00  0.2954118572E+01 -0.5218248976E+00
  0.1367445755E+00  0.2941734822E+01 -0.5177937678E+00
  0.1381258338E+00  0.2928904296E+01 -0.5137393331E+00
  0.1395210443E+00  0.2915211232E+01 -0.5096624476E+00
  0.1409303478E+00  0.2902598317E+01 -0.5055629180E+00
  0.1423538866E+00  0.2890708755E+01 -0.5014394191E+00
  0.1437918047E+00  0.2878902288E+01 -0.4972913052E+00
  0.1452442472E+00  0.2866247078E+01 -0.4931190557E+00
  0.1467113608E+00  0.2854617447E+01 -0.4889224766E+00
  0.1481932937E+00  0.2843065445E+01 -0.4847006847E+00
  0.1496901957E+00  0.2832066304E+01 -0.4804531268E+00
  0.1512022178E+00  0.2820642885E+01 -0.4761796159E+00
  0.1527295130E+00  0.2808876827E+01 -0.4718806469E+00
  0.1542722353E+00  0.2797029967E+01 -0.4675564681E+00
  0.1558305407E+00  0.2784782010E+01 -0.4632073842E+00
  0.1574045866E+00  0.2772164600E+01 -0.4588339397E+00
  0.1589945319E+00  0.2759129375E+01 -0.4544367123E+00
  0.1606005373E+00  0.2745397245E+01 -0.4500165626E+00
  0.1622227649E+00  0.2731192846E+01 -0.4455744247E+00
  0.1638613787E+00  0.2716685903E+01 -0.4411109400E+00
  0.1655165442E+00  0.2703004904E+01 -0.4366256976E+00
  0.1671884284E+00  0.2689509936E+01 -0.4321178672E+00
  0.1688772004E+00  0.2675884099E+01 -0.4275874036E+00
  0.1705830308E+00  0.2663797482E+01 -0.4230331082E+00
  0.1723060917E+00  0.2652407075E+01 -0.4184530361E+00
  0.1740465572E+00  0.2641346135E+01 -0.4138462385E+00
  0.1758046033E+00  0.2629599394E+01 -0.4092129560E+00
  0.1775804074E+00  0.2616549847E+01 -0.4045548894E+00
  0.1793741488E+00  0.2603899845E+01 -0.3998728208E+00
  0.1811860089E+00  0.2591819189E+01 -0.3951658629E+00
  0.1830161706E+00  0.2580082896E+01 -0.3904331543E+00
  0.1848648188E+00  0.2567426998E+01 -0.3856751869E+00
  0.1867321402E+00  0.2556195027E+01 -0.3808914623E+00
  0.1886183235E+00  0.2545758883E+01 -0.3760798524E+00
  0.1905235591E+00  0.2536941559E+01 -0.3712379815E+00
  0.1924480394E+00  0.2529221370E+01 -0.3663631159E+00
  0.1943919590E+00  0.2522417730E+01 -0.3614531258E+00
  0.1963555142E+00  0.2516753739E+01 -0.3565057802E+00
  0.1983389032E+00  0.2512254479E+01 -0.3515185404E+00
  0.2003423265E+00  0.2504385523E+01 -0.3464933137E+00
  0.2023659863E+00  0.2493783763E+01 -0.3414360164E+00
  0.2044100872E+00  0.2482529423E+01 -0.3363499734E+00
  0.2064748356E+00  0.2472075120E+01 -0.3312349676E+00
  0.2085604400E+00  0.2463844089E+01 -0.3260877802E+00
  0.2106671111E+00  0.2450491163E+01 -0.3209113361E+00
  0.2127950617E+00  0.2435848467E+01 -0.3157123914E+00
  0.2149445068E+00  0.2419105389E+01 -0.3104946631E+00
  0.2171156634E+00  0.2397354869E+01 -0.3052660183E+00
  0.2193087509E+00  0.2376962978E+01 -0.3000307699E+00
  0.2215239908E+00  0.2359021084E+01 -0.2947850994E+00
  0.2237616069E+00  0.2339796274E+01 -0.2895280248E+00
  0.2260218251E+00  0.2320198065E+01 -0.2842617227E+00
  0.2283048739E+00  0.2300019247E+01 -0.2789876320E+00
  0.2306109837E+00  0.2278930466E+01 -0.2737078515E+00
  0.2329403876E+00  0.2260428584E+01 -0.2684208512E+00
  0.2352933208E+00  0.2239625250E+01 -0.2631266882E+00
  0.2376700210E+00  0.2216520294E+01 -0.2578312272E+00
  0.2400707283E+00  0.2192593397E+01 -0.2525387315E+00
  0.2424956851E+00  0.2167518573E+01 -0.2472521898E+00
  0.2449451365E+00  0.2142306176E+01 -0.2419738367E+00
  0.2474193298E+00  0.2119160378E+01 -0.2367019907E+00
  0.2499185149E+00  0.2095799973E+01 -0.2314350076E+00
  0.2524429444E+00  0.2071090957E+01 -0.2261754965E+00
  0.2549928731E+00  0.2041326922E+01 -0.2209323103E+00
  0.2575685587E+00  0.2007668485E+01 -0.2157178407E+00
  0.2601702613E+00  0.1974829221E+01 -0.2105372034E+00
  0.2627982438E+00  0.1941525030E+01 -0.2053911483E+00
  0.2654527715E+00  0.1906076994E+01 -0.2002843652E+00
  0.2681341126E+00  0.1869920180E+01 -0.1952219969E+00
  0.2708425380E+00  0.1834809315E+01 -0.1902050052E+00
  0.2735783212E+00  0.1794265865E+01 -0.1852408237E+00
  0.2763417386E+00  0.1753004142E+01 -0.1803395299E+00
  0.2791330693E+00  0.1707766136E+01 -0.1755094528E+00
  0.2819525952E+00  0.1660315993E+01 -0.1707612553E+00
  0.2848006012E+00  0.1608977109E+01 -0.1661057721E+00
  0.2876773750E+00  0.1557384988E+01 -0.1615513184E+00
  0.2905832071E+00  0.1506709386E+01 -0.1570994465E+00
  0.2935183910E+00  0.1457964892E+01 -0.1527485144E+00
  0.2964832232E+00  0.1410101447E+01 -0.1484968467E+00
  0.2994780032E+00  0.1356476810E+01 -0.1443542000E+00
  0.3025030336E+00  0.1309636401E+01 -0.1403216633E+00
  0.3055586198E+00  0.1264684643E+01 -0.1363886334E+00
  0.3086450705E+00  0.1220110068E+01 -0.1325540352E+00
  0.3117626974E+00  0.1180828252E+01 -0.1288114202E+00
  0.3149118156E+00  0.1141030459E+01 -0.1251555165E+00
  0.3180927430E+00  0.1096810335E+01 -0.1215963119E+00
  0.3213058010E+00  0.1051320498E+01 -0.1181452774E+00
  0.3245513142E+00  0.1003079849E+01 -0.1148114857E+00
  0.3278296103E+00  0.9495565792E+00 -0.1116108255E+00
  0.3311410205E+00  0.9010131046E+00 -0.1085468279E+00
  0.3344858793E+00  0.8521360691E+00 -0.1056148096E+00
  0.3378645245E+00  0.8119305104E+00 -0.1028036643E+00
  0.3412772975E+00  0.7805309026E+00 -0.1000863097E+00
  0.3447245429E+00  0.7542775560E+00 -0.9744087897E-01
  0.3482066090E+00  0.7292200284E+00 -0.9485806065E-01
  0.3517238475E+00  0.7026686955E+00 -0.9233991360E-01
  0.3552766136E+00  0.6759028805E+00 -0.8989104239E-01
  0.3588652663E+00  0.6441827468E+00 -0.8752237799E-01
  0.3624901680E+00  0.6074690787E+00 -0.8525382059E-01
  0.3661516848E+00  0.5654188558E+00 -0.8310654612E-01
  0.3698501867E+00  0.5308228692E+00 -0.8107932009E-01
  0.3735860472E+00  0.4980879117E+00 -0.7915738653E-01
  0.3773596436E+00  0.4705312384E+00 -0.7732979764E-01
  0.3811713572E+00  0.4498805650E+00 -0.7557562456E-01
  0.3850215729E+00  0.4347817048E+00 -0.7387255427E-01
  0.3889106797E+00  0.4275865956E+00 -0.7219563306E-01
  0.3928390704E+00  0.4219385002E+00 -0.7052699982E-01
  0.3968071418E+00  0.4166424175E+00 -0.6886322533E-01
  0.4008152948E+00  0.4152233472E+00 -0.6719610272E-01
  0.4048639341E+00  0.4140776805E+00 -0.6551733234E-01
  0.4089534688E+00  0.4125977617E+00 -0.6382697339E-01
  0.4130843119E+00  0.4138987210E+00 -0.6211990974E-01
  0.4172568807E+00  0.4142441079E+00 -0.6039216827E-01
  0.4214715967E+00  0.4129462221E+00 -0.5864898212E-01
  0.4257288855E+00  0.4103572036E+00 -0.5689646187E-01
  0.4300291773E+00  0.3985478564E+00 -0.5515719799E-01
  0.4343729064E+00  0.3880487244E+00 -0.5344881677E-01
  0.4387605115E+00  0.3793310713E+00 -0.5176533701E-01
  0.4431924359E+00  0.3722751658E+00 -0.5009980602E-01
  0.4476691271E+00  0.3702872269E+00 -0.4843769473E-01
  0.4521910375E+00  0.3748140718E+00 -0.4675305408E-01
  0.4567586237E+00  0.3825421258E+00 -0.4502340921E-01
  0.4613723472E+00  0.3916998388E+00 -0.4323734005E-01
  0.4660326740E+00  0.3980335586E+00 -0.4139713221E-01
  0.4707400747E+00  0.4070511328E+00 -0.3950220407E-01
  0.4754950250E+00  0.4216490331E+00 -0.3753199004E-01
  0.4802980050E+00  0.4340193799E+00 -0.3547711088E-01
  0.4851495000E+00  0.4459676299E+00 -0.3334248459E-01
  0.4900500000E+00  0.4592538661E+00 -0.3112446562E-01
  0.4950000000E+00  0.4744810275E+00 -0.2881347176E-01
  0.5000000000E+00  0.4940424040E+00 -0.2634952704E-01
  0.5050000000E+00  0.5217647172E+00 -0.2381000924E-01
  0.5099500000E+00  0.5461462907E+00 -0.2116692949E-01
  0.5148505000E+00  0.5590526819E+00 -0.1845891571E-01
  0.5197019950E+00  0.5705345455E+00 -0.1571882232E-01
  0.5245049750E+00  0.5780950557E+00 -0.1296039979E-01
  0.5292599253E+00  0.5890780086E+00 -0.1018547486E-01
  0.5339673260E+00  0.6050125657E+00 -0.7374943430E-02
  0.5386276528E+00  0.6287524206E+00 -0.4500069452E-02
  0.5432413763E+00  0.6514550075E+00 -0.1546807922E-02
  0.5478089625E+00  0.6728173472E+00  0.1477556169E-02
  0.5523308729E+00  0.6883308727E+00  0.4555051298E-02
  0.5568075641E+00  0.7154698158E+00  0.7697242442E-02
  0.5612394885E+00  0.7491299099E+00  0.1094274004E-01
  0.5656270936E+00  0.7920096042E+00  0.1432369585E-01
  0.5699708227E+00  0.8384371042E+00  0.1786480523E-01
  0.5742711145E+00  0.8806751311E+00  0.2156114733E-01
  0.5785284033E+00  0.9194198511E+00  0.2539290948E-01
  0.5827431193E+00  0.9616189842E+00  0.2935693169E-01
  0.5869156881E+00  0.1008710372E+01  0.3346759910E-01
  0.5910465312E+00  0.1054842945E+01  0.3772970661E-01
  0.5951360659E+00  0.1098486232E+01  0.4213276379E-01
  0.5991847052E+00  0.1137548223E+01  0.4665921232E-01
  0.6031928582E+00  0.1166850835E+01  0.5127740426E-01
  0.6071609296E+00  0.1188547580E+01  0.5595059883E-01
  0.6110893203E+00  0.1203107832E+01  0.6064827727E-01
  0.6149784271E+00  0.1212324436E+01  0.6534521430E-01
  0.6188286428E+00  0.1221951386E+01  0.7003145782E-01
  0.6226403564E+00  0.1234354400E+01  0.7471282487E-01
  0.6264139528E+00  0.1250750579E+01  0.7940171652E-01
  0.6301498133E+00  0.1272259434E+01  0.8411452321E-01
  0.6338483152E+00  0.1296106274E+01  0.8886407589E-01
  0.6375098320E+00  0.1316949118E+01  0.9364794906E-01
  0.6411347337E+00  0.1334292917E+01  0.9845319491E-01
  0.6447233864E+00  0.1352504496E+01  0.1032741863E+00
  0.6482761525E+00  0.1365507937E+01  0.1081024175E+00
  0.6517933910E+00  0.1379204027E+01  0.1129293208E+00
  0.6552754571E+00  0.1399491299E+01  0.1177671212E+00
  0.6587227025E+00  0.1426218911E+01  0.1226375795E+00
  0.6621354755E+00  0.1459145181E+01  0.1275611258E+00
  0.6655141207E+00  0.1493894049E+01  0.1325497617E+00
  0.6688589795E+00  0.1522921488E+01  0.1375951727E+00
  0.6721703897E+00  0.1545957642E+01  0.1426763316E+00
  0.6754486858E+00  0.1570081799E+01  0.1477839815E+00
  0.6786941990E+00  0.1594145472E+01  0.1529187521E+00
  0.6819072570E+00  0.1619112455E+01  0.1580809442E+00
  0.6850881844E+00  0.1639541711E+01  0.1632637154E+00
  0.6882373026E+00  0.1660251293E+01  0.1684594344E+00
  0.6913549295E+00  0.1679033690E+01  0.1736647569E+00
  0.6944413802E+00  0.1689853753E+01  0.1788637094E+00
  0.6974969664E+00  0.1702692288E+01  0.1840468179E+00
  0.7005219968E+00  0.1718656615E+01  0.1892216600E+00
  0.7035167768E+00  0.1737077695E+01  0.1943962420E+00
  0.7064816090E+00  0.1759744896E+01  0.1995799882E+00
  0.7094167929E+00  0.1782156844E+01  0.2047780547E+00
  0.7123226250E+00  0.1796768574E+01  0.2099779328E+00
  0.7151993988E+00  0.1812731769E+01  0.2151697907E+00
  0.7180474048E+00  0.1827964630E+01  0.2203541533E+00
  0.7208669307E+00  0.1844288039E+01  0.2255311592E+00
  0.7236582614E+00  0.1859901273E+01  0.2307009679E+00
  0.7264216788E+00  0.1867614312E+01  0.2358513085E+00
  0.7291574620E+00  0.1875580639E+01  0.2409715935E+00
  0.7318658874E+00  0.1883803891E+01  0.2460625997E+00
  0.7345472285E+00  0.1891024646E+01  0.2511234012E+00
  0.7372017562E+00  0.1897957591E+01  0.2561523804E+00
  0.7398297387E+00  0.1904167794E+01  0.2611483398E+00
  0.7424314413E+00  0.1908478390E+01  0.2661080255E+00
  0.7450071269E+00  0.1912884171E+01  0.2710293398E+00
  0.7475570556E+00  0.1916778464E+01  0.2759120232E+00
  0.7500814851E+00  0.1919519897E+01  0.2807542554E+00
  0.7525806702E+00  0.1922622407E+01  0.2855553679E+00
  0.7550548635E+00  0.1927223400E+01  0.2903179993E+00
  0.7575043149E+00  0.1932653271E+01  0.2950452894E+00
  0.7599292717E+00  0.1936891307E+01  0.2997370287E+00
  0.7623299790E+00  0.1947034979E+01  0.3043991138E+00
  0.7647066792E+00  0.1958394288E+01  0.3090401310E+00
  0.7670596124E+00  0.1969531329E+01  0.3136612043E+00
  0.7693890163E+00  0.1983325912E+01  0.3182651048E+00
  0.7716951261E+00  0.1999290572E+01  0.3228572804E+00
  0.7739781749E+00  0.2015398004E+01  0.3274401452E+00
  0.7762383931E+00  0.2031805105E+01  0.3320139264E+00
  0.7784760092E+00  0.2055738510E+01  0.3365871030E+00
  0.7806912491E+00  0.2084463621E+01  0.3411728735E+00
  0.7828843366E+00  0.2114937835E+01  0.3457777009E+00
  0.7850554932E+00  0.2143474211E+01  0.3504005407E+00
  0.7872049383E+00  0.2171573770E+01  0.3550380200E+00
  0.7893328889E+00  0.2197754672E+01  0.3596868776E+00
  0.7914395600E+00  0.2220709136E+01  0.3643410026E+00
  0.7935251644E+00  0.2239895348E+01  0.3689925308E+00
  0.7955899128E+00  0.2257353847E+01  0.3736353747E+00
  0.7976340137E+00  0.2274312060E+01  0.3782669658E+00
  0.7996576735E+00  0.2289660908E+01  0.3828849303E+00
  0.8016610968E+00  0.2302733421E+01  0.3874851851E+00
  0.8036444858E+00  0.2314105310E+01  0.3920636788E+00
  0.8056080410E+00  0.2325446002E+01  0.3966186862E+00
  0.8075519606E+00  0.2337314455E+01  0.4011507019E+00
  0.8094764409E+00  0.2348036158E+01  0.4056591346E+00
  0.8113816765E+00  0.2356137436E+01  0.4101404141E+00
  0.8132678598E+00  0.2364314731E+01  0.4145922329E+00
  0.8151351812E+00  0.2372674660E+01  0.4190149738E+00
  0.8169838294E+00  0.2381241989E+01  0.4234091335E+00
  0.8188139911E+00  0.2391317040E+01  0.4277764109E+00
  0.8206258512E+00  0.2400212643E+01  0.4321172016E+00
  0.8224195926E+00  0.2410310813E+01  0.4364316193E+00
  0.8241953967E+00  0.2420596184E+01  0.4407209915E+00
  0.8259534428E+00  0.2432129786E+01  0.4449866493E+00
  0.8276939083E+00  0.2445305942E+01  0.4492311538E+00
  0.8294169692E+00  0.2458671962E+01  0.4534560801E+00
  0.8311227996E+00  0.2472619034E+01  0.4576620529E+00
  0.8328115716E+00  0.2488278375E+01  0.4618509653E+00
  0.8344834558E+00  0.2504991654E+01  0.4660250501E+00
  0.8361386213E+00  0.2522502126E+01  0.4701857171E+00
  0.8377772351E+00  0.2540226477E+01  0.4743336455E+00
  0.8393994627E+00  0.2560265625E+01  0.4784707252E+00
  0.8410054681E+00  0.2581659512E+01  0.4825997049E+00
  0.8425954134E+00  0.2604201675E+01  0.4867223227E+00
  0.8441694593E+00  0.2626904940E+01  0.4908393236E+00
  0.8457277647E+00  0.2649148176E+01  0.4949501747E+00
  0.8472704870E+00  0.2668223385E+01  0.4990517886E+00
  0.8487977822E+00  0.2684568180E+01  0.5031394349E+00
  0.8503098043E+00  0.2699939115E+01  0.5072101821E+00
  0.8518067063E+00  0.2715831520E+01  0.5112636209E+00
  0.8532886392E+00  0.2732274551E+01  0.5153004849E+00
  0.8547557528E+00  0.2745977256E+01  0.5193190937E+00
  0.8562081953E+00  0.2760354530E+01  0.5233179088E+00
  0.8576461134E+00  0.2774966297E+01  0.5272975777E+00
  0.8590696522E+00  0.2787484587E+01  0.5312567602E+00
  0.8604789557E+00  0.2800412543E+01  0.5351942816E+00
  0.8618741662E+00  0.2811613019E+01  0.5391092600E+00
  0.8632554245E+00  0.2822640717E+01  0.5430004399E+00
  0.8646228702E+00  0.2831456094E+01  0.5468662753E+00
  0.8659766415E+00  0.2839698448E+01  0.5507049984E+00
  0.8673168751E+00  0.2847890291E+01  0.5545163471E+00
  0.8686437064E+00  0.2856051526E+01  0.5583004312E+00
  0.8699572693E+00  0.2863381118E+01  0.5620568486E+00
  0.8712576966E+00  0.2870547568E+01  0.5657851273E+00
  0.8725451197E+00  0.2877390050E+01  0.5694851410E+00
  0.8738196685E+00  0.2882130704E+01  0.5731555361E+00
  0.8750814718E+00  0.2886296624E+01  0.5767948465E+00
  0.8763306571E+00  0.2889887037E+01  0.5804026083E+00
  0.8775673505E+00  0.2894171738E+01  0.5839791620E+00
  0.8787916770E+00  0.2898942932E+01  0.5875254939E+00
  0.8800037602E+00  0.2903551061E+01  0.5910420467E+00
  0.8812037226E+00  0.2908523579E+01  0.5945291823E+00
  0.8823916854E+00  0.2914260519E+01  0.5979878076E+00
  0.8835677685E+00  0.2920455179E+01  0.6014188630E+00
  0.8847320908E+00  0.2926819426E+01  0.6048229192E+00
  0.8858847699E+00  0.2933290232E+01  0.6082003321E+00
  0.8870259222E+00  0.2939126707E+01  0.6115509932E+00
  0.8881556630E+00  0.2944521541E+01  0.6148744918E+00
  0.8892741064E+00  0.2949548987E+01  0.6181705839E+00
  0.8903813653E+00  0.2953843217E+01  0.6214388758E+00
  0.8914775517E+00  0.2957680325E+01  0.6246789415E+00
  0.8925627761E+00  0.2962785265E+01  0.6278914586E+00
  0.8936371484E+00  0.2968694055E+01  0.6310777669E+00
  0.8947007769E+00  0.2974695169E+01  0.6342385461E+00
  0.8957537691E+00  0.2980717893E+01  0.6373740479E+00
  0.8967962314E+00  0.2986112424E+01  0.6404841458E+00
  0.8978282691E+00  0.2991253081E+01  0.6435685790E+00
  0.8988499864E+00  0.2996160932E+01  0.6466273013E+00
  0.8998614866E+00  0.3001316285E+01  0.6496605258E+00
  0.9008628717E+00  0.3007133916E+01  0.6526689121E+00
  0.9018542430E+00  0.3012763990E+01  0.6556528891E+00
  0.9028357006E+00  0.3018038935E+01  0.6586123777E+00
  0.9038073436E+00  0.3023561640E+01  0.6615475171E+00
  0.9047692701E+00  0.3028985611E+01  0.6644585701E+00
  0.9057215774E+00  0.3034953926E+01  0.6673459370E+00
  0.9066643616E+00  0.3040838078E+01  0.6702100175E+00
  0.9075977180E+00  0.3046523291E+01  0.6730508563E+00
  0.9085217408E+00  0.3052376646E+01  0.6758686176E+00
  0.9094365234E+00  0.3058425113E+01  0.6786636452E+00
  0.9103421582E+00  0.3064303131E+01  0.6814361229E+00
  0.9112387366E+00  0.3070736123E+01  0.6841863948E+00
  0.9121263493E+00  0.3077823393E+01  0.6869151644E+00
  0.9130050858E+00  0.3085124413E+01  0.6896229680E+00
  0.9138750349E+00  0.3092692591E+01  0.6923101613E+00
  0.9147362846E+00  0.3100632692E+01  0.6949771609E+00
  0.9155889217E+00  0.3108705340E+01  0.6976243171E+00
  0.9164330325E+00  0.3116883227E+01  0.7002518603E+00
  0.9172687022E+00  0.3125135951E+01  0.7028599934E+00
  0.9180960151E+00  0.3133431175E+01  0.7054488903E+00
  0.9189150550E+00  0.3141735761E+01  0.7080186962E+00
  0.9197259044E+00  0.3150486933E+01  0.7105697188E+00
  0.9205286454E+00  0.3159683252E+01  0.7131024348E+00
  0.9213233589E+00  0.3168893526E+01  0.7156171377E+00
  0.9221101254E+00  0.3177959629E+01  0.7181138831E+00
  0.9228890241E+00  0.3186217452E+01  0.7205924079E+00
  0.9236601339E+00  0.3194245110E+01  0.7230524264E+00
  0.9244235325E+00  0.3202181212E+01  0.7254939380E+00
  0.9251792972E+00  0.3210829758E+01  0.7279173016E+00
  0.9259275042E+00  0.3219587492E+01  0.7303229433E+00
  0.9266682292E+00  0.3228092571E+01  0.7327109221E+00
  0.9274015469E+00  0.3236350507E+01  0.7350811674E+00
  0.9281275314E+00  0.3244515959E+01  0.7374336718E+00
  0.9288462561E+00  0.3252271000E+01  0.7397683723E+00
  0.9295577935E+00  0.3259746182E+01  0.7420851444E+00
  0.9302622156E+00  0.3267133418E+01  0.7443839834E+00
  0.9309595935E+00  0.3274097568E+01  0.7466648381E+00
  0.9316499975E+00  0.3280860440E+01  0.7489276230E+00
  0.9323334975E+00  0.3287485690E+01  0.7511723553E+00
  0.9330101626E+00  0.3293414295E+01  0.7533988878E+00
  0.9336800609E+00  0.3299481262E+01  0.7556071728E+00
  0.9343432603E+00  0.3305342517E+01  0.7577973303E+00
  0.9349998277E+00  0.3311094229E+01  0.7599693986E+00
  0.9356498295E+00  0.3316506602E+01  0.7621233746E+00
  0.9362933312E+00  0.3321657944E+01  0.7642592097E+00
  0.9369303978E+00  0.3326826701E+01  0.7663769738E+00
  0.9375610939E+00  0.3332145767E+01  0.7684768675E+00
  0.9381854829E+00  0.3337460470E+01  0.7705590821E+00
  0.9388036281E+00  0.3342853364E+01  0.7726237840E+00
  0.9394155918E+00  0.3348318730E+01  0.7746711612E+00
  0.9400214359E+00  0.3354117428E+01  0.7767014769E+00
  0.9406212215E+00  0.3359927526E+01  0.7787149707E+00
  0.9412150093E+00  0.3365526431E+01  0.7807117170E+00
  0.9418028592E+00  0.3370957359E+01  0.7826917376E+00
  0.9423848306E+00  0.3376176536E+01  0.7846550571E+00
  0.9429609823E+00  0.3381250574E+01  0.7866017087E+00
  0.9435313725E+00  0.3386660063E+01  0.7885318835E+00
  0.9440960588E+00  0.3392358091E+01  0.7904458928E+00
  0.9446550982E+00  0.3397820540E+01  0.7923438815E+00
  0.9452085472E+00  0.3403122501E+01  0.7942258692E+00
  0.9457564617E+00  0.3408112502E+01  0.7960918565E+00
  0.9462988971E+00  0.3413229898E+01  0.7979419252E+00
  0.9468359082E+00  0.3418681482E+01  0.7997763311E+00
  0.9473675491E+00  0.3424221442E+01  0.8015953147E+00
  0.9478938736E+00  0.3429421870E+01  0.8033989349E+00
  0.9484149348E+00  0.3435084256E+01  0.8051873490E+00
  0.9489307855E+00  0.3440777644E+01  0.8069608079E+00
  0.9494414776E+00  0.3446464069E+01  0.8087194381E+00
  0.9499470629E+00  0.3452150482E+01  0.8104633569E+00
  0.9504475922E+00  0.3457682373E+01  0.8121926440E+00
  0.9509431163E+00  0.3463276384E+01  0.8139073949E+00
  0.9514336852E+00  0.3468876186E+01  0.8156077439E+00
  0.9519193483E+00  0.3474476647E+01  0.8172938092E+00
  0.9524001548E+00  0.3480205921E+01  0.8189657375E+00
  0.9528761533E+00  0.3486050581E+01  0.8206237012E+00
  0.9533473917E+00  0.3491876193E+01  0.8222678349E+00
  0.9538139178E+00  0.3497492829E+01  0.8238981964E+00
  0.9542757786E+00  0.3502744056E+01  0.8255147640E+00
  0.9547330209E+00  0.3507838339E+01  0.8271175311E+00
  0.9551856906E+00  0.3512967603E+01  0.8287065845E+00
  0.9556338337E+00  0.3517975247E+01  0.8302820187E+00
  0.9560774954E+00  0.3522772752E+01  0.8318438737E+00
  0.9565167205E+00  0.3527443834E+01  0.8333921895E+00
  0.9569515532E+00  0.3532102844E+01  0.8349270508E+00
  0.9573820377E+00  0.3536822890E+01  0.8364485821E+00
  0.9578082173E+00  0.3541696304E+01  0.8379569424E+00
  0.9582301352E+00  0.3546613557E+01  0.8394522846E+00
  0.9586478338E+00  0.3551495167E+01  0.8409347198E+00
  0.9590613555E+00  0.3556341922E+01  0.8424043421E+00
  0.9594707419E+00  0.3560911575E+01  0.8438611957E+00
  0.9598760345E+00  0.3565220911E+01  0.8453052800E+00
  0.9602772742E+00  0.3569551011E+01  0.8467366567E+00
  0.9606745014E+00  0.3574143052E+01  0.8481554917E+00
  0.9610677564E+00  0.3578845460E+01  0.8495619659E+00
  0.9614570788E+00  0.3583524322E+01  0.8509562015E+00
  0.9618425080E+00  0.3588235301E+01  0.8523383043E+00
  0.9622240830E+00  0.3592981626E+01  0.8537083905E+00
  0.9626018421E+00  0.3597898162E+01  0.8550666009E+00
  0.9629758237E+00  0.3602893057E+01  0.8564130825E+00
  0.9633460655E+00  0.3607767736E+01  0.8577479264E+00
  0.9637126048E+00  0.3612450677E+01  0.8590711734E+00
  0.9640754788E+00  0.3616993205E+01  0.8603828619E+00
  0.9644347240E+00  0.3621526238E+01  0.8616830636E+00
  0.9647903767E+00  0.3626049054E+01  0.8629718737E+00
  0.9651424730E+00  0.3630560850E+01  0.8642493862E+00
  0.9654910483E+00  0.3635060755E+01  0.8655156942E+00
  0.9658361378E+00  0.3639621249E+01  0.8667709024E+00
  0.9661777764E+00  0.3644176010E+01  0.8680151157E+00
  0.9665159986E+00  0.3648618315E+01  0.8692484083E+00
  0.9668508386E+00  0.3653068685E+01  0.8704708568E+00
  0.9671823303E+00  0.3657542859E+01  0.8716825600E+00
  0.9675105070E+00  0.3662017962E+01  0.8728836146E+00
  0.9678354019E+00  0.3666478450E+01  0.8740741103E+00
  0.9681570479E+00  0.3670923076E+01  0.8752541331E+00
  0.9684754774E+00  0.3675374654E+01  0.8764237722E+00
  0.9687907226E+00  0.3679793745E+01  0.8775831130E+00
  0.9691028154E+00  0.3684138994E+01  0.8787322281E+00
  0.9694117872E+00  0.3688389502E+01  0.8798711800E+00
  0.9697176694E+00  0.3692751836E+01  0.8810000596E+00
  0.9700204927E+00  0.3697108570E+01  0.8821189706E+00
  0.9703202877E+00  0.3701386390E+01  0.8832279868E+00
  0.9706170849E+00  0.3705628466E+01  0.8843271771E+00
  0.9709109140E+00  0.3709763217E+01  0.8854166062E+00
  0.9712018049E+00  0.3713881056E+01  0.8864963414E+00
  0.9714897868E+00  0.3717980849E+01  0.8875664624E+00
  0.9717748890E+00  0.3721994296E+01  0.8886270388E+00
  0.9720571401E+00  0.3725933272E+01  0.8896781317E+00
  0.9723365687E+00  0.3729708824E+01  0.8907197915E+00
  0.9726132030E+00  0.3733329537E+01  0.8917520578E+00
  0.9728870709E+00  0.3736849950E+01  0.8927749792E+00
  0.9731582002E+00  0.3740320788E+01  0.8937886192E+00
  0.9734266182E+00  0.3743781110E+01  0.8947930531E+00
  0.9736923521E+00  0.3747230211E+01  0.8957883606E+00
  0.9739554285E+00  0.3750667419E+01  0.8967746208E+00
  0.9742158742E+00  0.3754215491E+01  0.8977519281E+00
  0.9744737155E+00  0.3757750110E+01  0.8987203755E+00
  0.9747289784E+00  0.3761268268E+01  0.8996800385E+00
  0.9749816886E+00  0.3764698406E+01  0.9006309828E+00
  0.9752318717E+00  0.3768090845E+01  0.9015732711E+00
  0.9754795530E+00  0.3771472220E+01  0.9025069755E+00
  0.9757247574E+00  0.3774840141E+01  0.9034321702E+00
  0.9759675099E+00  0.3778189365E+01  0.9043489283E+00
  0.9762078348E+00  0.3781508683E+01  0.9052573202E+00
  0.9764457564E+00  0.3784810446E+01  0.9061574158E+00
  0.9766812989E+00  0.3788101764E+01  0.9070492869E+00
  0.9769144859E+00  0.3791374569E+01  0.9079330046E+00
  0.9771453410E+00  0.3794628173E+01  0.9088086384E+00
  0.9773738876E+00  0.3797862402E+01  0.9096762574E+00
  0.9776001487E+00  0.3801077114E+01  0.9105359297E+00
  0.9778241472E+00  0.3804272196E+01  0.9113877231E+00
  0.9780459058E+00  0.3807493103E+01  0.9122317101E+00
  0.9782654467E+00  0.3810703551E+01  0.9130679631E+00
  0.9784827922E+00  0.3813892336E+01  0.9138965490E+00
  0.9786979643E+00  0.3817059470E+01  0.9147175329E+00
  0.9789109847E+00  0.3820232458E+01  0.9155309822E+00
  0.9791218748E+00  0.3823390608E+01  0.9163369646E+00
  0.9793306561E+00  0.3826486910E+01  0.9171355401E+00
  0.9795373495E+00  0.3829561903E+01  0.9179267677E+00
  0.9797419760E+00  0.3832615666E+01  0.9187107100E+00
  0.9799445563E+00  0.3835664896E+01  0.9194874310E+00
  0.9801451107E+00  0.3838709159E+01  0.9202569959E+00
  0.9803436596E+00  0.3841672339E+01  0.9210194615E+00
  0.9805402230E+00  0.3844577986E+01  0.9217748793E+00
  0.9807348208E+00  0.3847465569E+01  0.9225233066E+00
  0.9809274726E+00  0.3850335158E+01  0.9232648041E+00
  0.9811181978E+00  0.3853186832E+01  0.9239994323E+00
  0.9813070158E+00  0.3856020684E+01  0.9247272510E+00
  0.9814939457E+00  0.3858840428E+01  0.9254483198E+00
  0.9816790062E+00  0.3861654599E+01  0.9261626993E+00
  0.9818622162E+00  0.3864451248E+01  0.9268704490E+00
  0.9820435940E+00  0.3867231046E+01  0.9275716269E+00
  0.9822231581E+00  0.3870033944E+01  0.9282662943E+00
  0.9824009265E+00  0.3872829633E+01  0.9289545126E+00
  0.9825769172E+00  0.3875613408E+01  0.9296363397E+00
  0.9827511481E+00  0.3878379243E+01  0.9303118320E+00
  0.9829236366E+00  0.3881134340E+01  0.9309810455E+00
  0.9830944002E+00  0.3883874466E+01  0.9316440360E+00
  0.9832634562E+00  0.3886589037E+01  0.9323008578E+00
  0.9834308216E+00  0.3889264766E+01  0.9329515624E+00
  0.9835965134E+00  0.3891923052E+01  0.9335962018E+00
  0.9837605483E+00  0.3894564033E+01  0.9342348295E+00
  0.9839229428E+00  0.3897197077E+01  0.9348674991E+00
  0.9840837134E+00  0.3899823917E+01  0.9354942649E+00
  0.9842428762E+00  0.3902431633E+01  0.9361151796E+00
  0.9844004475E+00  0.3905019136E+01  0.9367302944E+00
  0.9845564430E+00  0.3907604144E+01  0.9373396615E+00
  0.9847108786E+00  0.3910171681E+01  0.9379433329E+00
  0.9848637698E+00  0.3912779126E+01  0.9385413631E+00
  0.9850151321E+00  0.3915406025E+01  0.9391338092E+00
  0.9851649808E+00  0.3918013378E+01  0.9397207229E+00
  0.9853133310E+00  0.3920601341E+01  0.9403021529E+00
  0.9854601977E+00  0.3923170066E+01  0.9408781473E+00
  0.9856055957E+00  0.3925761925E+01  0.9414487569E+00
  0.9857495397E+00  0.3928353358E+01  0.9420140335E+00
  0.9858920443E+00  0.3930924606E+01  0.9425740251E+00
  0.9860331239E+00  0.3933488821E+01  0.9431287791E+00
  0.9861727926E+00  0.3936092685E+01  0.9436783464E+00
  0.9863110647E+00  0.3938674824E+01  0.9442227767E+00
  0.9864479541E+00  0.3941235406E+01  0.9447621146E+00
  0.9865834745E+00  0.3943774597E+01  0.9452964046E+00
  0.9867176398E+00  0.3946292561E+01  0.9458256911E+00
  0.9868504634E+00  0.3948789462E+01  0.9463500177E+00
  0.9869819588E+00  0.3951302706E+01  0.9468694305E+00
  0.9871121392E+00  0.3953804649E+01  0.9473839755E+00
  0.9872410178E+00  0.3956284633E+01  0.9478936962E+00
  0.9873686076E+00  0.3958742837E+01  0.9483986346E+00
  0.9874949215E+00  0.3961179442E+01  0.9488988329E+00
  0.9876199723E+00  0.3963616357E+01  0.9493943338E+00
  0.9877437726E+00  0.3966051620E+01  0.9498851814E+00
  0.9878663349E+00  0.3968474145E+01  0.9503714181E+00
  0.9879876715E+00  0.3970876359E+01  0.9508530853E+00
  0.9881077948E+00  0.3973256464E+01  0.9513302229E+00
  0.9882267168E+00  0.3975578462E+01  0.9518028688E+00
  0.9883444497E+00  0.3977873487E+01  0.9522710600E+00
  0.9884610052E+00  0.3980147950E+01  0.9527348356E+00
  0.9885763951E+00  0.3982370334E+01  0.9531942329E+00
  0.9886906312E+00  0.3984553186E+01  0.9536492878E+00
  0.9888037249E+00  0.3986717667E+01  0.9541000380E+00
  0.9889156876E+00  0.3988863917E+01  0.9545465221E+00
  0.9890265307E+00  0.3990992075E+01  0.9549887781E+00
  0.9891362654E+00  0.3993102276E+01  0.9554268442E+00
  0.9892449028E+00  0.3995194654E+01  0.9558607579E+00
  0.9893524538E+00  0.3997269341E+01  0.9562905565E+00
  0.9894589292E+00  0.3999324141E+01  0.9567162770E+00
  0.9895643399E+00  0.4001339853E+01  0.9571379549E+00
  0.9896686965E+00  0.4003312588E+01  0.9575556240E+00
  0.9897720096E+00  0.4005269755E+01  0.9579693195E+00
  0.9898742895E+00  0.4007211445E+01  0.9583790774E+00
  0.9899755466E+00  0.4009137747E+01  0.9587849336E+00
  0.9900757911E+00  0.4011048752E+01  0.9591869235E+00
  0.9901750332E+00  0.4012956561E+01  0.9595850830E+00
  0.9902732829E+00  0.4014862505E+01  0.9599794483E+00
  0.9903705500E+00  0.4016758452E+01  0.9603700548E+00
  0.9904668445E+00  0.4018639120E+01  0.9607569371E+00
  0.9905621761E+00  0.4020503946E+01  0.9611401291E+00
  0.9906565543E+00  0.4022353032E+01  0.9615196645E+00
  0.9907499888E+00  0.4024187242E+01  0.9618955765E+00
  0.9908424889E+00  0.4026010142E+01  0.9622678986E+00
  0.9909340640E+00  0.4027817484E+01  0.9626366637E+00
  0.9910247234E+00  0.4029609371E+01  0.9630019043E+00
  0.9911144761E+00  0.4031385906E+01  0.9633636526E+00
  0.9912033314E+00  0.4033151720E+01  0.9637219408E+00
  0.9912912981E+00  0.4034905676E+01  0.9640768009E+00
  0.9913783851E+00  0.4036644362E+01  0.9644282645E+00
  0.9914646012E+00  0.4038367879E+01  0.9647763628E+00
  0.9915499552E+00  0.4040076331E+01  0.9651211265E+00
  0.9916344557E+00  0.4041769822E+01  0.9654625863E+00
  0.9917181111E+00  0.4043448452E+01  0.9658007725E+00
  0.9918009300E+00  0.4045112324E+01  0.9661357154E+00
  0.9918829207E+00  0.4046761540E+01  0.9664674446E+00
  0.9919640915E+00  0.4048396202E+01  0.9667959897E+00
  0.9920444506E+00  0.4050016411E+01  0.9671213803E+00
  0.9921240061E+00  0.4051622269E+01  0.9674436452E+00
  0.9922027660E+00  0.4053213876E+01  0.9677628134E+00
  0.9922807383E+00  0.4054791333E+01  0.9680789135E+00
  0.9923579310E+00  0.4056354741E+01  0.9683919738E+00
  0.9924343516E+00  0.4057904200E+01  0.9687020224E+00
  0.9925100081E+00  0.4059439809E+01  0.9690090872E+00
  0.9925849081E+00  0.4060961670E+01  0.9693131959E+00
  0.9926590590E+00  0.4062465901E+01  0.9696143758E+00
  0.9927324684E+00  0.4063948644E+01  0.9699126534E+00
  0.9928051437E+00  0.4065418374E+01  0.9702080556E+00
  0.9928770923E+00  0.4066882029E+01  0.9705006092E+00
  0.9929483213E+00  0.4068337592E+01  0.9707903413E+00
  0.9930188381E+00  0.4069780006E+01  0.9710772783E+00
  0.9930886497E+00  0.4071209368E+01  0.9713614461E+00
  0.9931577632E+00  0.4072625772E+01  0.9716428706E+00
  0.9932261856E+00  0.4074029314E+01  0.9719215773E+00
  0.9932939238E+00  0.4075420090E+01  0.9721975916E+00
  0.9933609845E+00  0.4076798194E+01  0.9724709386E+00
  0.9934273747E+00  0.4078163722E+01  0.9727416432E+00
  0.9934931009E+00  0.4079511986E+01  0.9730097299E+00
  0.9935581699E+00  0.4080848171E+01  0.9732752231E+00
  0.9936225882E+00  0.4082172758E+01  0.9735381471E+00
  0.9936863623E+00  0.4083485288E+01  0.9737985259E+00
  0.9937494987E+00  0.4084785848E+01  0.9740563834E+00
  0.9938120037E+00  0.4086074530E+01  0.9743117433E+00
  0.9938738837E+00  0.4087351422E+01  0.9745646289E+00
  0.9939351449E+00  0.4088616615E+01  0.9748150636E+00
  0.9939957934E+00  0.4089870197E+01  0.9750630703E+00
  0.9940558355E+00  0.4091112257E+01  0.9753086718E+00
  0.9941152771E+00  0.4092342885E+01  0.9755518908E+00
  0.9941741243E+00  0.4093562168E+01  0.9757927497E+00
  0.9942323831E+00  0.4094770195E+01  0.9760312708E+00
  0.9942900593E+00  0.4095967053E+01  0.9762674759E+00
  0.9943471587E+00  0.4097152831E+01  0.9765013871E+00
  0.9944036871E+00  0.4098327616E+01  0.9767330258E+00
  0.9944596502E+00  0.4099491495E+01  0.9769624136E+00
  0.9945150537E+00  0.4100644555E+01  0.9771895718E+00
  0.9945699032E+00  0.4101786882E+01  0.9774145212E+00
  0.9946242041E+00  0.4102918563E+01  0.9776372830E+00
  0.9946779621E+00  0.4104039683E+01  0.9778578776E+00
  0.9947311825E+00  0.4105150328E+01  0.9780763257E+00
  0.9947838707E+00  0.4106250582E+01  0.9782926476E+00
  0.9948360320E+00  0.4107340532E+01  0.9785068634E+00
  0.9948876716E+00  0.4108420261E+01  0.9787189930E+00
  0.9949387949E+00  0.4109489853E+01  0.9789290563E+00
  0.9949894070E+00  0.4110548885E+01  0.9791370728E+00
  0.9950395129E+00  0.4111596776E+01  0.9793430619E+00
  0.9950891178E+00  0.4112634846E+01  0.9795470429E+00
  0.9951382266E+00  0.4113663174E+01  0.9797490348E+00
  0.9951868443E+00  0.4114681841E+01  0.9799490565E+00
  0.9952349759E+00  0.4115690927E+01  0.9801471269E+00
  0.9952826261E+00  0.4116690511E+01  0.9803432643E+00
  0.9953297999E+00  0.4117680672E+01  0.9805374874E+00
  0.9953765019E+00  0.4118661490E+01  0.9807298142E+00
  0.9954227368E+00  0.4119633041E+01  0.9809202629E+00
  0.9954685095E+00  0.4120595405E+01  0.9811088514E+00
  0.9955138244E+00  0.4121547351E+01  0.9812955973E+00
  0.9955586861E+00  0.4122489606E+01  0.9814805183E+00
  0.9956030993E+00  0.4123422721E+01  0.9816636317E+00
  0.9956470683E+00  0.4124345550E+01  0.9818449548E+00
  0.9956905976E+00  0.4125259713E+01  0.9820245047E+00
  0.9957336916E+00  0.4126164935E+01  0.9822022982E+00
  0.9957763547E+00  0.4127060742E+01  0.9823783522E+00
  0.9958185912E+00  0.4127948142E+01  0.9825526834E+00
  0.9958604053E+00  0.4128827204E+01  0.9827253082E+00
  0.9959018012E+00  0.4129697997E+01  0.9828962429E+00
  0.9959427832E+00  0.4130560589E+01  0.9830655038E+00
  0.9959833554E+00  0.4131415049E+01  0.9832331069E+00
  0.9960235218E+00  0.4132261445E+01  0.9833990682E+00
  0.9960632866E+00  0.4133099843E+01  0.9835634033E+00
  0.9961026537E+00  0.4133930312E+01  0.9837261280E+00
  0.9961416272E+00  0.4134752918E+01  0.9838872576E+00
  0.9961802109E+00  0.4135567727E+01  0.9840468075E+00
  0.9962184088E+00  0.4136374806E+01  0.9842047929E+00
  0.9962562247E+00  0.4137174220E+01  0.9843612288E+00
  0.9962936625E+00  0.4137966036E+01  0.9845161301E+00
  0.9963307258E+00  0.4138750317E+01  0.9846695116E+00
  0.9963674186E+00  0.4139527130E+01  0.9848213880E+00
  0.9964037444E+00  0.4140296537E+01  0.9849717736E+00
  0.9964397070E+00  0.4141058604E+01  0.9851206830E+00
  0.9964753099E+00  0.4141813394E+01  0.9852681303E+00
  0.9965105568E+00  0.4142560970E+01  0.9854141295E+00
  0.9965454512E+00  0.4143301395E+01  0.9855586947E+00
  0.9965799967E+00  0.4144034732E+01  0.9857018398E+00
  0.9966141967E+00  0.4144761043E+01  0.9858435783E+00
  0.9966480548E+00  0.4145480389E+01  0.9859839240E+00
  0.9966815742E+00  0.4146192832E+01  0.9861228901E+00
  0.9967147585E+00  0.4146898433E+01  0.9862604902E+00
  0.9967476109E+00  0.4147597253E+01  0.9863967373E+00
  0.9967801348E+00  0.4148289351E+01  0.9865316445E+00
  0.9968123334E+00  0.4148974788E+01  0.9866652249E+00
  0.9968442101E+00  0.4149653623E+01  0.9867974912E+00
  0.9968757680E+00  0.4150325915E+01  0.9869284562E+00
  0.9969070103E+00  0.4150991722E+01  0.9870581324E+00
  0.9969379402E+00  0.4151651103E+01  0.9871865323E+00
  0.9969685608E+00  0.4152304116E+01  0.9873136683E+00
  0.9969988752E+00  0.4152950818E+01  0.9874395527E+00
  0.9970288865E+00  0.4153591266E+01  0.9875641976E+00
  0.9970585976E+00  0.4154225517E+01  0.9876876149E+00
  0.9970880116E+00  0.4154853627E+01  0.9878098166E+00
  0.9971171315E+00  0.4155475651E+01  0.9879308145E+00
  0.9971459602E+00  0.4156091646E+01  0.9880506203E+00
  0.9971745006E+00  0.4156701665E+01  0.9881692455E+00
  0.9972027556E+00  0.4157305764E+01  0.9882867016E+00
  0.9972307280E+00  0.4157903998E+01  0.9884030000E+00
  0.9972584207E+00  0.4158496418E+01  0.9885181519E+00
  0.9972858365E+00  0.4159083080E+01  0.9886321684E+00
  0.9973129782E+00  0.4159664036E+01  0.9887450606E+00
  0.9973398484E+00  0.4160239339E+01  0.9888568394E+00
  0.9973664499E+00  0.4160809040E+01  0.9889675157E+00
  0.9973927854E+00  0.4161373193E+01  0.9890771001E+00
  0.9974188575E+00  0.4161931847E+01  0.9891856033E+00
  0.9974446690E+00  0.4162485054E+01  0.9892930358E+00
  0.9974702223E+00  0.4163032864E+01  0.9893994081E+00
  0.9974955201E+00  0.4163575329E+01  0.9895047304E+00
  0.9975205649E+00  0.4164112496E+01  0.9896090131E+00
  0.9975453592E+00  0.4164644417E+01  0.9897122661E+00
  0.9975699056E+00  0.4165171140E+01  0.9898144997E+00
  0.9975942066E+00  0.4165692713E+01  0.9899157236E+00
  0.9976182645E+00  0.4166209185E+01  0.9900159478E+00
  0.9976420819E+00  0.4166720603E+01  0.9901151819E+00
  0.9976656610E+00  0.4167227016E+01  0.9902134358E+00
  0.9976890044E+00  0.4167728469E+01  0.9903107188E+00
  0.9977121144E+00  0.4168225010E+01  0.9904070406E+00
  0.9977349932E+00  0.4168716685E+01  0.9905024104E+00
  0.9977576433E+00  0.4169203540E+01  0.9905968377E+00
  0.9977800669E+00  0.4169685620E+01  0.9906903315E+00
  0.9978022662E+00  0.4170162971E+01  0.9907829010E+00
  0.9978242435E+00  0.4170635637E+01  0.9908745553E+00
  0.9978460011E+00  0.4171103663E+01  0.9909653032E+00
  0.9978675411E+00  0.4171567092E+01  0.9910551538E+00
  0.9978888657E+00  0.4172025968E+01  0.9911441156E+00
  0.9979099770E+00  0.4172480335E+01  0.9912321975E+00
  0.9979308773E+00  0.4172930235E+01  0.9913194080E+00
  0.9979515685E+00  0.4173375711E+01  0.9914057556E+00
  0.9979720528E+00  0.4173816806E+01  0.9914912489E+00
  0.9979923323E+00  0.4174253560E+01  0.9915758961E+00
  0.9980124089E+00  0.4174686015E+01  0.9916597056E+00
  0.9980322849E+00  0.4175114213E+01  0.9917426856E+00
  0.9980519620E+00  0.4175538194E+01  0.9918248441E+00
  0.9980714424E+00  0.4175957998E+01  0.9919061892E+00
  0.9980907280E+00  0.4176373665E+01  0.9919867290E+00
  0.9981098207E+00  0.4176785236E+01  0.9920664713E+00
  0.9981287225E+00  0.4177192749E+01  0.9921454238E+00
  0.9981474353E+00  0.4177596244E+01  0.9922235945E+00
  0.9981659609E+00  0.4177995758E+01  0.9923009909E+00
  0.9981843013E+00  0.4178391331E+01  0.9923776206E+00
  0.9982024583E+00  0.4178783000E+01  0.9924534911E+00
  0.9982204337E+00  0.4179170802E+01  0.9925286100E+00
  0.9982382294E+00  0.4179554776E+01  0.9926029845E+00
  0.9982558471E+00  0.4179934957E+01  0.9926766220E+00
  0.9982732886E+00  0.4180311384E+01  0.9927495298E+00
  0.9982905557E+00  0.4180684091E+01  0.9928217149E+00
  0.9983076502E+00  0.4181053114E+01  0.9928931845E+00
  0.9983245737E+00  0.4181418491E+01  0.9929639457E+00
  0.9983413279E+00  0.4181780255E+01  0.9930340053E+00
  0.9983579146E+00  0.4182138441E+01  0.9931033703E+00
  0.9983743355E+00  0.4182493085E+01  0.9931720475E+00
  0.9983905921E+00  0.4182844220E+01  0.9932400436E+00
  0.9984066862E+00  0.4183191882E+01  0.9933073654E+00
  0.9984226194E+00  0.4183536102E+01  0.9933740196E+00
  0.9984383932E+00  0.4183876916E+01  0.9934400125E+00
  0.9984540092E+00  0.4184214355E+01  0.9935053509E+00
  0.9984694691E+00  0.4184548453E+01  0.9935700410E+00
  0.9984847744E+00  0.4184879242E+01  0.9936340894E+00
  0.9984999267E+00  0.4185206755E+01  0.9936975022E+00
  0.9985149274E+00  0.4185531023E+01  0.9937602858E+00
  0.9985297782E+00  0.4185852078E+01  0.9938224464E+00
  0.9985444804E+00  0.4186169951E+01  0.9938839900E+00
  0.9985590356E+00  0.4186484674E+01  0.9939449228E+00
  0.9985734452E+00  0.4186796276E+01  0.9940052508E+00
  0.9985877108E+00  0.4187104789E+01  0.9940649800E+00
  0.9986018337E+00  0.4187410243E+01  0.9941241162E+00
  0.9986158153E+00  0.4187712667E+01  0.9941826652E+00
  0.9986296572E+00  0.4188012091E+01  0.9942406330E+00
  0.9986433606E+00  0.4188308544E+01  0.9942980251E+00
  0.9986569270E+00  0.4188602056E+01  0.9943548474E+00
  0.9986703577E+00  0.4188892656E+01  0.9944111053E+00
  0.9986836541E+00  0.4189180371E+01  0.9944668045E+00
  0.9986968176E+00  0.4189465230E+01  0.9945219505E+00
  0.9987098494E+00  0.4189747261E+01  0.9945765487E+00
  0.9987227509E+00  0.4190026492E+01  0.9946306045E+00
  0.9987355234E+00  0.4190302950E+01  0.9946841234E+00
  0.9987481682E+00  0.4190576663E+01  0.9947371105E+00
  0.9987606865E+00  0.4190847657E+01  0.9947895712E+00
  0.9987730796E+00  0.4191115958E+01  0.9948415106E+00
  0.9987853488E+00  0.4191381595E+01  0.9948929339E+00
  0.9987974954E+00  0.4191644591E+01  0.9949438461E+00
  0.9988095204E+00  0.4191904975E+01  0.9949942524E+00
  0.9988214252E+00  0.4192162770E+01  0.9950441577E+00
  0.9988332109E+00  0.4192418003E+01  0.9950935670E+00
  0.9988448788E+00  0.4192670700E+01  0.9951424852E+00
  0.9988564300E+00  0.4192920883E+01  0.9951909170E+00
  0.9988678657E+00  0.4193168580E+01  0.9952388674E+00
  0.9988791871E+00  0.4193413813E+01  0.9952863411E+00
  0.9988903952E+00  0.4193656608E+01  0.9953333428E+00
  0.9989014913E+00  0.4193896988E+01  0.9953798771E+00
  0.9989124764E+00  0.4194134977E+01  0.9954259488E+00
  0.9989233516E+00  0.4194370599E+01  0.9954715623E+00
  0.9989341181E+00  0.4194603876E+01  0.9955167221E+00
  0.9989447769E+00  0.4194834833E+01  0.9955614329E+00
  0.9989553291E+00  0.4195063492E+01  0.9956056990E+00
  0.9989657758E+00  0.4195289875E+01  0.9956495248E+00
  0.9989761181E+00  0.4195514006E+01  0.9956929146E+00
  0.9989863569E+00  0.4195735905E+01  0.9957358729E+00
  0.9989964933E+00  0.4195955596E+01  0.9957784038E+00
  0.9990065284E+00  0.4196173101E+01  0.9958205116E+00
  0.9990164631E+00  0.4196388440E+01  0.9958622004E+00
  0.9990262985E+00  0.4196601635E+01  0.9959034745E+00
  0.9990360355E+00  0.4196812707E+01  0.9959443379E+00
  0.9990456751E+00  0.4197021678E+01  0.9959847947E+00
  0.9990552184E+00  0.4197228567E+01  0.9960248489E+00
  0.9990646662E+00  0.4197433397E+01  0.9960645045E+00
  0.9990740195E+00  0.4197636186E+01  0.9961037655E+00
  0.9990832793E+00  0.4197836956E+01  0.9961426357E+00
  0.9990924466E+00  0.4198035726E+01  0.9961811190E+00
  0.9991015221E+00  0.4198232515E+01  0.9962192194E+00
  0.9991105069E+00  0.4198427344E+01  0.9962569404E+00
  0.9991194018E+00  0.4198620233E+01  0.9962942860E+00
  0.9991282078E+00  0.4198811199E+01  0.9963312598E+00
  0.9991369257E+00  0.4199000263E+01  0.9963678655E+00
  0.9991455564E+00  0.4199187442E+01  0.9964041068E+00
  0.9991541009E+00  0.4199372757E+01  0.9964399873E+00
  0.9991625599E+00  0.4199556224E+01  0.9964755106E+00
  0.9991709343E+00  0.4199737863E+01  0.9965106801E+00
  0.9991792249E+00  0.4199917692E+01  0.9965454994E+00
  0.9991874327E+00  0.4200095728E+01  0.9965799720E+00
  0.9991955584E+00  0.4200271989E+01  0.9966141014E+00
  0.9992036028E+00  0.4200446494E+01  0.9966478908E+00
  0.9992115667E+00  0.4200619258E+01  0.9966813437E+00
  0.9992194511E+00  0.4200790301E+01  0.9967144635E+00
  0.9992272566E+00  0.4200959638E+01  0.9967472534E+00
  0.9992349840E+00  0.4201127286E+01  0.9967797166E+00
  0.9992426342E+00  0.4201293263E+01  0.9968118566E+00
  0.9992502078E+00  0.4201457585E+01  0.9968436764E+00
  0.9992577057E+00  0.4201620268E+01  0.9968751792E+00
  0.9992651287E+00  0.4201781329E+01  0.9969063682E+00
  0.9992724774E+00  0.4201940784E+01  0.9969372464E+00
  0.9992797526E+00  0.4202098648E+01  0.9969678171E+00
  0.9992869551E+00  0.4202254938E+01  0.9969980831E+00
  0.9992940855E+00  0.4202409668E+01  0.9970280477E+00
  0.9993011447E+00  0.4202562856E+01  0.9970577136E+00
  0.9993081332E+00  0.4202714515E+01  0.9970870840E+00
  0.9993150519E+00  0.4202864662E+01  0.9971161617E+00
  0.9993219014E+00  0.4203013310E+01  0.9971449496E+00
  0.9993286824E+00  0.4203160476E+01  0.9971734507E+00
  0.9993353956E+00  0.4203306173E+01  0.9972016677E+00
  0.9993420416E+00  0.4203450417E+01  0.9972296036E+00
  0.9993486212E+00  0.4203593222E+01  0.9972572610E+00
  0.9993551350E+00  0.4203734601E+01  0.9972846428E+00
  0.9993615836E+00  0.4203874570E+01  0.9973117517E+00
  0.9993679678E+00  0.4204013142E+01  0.9973385903E+00
  0.9993742881E+00  0.4204150332E+01  0.9973651615E+00
  0.9993805452E+00  0.4204286152E+01  0.9973914678E+00
  0.9993867398E+00  0.4204420617E+01  0.9974175118E+00
  0.9993928724E+00  0.4204553740E+01  0.9974432963E+00
  0.9993989436E+00  0.4204685534E+01  0.9974688237E+00
  0.9994049542E+00  0.4204816013E+01  0.9974940966E+00
  0.9994109047E+00  0.4204945190E+01  0.9975191176E+00
  0.9994167956E+00  0.4205073077E+01  0.9975438891E+00
  0.9994226277E+00  0.4205199688E+01  0.9975684136E+00
  0.9994284014E+00  0.4205325035E+01  0.9975926936E+00
  0.9994341174E+00  0.4205449131E+01  0.9976167316E+00
  0.9994397762E+00  0.4205571988E+01  0.9976405298E+00
  0.9994453784E+00  0.4205693618E+01  0.9976640908E+00
  0.9994509247E+00  0.4205814035E+01  0.9976874168E+00
  0.9994564154E+00  0.4205933249E+01  0.9977105102E+00
  0.9994618513E+00  0.4206051273E+01  0.9977333733E+00
  0.9994672327E+00  0.4206168118E+01  0.9977560085E+00
  0.9994725604E+00  0.4206283797E+01  0.9977784179E+00
  0.9994778348E+00  0.4206398321E+01  0.9978006038E+00
  0.9994830565E+00  0.4206511702E+01  0.9978225684E+00
  0.9994882259E+00  0.4206623951E+01  0.9978443140E+00
  0.9994933436E+00  0.4206735078E+01  0.9978658427E+00
  0.9994984102E+00  0.4206845096E+01  0.9978871567E+00
  0.9995034261E+00  0.4206954016E+01  0.9979082580E+00
  0.9995083918E+00  0.4207061848E+01  0.9979291489E+00
  0.9995133079E+00  0.4207168603E+01  0.9979498315E+00
  0.9995181748E+00  0.4207274292E+01  0.9979703077E+00
  0.9995229931E+00  0.4207378925E+01  0.9979905796E+00
  0.9995277632E+00  0.4207482514E+01  0.9980106494E+00
  0.9995324855E+00  0.4207585068E+01  0.9980305189E+00
  0.9995371607E+00  0.4207686598E+01  0.9980501902E+00
  0.9995417891E+00  0.4207787114E+01  0.9980696653E+00
  0.9995463712E+00  0.4207886626E+01  0.9980889460E+00
  0.9995509075E+00  0.4207985144E+01  0.9981080344E+00
  0.9995553984E+00  0.4208082678E+01  0.9981269324E+00
  0.9995598444E+00  0.4208179238E+01  0.9981456418E+00
  0.9995642460E+00  0.4208274833E+01  0.9981641646E+00
  0.9995686035E+00  0.4208369474E+01  0.9981825025E+00
  0.9995729175E+00  0.4208463169E+01  0.9982006575E+00
  0.9995771883E+00  0.4208555929E+01  0.9982186313E+00
  0.9995814164E+00  0.4208647762E+01  0.9982364257E+00
  0.9995856022E+00  0.4208738677E+01  0.9982540426E+00
  0.9995897462E+00  0.4208828684E+01  0.9982714837E+00
  0.9995938488E+00  0.4208917793E+01  0.9982887508E+00
  0.9995979103E+00  0.4209006011E+01  0.9983058456E+00
  0.9996019312E+00  0.4209093348E+01  0.9983227697E+00
  0.9996059119E+00  0.4209179812E+01  0.9983395250E+00
  0.9996098527E+00  0.4209265412E+01  0.9983561130E+00
  0.9996137542E+00  0.4209350158E+01  0.9983725355E+00
  0.9996176167E+00  0.4209434057E+01  0.9983887941E+00
  0.9996214405E+00  0.4209517117E+01  0.9984048905E+00
  0.9996252261E+00  0.4209599348E+01  0.9984208261E+00
  0.9996289738E+00  0.4209680757E+01  0.9984366028E+00
  0.9996326841E+00  0.4209761353E+01  0.9984522219E+00
  0.9996363573E+00  0.4209841144E+01  0.9984676852E+00
  0.9996399937E+00  0.4209920137E+01  0.9984829941E+00
  0.9996435938E+00  0.4209998341E+01  0.9984981502E+00
  0.9996471578E+00  0.4210075764E+01  0.9985131551E+00
  0.9996506862E+00  0.4210152413E+01  0.9985280101E+00
  0.9996541794E+00  0.4210228296E+01  0.9985427169E+00
  0.9996576376E+00  0.4210303422E+01  0.9985572769E+00
  0.9996610612E+00  0.4210377796E+01  0.9985716915E+00
  0.9996644506E+00  0.4210451427E+01  0.9985859622E+00
  0.9996678400E+00  0.4210525059E+01  0.9986002332E+00
  0.9996712294E+00  0.4210598692E+01  0.9986145044E+00
  0.9996746188E+00  0.4210672325E+01  0.9986287759E+00
  0.9996780081E+00  0.4210745959E+01  0.9986430476E+00
  0.9996813975E+00  0.4210819593E+01  0.9986573196E+00
  0.9996847869E+00  0.4210893228E+01  0.9986715918E+00
  0.9996881763E+00  0.4210966863E+01  0.9986858643E+00
  0.9996915657E+00  0.4211040499E+01  0.9987001370E+00
  0.9996949551E+00  0.4211114136E+01  0.9987144100E+00
  0.9996983445E+00  0.4211187773E+01  0.9987286832E+00
  0.9997017339E+00  0.4211261410E+01  0.9987429567E+00
  0.9997051232E+00  0.4211335049E+01  0.9987572304E+00
  0.9997085126E+00  0.4211408687E+01  0.9987715044E+00
  0.9997119020E+00  0.4211482327E+01  0.9987857786E+00
  0.9997152914E+00  0.4211555967E+01  0.9988000531E+00
  0.9997186808E+00  0.4211629607E+01  0.9988143278E+00
  0.9997220702E+00  0.4211703248E+01  0.9988286028E+00
  0.9997254596E+00  0.4211776889E+01  0.9988428780E+00
  0.9997288490E+00  0.4211850531E+01  0.9988571535E+00
  0.9997322384E+00  0.4211924174E+01  0.9988714292E+00
  0.9997356277E+00  0.4211997817E+01  0.9988857052E+00
  0.9997390171E+00  0.4212071461E+01  0.9988999814E+00
  0.9997424065E+00  0.4212145105E+01  0.9989142579E+00
  0.9997457959E+00  0.4212218749E+01  0.9989285346E+00
  0.9997491853E+00  0.4212292395E+01  0.9989428116E+00
  0.9997525747E+00  0.4212366040E+01  0.9989570888E+00
  0.9997559641E+00  0.4212439686E+01  0.9989713663E+00
  0.9997593535E+00  0.4212513333E+01  0.9989856440E+00
  0.9997627428E+00  0.4212586980E+01  0.9989999219E+00
  0.9997661322E+00  0.4212660628E+01  0.9990142002E+00
  0.9997695216E+00  0.4212734276E+01  0.9990284786E+00
  0.9997729110E+00  0.4212807925E+01  0.9990427573E+00
  0.9997763004E+00  0.4212881574E+01  0.9990570363E+00
  0.9997796898E+00  0.4212955224E+01  0.9990713155E+00
  0.9997830792E+00  0.4213028874E+01  0.9990855950E+00
  0.9997864686E+00  0.4213102525E+01  0.9990998747E+00
  0.9997898579E+00  0.4213176176E+01  0.9991141547E+00
  0.9997932473E+00  0.4213249828E+01  0.9991284349E+00
  0.9997966367E+00  0.4213323480E+01  0.9991427153E+00
  0.9998000261E+00  0.4213397132E+01  0.9991569960E+00
  0.9998034155E+00  0.4213470785E+01  0.9991712770E+00
  0.9998068049E+00  0.4213544439E+01  0.9991855582E+00
  0.9998101943E+00  0.4213618093E+01  0.9991998397E+00
  0.9998135837E+00  0.4213691747E+01  0.9992141214E+00
  0.9998169731E+00  0.4213765402E+01  0.9992284034E+00
  0.9998203624E+00  0.4213839058E+01  0.9992426856E+00
  0.9998237518E+00  0.4213912714E+01  0.9992569680E+00
  0.9998271412E+00  0.4213986370E+01  0.9992712507E+00
  0.9998305306E+00  0.4214060027E+01  0.9992855337E+00
  0.9998339200E+00  0.4214133684E+01  0.9992998169E+00
  0.9998373094E+00  0.4214207341E+01  0.9993141004E+00
  0.9998406988E+00  0.4214281000E+01  0.9993283841E+00
  0.9998440882E+00  0.4214354658E+01  0.9993426680E+00
  0.9998474775E+00  0.4214428317E+01  0.9993569522E+00
  0.9998508669E+00  0.4214501976E+01  0.9993712367E+00
  0.9998542563E+00  0.4214575636E+01  0.9993855214E+00
  0.9998576457E+00  0.4214649297E+01  0.9993998064E+00
  0.9998610351E+00  0.4214722957E+01  0.9994140916E+00
  0.9998644245E+00  0.4214796618E+01  0.9994283770E+00
  0.9998678139E+00  0.4214870280E+01  0.9994426627E+00
  0.9998712033E+00  0.4214943942E+01  0.9994569487E+00
  0.9998745926E+00  0.4215017604E+01  0.9994712349E+00
  0.9998779820E+00  0.4215091267E+01  0.9994855213E+00
  0.9998813714E+00  0.4215164930E+01  0.9994998080E+00
  0.9998847608E+00  0.4215238594E+01  0.9995140950E+00
  0.9998881502E+00  0.4215312258E+01  0.9995283822E+00
  0.9998915396E+00  0.4215385922E+01  0.9995426697E+00
  0.9998949290E+00  0.4215459587E+01  0.9995569574E+00
  0.9998983184E+00  0.4215533252E+01  0.9995712453E+00
  0.9999017077E+00  0.4215606917E+01  0.9995855335E+00
  0.9999050971E+00  0.4215680583E+01  0.9995998220E+00
  0.9999084865E+00  0.4215754250E+01  0.9996141107E+00
  0.9999118759E+00  0.4215827916E+01  0.9996283996E+00
  0.9999152653E+00  0.4215901583E+01  0.9996426888E+00
  0.9999186547E+00  0.4215975251E+01  0.9996569783E+00
  0.9999220441E+00  0.4216048919E+01  0.9996712680E+00
  0.9999254335E+00  0.4216122587E+01  0.9996855579E+00
  0.9999288229E+00  0.4216196256E+01  0.9996998481E+00
  0.9999322122E+00  0.4216269925E+01  0.9997141386E+00
  0.9999356016E+00  0.4216343594E+01  0.9997284293E+00
  0.9999389910E+00  0.4216417264E+01  0.9997427202E+00
  0.9999423804E+00  0.4216490934E+01  0.9997570114E+00
  0.9999457698E+00  0.4216564604E+01  0.9997713029E+00
  0.9999491592E+00  0.4216638275E+01  0.9997855946E+00
  0.9999525486E+00  0.4216711946E+01  0.9997998865E+00
  0.9999559380E+00  0.4216785617E+01  0.9998141787E+00
  0.9999593273E+00  0.4216859289E+01  0.9998284712E+00
  0.9999627167E+00  0.4216932961E+01  0.9998427639E+00
  0.9999661061E+00  0.4217006633E+01  0.9998570568E+00
  0.9999694955E+00  0.4217080306E+01  0.9998713500E+00
  0.9999728849E+00  0.4217153979E+01  0.9998856434E+00
  0.9999762743E+00  0.4217227653E+01  0.9998999371E+00
  0.9999796637E+00  0.4217301327E+01  0.9999142311E+00
  0.9999830531E+00  0.4217375001E+01  0.9999285253E+00
  0.9999864424E+00  0.4217448675E+01  0.9999428197E+00
  0.9999898318E+00  0.4217522350E+01  0.9999571144E+00
  0.9999932212E+00  0.4217596025E+01  0.9999714094E+00
  0.9999966106E+00  0.4217669700E+01  0.9999857046E+00
  0.1000000000E+01  0.4217742315E+01  0.1000000000E+01
  0.1000000000E+01  0.4217742315E+01  0.1000000000E+01
