  0.0000000000E+00  0.4217743141E+01 -0.1000000000E+01
  0.6996492144E-18  0.4217743141E+01 -0.1000000000E+01
  0.3389387958E-05  0.4217703110E+01 -0.9999857045E+00
  0.6778775916E-05  0.4217663080E+01 -0.9999714091E+00
  0.1016816387E-04  0.4217623049E+01 -0.9999571139E+00
  0.1355755183E-04  0.4217583019E+01 -0.9999428188E+00
  0.1694693979E-04  0.4217542990E+01 -0.9999285239E+00
  0.2033632775E-04  0.4217502961E+01 -0.9999142290E+00
  0.2372571571E-04  0.4217462932E+01 -0.9998999343E+00
  0.2711510367E-04  0.4217422903E+01 -0.9998856398E+00
  0.3050449162E-04  0.4217382875E+01 -0.9998713454E+00
  0.3389387958E-04  0.4217342847E+01 -0.9998570511E+00
  0.3728326754E-04  0.4217302819E+01 -0.9998427570E+00
  0.4067265550E-04  0.4217262791E+01 -0.9998284630E+00
  0.4406204346E-04  0.4217222764E+01 -0.9998141691E+00
  0.4745143141E-04  0.4217182738E+01 -0.9997998753E+00
  0.5084081937E-04  0.4217142711E+01 -0.9997855817E+00
  0.5423020733E-04  0.4217102685E+01 -0.9997712883E+00
  0.5761959529E-04  0.4217062660E+01 -0.9997569950E+00
  0.6100898325E-04  0.4217022634E+01 -0.9997427018E+00
  0.6439837120E-04  0.4216982609E+01 -0.9997284087E+00
  0.6778775916E-04  0.4216942585E+01 -0.9997141158E+00
  0.7117714712E-04  0.4216902560E+01 -0.9996998230E+00
  0.7456653508E-04  0.4216862537E+01 -0.9996855303E+00
  0.7795592304E-04  0.4216822513E+01 -0.9996712378E+00
  0.8134531100E-04  0.4216782490E+01 -0.9996569454E+00
  0.8473469895E-04  0.4216742467E+01 -0.9996426532E+00
  0.8812408691E-04  0.4216702445E+01 -0.9996283611E+00
  0.9151347487E-04  0.4216662422E+01 -0.9996140691E+00
  0.9490286283E-04  0.4216622401E+01 -0.9995997773E+00
  0.9829225079E-04  0.4216582379E+01 -0.9995854856E+00
  0.1016816387E-03  0.4216542358E+01 -0.9995711940E+00
  0.1050710267E-03  0.4216502338E+01 -0.9995569026E+00
  0.1084604147E-03  0.4216462317E+01 -0.9995426113E+00
  0.1118498026E-03  0.4216422298E+01 -0.9995283201E+00
  0.1152391906E-03  0.4216382278E+01 -0.9995140291E+00
  0.1186285785E-03  0.4216342259E+01 -0.9994997382E+00
  0.1220179665E-03  0.4216302240E+01 -0.9994854475E+00
  0.1254073545E-03  0.4216262222E+01 -0.9994711569E+00
  0.1287967424E-03  0.4216222204E+01 -0.9994568664E+00
  0.1321861304E-03  0.4216182187E+01 -0.9994425760E+00
  0.1355755183E-03  0.4216142169E+01 -0.9994282858E+00
  0.1389649063E-03  0.4216102153E+01 -0.9994139957E+00
  0.1423542942E-03  0.4216062136E+01 -0.9993997058E+00
  0.1457436822E-03  0.4216022120E+01 -0.9993854160E+00
  0.1491330702E-03  0.4215982105E+01 -0.9993711263E+00
  0.1525224581E-03  0.4215942090E+01 -0.9993568368E+00
  0.1559118461E-03  0.4215902075E+01 -0.9993425474E+00
  0.1593012340E-03  0.4215862061E+01 -0.9993282582E+00
  0.1626906220E-03  0.4215822047E+01 -0.9993139690E+00
  0.1660800099E-03  0.4215782033E+01 -0.9992996800E+00
  0.1694693979E-03  0.4215742020E+01 -0.9992853912E+00
  0.1728587859E-03  0.4215702008E+01 -0.9992711025E+00
  0.1762481738E-03  0.4215661996E+01 -0.9992568139E+00
  0.1796375618E-03  0.4215621984E+01 -0.9992425254E+00
  0.1830269497E-03  0.4215581973E+01 -0.9992282371E+00
  0.1864163377E-03  0.4215541962E+01 -0.9992139490E+00
  0.1898057257E-03  0.4215501951E+01 -0.9991996609E+00
  0.1931951136E-03  0.4215461941E+01 -0.9991853730E+00
  0.1965845016E-03  0.4215421932E+01 -0.9991710852E+00
  0.1999738895E-03  0.4215381922E+01 -0.9991567976E+00
  0.2033632775E-03  0.4215341914E+01 -0.9991425101E+00
  0.2067526654E-03  0.4215301905E+01 -0.9991282228E+00
  0.2101420534E-03  0.4215261898E+01 -0.9991139355E+00
  0.2135314414E-03  0.4215221890E+01 -0.9990996484E+00
  0.2169208293E-03  0.4215181883E+01 -0.9990853615E+00
  0.2203102173E-03  0.4215141877E+01 -0.9990710747E+00
  0.2236996052E-03  0.4215101871E+01 -0.9990567880E+00
  0.2270889932E-03  0.4215061865E+01 -0.9990425014E+00
  0.2304783812E-03  0.4215021860E+01 -0.9990282150E+00
  0.2338677691E-03  0.4214981856E+01 -0.9990139287E+00
  0.2372571571E-03  0.4214941852E+01 -0.9989996426E+00
  0.2406465450E-03  0.4214901848E+01 -0.9989853566E+00
  0.2440359330E-03  0.4214861845E+01 -0.9989710707E+00
  0.2474253209E-03  0.4214821842E+01 -0.9989567850E+00
  0.2508147089E-03  0.4214781840E+01 -0.9989424994E+00
  0.2542040969E-03  0.4214741838E+01 -0.9989282139E+00
  0.2575934848E-03  0.4214701837E+01 -0.9989139286E+00
  0.2609828728E-03  0.4214661836E+01 -0.9988996434E+00
  0.2643722607E-03  0.4214621836E+01 -0.9988853584E+00
  0.2677616487E-03  0.4214581836E+01 -0.9988710734E+00
  0.2711510367E-03  0.4214541836E+01 -0.9988567887E+00
  0.2745404246E-03  0.4214501838E+01 -0.9988425040E+00
  0.2779298126E-03  0.4214461839E+01 -0.9988282195E+00
  0.2813192005E-03  0.4214421841E+01 -0.9988139351E+00
  0.2847085885E-03  0.4214381844E+01 -0.9987996509E+00
  0.2880979764E-03  0.4214341847E+01 -0.9987853668E+00
  0.2914873644E-03  0.4214301851E+01 -0.9987710828E+00
  0.2948767524E-03  0.4214261855E+01 -0.9987567990E+00
  0.2982661403E-03  0.4214221860E+01 -0.9987425153E+00
  0.3016555283E-03  0.4214181865E+01 -0.9987282317E+00
  0.3050449162E-03  0.4214141870E+01 -0.9987139483E+00
  0.3084343042E-03  0.4214101877E+01 -0.9986996650E+00
  0.3118236921E-03  0.4214061883E+01 -0.9986853818E+00
  0.3152130801E-03  0.4214021891E+01 -0.9986710988E+00
  0.3186024681E-03  0.4213981898E+01 -0.9986568159E+00
  0.3219918560E-03  0.4213941907E+01 -0.9986425331E+00
  0.3253812440E-03  0.4213901916E+01 -0.9986282505E+00
  0.3287706319E-03  0.4213861925E+01 -0.9986139680E+00
  0.3321600199E-03  0.4213821935E+01 -0.9985996857E+00
  0.3355494079E-03  0.4213781945E+01 -0.9985854035E+00
  0.3389387958E-03  0.4213741956E+01 -0.9985711214E+00
  0.3423624200E-03  0.4213701564E+01 -0.9985566952E+00
  0.3458206263E-03  0.4213660764E+01 -0.9985421234E+00
  0.3493137639E-03  0.4213619552E+01 -0.9985274046E+00
  0.3528421858E-03  0.4213577925E+01 -0.9985125373E+00
  0.3564062483E-03  0.4213535878E+01 -0.9984975199E+00
  0.3600063114E-03  0.4213493407E+01 -0.9984823510E+00
  0.3636427388E-03  0.4213450508E+01 -0.9984670290E+00
  0.3673158977E-03  0.4213407176E+01 -0.9984515524E+00
  0.3710261593E-03  0.4213363407E+01 -0.9984359196E+00
  0.3747738983E-03  0.4213319196E+01 -0.9984201291E+00
  0.3785594932E-03  0.4213274540E+01 -0.9984041793E+00
  0.3823833265E-03  0.4213229433E+01 -0.9983880685E+00
  0.3862457844E-03  0.4213183871E+01 -0.9983717952E+00
  0.3901472569E-03  0.4213137850E+01 -0.9983553576E+00
  0.3940881383E-03  0.4213091365E+01 -0.9983387543E+00
  0.3980688266E-03  0.4213044411E+01 -0.9983219833E+00
  0.4020897238E-03  0.4212996983E+01 -0.9983050432E+00
  0.4061512362E-03  0.4212949077E+01 -0.9982879322E+00
  0.4102537739E-03  0.4212900689E+01 -0.9982706485E+00
  0.4143977514E-03  0.4212851812E+01 -0.9982531904E+00
  0.4185835873E-03  0.4212802443E+01 -0.9982355562E+00
  0.4228117043E-03  0.4212752575E+01 -0.9982177441E+00
  0.4270825296E-03  0.4212702205E+01 -0.9981997523E+00
  0.4313964946E-03  0.4212651328E+01 -0.9981815790E+00
  0.4357540349E-03  0.4212599937E+01 -0.9981632223E+00
  0.4401555908E-03  0.4212548028E+01 -0.9981446804E+00
  0.4446016069E-03  0.4212495596E+01 -0.9981259514E+00
  0.4490925322E-03  0.4212442635E+01 -0.9981070336E+00
  0.4536288204E-03  0.4212389141E+01 -0.9980879248E+00
  0.4582109297E-03  0.4212335107E+01 -0.9980686233E+00
  0.4628393230E-03  0.4212280529E+01 -0.9980491271E+00
  0.4675144676E-03  0.4212225400E+01 -0.9980294342E+00
  0.4722368360E-03  0.4212169716E+01 -0.9980095427E+00
  0.4770069051E-03  0.4212113471E+01 -0.9979894505E+00
  0.4818251566E-03  0.4212056658E+01 -0.9979691556E+00
  0.4866920774E-03  0.4211999273E+01 -0.9979486560E+00
  0.4916081590E-03  0.4211941310E+01 -0.9979279496E+00
  0.4965738980E-03  0.4211882763E+01 -0.9979070343E+00
  0.5015897959E-03  0.4211823626E+01 -0.9978859081E+00
  0.5066563595E-03  0.4211763893E+01 -0.9978645688E+00
  0.5117741005E-03  0.4211703558E+01 -0.9978430142E+00
  0.5169435359E-03  0.4211642615E+01 -0.9978212422E+00
  0.5221651878E-03  0.4211581058E+01 -0.9977992507E+00
  0.5274395836E-03  0.4211518881E+01 -0.9977770373E+00
  0.5327672562E-03  0.4211456078E+01 -0.9977545999E+00
  0.5381487436E-03  0.4211392641E+01 -0.9977319361E+00
  0.5435845895E-03  0.4211328566E+01 -0.9977090438E+00
  0.5490753429E-03  0.4211263846E+01 -0.9976859206E+00
  0.5546215585E-03  0.4211198473E+01 -0.9976625642E+00
  0.5602237965E-03  0.4211132442E+01 -0.9976389723E+00
  0.5658826227E-03  0.4211065746E+01 -0.9976151424E+00
  0.5715986088E-03  0.4210998378E+01 -0.9975910722E+00
  0.5773723321E-03  0.4210930332E+01 -0.9975667593E+00
  0.5832043759E-03  0.4210861600E+01 -0.9975422011E+00
  0.5890953291E-03  0.4210792176E+01 -0.9975173954E+00
  0.5950457870E-03  0.4210722053E+01 -0.9974923394E+00
  0.6010563505E-03  0.4210651225E+01 -0.9974670308E+00
  0.6071276268E-03  0.4210579683E+01 -0.9974414670E+00
  0.6132602291E-03  0.4210507420E+01 -0.9974156454E+00
  0.6194547769E-03  0.4210434430E+01 -0.9973895635E+00
  0.6257118958E-03  0.4210360706E+01 -0.9973632185E+00
  0.6320322180E-03  0.4210286239E+01 -0.9973366079E+00
  0.6384163818E-03  0.4210211023E+01 -0.9973097290E+00
  0.6448650321E-03  0.4210135049E+01 -0.9972825791E+00
  0.6513788203E-03  0.4210058311E+01 -0.9972551554E+00
  0.6579584044E-03  0.4209980801E+01 -0.9972274552E+00
  0.6646044489E-03  0.4209902510E+01 -0.9971994757E+00
  0.6713176251E-03  0.4209823432E+01 -0.9971712142E+00
  0.6780986112E-03  0.4209743558E+01 -0.9971426677E+00
  0.6849480921E-03  0.4209662880E+01 -0.9971138334E+00
  0.6918667597E-03  0.4209581391E+01 -0.9970847084E+00
  0.6988553129E-03  0.4209499082E+01 -0.9970552899E+00
  0.7059144575E-03  0.4209415944E+01 -0.9970255747E+00
  0.7130449065E-03  0.4209331971E+01 -0.9969955600E+00
  0.7202473803E-03  0.4209247153E+01 -0.9969652427E+00
  0.7275226064E-03  0.4209161481E+01 -0.9969346197E+00
  0.7348713196E-03  0.4209074948E+01 -0.9969036881E+00
  0.7422942622E-03  0.4208987545E+01 -0.9968724447E+00
  0.7497921840E-03  0.4208899263E+01 -0.9968408864E+00
  0.7573658425E-03  0.4208810094E+01 -0.9968090100E+00
  0.7650160025E-03  0.4208720028E+01 -0.9967768123E+00
  0.7727434369E-03  0.4208629056E+01 -0.9967442900E+00
  0.7805489261E-03  0.4208537170E+01 -0.9967114400E+00
  0.7884332587E-03  0.4208444360E+01 -0.9966782588E+00
  0.7963972310E-03  0.4208350617E+01 -0.9966447433E+00
  0.8044416475E-03  0.4208255933E+01 -0.9966108899E+00
  0.8125673207E-03  0.4208160296E+01 -0.9965766954E+00
  0.8207750714E-03  0.4208063699E+01 -0.9965421563E+00
  0.8290657287E-03  0.4207966131E+01 -0.9965072690E+00
  0.8374401300E-03  0.4207867583E+01 -0.9964720303E+00
  0.8458991212E-03  0.4207768045E+01 -0.9964364364E+00
  0.8544435568E-03  0.4207667507E+01 -0.9964004838E+00
  0.8630742998E-03  0.4207565959E+01 -0.9963641689E+00
  0.8717922220E-03  0.4207463392E+01 -0.9963274881E+00
  0.8805982040E-03  0.4207359794E+01 -0.9962904378E+00
  0.8894931354E-03  0.4207255157E+01 -0.9962530140E+00
  0.8984779145E-03  0.4207149468E+01 -0.9962152133E+00
  0.9075534490E-03  0.4207042719E+01 -0.9961770316E+00
  0.9167206556E-03  0.4206934898E+01 -0.9961384653E+00
  0.9259804602E-03  0.4206825995E+01 -0.9960995104E+00
  0.9353337982E-03  0.4206715999E+01 -0.9960601630E+00
  0.9447816143E-03  0.4206604899E+01 -0.9960204193E+00
  0.9543248629E-03  0.4206492685E+01 -0.9959802751E+00
  0.9639645080E-03  0.4206379344E+01 -0.9959397266E+00
  0.9737015233E-03  0.4206264867E+01 -0.9958987696E+00
  0.9835368922E-03  0.4206149242E+01 -0.9958574000E+00
  0.9934716083E-03  0.4206032457E+01 -0.9958156137E+00
  0.1003506675E-02  0.4205914500E+01 -0.9957734064E+00
  0.1013643106E-02  0.4205795362E+01 -0.9957307741E+00
  0.1023881925E-02  0.4205675028E+01 -0.9956877123E+00
  0.1034224167E-02  0.4205553489E+01 -0.9956442168E+00
  0.1044670876E-02  0.4205430731E+01 -0.9956002833E+00
  0.1055223107E-02  0.4205306744E+01 -0.9955559073E+00
  0.1065881926E-02  0.4205181514E+01 -0.9955110843E+00
  0.1076648410E-02  0.4205055029E+01 -0.9954658100E+00
  0.1087523647E-02  0.4204927277E+01 -0.9954200797E+00
  0.1098508734E-02  0.4204798246E+01 -0.9953738889E+00
  0.1109604782E-02  0.4204667922E+01 -0.9953272330E+00
  0.1120812911E-02  0.4204536294E+01 -0.9952801073E+00
  0.1132134253E-02  0.4204403348E+01 -0.9952325070E+00
  0.1143569953E-02  0.4204269071E+01 -0.9951844275E+00
  0.1155121165E-02  0.4204133451E+01 -0.9951358639E+00
  0.1166789055E-02  0.4203996473E+01 -0.9950868113E+00
  0.1178574803E-02  0.4203858125E+01 -0.9950372649E+00
  0.1190479599E-02  0.4203718393E+01 -0.9949872197E+00
  0.1202504646E-02  0.4203577263E+01 -0.9949366706E+00
  0.1214651157E-02  0.4203434722E+01 -0.9948856127E+00
  0.1226920361E-02  0.4203290756E+01 -0.9948340407E+00
  0.1239313496E-02  0.4203145351E+01 -0.9947819497E+00
  0.1251831814E-02  0.4202998493E+01 -0.9947293343E+00
  0.1264476580E-02  0.4202850167E+01 -0.9946761893E+00
  0.1277249070E-02  0.4202700360E+01 -0.9946225094E+00
  0.1290150576E-02  0.4202549056E+01 -0.9945682892E+00
  0.1303182400E-02  0.4202396240E+01 -0.9945135233E+00
  0.1316345859E-02  0.4202241900E+01 -0.9944582063E+00
  0.1329642282E-02  0.4202086018E+01 -0.9944023325E+00
  0.1343073012E-02  0.4201928580E+01 -0.9943458965E+00
  0.1356639406E-02  0.4201769572E+01 -0.9942888926E+00
  0.1370342834E-02  0.4201608977E+01 -0.9942313150E+00
  0.1384184681E-02  0.4201446780E+01 -0.9941731581E+00
  0.1398166344E-02  0.4201282966E+01 -0.9941144160E+00
  0.1412289237E-02  0.4201117519E+01 -0.9940550829E+00
  0.1426554785E-02  0.4200950422E+01 -0.9939951529E+00
  0.1440964429E-02  0.4200781661E+01 -0.9939346199E+00
  0.1455519625E-02  0.4200611218E+01 -0.9938734779E+00
  0.1470221844E-02  0.4200439077E+01 -0.9938117209E+00
  0.1485072569E-02  0.4200265222E+01 -0.9937493426E+00
  0.1500073302E-02  0.4200089637E+01 -0.9936863369E+00
  0.1515225558E-02  0.4199912304E+01 -0.9936226974E+00
  0.1530530867E-02  0.4199733206E+01 -0.9935584178E+00
  0.1545990774E-02  0.4199552327E+01 -0.9934934917E+00
  0.1561606843E-02  0.4199369648E+01 -0.9934279127E+00
  0.1577380649E-02  0.4199185154E+01 -0.9933616741E+00
  0.1593313787E-02  0.4198998826E+01 -0.9932947694E+00
  0.1609407866E-02  0.4198810646E+01 -0.9932271919E+00
  0.1625664511E-02  0.4198620597E+01 -0.9931589348E+00
  0.1642085364E-02  0.4198428661E+01 -0.9930899915E+00
  0.1658672085E-02  0.4198234819E+01 -0.9930203549E+00
  0.1675426349E-02  0.4198039054E+01 -0.9929500182E+00
  0.1692349847E-02  0.4197841346E+01 -0.9928789744E+00
  0.1709444290E-02  0.4197641677E+01 -0.9928072163E+00
  0.1726711404E-02  0.4197440028E+01 -0.9927347369E+00
  0.1744152934E-02  0.4197236381E+01 -0.9926615289E+00
  0.1761770640E-02  0.4197030716E+01 -0.9925875850E+00
  0.1779566303E-02  0.4196823013E+01 -0.9925128980E+00
  0.1797541720E-02  0.4196613254E+01 -0.9924374602E+00
  0.1815698707E-02  0.4196401419E+01 -0.9923612643E+00
  0.1834039098E-02  0.4196187487E+01 -0.9922843026E+00
  0.1852564746E-02  0.4195971440E+01 -0.9922065675E+00
  0.1871277521E-02  0.4195753257E+01 -0.9921280513E+00
  0.1890179314E-02  0.4195532917E+01 -0.9920487461E+00
  0.1909272034E-02  0.4195310400E+01 -0.9919686441E+00
  0.1928557610E-02  0.4195085686E+01 -0.9918877373E+00
  0.1948037990E-02  0.4194858753E+01 -0.9918060176E+00
  0.1967715142E-02  0.4194629581E+01 -0.9917234770E+00
  0.1987591052E-02  0.4194398148E+01 -0.9916401072E+00
  0.2007667730E-02  0.4194164434E+01 -0.9915559000E+00
  0.2027947202E-02  0.4193928416E+01 -0.9914708469E+00
  0.2048431517E-02  0.4193690073E+01 -0.9913849396E+00
  0.2069122744E-02  0.4193449384E+01 -0.9912981695E+00
  0.2090022974E-02  0.4193206325E+01 -0.9912105280E+00
  0.2111134317E-02  0.4192960876E+01 -0.9911220064E+00
  0.2132458906E-02  0.4192713013E+01 -0.9910325958E+00
  0.2153998895E-02  0.4192462714E+01 -0.9909422876E+00
  0.2175756460E-02  0.4192209956E+01 -0.9908510725E+00
  0.2197733798E-02  0.4191954716E+01 -0.9907589417E+00
  0.2219933129E-02  0.4191696972E+01 -0.9906658860E+00
  0.2242356696E-02  0.4191436700E+01 -0.9905718961E+00
  0.2265006764E-02  0.4191173876E+01 -0.9904769628E+00
  0.2287885620E-02  0.4190908477E+01 -0.9903810765E+00
  0.2310995576E-02  0.4190640478E+01 -0.9902842279E+00
  0.2334338965E-02  0.4190369736E+01 -0.9901864073E+00
  0.2357918147E-02  0.4190096334E+01 -0.9900876051E+00
  0.2381735502E-02  0.4189820255E+01 -0.9899878113E+00
  0.2405793436E-02  0.4189541474E+01 -0.9898870163E+00
  0.2430094380E-02  0.4189259967E+01 -0.9897852099E+00
  0.2454640788E-02  0.4188975708E+01 -0.9896823821E+00
  0.2479435139E-02  0.4188688673E+01 -0.9895785227E+00
  0.2504479939E-02  0.4188398835E+01 -0.9894736215E+00
  0.2529777716E-02  0.4188106169E+01 -0.9893676680E+00
  0.2555331026E-02  0.4187810649E+01 -0.9892606518E+00
  0.2581142450E-02  0.4187512250E+01 -0.9891525623E+00
  0.2607214596E-02  0.4187210880E+01 -0.9890433888E+00
  0.2633550097E-02  0.4186906431E+01 -0.9889331205E+00
  0.2660151614E-02  0.4186599015E+01 -0.9888217465E+00
  0.2687021832E-02  0.4186288604E+01 -0.9887092559E+00
  0.2714163467E-02  0.4185975172E+01 -0.9885956374E+00
  0.2741579259E-02  0.4185658689E+01 -0.9884808799E+00
  0.2769271979E-02  0.4185339130E+01 -0.9883649721E+00
  0.2797244423E-02  0.4185016466E+01 -0.9882479024E+00
  0.2825499417E-02  0.4184690668E+01 -0.9881296594E+00
  0.2854039815E-02  0.4184361710E+01 -0.9880102313E+00
  0.2882868500E-02  0.4184029561E+01 -0.9878896065E+00
  0.2911988384E-02  0.4183694194E+01 -0.9877677729E+00
  0.2941402408E-02  0.4183355579E+01 -0.9876447186E+00
  0.2971113544E-02  0.4183013688E+01 -0.9875204315E+00
  0.3001124792E-02  0.4182668491E+01 -0.9873948992E+00
  0.3031439184E-02  0.4182319959E+01 -0.9872681094E+00
  0.3062059781E-02  0.4181968062E+01 -0.9871400497E+00
  0.3092989678E-02  0.4181612770E+01 -0.9870107073E+00
  0.3124231998E-02  0.4181254053E+01 -0.9868800696E+00
  0.3155789897E-02  0.4180891881E+01 -0.9867481237E+00
  0.3187666563E-02  0.4180526224E+01 -0.9866148567E+00
  0.3219865215E-02  0.4180157049E+01 -0.9864802553E+00
  0.3252389106E-02  0.4179784328E+01 -0.9863443064E+00
  0.3285241521E-02  0.4179408028E+01 -0.9862069966E+00
  0.3318425779E-02  0.4179028118E+01 -0.9860683123E+00
  0.3351945231E-02  0.4178644567E+01 -0.9859282400E+00
  0.3385803264E-02  0.4178256513E+01 -0.9857867659E+00
  0.3420003297E-02  0.4177864701E+01 -0.9856438761E+00
  0.3454548785E-02  0.4177469117E+01 -0.9854995566E+00
  0.3489443217E-02  0.4177069727E+01 -0.9853537931E+00
  0.3524690118E-02  0.4176666499E+01 -0.9852065715E+00
  0.3560293049E-02  0.4176259398E+01 -0.9850578771E+00
  0.3596255605E-02  0.4175848144E+01 -0.9849076956E+00
  0.3632581419E-02  0.4175432388E+01 -0.9847560120E+00
  0.3669274160E-02  0.4175012625E+01 -0.9846028117E+00
  0.3706337536E-02  0.4174588817E+01 -0.9844480795E+00
  0.3743775289E-02  0.4174160930E+01 -0.9842918003E+00
  0.3781591201E-02  0.4173728927E+01 -0.9841339587E+00
  0.3819789092E-02  0.4173292771E+01 -0.9839745394E+00
  0.3858372820E-02  0.4172852425E+01 -0.9838135267E+00
  0.3897346283E-02  0.4172407852E+01 -0.9836509049E+00
  0.3936713417E-02  0.4171959015E+01 -0.9834866580E+00
  0.3976478199E-02  0.4171505875E+01 -0.9833207699E+00
  0.4016644645E-02  0.4171048395E+01 -0.9831532245E+00
  0.4057216813E-02  0.4170586535E+01 -0.9829840054E+00
  0.4098198801E-02  0.4170120259E+01 -0.9828130961E+00
  0.4139594749E-02  0.4169649526E+01 -0.9826404797E+00
  0.4181408837E-02  0.4169174297E+01 -0.9824661396E+00
  0.4223645290E-02  0.4168694532E+01 -0.9822900586E+00
  0.4266308374E-02  0.4168210192E+01 -0.9821122195E+00
  0.4309402398E-02  0.4167721237E+01 -0.9819326051E+00
  0.4352931715E-02  0.4167227626E+01 -0.9817511978E+00
  0.4396900722E-02  0.4166729318E+01 -0.9815679799E+00
  0.4441313861E-02  0.4166226272E+01 -0.9813829335E+00
  0.4486175617E-02  0.4165718446E+01 -0.9811960407E+00
  0.4531490522E-02  0.4165205799E+01 -0.9810072832E+00
  0.4577263154E-02  0.4164688287E+01 -0.9808166426E+00
  0.4623498135E-02  0.4164165870E+01 -0.9806241004E+00
  0.4670200136E-02  0.4163638504E+01 -0.9804296378E+00
  0.4717373875E-02  0.4163106006E+01 -0.9802332360E+00
  0.4765024116E-02  0.4162568284E+01 -0.9800348758E+00
  0.4813155673E-02  0.4162025470E+01 -0.9798345380E+00
  0.4861773407E-02  0.4161477517E+01 -0.9796322030E+00
  0.4910882230E-02  0.4160924381E+01 -0.9794278514E+00
  0.4960487101E-02  0.4160366015E+01 -0.9792214631E+00
  0.5010593031E-02  0.4159802374E+01 -0.9790130182E+00
  0.5061205082E-02  0.4159233412E+01 -0.9788024965E+00
  0.5112328365E-02  0.4158659080E+01 -0.9785898775E+00
  0.5163968046E-02  0.4158079332E+01 -0.9783751406E+00
  0.5216129339E-02  0.4157494119E+01 -0.9781582651E+00
  0.5268817514E-02  0.4156903394E+01 -0.9779392299E+00
  0.5322037893E-02  0.4156307106E+01 -0.9777180138E+00
  0.5375795852E-02  0.4155705207E+01 -0.9774945954E+00
  0.5430096820E-02  0.4155097645E+01 -0.9772689530E+00
  0.5484946283E-02  0.4154484372E+01 -0.9770410650E+00
  0.5540349781E-02  0.4153865335E+01 -0.9768109092E+00
  0.5596312910E-02  0.4153240829E+01 -0.9765784633E+00
  0.5652841323E-02  0.4152615574E+01 -0.9763437049E+00
  0.5709940730E-02  0.4151984608E+01 -0.9761066110E+00
  0.5767616899E-02  0.4151347882E+01 -0.9758671588E+00
  0.5825875656E-02  0.4150705349E+01 -0.9756253252E+00
  0.5884722885E-02  0.4150056959E+01 -0.9753810867E+00
  0.5944164530E-02  0.4149402664E+01 -0.9751344200E+00
  0.6004206596E-02  0.4148742413E+01 -0.9748853011E+00
  0.6064855147E-02  0.4148076155E+01 -0.9746337061E+00
  0.6126116310E-02  0.4147403841E+01 -0.9743796107E+00
  0.6187996273E-02  0.4146725416E+01 -0.9741229905E+00
  0.6250501286E-02  0.4146040830E+01 -0.9738638208E+00
  0.6313637663E-02  0.4145350029E+01 -0.9736020766E+00
  0.6377411780E-02  0.4144652957E+01 -0.9733377328E+00
  0.6441830081E-02  0.4143949561E+01 -0.9730707639E+00
  0.6506899072E-02  0.4143239785E+01 -0.9728011444E+00
  0.6572625325E-02  0.4142523570E+01 -0.9725288483E+00
  0.6639015480E-02  0.4141800860E+01 -0.9722538495E+00
  0.6706076242E-02  0.4141071596E+01 -0.9719761216E+00
  0.6773814386E-02  0.4140335718E+01 -0.9716956381E+00
  0.6842236754E-02  0.4139593164E+01 -0.9714123719E+00
  0.6911350256E-02  0.4138843873E+01 -0.9711262960E+00
  0.6981161875E-02  0.4138089085E+01 -0.9708373830E+00
  0.7051678662E-02  0.4137335643E+01 -0.9705456048E+00
  0.7122907739E-02  0.4136575621E+01 -0.9702509332E+00
  0.7194856302E-02  0.4135808964E+01 -0.9699533402E+00
  0.7267531618E-02  0.4135035612E+01 -0.9696527970E+00
  0.7340941029E-02  0.4134255504E+01 -0.9693492751E+00
  0.7415091948E-02  0.4133468580E+01 -0.9690427455E+00
  0.7489991867E-02  0.4132674775E+01 -0.9687331787E+00
  0.7565648350E-02  0.4131874025E+01 -0.9684205454E+00
  0.7642069041E-02  0.4131066265E+01 -0.9681048156E+00
  0.7719261657E-02  0.4130251424E+01 -0.9677859592E+00
  0.7797233997E-02  0.4129429435E+01 -0.9674639459E+00
  0.7875993937E-02  0.4128588872E+01 -0.9671387454E+00
  0.7955549431E-02  0.4127736664E+01 -0.9668103274E+00
  0.8035908516E-02  0.4126876384E+01 -0.9664786608E+00
  0.8117079309E-02  0.4125999574E+01 -0.9661437145E+00
  0.8199070009E-02  0.4125114344E+01 -0.9658054572E+00
  0.8281888898E-02  0.4124220589E+01 -0.9654638569E+00
  0.8365544342E-02  0.4123318199E+01 -0.9651188811E+00
  0.8450044790E-02  0.4122407065E+01 -0.9647704974E+00
  0.8535398777E-02  0.4121487071E+01 -0.9644186727E+00
  0.8621614927E-02  0.4120558099E+01 -0.9640633740E+00
  0.8708701946E-02  0.4119620028E+01 -0.9637045678E+00
  0.8796668632E-02  0.4118672733E+01 -0.9633422201E+00
  0.8885523871E-02  0.4117716084E+01 -0.9629762970E+00
  0.8975276638E-02  0.4116749950E+01 -0.9626067639E+00
  0.9065935997E-02  0.4115787557E+01 -0.9622335856E+00
  0.9157511109E-02  0.4114821835E+01 -0.9618567261E+00
  0.9250011221E-02  0.4113846923E+01 -0.9614761497E+00
  0.9343445678E-02  0.4112862691E+01 -0.9610918207E+00
  0.9437823917E-02  0.4111871708E+01 -0.9607037027E+00
  0.9533155471E-02  0.4110876330E+01 -0.9603117590E+00
  0.9629449971E-02  0.4109871438E+01 -0.9599159526E+00
  0.9726717143E-02  0.4108856884E+01 -0.9595162464E+00
  0.9824966811E-02  0.4107832516E+01 -0.9591126029E+00
  0.9924208900E-02  0.4106798175E+01 -0.9587049843E+00
  0.1002445343E-01  0.4105753698E+01 -0.9582933526E+00
  0.1012571054E-01  0.4104698915E+01 -0.9578776693E+00
  0.1022799044E-01  0.4103633650E+01 -0.9574578956E+00
  0.1033130348E-01  0.4102568036E+01 -0.9570339918E+00
  0.1043566008E-01  0.4101497857E+01 -0.9566059175E+00
  0.1054107079E-01  0.4100416946E+01 -0.9561736327E+00
  0.1064754625E-01  0.4099325092E+01 -0.9557370971E+00
  0.1075509722E-01  0.4098222077E+01 -0.9552962700E+00
  0.1086373457E-01  0.4097111249E+01 -0.9548511103E+00
  0.1097346926E-01  0.4096040022E+01 -0.9544015739E+00
  0.1108431238E-01  0.4094969744E+01 -0.9539476153E+00
  0.1119627514E-01  0.4093907310E+01 -0.9534891907E+00
  0.1130936882E-01  0.4092835405E+01 -0.9530262562E+00
  0.1142360487E-01  0.4091753818E+01 -0.9525587687E+00
  0.1153899482E-01  0.4090677775E+01 -0.9520866835E+00
  0.1165555032E-01  0.4089601452E+01 -0.9516099552E+00
  0.1177328316E-01  0.4088474413E+01 -0.9511285412E+00
  0.1189220521E-01  0.4087326377E+01 -0.9506423997E+00
  0.1201232849E-01  0.4086160648E+01 -0.9501514866E+00
  0.1213366514E-01  0.4084945459E+01 -0.9496557593E+00
  0.1225622742E-01  0.4083718265E+01 -0.9491551743E+00
  0.1238002770E-01  0.4082485948E+01 -0.9486496851E+00
  0.1250507848E-01  0.4081245064E+01 -0.9481392447E+00
  0.1263139240E-01  0.4079990348E+01 -0.9476238058E+00
  0.1275898223E-01  0.4078723253E+01 -0.9471033214E+00
  0.1288786083E-01  0.4077483636E+01 -0.9465777411E+00
  0.1301804125E-01  0.4076229550E+01 -0.9460470142E+00
  0.1314953661E-01  0.4074960571E+01 -0.9455110924E+00
  0.1328236022E-01  0.4073676262E+01 -0.9449699267E+00
  0.1341652547E-01  0.4072373481E+01 -0.9444234683E+00
  0.1355204593E-01  0.4071051553E+01 -0.9438716680E+00
  0.1368893528E-01  0.4069712808E+01 -0.9433144760E+00
  0.1382720736E-01  0.4068367380E+01 -0.9427518414E+00
  0.1396687612E-01  0.4067021814E+01 -0.9421837115E+00
  0.1410795567E-01  0.4065650942E+01 -0.9416100346E+00
  0.1425046028E-01  0.4064245212E+01 -0.9410307608E+00
  0.1439440432E-01  0.4062819320E+01 -0.9404458395E+00
  0.1453980234E-01  0.4061372627E+01 -0.9398552188E+00
  0.1468666903E-01  0.4059904473E+01 -0.9392588462E+00
  0.1483501923E-01  0.4058377461E+01 -0.9386566719E+00
  0.1498486790E-01  0.4056799624E+01 -0.9380486476E+00
  0.1513623021E-01  0.4055196775E+01 -0.9374347224E+00
  0.1528912142E-01  0.4053568180E+01 -0.9368148429E+00
  0.1544355699E-01  0.4051913091E+01 -0.9361889556E+00
  0.1559955252E-01  0.4050230744E+01 -0.9355570065E+00
  0.1575712375E-01  0.4048520358E+01 -0.9349189414E+00
  0.1591628662E-01  0.4046781141E+01 -0.9342747057E+00
  0.1607705719E-01  0.4045012287E+01 -0.9336242446E+00
  0.1623945171E-01  0.4043212977E+01 -0.9329675029E+00
  0.1640348657E-01  0.4041382381E+01 -0.9323044251E+00
  0.1656917836E-01  0.4039519661E+01 -0.9316349556E+00
  0.1673654380E-01  0.4037623969E+01 -0.9309590382E+00
  0.1690559979E-01  0.4035694451E+01 -0.9302766168E+00
  0.1707636343E-01  0.4033730247E+01 -0.9295876346E+00
  0.1724885195E-01  0.4031699650E+01 -0.9288920376E+00
  0.1742308278E-01  0.4029582761E+01 -0.9281897756E+00
  0.1759907351E-01  0.4027426286E+01 -0.9274807962E+00
  0.1777684193E-01  0.4025229331E+01 -0.9267650422E+00
  0.1795640599E-01  0.4022991007E+01 -0.9260424567E+00
  0.1813778383E-01  0.4020667925E+01 -0.9253129859E+00
  0.1832099377E-01  0.4018264012E+01 -0.9245765798E+00
  0.1850605431E-01  0.4015836974E+01 -0.9238331823E+00
  0.1869298415E-01  0.4013363353E+01 -0.9230827337E+00
  0.1888180217E-01  0.4010842318E+01 -0.9223251764E+00
  0.1907252745E-01  0.4008273060E+01 -0.9215604524E+00
  0.1926517924E-01  0.4005654804E+01 -0.9207885036E+00
  0.1945977701E-01  0.4002986808E+01 -0.9200092717E+00
  0.1965634041E-01  0.4000334011E+01 -0.9192226917E+00
  0.1985488931E-01  0.3997683161E+01 -0.9184286930E+00
  0.2005544374E-01  0.3994994075E+01 -0.9176272096E+00
  0.2025802398E-01  0.3992259185E+01 -0.9168181797E+00
  0.2046265049E-01  0.3989481851E+01 -0.9160015418E+00
  0.2066934393E-01  0.3986657952E+01 -0.9151772340E+00
  0.2087812518E-01  0.3983787903E+01 -0.9143451941E+00
  0.2108901533E-01  0.3980951802E+01 -0.9135053515E+00
  0.2130203569E-01  0.3978074208E+01 -0.9126576343E+00
  0.2151720777E-01  0.3975155388E+01 -0.9118019778E+00
  0.2173455330E-01  0.3972181989E+01 -0.9109383186E+00
  0.2195409424E-01  0.3969164335E+01 -0.9100665933E+00
  0.2217585277E-01  0.3966106377E+01 -0.9091867363E+00
  0.2239985128E-01  0.3963008779E+01 -0.9082986813E+00
  0.2262611241E-01  0.3959872318E+01 -0.9074023613E+00
  0.2285465900E-01  0.3956697885E+01 -0.9064977088E+00
  0.2308551414E-01  0.3953486493E+01 -0.9055846554E+00
  0.2331870115E-01  0.3950259375E+01 -0.9046631300E+00
  0.2355424359E-01  0.3947006370E+01 -0.9037330594E+00
  0.2379216524E-01  0.3943720598E+01 -0.9027943720E+00
  0.2403249014E-01  0.3940403530E+01 -0.9018469963E+00
  0.2427524257E-01  0.3937056765E+01 -0.9008908600E+00
  0.2452044704E-01  0.3933682034E+01 -0.8999258898E+00
  0.2476812832E-01  0.3930344994E+01 -0.8989520037E+00
  0.2501831143E-01  0.3927022257E+01 -0.8979691134E+00
  0.2527102165E-01  0.3923684335E+01 -0.8969771365E+00
  0.2552628449E-01  0.3920356190E+01 -0.8959759904E+00
  0.2578412575E-01  0.3917032624E+01 -0.8949655894E+00
  0.2604457147E-01  0.3913701994E+01 -0.8939458487E+00
  0.2630764795E-01  0.3910367100E+01 -0.8929166844E+00
  0.2657338176E-01  0.3907043413E+01 -0.8918780093E+00
  0.2684179976E-01  0.3903778566E+01 -0.8908297267E+00
  0.2711292905E-01  0.3900521442E+01 -0.8897717395E+00
  0.2738679702E-01  0.3897275210E+01 -0.8887039561E+00
  0.2766343134E-01  0.3894043098E+01 -0.8876262831E+00
  0.2794285993E-01  0.3890828375E+01 -0.8865386253E+00
  0.2822511105E-01  0.3887604165E+01 -0.8854408897E+00
  0.2851021318E-01  0.3884280804E+01 -0.8843329992E+00
  0.2879819513E-01  0.3880975379E+01 -0.8832148724E+00
  0.2908908599E-01  0.3877674552E+01 -0.8820864122E+00
  0.2938291514E-01  0.3874275373E+01 -0.8809475378E+00
  0.2967971226E-01  0.3870830063E+01 -0.8797981753E+00
  0.2997950734E-01  0.3867410526E+01 -0.8786382321E+00
  0.3028233064E-01  0.3864020496E+01 -0.8774676033E+00
  0.3058821277E-01  0.3860759199E+01 -0.8762861673E+00
  0.3089718462E-01  0.3857518457E+01 -0.8750938020E+00
  0.3120927739E-01  0.3854290022E+01 -0.8738904022E+00
  0.3152452262E-01  0.3851099113E+01 -0.8726758586E+00
  0.3184295214E-01  0.3848088267E+01 -0.8714500343E+00
  0.3216459812E-01  0.3845361379E+01 -0.8702127507E+00
  0.3248949305E-01  0.3842681485E+01 -0.8689638477E+00
  0.3281766975E-01  0.3840048938E+01 -0.8677032011E+00
  0.3314916136E-01  0.3837463696E+01 -0.8664306856E+00
  0.3348400137E-01  0.3834925287E+01 -0.8651461742E+00
  0.3382222361E-01  0.3832432785E+01 -0.8638495387E+00
  0.3416386223E-01  0.3830077930E+01 -0.8625406339E+00
  0.3450895175E-01  0.3827782070E+01 -0.8612193103E+00
  0.3485752702E-01  0.3825354257E+01 -0.8598854632E+00
  0.3520962325E-01  0.3822833978E+01 -0.8585390141E+00
  0.3556527601E-01  0.3820265964E+01 -0.8571798693E+00
  0.3592452122E-01  0.3817709626E+01 -0.8558079162E+00
  0.3628739518E-01  0.3815165150E+01 -0.8544230305E+00
  0.3665393452E-01  0.3812428522E+01 -0.8530251239E+00
  0.3702417628E-01  0.3809461169E+01 -0.8516141530E+00
  0.3739815786E-01  0.3806402670E+01 -0.8501900566E+00
  0.3777591703E-01  0.3803204223E+01 -0.8487527572E+00
  0.3815749195E-01  0.3799903679E+01 -0.8473021796E+00
  0.3854292116E-01  0.3796530086E+01 -0.8458382358E+00
  0.3893224360E-01  0.3793136510E+01 -0.8443608221E+00
  0.3932549859E-01  0.3789704649E+01 -0.8428698270E+00
  0.3972272585E-01  0.3786255966E+01 -0.8413651380E+00
  0.4012396550E-01  0.3782859653E+01 -0.8398466233E+00
  0.4052925808E-01  0.3779373477E+01 -0.8383141648E+00
  0.4093864453E-01  0.3775786746E+01 -0.8367676747E+00
  0.4135216619E-01  0.3772088629E+01 -0.8352070698E+00
  0.4176986484E-01  0.3768268251E+01 -0.8336322713E+00
  0.4219178266E-01  0.3764314793E+01 -0.8320432058E+00
  0.4261796229E-01  0.3760217599E+01 -0.8304398046E+00
  0.4304844675E-01  0.3755966291E+01 -0.8288220044E+00
  0.4348327955E-01  0.3751723438E+01 -0.8271897095E+00
  0.4392250460E-01  0.3747398108E+01 -0.8255428085E+00
  0.4436616626E-01  0.3742895743E+01 -0.8238812304E+00
  0.4481430935E-01  0.3738207719E+01 -0.8222049280E+00
  0.4526697914E-01  0.3733326305E+01 -0.8205138591E+00
  0.4572422136E-01  0.3728498389E+01 -0.8188079285E+00
  0.4618608218E-01  0.3723563436E+01 -0.8170870208E+00
  0.4665260826E-01  0.3718528577E+01 -0.8153510558E+00
  0.4712384673E-01  0.3713279829E+01 -0.8135999788E+00
  0.4759984518E-01  0.3707742880E+01 -0.8118337811E+00
  0.4808065170E-01  0.3701998207E+01 -0.8100524552E+00
  0.4856631485E-01  0.3696048066E+01 -0.8082559760E+00
  0.4905688368E-01  0.3689896521E+01 -0.8064443189E+00
  0.4955240776E-01  0.3683549478E+01 -0.8046174589E+00
  0.5005293713E-01  0.3676741071E+01 -0.8027754381E+00
  0.5055852235E-01  0.3669725768E+01 -0.8009183055E+00
  0.5106921450E-01  0.3662543757E+01 -0.7990460393E+00
  0.5158506515E-01  0.3655208012E+01 -0.7971586058E+00
  0.5210612641E-01  0.3647732983E+01 -0.7952559660E+00
  0.5263245092E-01  0.3640134438E+01 -0.7933380743E+00
  0.5316409184E-01  0.3632855526E+01 -0.7914047648E+00
  0.5370110287E-01  0.3625346826E+01 -0.7894558974E+00
  0.5424353825E-01  0.3617535366E+01 -0.7874914997E+00
  0.5479145278E-01  0.3609131978E+01 -0.7855117016E+00
  0.5534490180E-01  0.3600891161E+01 -0.7835165115E+00
  0.5590394121E-01  0.3592913407E+01 -0.7815057014E+00
  0.5646862749E-01  0.3584859878E+01 -0.7794791064E+00
  0.5703901766E-01  0.3576661733E+01 -0.7774366756E+00
  0.5761516936E-01  0.3567612061E+01 -0.7753785829E+00
  0.5819714076E-01  0.3558084308E+01 -0.7733051071E+00
  0.5878499067E-01  0.3548771875E+01 -0.7712162247E+00
  0.5937877846E-01  0.3539770896E+01 -0.7691116797E+00
  0.5997856410E-01  0.3530881004E+01 -0.7669912419E+00
  0.6058440818E-01  0.3522231987E+01 -0.7648546985E+00
  0.6119637190E-01  0.3513744507E+01 -0.7627018174E+00
  0.6181451707E-01  0.3505438759E+01 -0.7605323802E+00
  0.6243890613E-01  0.3497558081E+01 -0.7583460829E+00
  0.6306960215E-01  0.3490390373E+01 -0.7561424473E+00
  0.6370666884E-01  0.3483479413E+01 -0.7539210372E+00
  0.6435017054E-01  0.3476555996E+01 -0.7516816399E+00
  0.6500017227E-01  0.3470383159E+01 -0.7494238787E+00
  0.6565673966E-01  0.3464441735E+01 -0.7471472887E+00
  0.6631993905E-01  0.3458420220E+01 -0.7448516698E+00
  0.6698983743E-01  0.3451823331E+01 -0.7425370893E+00
  0.6766650245E-01  0.3445143150E+01 -0.7402036214E+00
  0.6835000248E-01  0.3438414084E+01 -0.7378511656E+00
  0.6904040654E-01  0.3431750993E+01 -0.7354795706E+00
  0.6973778439E-01  0.3425665758E+01 -0.7330884654E+00
  0.7044220645E-01  0.3419903900E+01 -0.7306773802E+00
  0.7115374389E-01  0.3414044847E+01 -0.7282460750E+00
  0.7187246858E-01  0.3408066898E+01 -0.7257944650E+00
  0.7259845311E-01  0.3401952225E+01 -0.7233224807E+00
  0.7333177082E-01  0.3395687679E+01 -0.7208300658E+00
  0.7407249577E-01  0.3388961421E+01 -0.7183172864E+00
  0.7482070280E-01  0.3381829162E+01 -0.7157843098E+00
  0.7557646748E-01  0.3374339540E+01 -0.7132312730E+00
  0.7633986614E-01  0.3366940251E+01 -0.7106581310E+00
  0.7711097590E-01  0.3359446355E+01 -0.7080647399E+00
  0.7788987464E-01  0.3351811969E+01 -0.7054510445E+00
  0.7867664105E-01  0.3344067273E+01 -0.7028169981E+00
  0.7947135460E-01  0.3336248280E+01 -0.7001625294E+00
  0.8027409556E-01  0.3328395961E+01 -0.6974875380E+00
  0.8108494501E-01  0.3320555161E+01 -0.6947918888E+00
  0.8190398485E-01  0.3312333310E+01 -0.6920755888E+00
  0.8273129783E-01  0.3303993412E+01 -0.6893387023E+00
  0.8356696751E-01  0.3295798908E+01 -0.6865810792E+00
  0.8441107829E-01  0.3287795777E+01 -0.6838024376E+00
  0.8526371544E-01  0.3280026114E+01 -0.6810024531E+00
  0.8612496510E-01  0.3272527546E+01 -0.6781807608E+00
  0.8699491424E-01  0.3264181888E+01 -0.6753374584E+00
  0.8787365075E-01  0.3255651495E+01 -0.6724728506E+00
  0.8876126338E-01  0.3247185753E+01 -0.6695868504E+00
  0.8965784180E-01  0.3239337421E+01 -0.6666790120E+00
  0.9056347656E-01  0.3232110324E+01 -0.6637486280E+00
  0.9147825915E-01  0.3225184729E+01 -0.6607951174E+00
  0.9240228197E-01  0.3218535841E+01 -0.6578180450E+00
  0.9333563836E-01  0.3212250955E+01 -0.6548169371E+00
  0.9427842258E-01  0.3207510798E+01 -0.6517907120E+00
  0.9523072988E-01  0.3202382649E+01 -0.6487386178E+00
  0.9619265645E-01  0.3197152235E+01 -0.6456606765E+00
  0.9716429944E-01  0.3191775946E+01 -0.6425567979E+00
  0.9814575701E-01  0.3186138405E+01 -0.6394269717E+00
  0.9913712829E-01  0.3179915798E+01 -0.6362714101E+00
  0.1001385134E+00  0.3171974448E+01 -0.6330910658E+00
  0.1011500136E+00  0.3163416050E+01 -0.6298869417E+00
  0.1021717309E+00  0.3154360216E+01 -0.6266594510E+00
  0.1032037686E+00  0.3144882520E+01 -0.6234089230E+00
  0.1042462309E+00  0.3134916921E+01 -0.6201356959E+00
  0.1052992231E+00  0.3124256383E+01 -0.6168402655E+00
  0.1063628516E+00  0.3112801446E+01 -0.6135233092E+00
  0.1074372239E+00  0.3101542824E+01 -0.6101850497E+00
  0.1085224483E+00  0.3090905664E+01 -0.6068249514E+00
  0.1096186347E+00  0.3080497700E+01 -0.6034424473E+00
  0.1107258936E+00  0.3069361311E+01 -0.6000377041E+00
  0.1118443370E+00  0.3059814302E+01 -0.5966101362E+00
  0.1129740778E+00  0.3049786958E+01 -0.5931590034E+00
  0.1141152301E+00  0.3039057276E+01 -0.5896848541E+00
  0.1152679092E+00  0.3027446659E+01 -0.5861884880E+00
  0.1164322315E+00  0.3015630858E+01 -0.5826704430E+00
  0.1176083146E+00  0.3004693146E+01 -0.5791302422E+00
  0.1187962774E+00  0.2993105851E+01 -0.5755676612E+00
  0.1199962398E+00  0.2980183172E+01 -0.5719838001E+00
  0.1212083230E+00  0.2966620988E+01 -0.5683797893E+00
  0.1224326495E+00  0.2951801067E+01 -0.5647567488E+00
  0.1236693429E+00  0.2935921021E+01 -0.5611160952E+00
  0.1249185282E+00  0.2918922839E+01 -0.5574592028E+00
  0.1261803315E+00  0.2901667440E+01 -0.5537869828E+00
  0.1274548803E+00  0.2884507209E+01 -0.5500996018E+00
  0.1287423034E+00  0.2867479536E+01 -0.5463969817E+00
  0.1300427307E+00  0.2850596949E+01 -0.5426790103E+00
  0.1313562936E+00  0.2834290678E+01 -0.5389452814E+00
  0.1326831249E+00  0.2819230869E+01 -0.5351946469E+00
  0.1340233585E+00  0.2804648648E+01 -0.5314259908E+00
  0.1353771298E+00  0.2789903073E+01 -0.5276391190E+00
  0.1367445755E+00  0.2774322678E+01 -0.5238347306E+00
  0.1381258338E+00  0.2758149218E+01 -0.5200138441E+00
  0.1395210443E+00  0.2741318994E+01 -0.5161773864E+00
  0.1409303478E+00  0.2723278300E+01 -0.5123267484E+00
  0.1423538866E+00  0.2704032979E+01 -0.5084637541E+00
  0.1437918047E+00  0.2684323168E+01 -0.5045897468E+00
  0.1452442472E+00  0.2664779557E+01 -0.5007051148E+00
  0.1467113608E+00  0.2644952941E+01 -0.4968101244E+00
  0.1481932937E+00  0.2624718638E+01 -0.4929054745E+00
  0.1496901957E+00  0.2602776775E+01 -0.4889929504E+00
  0.1512022178E+00  0.2580697692E+01 -0.4850741863E+00
  0.1527295130E+00  0.2558915240E+01 -0.4811493334E+00
  0.1542722353E+00  0.2538159349E+01 -0.4772176479E+00
  0.1558305407E+00  0.2517925489E+01 -0.4732781857E+00
  0.1574045866E+00  0.2499084896E+01 -0.4693296835E+00
  0.1589945319E+00  0.2480773205E+01 -0.4653708325E+00
  0.1606005373E+00  0.2461876987E+01 -0.4614018711E+00
  0.1622227649E+00  0.2446561552E+01 -0.4574205687E+00
  0.1638613787E+00  0.2433629693E+01 -0.4534221944E+00
  0.1655165442E+00  0.2420035443E+01 -0.4494053850E+00
  0.1671884284E+00  0.2405641664E+01 -0.4453713982E+00
  0.1688772004E+00  0.2390035611E+01 -0.4413219954E+00
  0.1705830308E+00  0.2372855334E+01 -0.4372596535E+00
  0.1723060917E+00  0.2354357612E+01 -0.4331870156E+00
  0.1740465572E+00  0.2335797025E+01 -0.4291054893E+00
  0.1758046033E+00  0.2314584780E+01 -0.4250176966E+00
  0.1775804074E+00  0.2293123262E+01 -0.4209265033E+00
  0.1793741488E+00  0.2270697380E+01 -0.4168333460E+00
  0.1811860089E+00  0.2248107103E+01 -0.4127396253E+00
  0.1830161706E+00  0.2225561656E+01 -0.4086458567E+00
  0.1848648188E+00  0.2203459267E+01 -0.4045520059E+00
  0.1867321402E+00  0.2181732329E+01 -0.4004577249E+00
  0.1886183235E+00  0.2159394096E+01 -0.3963636449E+00
  0.1905235591E+00  0.2135131963E+01 -0.3922726030E+00
  0.1924480394E+00  0.2111232480E+01 -0.3881865804E+00
  0.1943919590E+00  0.2087707219E+01 -0.3841053798E+00
  0.1963555142E+00  0.2064556934E+01 -0.3800287800E+00
  0.1983389032E+00  0.2042048720E+01 -0.3759562817E+00
  0.2003423265E+00  0.2021442318E+01 -0.3718858355E+00
  0.2023659863E+00  0.1999983153E+01 -0.3678168368E+00
  0.2044100872E+00  0.1977184607E+01 -0.3637519708E+00
  0.2064748356E+00  0.1951347465E+01 -0.3596962557E+00
  0.2085604400E+00  0.1922110122E+01 -0.3556570056E+00
  0.2106671111E+00  0.1891647540E+01 -0.3516398391E+00
  0.2127950617E+00  0.1862737677E+01 -0.3476452659E+00
  0.2149445068E+00  0.1831152931E+01 -0.3436753584E+00
  0.2171156634E+00  0.1797799233E+01 -0.3397358466E+00
  0.2193087509E+00  0.1761848483E+01 -0.3358325372E+00
  0.2215239908E+00  0.1724724087E+01 -0.3319707398E+00
  0.2237616069E+00  0.1686807409E+01 -0.3281538910E+00
  0.2260218251E+00  0.1647995478E+01 -0.3243851998E+00
  0.2283048739E+00  0.1609262178E+01 -0.3206669608E+00
  0.2306109837E+00  0.1569014962E+01 -0.3170022327E+00
  0.2329403876E+00  0.1530418826E+01 -0.3133923162E+00
  0.2352933208E+00  0.1496071540E+01 -0.3098317513E+00
  0.2376700210E+00  0.1465922272E+01 -0.3063118657E+00
  0.2400707283E+00  0.1441225137E+01 -0.3028222607E+00
  0.2424956851E+00  0.1412462596E+01 -0.2993622259E+00
  0.2449451365E+00  0.1383346533E+01 -0.2959381267E+00
  0.2474193298E+00  0.1355200892E+01 -0.2925502788E+00
  0.2499185149E+00  0.1326943541E+01 -0.2891986910E+00
  0.2524429444E+00  0.1302779960E+01 -0.2858794153E+00
  0.2549928731E+00  0.1279926466E+01 -0.2825865567E+00
  0.2575685587E+00  0.1258195770E+01 -0.2793178542E+00
  0.2601702613E+00  0.1237342813E+01 -0.2760715296E+00
  0.2627982438E+00  0.1215908992E+01 -0.2728479783E+00
  0.2654527715E+00  0.1195230521E+01 -0.2696477599E+00
  0.2681341126E+00  0.1176399887E+01 -0.2664681849E+00
  0.2708425380E+00  0.1157885995E+01 -0.2633070653E+00
  0.2735783212E+00  0.1141675336E+01 -0.2601615147E+00
  0.2763417386E+00  0.1127746379E+01 -0.2570258350E+00
  0.2791330693E+00  0.1116228030E+01 -0.2538939976E+00
  0.2819525952E+00  0.1104965710E+01 -0.2507626409E+00
  0.2848006012E+00  0.1092700140E+01 -0.2476331582E+00
  0.2876773750E+00  0.1080521595E+01 -0.2445072245E+00
  0.2905832071E+00  0.1069676754E+01 -0.2413831669E+00
  0.2935183910E+00  0.1051845725E+01 -0.2382696376E+00
  0.2964832232E+00  0.1032952428E+01 -0.2351790992E+00
  0.2994780032E+00  0.1008943155E+01 -0.2321215851E+00
  0.3025030336E+00  0.9753431798E+00 -0.2291203219E+00
  0.3055586198E+00  0.9391074458E+00 -0.2261954375E+00
  0.3086450705E+00  0.9083578032E+00 -0.2233443823E+00
  0.3117626974E+00  0.8822593750E+00 -0.2205531441E+00
  0.3149118156E+00  0.8576885166E+00 -0.2178134933E+00
  0.3180927430E+00  0.8336274786E+00 -0.2151235166E+00
  0.3213058010E+00  0.8130999176E+00 -0.2124780013E+00
  0.3245513142E+00  0.7961398919E+00 -0.2098665968E+00
  0.3278296103E+00  0.7818732322E+00 -0.2072799997E+00
  0.3311410205E+00  0.7701242652E+00 -0.2047103495E+00
  0.3344858793E+00  0.7630372183E+00 -0.2021462452E+00
  0.3378645245E+00  0.7592987717E+00 -0.1995745285E+00
  0.3412772975E+00  0.7587631789E+00 -0.1969841281E+00
  0.3447245429E+00  0.7567751737E+00 -0.1943719118E+00
  0.3482066090E+00  0.7498897106E+00 -0.1917487584E+00
  0.3517238475E+00  0.7439015658E+00 -0.1891217484E+00
  0.3552766136E+00  0.7356436259E+00 -0.1864935093E+00
  0.3588652663E+00  0.7302649735E+00 -0.1838631909E+00
  0.3624901680E+00  0.7301688597E+00 -0.1812162264E+00
  0.3661516848E+00  0.7263176056E+00 -0.1785497515E+00
  0.3698501867E+00  0.7185331885E+00 -0.1758778599E+00
  0.3735860472E+00  0.7132830800E+00 -0.1732033270E+00
  0.3773596436E+00  0.7091424999E+00 -0.1705194969E+00
  0.3811713572E+00  0.7066201672E+00 -0.1678212560E+00
  0.3850215729E+00  0.7091407537E+00 -0.1650957636E+00
  0.3889106797E+00  0.7183023679E+00 -0.1623200242E+00
  0.3928390704E+00  0.7241203078E+00 -0.1594868243E+00
  0.3968071418E+00  0.7290653209E+00 -0.1566036521E+00
  0.4008152948E+00  0.7337346539E+00 -0.1536720891E+00
  0.4048639341E+00  0.7368008584E+00 -0.1506952551E+00
  0.4089534688E+00  0.7409651005E+00 -0.1476735675E+00
  0.4130843119E+00  0.7454089723E+00 -0.1446035785E+00
  0.4172568807E+00  0.7521360788E+00 -0.1414792736E+00
  0.4214715967E+00  0.7482400782E+00 -0.1383174439E+00
  0.4257288855E+00  0.7401264677E+00 -0.1351492408E+00
  0.4300291773E+00  0.7335404898E+00 -0.1319806418E+00
  0.4343729064E+00  0.7306965225E+00 -0.1288005174E+00
  0.4387605115E+00  0.7267000795E+00 -0.1256032770E+00
  0.4431924359E+00  0.7185686440E+00 -0.1224006162E+00
  0.4476691271E+00  0.7008159414E+00 -0.1192235429E+00
  0.4521910375E+00  0.6827462511E+00 -0.1160953708E+00
  0.4567586237E+00  0.6706341476E+00 -0.1130045299E+00
  0.4613723472E+00  0.6646367444E+00 -0.1099242446E+00
  0.4660326740E+00  0.6692198058E+00 -0.1068161409E+00
  0.4707400747E+00  0.6719590994E+00 -0.1036594076E+00
  0.4754950250E+00  0.6656050198E+00 -0.1004793822E+00
  0.4802980050E+00  0.6586498677E+00 -0.9729919729E-01
  0.4851495000E+00  0.6459448746E+00 -0.9413457986E-01
  0.4900500000E+00  0.6381433942E+00 -0.9098824258E-01
  0.4950000000E+00  0.6407283747E+00 -0.8782303495E-01
  0.5000000000E+00  0.6486954284E+00 -0.8463824226E-01
  0.5050000000E+00  0.6672185351E+00 -0.8134845735E-01
  0.5099500000E+00  0.6966713994E+00 -0.7797282976E-01
  0.5148505000E+00  0.7324531366E+00 -0.7447111737E-01
  0.5197019950E+00  0.7687262518E+00 -0.7082963522E-01
  0.5245049750E+00  0.7973522905E+00 -0.6706871322E-01
  0.5292599253E+00  0.8176007871E+00 -0.6322920245E-01
  0.5339673260E+00  0.8365702445E+00 -0.5933577948E-01
  0.5386276528E+00  0.8592764085E+00 -0.5538417973E-01
  0.5432413763E+00  0.8868811621E+00 -0.5135603564E-01
  0.5478089625E+00  0.9162682374E+00 -0.4723801545E-01
  0.5523308729E+00  0.9468408889E+00 -0.4302560921E-01
  0.5568075641E+00  0.9756309577E+00 -0.3872245274E-01
  0.5612394885E+00  0.1000064078E+01 -0.3434438726E-01
  0.5656270936E+00  0.1024151693E+01 -0.2990365753E-01
  0.5699708227E+00  0.1043853142E+01 -0.2541223118E-01
  0.5742711145E+00  0.1063018629E+01 -0.2088214951E-01
  0.5785284033E+00  0.1081848597E+01 -0.1631648984E-01
  0.5827431193E+00  0.1098692167E+01 -0.1172130985E-01
  0.5869156881E+00  0.1115549846E+01 -0.7101771270E-02
  0.5910465312E+00  0.1134889036E+01 -0.2453666284E-02
  0.5951360659E+00  0.1152634710E+01  0.2223787571E-02
  0.5991847052E+00  0.1174393948E+01  0.6934437459E-02
  0.6031928582E+00  0.1198207042E+01  0.1168931128E-01
  0.6071609296E+00  0.1221385842E+01  0.1648986997E-01
  0.6110893203E+00  0.1241577943E+01  0.2132761199E-01
  0.6149784271E+00  0.1259598514E+01  0.2619128317E-01
  0.6188286428E+00  0.1278319218E+01  0.3107704856E-01
  0.6226403564E+00  0.1294060036E+01  0.3597963501E-01
  0.6264139528E+00  0.1304506589E+01  0.4088260589E-01
  0.6301498133E+00  0.1313866268E+01  0.4577354372E-01
  0.6338483152E+00  0.1328399234E+01  0.5065975567E-01
  0.6375098320E+00  0.1340849677E+01  0.5554650560E-01
  0.6411347337E+00  0.1351101153E+01  0.6042553414E-01
  0.6447233864E+00  0.1361218034E+01  0.6529231988E-01
  0.6482761525E+00  0.1371368752E+01  0.7014644078E-01
  0.6517933910E+00  0.1383829241E+01  0.7499178497E-01
  0.6552754571E+00  0.1398119322E+01  0.7983524935E-01
  0.6587227025E+00  0.1413361017E+01  0.8468118072E-01
  0.6621354755E+00  0.1425167603E+01  0.8952480760E-01
  0.6655141207E+00  0.1431350279E+01  0.9435038788E-01
  0.6688589795E+00  0.1441769085E+01  0.9915547716E-01
  0.6721703897E+00  0.1453832042E+01  0.1039497387E+00
  0.6754486858E+00  0.1465765812E+01  0.1087353919E+00
  0.6786941990E+00  0.1482828167E+01  0.1135202421E+00
  0.6819072570E+00  0.1502218922E+01  0.1183158068E+00
  0.6850881844E+00  0.1524405989E+01  0.1231295439E+00
  0.6882373026E+00  0.1544985352E+01  0.1279624819E+00
  0.6913549295E+00  0.1563771074E+01  0.1328084534E+00
  0.6944413802E+00  0.1584883216E+01  0.1376675365E+00
  0.6974969664E+00  0.1609357392E+01  0.1425476753E+00
  0.7005219968E+00  0.1634645357E+01  0.1474542786E+00
  0.7035167768E+00  0.1657751996E+01  0.1523842816E+00
  0.7064816090E+00  0.1684111419E+01  0.1573383137E+00
  0.7094167929E+00  0.1708807718E+01  0.1623177346E+00
  0.7123226250E+00  0.1734410118E+01  0.1673204410E+00
  0.7151993988E+00  0.1757687492E+01  0.1723434283E+00
  0.7180474048E+00  0.1777307938E+01  0.1773772725E+00
  0.7208669307E+00  0.1792778535E+01  0.1824102482E+00
  0.7236582614E+00  0.1803415016E+01  0.1874293309E+00
  0.7264216788E+00  0.1810051078E+01  0.1924220884E+00
  0.7291574620E+00  0.1812413363E+01  0.1973772271E+00
  0.7318658874E+00  0.1814049488E+01  0.2022882291E+00
  0.7345472285E+00  0.1815656588E+01  0.2071544692E+00
  0.7372017562E+00  0.1819506208E+01  0.2119792894E+00
  0.7398297387E+00  0.1825154280E+01  0.2167683413E+00
  0.7424314413E+00  0.1833182829E+01  0.2215272939E+00
  0.7450071269E+00  0.1842696792E+01  0.2262612490E+00
  0.7475570556E+00  0.1853697379E+01  0.2309740198E+00
  0.7500814851E+00  0.1866478753E+01  0.2356696809E+00
  0.7525806702E+00  0.1881229617E+01  0.2403527895E+00
  0.7550548635E+00  0.1897748569E+01  0.2450277507E+00
  0.7575043149E+00  0.1912694569E+01  0.2496944983E+00
  0.7599292717E+00  0.1929873033E+01  0.2543535286E+00
  0.7623299790E+00  0.1954348656E+01  0.2590159683E+00
  0.7647066792E+00  0.1984166346E+01  0.2636963030E+00
  0.7670596124E+00  0.2016665628E+01  0.2684031482E+00
  0.7693890163E+00  0.2051022502E+01  0.2731407924E+00
  0.7716951261E+00  0.2086723656E+01  0.2779118410E+00
  0.7739781749E+00  0.2123156313E+01  0.2827175216E+00
  0.7762383931E+00  0.2159671038E+01  0.2875575838E+00
  0.7784760092E+00  0.2195652237E+01  0.2924303545E+00
  0.7806912491E+00  0.2232325456E+01  0.2973348710E+00
  0.7828843366E+00  0.2267074804E+01  0.3022686602E+00
  0.7850554932E+00  0.2298375152E+01  0.3072248137E+00
  0.7872049383E+00  0.2328960406E+01  0.3121979155E+00
  0.7893328889E+00  0.2359292000E+01  0.3171861003E+00
  0.7914395600E+00  0.2386198500E+01  0.3221846942E+00
  0.7935251644E+00  0.2411491483E+01  0.3271877358E+00
  0.7955899128E+00  0.2435011476E+01  0.3321911403E+00
  0.7976340137E+00  0.2455430777E+01  0.3371894190E+00
  0.7996576735E+00  0.2471383410E+01  0.3421745170E+00
  0.8016610968E+00  0.2483431157E+01  0.3471378124E+00
  0.8036444858E+00  0.2496847986E+01  0.3520767279E+00
  0.8056080410E+00  0.2508277343E+01  0.3569906477E+00
  0.8075519606E+00  0.2519880725E+01  0.3618778152E+00
  0.8094764409E+00  0.2530510234E+01  0.3667375044E+00
  0.8113816765E+00  0.2542383145E+01  0.3715700329E+00
  0.8132678598E+00  0.2553754491E+01  0.3763761576E+00
  0.8151351812E+00  0.2563616103E+01  0.3811540454E+00
  0.8169838294E+00  0.2573524883E+01  0.3859024286E+00
  0.8188139911E+00  0.2584341347E+01  0.3906222932E+00
  0.8206258512E+00  0.2596657251E+01  0.3953159155E+00
  0.8224195926E+00  0.2607711991E+01  0.3999835620E+00
  0.8241953967E+00  0.2619604832E+01  0.4046249073E+00
  0.8259534428E+00  0.2631888748E+01  0.4092410910E+00
  0.8276939083E+00  0.2644230610E+01  0.4138325431E+00
  0.8294169692E+00  0.2654879686E+01  0.4183978880E+00
  0.8311227996E+00  0.2664257446E+01  0.4229346607E+00
  0.8328115716E+00  0.2674345521E+01  0.4274425023E+00
  0.8344834558E+00  0.2685113125E+01  0.4319226996E+00
  0.8361386213E+00  0.2694368782E+01  0.4363746659E+00
  0.8377772351E+00  0.2701757488E+01  0.4407957493E+00
  0.8393994627E+00  0.2708147440E+01  0.4451837980E+00
  0.8410054681E+00  0.2714293664E+01  0.4495380328E+00
  0.8425954134E+00  0.2720265224E+01  0.4538583585E+00
  0.8441694593E+00  0.2726341456E+01  0.4581449629E+00
  0.8457277647E+00  0.2732614961E+01  0.4623983235E+00
  0.8472704870E+00  0.2739936139E+01  0.4666196370E+00
  0.8487977822E+00  0.2748836919E+01  0.4708111252E+00
  0.8503098043E+00  0.2758701560E+01  0.4749748853E+00
  0.8518067063E+00  0.2770875418E+01  0.4791135026E+00
  0.8532886392E+00  0.2785847958E+01  0.4832308483E+00
  0.8547557528E+00  0.2802635731E+01  0.4873303186E+00
  0.8562081953E+00  0.2821985089E+01  0.4914150377E+00
  0.8576461134E+00  0.2843983325E+01  0.4954886368E+00
  0.8590696522E+00  0.2867281976E+01  0.4995537408E+00
  0.8604789557E+00  0.2891282003E+01  0.5036115230E+00
  0.8618741662E+00  0.2915672934E+01  0.5076624850E+00
  0.8632554245E+00  0.2938863866E+01  0.5117057989E+00
  0.8646228702E+00  0.2960474486E+01  0.5157393115E+00
  0.8659766415E+00  0.2980953704E+01  0.5197609790E+00
  0.8673168751E+00  0.3000715010E+01  0.5237693956E+00
  0.8686437064E+00  0.3018622119E+01  0.5277627179E+00
  0.8699572693E+00  0.3035259723E+01  0.5317387954E+00
  0.8712576966E+00  0.3050505783E+01  0.5356958432E+00
  0.8725451197E+00  0.3063528612E+01  0.5396315175E+00
  0.8738196685E+00  0.3077274504E+01  0.5435448942E+00
  0.8750814718E+00  0.3091459465E+01  0.5474367587E+00
  0.8763306571E+00  0.3105949398E+01  0.5513076146E+00
  0.8775673505E+00  0.3119730044E+01  0.5551572430E+00
  0.8787916770E+00  0.3132875055E+01  0.5589848581E+00
  0.8800037602E+00  0.3145273753E+01  0.5627896775E+00
  0.8812037226E+00  0.3156715045E+01  0.5665707523E+00
  0.8823916854E+00  0.3167439081E+01  0.5703271822E+00
  0.8835677685E+00  0.3177431754E+01  0.5740582300E+00
  0.8847320908E+00  0.3186837639E+01  0.5777632604E+00
  0.8858847699E+00  0.3196084100E+01  0.5814419906E+00
  0.8870259222E+00  0.3204426525E+01  0.5850939694E+00
  0.8881556630E+00  0.3212465465E+01  0.5887186816E+00
  0.8892741064E+00  0.3219381337E+01  0.5923155098E+00
  0.8903813653E+00  0.3225880573E+01  0.5958837968E+00
  0.8914775517E+00  0.3232265897E+01  0.5994234628E+00
  0.8925627761E+00  0.3238952690E+01  0.6029348252E+00
  0.8936371484E+00  0.3245322129E+01  0.6064180876E+00
  0.8947007769E+00  0.3250937937E+01  0.6098728913E+00
  0.8957537691E+00  0.3257164022E+01  0.6132993817E+00
  0.8967962314E+00  0.3264122103E+01  0.6166984792E+00
  0.8978282691E+00  0.3271071316E+01  0.6200707622E+00
  0.8988499864E+00  0.3277808248E+01  0.6234163140E+00
  0.8998614866E+00  0.3283721109E+01  0.6267348079E+00
  0.9008628717E+00  0.3289697973E+01  0.6300260700E+00
  0.9018542430E+00  0.3296053645E+01  0.6332905325E+00
  0.9028357006E+00  0.3302660732E+01  0.6365287116E+00
  0.9038073436E+00  0.3309207789E+01  0.6397408994E+00
  0.9047692701E+00  0.3315632416E+01  0.6429272043E+00
  0.9057215774E+00  0.3323027281E+01  0.6460882264E+00
  0.9066643616E+00  0.3331327786E+01  0.6492250369E+00
  0.9075977180E+00  0.3339813228E+01  0.6523383129E+00
  0.9085217408E+00  0.3348289310E+01  0.6554282926E+00
  0.9094365234E+00  0.3356741171E+01  0.6584951152E+00
  0.9103421582E+00  0.3365207471E+01  0.6615389303E+00
  0.9112387366E+00  0.3374197131E+01  0.6645601327E+00
  0.9121263493E+00  0.3383393973E+01  0.6675591943E+00
  0.9130050858E+00  0.3392948090E+01  0.6705365039E+00
  0.9138750349E+00  0.3403018538E+01  0.6734925766E+00
  0.9147362846E+00  0.3412979645E+01  0.6764277146E+00
  0.9155889217E+00  0.3422500741E+01  0.6793418069E+00
  0.9164330325E+00  0.3431482959E+01  0.6822345676E+00
  0.9172687022E+00  0.3440416270E+01  0.6851058865E+00
  0.9180960151E+00  0.3449125759E+01  0.6879557903E+00
  0.9189150550E+00  0.3457597997E+01  0.6907842313E+00
  0.9197259044E+00  0.3466415626E+01  0.6935913976E+00
  0.9205286454E+00  0.3475142705E+01  0.6963775342E+00
  0.9213233589E+00  0.3483566161E+01  0.6991426243E+00
  0.9221101254E+00  0.3491466989E+01  0.7018864852E+00
  0.9228890241E+00  0.3499176736E+01  0.7046089870E+00
  0.9236601339E+00  0.3506635421E+01  0.7073101121E+00
  0.9244235325E+00  0.3514066821E+01  0.7099899094E+00
  0.9251792972E+00  0.3521466274E+01  0.7126485131E+00
  0.9259275042E+00  0.3528826887E+01  0.7152860526E+00
  0.9266682292E+00  0.3536139797E+01  0.7179026511E+00
  0.9274015469E+00  0.3543760029E+01  0.7204985591E+00
  0.9281275314E+00  0.3552155292E+01  0.7230743215E+00
  0.9288462561E+00  0.3560846299E+01  0.7256304664E+00
  0.9295577935E+00  0.3569170298E+01  0.7281671033E+00
  0.9302622156E+00  0.3577081805E+01  0.7306840921E+00
  0.9309595935E+00  0.3584941050E+01  0.7331814101E+00
  0.9316499975E+00  0.3592530097E+01  0.7356590877E+00
  0.9323334975E+00  0.3599944057E+01  0.7381171159E+00
  0.9330101626E+00  0.3607174267E+01  0.7405555183E+00
  0.9336800609E+00  0.3614289923E+01  0.7429743419E+00
  0.9343432603E+00  0.3621280250E+01  0.7453736548E+00
  0.9349998277E+00  0.3628178283E+01  0.7477535338E+00
  0.9356498295E+00  0.3635114241E+01  0.7501141101E+00
  0.9362933312E+00  0.3641736425E+01  0.7524554430E+00
  0.9369303978E+00  0.3647685556E+01  0.7547773670E+00
  0.9375610939E+00  0.3653397145E+01  0.7570797489E+00
  0.9381854829E+00  0.3658870291E+01  0.7593625988E+00
  0.9388036281E+00  0.3664357559E+01  0.7616260078E+00
  0.9394155918E+00  0.3669881805E+01  0.7638701520E+00
  0.9400214359E+00  0.3675605272E+01  0.7660952619E+00
  0.9406212215E+00  0.3681034385E+01  0.7683014653E+00
  0.9412150093E+00  0.3686172423E+01  0.7704887440E+00
  0.9418028592E+00  0.3690986171E+01  0.7726570750E+00
  0.9423848306E+00  0.3695405816E+01  0.7748064095E+00
  0.9429609823E+00  0.3699522065E+01  0.7769367096E+00
  0.9435313725E+00  0.3703301363E+01  0.7790479585E+00
  0.9440960588E+00  0.3706795733E+01  0.7811401486E+00
  0.9446550982E+00  0.3709949905E+01  0.7832132751E+00
  0.9452085472E+00  0.3712900203E+01  0.7852673597E+00
  0.9457564617E+00  0.3716043580E+01  0.7873025728E+00
  0.9462988971E+00  0.3718971277E+01  0.7893190803E+00
  0.9468359082E+00  0.3721551199E+01  0.7913169017E+00
  0.9473675491E+00  0.3723303146E+01  0.7932958963E+00
  0.9478938736E+00  0.3725112715E+01  0.7952560382E+00
  0.9484149348E+00  0.3726885455E+01  0.7971975120E+00
  0.9489307855E+00  0.3728744567E+01  0.7991205078E+00
  0.9494414776E+00  0.3730485072E+01  0.8010251928E+00
  0.9499470629E+00  0.3731889531E+01  0.8029116259E+00
  0.9504475922E+00  0.3733219646E+01  0.8047798791E+00
  0.9509431163E+00  0.3734488826E+01  0.8066300938E+00
  0.9514336852E+00  0.3735490083E+01  0.8084623632E+00
  0.9519193483E+00  0.3736325828E+01  0.8102767561E+00
  0.9524001548E+00  0.3737194870E+01  0.8120734148E+00
  0.9528761533E+00  0.3738057999E+01  0.8138525192E+00
  0.9533473917E+00  0.3738912430E+01  0.8156142372E+00
  0.9538139178E+00  0.3739896407E+01  0.8173587669E+00
  0.9542757786E+00  0.3741072440E+01  0.8190863501E+00
  0.9547330209E+00  0.3742310536E+01  0.8207972094E+00
  0.9551856906E+00  0.3743596314E+01  0.8224915314E+00
  0.9556338337E+00  0.3744936174E+01  0.8241694984E+00
  0.9560774954E+00  0.3746280666E+01  0.8258312813E+00
  0.9565167205E+00  0.3747622453E+01  0.8274770363E+00
  0.9569515532E+00  0.3749036683E+01  0.8291069329E+00
  0.9573820377E+00  0.3750618941E+01  0.8307211755E+00
  0.9578082173E+00  0.3752231631E+01  0.8323199565E+00
  0.9582301352E+00  0.3753944186E+01  0.8339034512E+00
  0.9586478338E+00  0.3755756612E+01  0.8354718472E+00
  0.9590613555E+00  0.3757799804E+01  0.8370253563E+00
  0.9594707419E+00  0.3759808660E+01  0.8385641598E+00
  0.9598760345E+00  0.3761925661E+01  0.8400884114E+00
  0.9602772742E+00  0.3764147643E+01  0.8415982909E+00
  0.9606745014E+00  0.3766480552E+01  0.8430939763E+00
  0.9610677564E+00  0.3768942441E+01  0.8445756476E+00
  0.9614570788E+00  0.3771424574E+01  0.8460434647E+00
  0.9618425080E+00  0.3773932283E+01  0.8474975651E+00
  0.9622240830E+00  0.3776497731E+01  0.8489380925E+00
  0.9626018421E+00  0.3779020059E+01  0.8503651756E+00
  0.9629758237E+00  0.3781620011E+01  0.8517789456E+00
  0.9633460655E+00  0.3784298197E+01  0.8531795551E+00
  0.9637126048E+00  0.3787205380E+01  0.8545671820E+00
  0.9640754788E+00  0.3790361224E+01  0.8559420328E+00
  0.9644347240E+00  0.3793599385E+01  0.8573042836E+00
  0.9647903767E+00  0.3796896645E+01  0.8586540740E+00
  0.9651424730E+00  0.3800279711E+01  0.8599915426E+00
  0.9654910483E+00  0.3803668850E+01  0.8613168168E+00
  0.9658361378E+00  0.3807093436E+01  0.8626300140E+00
  0.9661777764E+00  0.3810616348E+01  0.8639312659E+00
  0.9665159986E+00  0.3814283691E+01  0.8652207213E+00
  0.9668508386E+00  0.3817970230E+01  0.8664985133E+00
  0.9671823303E+00  0.3821608222E+01  0.8677647414E+00
  0.9675105070E+00  0.3825221008E+01  0.8690194969E+00
  0.9678354019E+00  0.3829244134E+01  0.8702629454E+00
  0.9681570479E+00  0.3833299731E+01  0.8714952586E+00
  0.9684754774E+00  0.3837341075E+01  0.8727165379E+00
  0.9687907226E+00  0.3841365595E+01  0.8739268757E+00
  0.9691028154E+00  0.3845255018E+01  0.8751263451E+00
  0.9694117872E+00  0.3849091576E+01  0.8763150133E+00
  0.9697176694E+00  0.3852911098E+01  0.8774929658E+00
  0.9700204927E+00  0.3856711676E+01  0.8786602925E+00
  0.9703202877E+00  0.3860491548E+01  0.8798170823E+00
  0.9706170849E+00  0.3864249095E+01  0.8809634227E+00
  0.9709109140E+00  0.3867982830E+01  0.8820994002E+00
  0.9712018049E+00  0.3871691398E+01  0.8832251005E+00
  0.9714897868E+00  0.3875515266E+01  0.8843406283E+00
  0.9717748890E+00  0.3879387289E+01  0.8854460979E+00
  0.9720571401E+00  0.3883337515E+01  0.8865416168E+00
  0.9723365687E+00  0.3887251698E+01  0.8876272792E+00
  0.9726132030E+00  0.3891149360E+01  0.8887031655E+00
  0.9728870709E+00  0.3895017048E+01  0.8897693563E+00
  0.9731582002E+00  0.3898829088E+01  0.8908259263E+00
  0.9734266182E+00  0.3902571814E+01  0.8918729445E+00
  0.9736923521E+00  0.3906269442E+01  0.8929104811E+00
  0.9739554285E+00  0.3909911308E+01  0.8939386078E+00
  0.9742158742E+00  0.3913488292E+01  0.8949573932E+00
  0.9744737155E+00  0.3917025994E+01  0.8959669081E+00
  0.9747289784E+00  0.3920524173E+01  0.8969672257E+00
  0.9749816886E+00  0.3923982652E+01  0.8979584192E+00
  0.9752318717E+00  0.3927328978E+01  0.8989405520E+00
  0.9754795530E+00  0.3930611660E+01  0.8999136844E+00
  0.9757247574E+00  0.3933854100E+01  0.9008778855E+00
  0.9759675099E+00  0.3937133397E+01  0.9018332362E+00
  0.9762078348E+00  0.3940392741E+01  0.9027798190E+00
  0.9764457564E+00  0.3943554349E+01  0.9037176999E+00
  0.9766812989E+00  0.3946676508E+01  0.9046469420E+00
  0.9769144859E+00  0.3949759648E+01  0.9055676152E+00
  0.9771453410E+00  0.3952804212E+01  0.9064797889E+00
  0.9773738876E+00  0.3955810655E+01  0.9073835324E+00
  0.9776001487E+00  0.3958779438E+01  0.9082789144E+00
  0.9778241472E+00  0.3961726280E+01  0.9091660052E+00
  0.9780459058E+00  0.3964655153E+01  0.9100448765E+00
  0.9782654467E+00  0.3967444863E+01  0.9109155869E+00
  0.9784827922E+00  0.3970252129E+01  0.9117781984E+00
  0.9786979643E+00  0.3972961601E+01  0.9126327773E+00
  0.9789109847E+00  0.3975572926E+01  0.9134793771E+00
  0.9791218748E+00  0.3978153330E+01  0.9143180584E+00
  0.9793306561E+00  0.3980712889E+01  0.9151488894E+00
  0.9795373495E+00  0.3983349607E+01  0.9159719491E+00
  0.9797419760E+00  0.3985953746E+01  0.9167873145E+00
  0.9799445563E+00  0.3988527740E+01  0.9175950507E+00
  0.9801451107E+00  0.3991135313E+01  0.9183952291E+00
  0.9803436596E+00  0.3993711664E+01  0.9191879203E+00
  0.9805402230E+00  0.3996257193E+01  0.9199731881E+00
  0.9807348208E+00  0.3998772293E+01  0.9207510955E+00
  0.9809274726E+00  0.4001257350E+01  0.9215217056E+00
  0.9811181978E+00  0.4003712742E+01  0.9222850806E+00
  0.9813070158E+00  0.4006138842E+01  0.9230412828E+00
  0.9814939457E+00  0.4008536015E+01  0.9237903737E+00
  0.9816790062E+00  0.4010904620E+01  0.9245324147E+00
  0.9818622162E+00  0.4013245010E+01  0.9252674667E+00
  0.9820435940E+00  0.4015557532E+01  0.9259955901E+00
  0.9822231581E+00  0.4017842526E+01  0.9267168451E+00
  0.9824009265E+00  0.4020100327E+01  0.9274312913E+00
  0.9825769172E+00  0.4022331264E+01  0.9281389880E+00
  0.9827511481E+00  0.4024509931E+01  0.9288399919E+00
  0.9829236366E+00  0.4026631231E+01  0.9295343566E+00
  0.9830944002E+00  0.4028785231E+01  0.9302221427E+00
  0.9832634562E+00  0.4030926791E+01  0.9309034141E+00
  0.9834308216E+00  0.4033044849E+01  0.9315782291E+00
  0.9835965134E+00  0.4035139573E+01  0.9322466451E+00
  0.9837605483E+00  0.4037193859E+01  0.9329087171E+00
  0.9839229428E+00  0.4039175102E+01  0.9335644962E+00
  0.9840837134E+00  0.4041135534E+01  0.9342140342E+00
  0.9842428762E+00  0.4043078714E+01  0.9348573876E+00
  0.9844004475E+00  0.4045012328E+01  0.9354946129E+00
  0.9845564430E+00  0.4046925006E+01  0.9361257659E+00
  0.9847108786E+00  0.4048816899E+01  0.9367509011E+00
  0.9848637698E+00  0.4050688159E+01  0.9373700727E+00
  0.9850151321E+00  0.4052512433E+01  0.9379833322E+00
  0.9851649808E+00  0.4054287336E+01  0.9385907289E+00
  0.9853133310E+00  0.4056043651E+01  0.9391923134E+00
  0.9854601977E+00  0.4057799312E+01  0.9397881401E+00
  0.9856055957E+00  0.4059547178E+01  0.9403782631E+00
  0.9857495397E+00  0.4061275335E+01  0.9409627352E+00
  0.9858920443E+00  0.4062984556E+01  0.9415416074E+00
  0.9860331239E+00  0.4064675203E+01  0.9421149307E+00
  0.9861727926E+00  0.4066395102E+01  0.9426827589E+00
  0.9863110647E+00  0.4068104353E+01  0.9432451460E+00
  0.9864479541E+00  0.4069793743E+01  0.9438021418E+00
  0.9865834745E+00  0.4071463450E+01  0.9443537953E+00
  0.9867176398E+00  0.4073113655E+01  0.9449001549E+00
  0.9868504634E+00  0.4074744536E+01  0.9454412688E+00
  0.9869819588E+00  0.4076356274E+01  0.9459771848E+00
  0.9871121392E+00  0.4077916393E+01  0.9465079481E+00
  0.9872410178E+00  0.4079450746E+01  0.9470336032E+00
  0.9873686076E+00  0.4080967692E+01  0.9475541963E+00
  0.9874949215E+00  0.4082478905E+01  0.9480697748E+00
  0.9876199723E+00  0.4083980701E+01  0.9485803859E+00
  0.9877437726E+00  0.4085465103E+01  0.9490860757E+00
  0.9878663349E+00  0.4086932280E+01  0.9495868895E+00
  0.9879876715E+00  0.4088382402E+01  0.9500828722E+00
  0.9881077948E+00  0.4089815639E+01  0.9505740682E+00
  0.9882267168E+00  0.4091232163E+01  0.9510605217E+00
  0.9883444497E+00  0.4092632143E+01  0.9515422765E+00
  0.9884610052E+00  0.4094015752E+01  0.9520193759E+00
  0.9885763951E+00  0.4095390910E+01  0.9524918635E+00
  0.9886906312E+00  0.4096752621E+01  0.9529597826E+00
  0.9888037249E+00  0.4098098250E+01  0.9534231755E+00
  0.9889156876E+00  0.4099436042E+01  0.9538820848E+00
  0.9890265307E+00  0.4100796891E+01  0.9543365545E+00
  0.9891362654E+00  0.4102140695E+01  0.9547866279E+00
  0.9892449028E+00  0.4103467651E+01  0.9552323456E+00
  0.9893524538E+00  0.4104776008E+01  0.9556737479E+00
  0.9894589292E+00  0.4106046232E+01  0.9561108735E+00
  0.9895643399E+00  0.4107300896E+01  0.9565437609E+00
  0.9896686965E+00  0.4108540185E+01  0.9569724495E+00
  0.9897720096E+00  0.4109764284E+01  0.9573969785E+00
  0.9898742895E+00  0.4110973376E+01  0.9578173866E+00
  0.9899755466E+00  0.4112167645E+01  0.9582337123E+00
  0.9900757911E+00  0.4113347272E+01  0.9586459938E+00
  0.9901750332E+00  0.4114512438E+01  0.9590542688E+00
  0.9902732829E+00  0.4115663322E+01  0.9594585748E+00
  0.9903705500E+00  0.4116800104E+01  0.9598589490E+00
  0.9904668445E+00  0.4117923641E+01  0.9602554283E+00
  0.9905621761E+00  0.4119047054E+01  0.9606480499E+00
  0.9906565543E+00  0.4120156424E+01  0.9610368507E+00
  0.9907499888E+00  0.4121251935E+01  0.9614218664E+00
  0.9908424889E+00  0.4122333768E+01  0.9618031327E+00
  0.9909340640E+00  0.4123400678E+01  0.9621806848E+00
  0.9910247234E+00  0.4124450723E+01  0.9625545572E+00
  0.9911144761E+00  0.4125487782E+01  0.9629247846E+00
  0.9912033314E+00  0.4126512028E+01  0.9632914013E+00
  0.9912912981E+00  0.4127523631E+01  0.9636544414E+00
  0.9913783851E+00  0.4128522761E+01  0.9640139387E+00
  0.9914646012E+00  0.4129509584E+01  0.9643699265E+00
  0.9915499552E+00  0.4130484265E+01  0.9647224382E+00
  0.9916344557E+00  0.4131432727E+01  0.9650715061E+00
  0.9917181111E+00  0.4132368150E+01  0.9654171620E+00
  0.9918009300E+00  0.4133292483E+01  0.9657594385E+00
  0.9918829207E+00  0.4134197557E+01  0.9660983671E+00
  0.9919640915E+00  0.4135090382E+01  0.9664339794E+00
  0.9920444506E+00  0.4135972900E+01  0.9667663070E+00
  0.9921240061E+00  0.4136845238E+01  0.9670953810E+00
  0.9922027660E+00  0.4137707524E+01  0.9674212327E+00
  0.9922807383E+00  0.4138559883E+01  0.9677438927E+00
  0.9923579310E+00  0.4139402850E+01  0.9680633915E+00
  0.9924343516E+00  0.4140237567E+01  0.9683797594E+00
  0.9925100081E+00  0.4141062666E+01  0.9686930264E+00
  0.9925849081E+00  0.4141878267E+01  0.9690032222E+00
  0.9926590590E+00  0.4142684491E+01  0.9693103762E+00
  0.9927324684E+00  0.4143481456E+01  0.9696145175E+00
  0.9928051437E+00  0.4144269278E+01  0.9699156749E+00
  0.9928770923E+00  0.4145048074E+01  0.9702138771E+00
  0.9929483213E+00  0.4145817957E+01  0.9705091525E+00
  0.9930188381E+00  0.4146575737E+01  0.9708015290E+00
  0.9930886497E+00  0.4147324300E+01  0.9710910343E+00
  0.9931577632E+00  0.4148064419E+01  0.9713776960E+00
  0.9932261856E+00  0.4148796199E+01  0.9716615414E+00
  0.9932939238E+00  0.4149519745E+01  0.9719425976E+00
  0.9933609845E+00  0.4150227414E+01  0.9722208913E+00
  0.9934273747E+00  0.4150926820E+01  0.9724964488E+00
  0.9934931009E+00  0.4151618602E+01  0.9727692964E+00
  0.9935581699E+00  0.4152302847E+01  0.9730394603E+00
  0.9936225882E+00  0.4152979645E+01  0.9733069664E+00
  0.9936863623E+00  0.4153649084E+01  0.9735718403E+00
  0.9937494987E+00  0.4154311248E+01  0.9738341076E+00
  0.9938120037E+00  0.4154966226E+01  0.9740937933E+00
  0.9938738837E+00  0.4155608893E+01  0.9743509224E+00
  0.9939351449E+00  0.4156244094E+01  0.9746055193E+00
  0.9939957934E+00  0.4156872561E+01  0.9748576085E+00
  0.9940558355E+00  0.4157494370E+01  0.9751072144E+00
  0.9941152771E+00  0.4158109596E+01  0.9753543610E+00
  0.9941741243E+00  0.4158718314E+01  0.9755990721E+00
  0.9942323831E+00  0.4159320597E+01  0.9758413714E+00
  0.9942900593E+00  0.4159916518E+01  0.9760812823E+00
  0.9943471587E+00  0.4160506149E+01  0.9763188279E+00
  0.9944036871E+00  0.4161089559E+01  0.9765540312E+00
  0.9944596502E+00  0.4161666820E+01  0.9767869149E+00
  0.9945150537E+00  0.4162238001E+01  0.9770175017E+00
  0.9945699032E+00  0.4162803170E+01  0.9772458137E+00
  0.9946242041E+00  0.4163362395E+01  0.9774718731E+00
  0.9946779621E+00  0.4163915741E+01  0.9776957018E+00
  0.9947311825E+00  0.4164463277E+01  0.9779173216E+00
  0.9947838707E+00  0.4165005065E+01  0.9781367538E+00
  0.9948360320E+00  0.4165541172E+01  0.9783540199E+00
  0.9948876716E+00  0.4166071660E+01  0.9785691408E+00
  0.9949387949E+00  0.4166596592E+01  0.9787821375E+00
  0.9949894070E+00  0.4167116031E+01  0.9789930306E+00
  0.9950395129E+00  0.4167630037E+01  0.9792018407E+00
  0.9950891178E+00  0.4168138671E+01  0.9794085881E+00
  0.9951382266E+00  0.4168641993E+01  0.9796132928E+00
  0.9951868443E+00  0.4169140063E+01  0.9798159748E+00
  0.9952349759E+00  0.4169632938E+01  0.9800166539E+00
  0.9952826261E+00  0.4170120676E+01  0.9802153495E+00
  0.9953297999E+00  0.4170601506E+01  0.9804120811E+00
  0.9953765019E+00  0.4171077589E+01  0.9806068676E+00
  0.9954227368E+00  0.4171548943E+01  0.9807997282E+00
  0.9954685095E+00  0.4172015431E+01  0.9809906817E+00
  0.9955138244E+00  0.4172477106E+01  0.9811797466E+00
  0.9955586861E+00  0.4172934020E+01  0.9813669415E+00
  0.9956030993E+00  0.4173386226E+01  0.9815522846E+00
  0.9956470683E+00  0.4173833774E+01  0.9817357941E+00
  0.9956905976E+00  0.4174276715E+01  0.9819174879E+00
  0.9957336916E+00  0.4174715099E+01  0.9820973837E+00
  0.9957763547E+00  0.4175148975E+01  0.9822754992E+00
  0.9958185912E+00  0.4175578391E+01  0.9824518518E+00
  0.9958604053E+00  0.4176003397E+01  0.9826264586E+00
  0.9959018012E+00  0.4176424040E+01  0.9827993370E+00
  0.9959427832E+00  0.4176840366E+01  0.9829705037E+00
  0.9959833554E+00  0.4177252423E+01  0.9831399755E+00
  0.9960235218E+00  0.4177660255E+01  0.9833077691E+00
  0.9960632866E+00  0.4178063909E+01  0.9834739008E+00
  0.9961026537E+00  0.4178463430E+01  0.9836383871E+00
  0.9961416272E+00  0.4178858860E+01  0.9838012440E+00
  0.9961802109E+00  0.4179250245E+01  0.9839624875E+00
  0.9962184088E+00  0.4179637628E+01  0.9841221335E+00
  0.9962562247E+00  0.4180021051E+01  0.9842801975E+00
  0.9962936625E+00  0.4180400556E+01  0.9844366952E+00
  0.9963307258E+00  0.4180776186E+01  0.9845916419E+00
  0.9963674186E+00  0.4181147981E+01  0.9847450529E+00
  0.9964037444E+00  0.4181515983E+01  0.9848969432E+00
  0.9964397070E+00  0.4181880231E+01  0.9850473277E+00
  0.9964753099E+00  0.4182240766E+01  0.9851962213E+00
  0.9965105568E+00  0.4182597626E+01  0.9853436387E+00
  0.9965454512E+00  0.4182950852E+01  0.9854895942E+00
  0.9965799967E+00  0.4183300480E+01  0.9856341023E+00
  0.9966141967E+00  0.4183646550E+01  0.9857771772E+00
  0.9966480548E+00  0.4183989098E+01  0.9859188331E+00
  0.9966815742E+00  0.4184328163E+01  0.9860590838E+00
  0.9967147585E+00  0.4184663780E+01  0.9861979432E+00
  0.9967476109E+00  0.4184995986E+01  0.9863354249E+00
  0.9967801348E+00  0.4185324817E+01  0.9864715426E+00
  0.9968123334E+00  0.4185650308E+01  0.9866063097E+00
  0.9968442101E+00  0.4185972495E+01  0.9867397394E+00
  0.9968757680E+00  0.4186291411E+01  0.9868718449E+00
  0.9969070103E+00  0.4186607092E+01  0.9870026393E+00
  0.9969379402E+00  0.4186919572E+01  0.9871321355E+00
  0.9969685608E+00  0.4187228882E+01  0.9872603462E+00
  0.9969988752E+00  0.4187535058E+01  0.9873872841E+00
  0.9970288865E+00  0.4187838131E+01  0.9875129618E+00
  0.9970585976E+00  0.4188138135E+01  0.9876373917E+00
  0.9970880116E+00  0.4188435100E+01  0.9877605861E+00
  0.9971171315E+00  0.4188729264E+01  0.9878825571E+00
  0.9971459602E+00  0.4189020901E+01  0.9880033169E+00
  0.9971745006E+00  0.4189309568E+01  0.9881228773E+00
  0.9972027556E+00  0.4189595296E+01  0.9882412503E+00
  0.9972307280E+00  0.4189878118E+01  0.9883584474E+00
  0.9972584207E+00  0.4190158062E+01  0.9884744804E+00
  0.9972858365E+00  0.4190435160E+01  0.9885893607E+00
  0.9973129782E+00  0.4190709442E+01  0.9887030997E+00
  0.9973398484E+00  0.4190981011E+01  0.9888157087E+00
  0.9973664499E+00  0.4191250204E+01  0.9889271987E+00
  0.9973927854E+00  0.4191516651E+01  0.9890375809E+00
  0.9974188575E+00  0.4191780380E+01  0.9891468661E+00
  0.9974446690E+00  0.4192041421E+01  0.9892550653E+00
  0.9974702223E+00  0.4192299803E+01  0.9893621892E+00
  0.9974955201E+00  0.4192555553E+01  0.9894682483E+00
  0.9975205649E+00  0.4192808698E+01  0.9895732532E+00
  0.9975453592E+00  0.4193059268E+01  0.9896772142E+00
  0.9975699056E+00  0.4193307289E+01  0.9897801418E+00
  0.9975942066E+00  0.4193552787E+01  0.9898820461E+00
  0.9976182645E+00  0.4193795790E+01  0.9899829373E+00
  0.9976420819E+00  0.4194036323E+01  0.9900828253E+00
  0.9976656610E+00  0.4194274413E+01  0.9901817200E+00
  0.9976890044E+00  0.4194510086E+01  0.9902796313E+00
  0.9977121144E+00  0.4194743366E+01  0.9903765690E+00
  0.9977349932E+00  0.4194974278E+01  0.9904725425E+00
  0.9977576433E+00  0.4195202849E+01  0.9905675616E+00
  0.9977800669E+00  0.4195429101E+01  0.9906616355E+00
  0.9978022662E+00  0.4195653060E+01  0.9907547737E+00
  0.9978242435E+00  0.4195874749E+01  0.9908469855E+00
  0.9978460011E+00  0.4196094192E+01  0.9909382799E+00
  0.9978675411E+00  0.4196311412E+01  0.9910286660E+00
  0.9978888657E+00  0.4196526433E+01  0.9911181529E+00
  0.9979099770E+00  0.4196739278E+01  0.9912067495E+00
  0.9979308773E+00  0.4196949968E+01  0.9912944645E+00
  0.9979515685E+00  0.4197158527E+01  0.9913813067E+00
  0.9979720528E+00  0.4197364977E+01  0.9914672847E+00
  0.9979923323E+00  0.4197569339E+01  0.9915524072E+00
  0.9980124089E+00  0.4197771635E+01  0.9916366824E+00
  0.9980322849E+00  0.4197971887E+01  0.9917201190E+00
  0.9980519620E+00  0.4198170116E+01  0.9918027250E+00
  0.9980714424E+00  0.4198366433E+01  0.9918845089E+00
  0.9980907280E+00  0.4198560971E+01  0.9919654787E+00
  0.9981098207E+00  0.4198753536E+01  0.9920456425E+00
  0.9981287225E+00  0.4198944148E+01  0.9921250083E+00
  0.9981474353E+00  0.4199132829E+01  0.9922035839E+00
  0.9981659609E+00  0.4199319599E+01  0.9922813773E+00
  0.9981843013E+00  0.4199504477E+01  0.9923583962E+00
  0.9982024583E+00  0.4199687482E+01  0.9924346482E+00
  0.9982204337E+00  0.4199868636E+01  0.9925101409E+00
  0.9982382294E+00  0.4200047956E+01  0.9925848820E+00
  0.9982558471E+00  0.4200225462E+01  0.9926588788E+00
  0.9982732886E+00  0.4200401172E+01  0.9927321386E+00
  0.9982905557E+00  0.4200575106E+01  0.9928046689E+00
  0.9983076502E+00  0.4200747282E+01  0.9928764769E+00
  0.9983245737E+00  0.4200917717E+01  0.9929475697E+00
  0.9983413279E+00  0.4201086431E+01  0.9930179544E+00
  0.9983579146E+00  0.4201253440E+01  0.9930876380E+00
  0.9983743355E+00  0.4201418763E+01  0.9931566275E+00
  0.9983905921E+00  0.4201582416E+01  0.9932249298E+00
  0.9984066862E+00  0.4201744417E+01  0.9932925518E+00
  0.9984226194E+00  0.4201904784E+01  0.9933595000E+00
  0.9984383932E+00  0.4202063532E+01  0.9934257813E+00
  0.9984540092E+00  0.4202220679E+01  0.9934914022E+00
  0.9984694691E+00  0.4202376241E+01  0.9935563694E+00
  0.9984847744E+00  0.4202530234E+01  0.9936206892E+00
  0.9984999267E+00  0.4202682675E+01  0.9936843682E+00
  0.9985149274E+00  0.4202833579E+01  0.9937474126E+00
  0.9985297782E+00  0.4202982962E+01  0.9938098289E+00
  0.9985444804E+00  0.4203130841E+01  0.9938716231E+00
  0.9985590356E+00  0.4203277229E+01  0.9939328016E+00
  0.9985734452E+00  0.4203422143E+01  0.9939933704E+00
  0.9985877108E+00  0.4203565598E+01  0.9940533355E+00
  0.9986018337E+00  0.4203707608E+01  0.9941127030E+00
  0.9986158153E+00  0.4203848189E+01  0.9941714788E+00
  0.9986296572E+00  0.4203987355E+01  0.9942296688E+00
  0.9986433606E+00  0.4204125120E+01  0.9942872788E+00
  0.9986569270E+00  0.4204261499E+01  0.9943443145E+00
  0.9986703577E+00  0.4204396506E+01  0.9944007817E+00
  0.9986836541E+00  0.4204530155E+01  0.9944566861E+00
  0.9986968176E+00  0.4204662460E+01  0.9945120331E+00
  0.9987098494E+00  0.4204793434E+01  0.9945668284E+00
  0.9987227509E+00  0.4204923092E+01  0.9946210774E+00
  0.9987355234E+00  0.4205051446E+01  0.9946747855E+00
  0.9987481682E+00  0.4205178509E+01  0.9947279582E+00
  0.9987606865E+00  0.4205304296E+01  0.9947806008E+00
  0.9987730796E+00  0.4205428819E+01  0.9948327185E+00
  0.9987853488E+00  0.4205552090E+01  0.9948843165E+00
  0.9987974954E+00  0.4205674123E+01  0.9949354000E+00
  0.9988095204E+00  0.4205794931E+01  0.9949859742E+00
  0.9988214252E+00  0.4205914524E+01  0.9950360440E+00
  0.9988332109E+00  0.4206032917E+01  0.9950856145E+00
  0.9988448788E+00  0.4206150121E+01  0.9951346908E+00
  0.9988564300E+00  0.4206266148E+01  0.9951832776E+00
  0.9988678657E+00  0.4206381010E+01  0.9952313798E+00
  0.9988791871E+00  0.4206494719E+01  0.9952790023E+00
  0.9988903952E+00  0.4206607287E+01  0.9953261499E+00
  0.9989014913E+00  0.4206718725E+01  0.9953728272E+00
  0.9989124764E+00  0.4206829044E+01  0.9954190390E+00
  0.9989233516E+00  0.4206938257E+01  0.9954647899E+00
  0.9989341181E+00  0.4207046374E+01  0.9955100844E+00
  0.9989447769E+00  0.4207153406E+01  0.9955549271E+00
  0.9989553291E+00  0.4207259364E+01  0.9955993225E+00
  0.9989657758E+00  0.4207364260E+01  0.9956432751E+00
  0.9989761181E+00  0.4207468103E+01  0.9956867892E+00
  0.9989863569E+00  0.4207570905E+01  0.9957298692E+00
  0.9989964933E+00  0.4207672676E+01  0.9957725195E+00
  0.9990065284E+00  0.4207773427E+01  0.9958147443E+00
  0.9990164631E+00  0.4207873167E+01  0.9958565478E+00
  0.9990262985E+00  0.4207971908E+01  0.9958979343E+00
  0.9990360355E+00  0.4208069658E+01  0.9959389078E+00
  0.9990456751E+00  0.4208166429E+01  0.9959794726E+00
  0.9990552184E+00  0.4208262230E+01  0.9960196326E+00
  0.9990646662E+00  0.4208357070E+01  0.9960593920E+00
  0.9990740195E+00  0.4208450960E+01  0.9960987546E+00
  0.9990832793E+00  0.4208543909E+01  0.9961377245E+00
  0.9990924466E+00  0.4208635927E+01  0.9961763055E+00
  0.9991015221E+00  0.4208727023E+01  0.9962145015E+00
  0.9991105069E+00  0.4208817205E+01  0.9962523164E+00
  0.9991194018E+00  0.4208906485E+01  0.9962897539E+00
  0.9991282078E+00  0.4208994870E+01  0.9963268179E+00
  0.9991369257E+00  0.4209082369E+01  0.9963635120E+00
  0.9991455564E+00  0.4209168992E+01  0.9963998398E+00
  0.9991541009E+00  0.4209254748E+01  0.9964358052E+00
  0.9991625599E+00  0.4209339644E+01  0.9964714116E+00
  0.9991709343E+00  0.4209423690E+01  0.9965066626E+00
  0.9991792249E+00  0.4209506895E+01  0.9965415619E+00
  0.9991874327E+00  0.4209589266E+01  0.9965761128E+00
  0.9991955584E+00  0.4209670812E+01  0.9966103189E+00
  0.9992036028E+00  0.4209751542E+01  0.9966441835E+00
  0.9992115667E+00  0.4209831463E+01  0.9966777102E+00
  0.9992194511E+00  0.4209910584E+01  0.9967109022E+00
  0.9992272566E+00  0.4209988913E+01  0.9967437629E+00
  0.9992349840E+00  0.4210066458E+01  0.9967762957E+00
  0.9992426342E+00  0.4210143227E+01  0.9968085036E+00
  0.9992502078E+00  0.4210219227E+01  0.9968403901E+00
  0.9992577057E+00  0.4210294466E+01  0.9968719583E+00
  0.9992651287E+00  0.4210368952E+01  0.9969032113E+00
  0.9992724774E+00  0.4210442692E+01  0.9969341524E+00
  0.9992797526E+00  0.4210515695E+01  0.9969647846E+00
  0.9992869551E+00  0.4210587966E+01  0.9969951110E+00
  0.9992940855E+00  0.4210659515E+01  0.9970251346E+00
  0.9993011447E+00  0.4210730347E+01  0.9970548585E+00
  0.9993081332E+00  0.4210800470E+01  0.9970842857E+00
  0.9993150519E+00  0.4210869892E+01  0.9971134190E+00
  0.9993219014E+00  0.4210938619E+01  0.9971422615E+00
  0.9993286824E+00  0.4211006658E+01  0.9971708161E+00
  0.9993353956E+00  0.4211074017E+01  0.9971990856E+00
  0.9993420416E+00  0.4211140701E+01  0.9972270728E+00
  0.9993486212E+00  0.4211206718E+01  0.9972547805E+00
  0.9993551350E+00  0.4211272075E+01  0.9972822117E+00
  0.9993615836E+00  0.4211336778E+01  0.9973093689E+00
  0.9993679678E+00  0.4211400833E+01  0.9973362549E+00
  0.9993742881E+00  0.4211464248E+01  0.9973628726E+00
  0.9993805452E+00  0.4211527028E+01  0.9973892244E+00
  0.9993867398E+00  0.4211589180E+01  0.9974153131E+00
  0.9993928724E+00  0.4211650710E+01  0.9974411413E+00
  0.9993989436E+00  0.4211711625E+01  0.9974667116E+00
  0.9994049542E+00  0.4211771930E+01  0.9974920265E+00
  0.9994109047E+00  0.4211831632E+01  0.9975170886E+00
  0.9994167956E+00  0.4211890737E+01  0.9975419005E+00
  0.9994226277E+00  0.4211949250E+01  0.9975664646E+00
  0.9994284014E+00  0.4212007179E+01  0.9975907834E+00
  0.9994341174E+00  0.4212064528E+01  0.9976148594E+00
  0.9994397762E+00  0.4212121303E+01  0.9976386949E+00
  0.9994453784E+00  0.4212177511E+01  0.9976622923E+00
  0.9994509247E+00  0.4212233156E+01  0.9976856541E+00
  0.9994564154E+00  0.4212288245E+01  0.9977087826E+00
  0.9994618513E+00  0.4212342782E+01  0.9977316801E+00
  0.9994672327E+00  0.4212396775E+01  0.9977543489E+00
  0.9994725604E+00  0.4212450227E+01  0.9977767913E+00
  0.9994778348E+00  0.4212503145E+01  0.9977990096E+00
  0.9994830565E+00  0.4212555533E+01  0.9978210060E+00
  0.9994882259E+00  0.4212607398E+01  0.9978427826E+00
  0.9994933436E+00  0.4212658744E+01  0.9978643418E+00
  0.9994984102E+00  0.4212709576E+01  0.9978856856E+00
  0.9995034261E+00  0.4212759900E+01  0.9979068163E+00
  0.9995083918E+00  0.4212809721E+01  0.9979277359E+00
  0.9995133079E+00  0.4212859043E+01  0.9979484465E+00
  0.9995181748E+00  0.4212907873E+01  0.9979689503E+00
  0.9995229931E+00  0.4212956214E+01  0.9979892492E+00
  0.9995277632E+00  0.4213004072E+01  0.9980093454E+00
  0.9995324855E+00  0.4213051451E+01  0.9980292409E+00
  0.9995371607E+00  0.4213098356E+01  0.9980489377E+00
  0.9995417891E+00  0.4213144793E+01  0.9980684376E+00
  0.9995463712E+00  0.4213190765E+01  0.9980877428E+00
  0.9995509075E+00  0.4213236277E+01  0.9981068552E+00
  0.9995553984E+00  0.4213281334E+01  0.9981257766E+00
  0.9995598444E+00  0.4213325941E+01  0.9981445090E+00
  0.9995642460E+00  0.4213370102E+01  0.9981630543E+00
  0.9995686035E+00  0.4213413821E+01  0.9981814143E+00
  0.9995729175E+00  0.4213457103E+01  0.9981995910E+00
  0.9995771883E+00  0.4213499953E+01  0.9982175860E+00
  0.9995814164E+00  0.4213542373E+01  0.9982354012E+00
  0.9995856022E+00  0.4213584370E+01  0.9982530385E+00
  0.9995897462E+00  0.4213625947E+01  0.9982704996E+00
  0.9995938488E+00  0.4213667108E+01  0.9982877863E+00
  0.9995979103E+00  0.4213707858E+01  0.9983049002E+00
  0.9996019312E+00  0.4213748200E+01  0.9983218432E+00
  0.9996059119E+00  0.4213788139E+01  0.9983386169E+00
  0.9996098527E+00  0.4213827679E+01  0.9983552230E+00
  0.9996137542E+00  0.4213866823E+01  0.9983716632E+00
  0.9996176167E+00  0.4213905576E+01  0.9983879392E+00
  0.9996214405E+00  0.4213943941E+01  0.9984040525E+00
  0.9996252261E+00  0.4213981923E+01  0.9984200049E+00
  0.9996289738E+00  0.4214019525E+01  0.9984357978E+00
  0.9996326841E+00  0.4214056751E+01  0.9984514330E+00
  0.9996363573E+00  0.4214093605E+01  0.9984669120E+00
  0.9996399937E+00  0.4214130091E+01  0.9984822363E+00
  0.9996435938E+00  0.4214166212E+01  0.9984974075E+00
  0.9996471578E+00  0.4214201972E+01  0.9985124271E+00
  0.9996506862E+00  0.4214237374E+01  0.9985272967E+00
  0.9996541794E+00  0.4214272422E+01  0.9985420176E+00
  0.9996576376E+00  0.4214307120E+01  0.9985565915E+00
  0.9996610612E+00  0.4214341471E+01  0.9985710198E+00
  0.9996644506E+00  0.4214375479E+01  0.9985853039E+00
  0.9996678400E+00  0.4214409486E+01  0.9985995881E+00
  0.9996712294E+00  0.4214443494E+01  0.9986138724E+00
  0.9996746188E+00  0.4214477502E+01  0.9986281568E+00
  0.9996780081E+00  0.4214511510E+01  0.9986424414E+00
  0.9996813975E+00  0.4214545518E+01  0.9986567261E+00
  0.9996847869E+00  0.4214579526E+01  0.9986710109E+00
  0.9996881763E+00  0.4214613535E+01  0.9986852958E+00
  0.9996915657E+00  0.4214647543E+01  0.9986995808E+00
  0.9996949551E+00  0.4214681552E+01  0.9987138659E+00
  0.9996983445E+00  0.4214715560E+01  0.9987281512E+00
  0.9997017339E+00  0.4214749569E+01  0.9987424365E+00
  0.9997051232E+00  0.4214783578E+01  0.9987567220E+00
  0.9997085126E+00  0.4214817587E+01  0.9987710076E+00
  0.9997119020E+00  0.4214851596E+01  0.9987852933E+00
  0.9997152914E+00  0.4214885605E+01  0.9987995791E+00
  0.9997186808E+00  0.4214919615E+01  0.9988138651E+00
  0.9997220702E+00  0.4214953624E+01  0.9988281511E+00
  0.9997254596E+00  0.4214987634E+01  0.9988424373E+00
  0.9997288490E+00  0.4215021644E+01  0.9988567236E+00
  0.9997322384E+00  0.4215055654E+01  0.9988710100E+00
  0.9997356277E+00  0.4215089664E+01  0.9988852965E+00
  0.9997390171E+00  0.4215123674E+01  0.9988995831E+00
  0.9997424065E+00  0.4215157684E+01  0.9989138699E+00
  0.9997457959E+00  0.4215191695E+01  0.9989281567E+00
  0.9997491853E+00  0.4215225705E+01  0.9989424437E+00
  0.9997525747E+00  0.4215259716E+01  0.9989567308E+00
  0.9997559641E+00  0.4215293727E+01  0.9989710180E+00
  0.9997593535E+00  0.4215327738E+01  0.9989853054E+00
  0.9997627428E+00  0.4215361749E+01  0.9989995928E+00
  0.9997661322E+00  0.4215395761E+01  0.9990138803E+00
  0.9997695216E+00  0.4215429772E+01  0.9990281680E+00
  0.9997729110E+00  0.4215463784E+01  0.9990424558E+00
  0.9997763004E+00  0.4215497796E+01  0.9990567437E+00
  0.9997796898E+00  0.4215531808E+01  0.9990710317E+00
  0.9997830792E+00  0.4215565820E+01  0.9990853198E+00
  0.9997864686E+00  0.4215599833E+01  0.9990996081E+00
  0.9997898579E+00  0.4215633845E+01  0.9991138964E+00
  0.9997932473E+00  0.4215667858E+01  0.9991281849E+00
  0.9997966367E+00  0.4215701871E+01  0.9991424735E+00
  0.9998000261E+00  0.4215735884E+01  0.9991567622E+00
  0.9998034155E+00  0.4215769897E+01  0.9991710510E+00
  0.9998068049E+00  0.4215803911E+01  0.9991853400E+00
  0.9998101943E+00  0.4215837925E+01  0.9991996290E+00
  0.9998135837E+00  0.4215871938E+01  0.9992139182E+00
  0.9998169731E+00  0.4215905952E+01  0.9992282075E+00
  0.9998203624E+00  0.4215939967E+01  0.9992424969E+00
  0.9998237518E+00  0.4215973981E+01  0.9992567864E+00
  0.9998271412E+00  0.4216007996E+01  0.9992710760E+00
  0.9998305306E+00  0.4216042011E+01  0.9992853658E+00
  0.9998339200E+00  0.4216076026E+01  0.9992996556E+00
  0.9998373094E+00  0.4216110041E+01  0.9993139456E+00
  0.9998406988E+00  0.4216144056E+01  0.9993282357E+00
  0.9998440882E+00  0.4216178072E+01  0.9993425259E+00
  0.9998474775E+00  0.4216212088E+01  0.9993568162E+00
  0.9998508669E+00  0.4216246104E+01  0.9993711067E+00
  0.9998542563E+00  0.4216280120E+01  0.9993853972E+00
  0.9998576457E+00  0.4216314136E+01  0.9993996879E+00
  0.9998610351E+00  0.4216348153E+01  0.9994139787E+00
  0.9998644245E+00  0.4216382170E+01  0.9994282696E+00
  0.9998678139E+00  0.4216416187E+01  0.9994425606E+00
  0.9998712033E+00  0.4216450205E+01  0.9994568517E+00
  0.9998745926E+00  0.4216484222E+01  0.9994711429E+00
  0.9998779820E+00  0.4216518240E+01  0.9994854343E+00
  0.9998813714E+00  0.4216552258E+01  0.9994997258E+00
  0.9998847608E+00  0.4216586276E+01  0.9995140174E+00
  0.9998881502E+00  0.4216620295E+01  0.9995283091E+00
  0.9998915396E+00  0.4216654313E+01  0.9995426009E+00
  0.9998949290E+00  0.4216688332E+01  0.9995568928E+00
  0.9998983184E+00  0.4216722352E+01  0.9995711849E+00
  0.9999017077E+00  0.4216756371E+01  0.9995854770E+00
  0.9999050971E+00  0.4216790391E+01  0.9995997693E+00
  0.9999084865E+00  0.4216824411E+01  0.9996140617E+00
  0.9999118759E+00  0.4216858431E+01  0.9996283542E+00
  0.9999152653E+00  0.4216892451E+01  0.9996426469E+00
  0.9999186547E+00  0.4216926472E+01  0.9996569396E+00
  0.9999220441E+00  0.4216960493E+01  0.9996712325E+00
  0.9999254335E+00  0.4216994514E+01  0.9996855254E+00
  0.9999288229E+00  0.4217028536E+01  0.9996998185E+00
  0.9999322122E+00  0.4217062557E+01  0.9997141117E+00
  0.9999356016E+00  0.4217096579E+01  0.9997284050E+00
  0.9999389910E+00  0.4217130602E+01  0.9997426985E+00
  0.9999423804E+00  0.4217164624E+01  0.9997569920E+00
  0.9999457698E+00  0.4217198647E+01  0.9997712857E+00
  0.9999491592E+00  0.4217232670E+01  0.9997855795E+00
  0.9999525486E+00  0.4217266693E+01  0.9997998734E+00
  0.9999559380E+00  0.4217300717E+01  0.9998141674E+00
  0.9999593273E+00  0.4217334741E+01  0.9998284615E+00
  0.9999627167E+00  0.4217368765E+01  0.9998427557E+00
  0.9999661061E+00  0.4217402790E+01  0.9998570501E+00
  0.9999694955E+00  0.4217436814E+01  0.9998713446E+00
  0.9999728849E+00  0.4217470839E+01  0.9998856392E+00
  0.9999762743E+00  0.4217504865E+01  0.9998999339E+00
  0.9999796637E+00  0.4217538890E+01  0.9999142287E+00
  0.9999830531E+00  0.4217572916E+01  0.9999285236E+00
  0.9999864424E+00  0.4217606942E+01  0.9999428187E+00
  0.9999898318E+00  0.4217640969E+01  0.9999571138E+00
  0.9999932212E+00  0.4217674996E+01  0.9999714091E+00
  0.9999966106E+00  0.4217709023E+01  0.9999857045E+00
  0.1000000000E+01  0.4217741925E+01  0.1000000000E+01
  0.1000000000E+01  0.4217741925E+01  0.1000000000E+01
