  0.0000000000E+00  0.4217743141E+01 -0.1000000000E+01
  0.6996492144E-18  0.4217743141E+01 -0.1000000000E+01
  0.3389387958E-05  0.4217661607E+01 -0.9999857046E+00
  0.6778775916E-05  0.4217580074E+01 -0.9999714094E+00
  0.1016816387E-04  0.4217498540E+01 -0.9999571145E+00
  0.1355755183E-04  0.4217417007E+01 -0.9999428199E+00
  0.1694693979E-04  0.4217335475E+01 -0.9999285256E+00
  0.2033632775E-04  0.4217253942E+01 -0.9999142316E+00
  0.2372571571E-04  0.4217172410E+01 -0.9998999378E+00
  0.2711510367E-04  0.4217090879E+01 -0.9998856443E+00
  0.3050449162E-04  0.4217009347E+01 -0.9998713511E+00
  0.3389387958E-04  0.4216927816E+01 -0.9998570581E+00
  0.3728326754E-04  0.4216846285E+01 -0.9998427655E+00
  0.4067265550E-04  0.4216764755E+01 -0.9998284731E+00
  0.4406204346E-04  0.4216683225E+01 -0.9998141810E+00
  0.4745143141E-04  0.4216601695E+01 -0.9997998891E+00
  0.5084081937E-04  0.4216520165E+01 -0.9997855976E+00
  0.5423020733E-04  0.4216438636E+01 -0.9997713063E+00
  0.5761959529E-04  0.4216357107E+01 -0.9997570153E+00
  0.6100898325E-04  0.4216275579E+01 -0.9997427245E+00
  0.6439837120E-04  0.4216194051E+01 -0.9997284341E+00
  0.6778775916E-04  0.4216112523E+01 -0.9997141439E+00
  0.7117714712E-04  0.4216030995E+01 -0.9996998540E+00
  0.7456653508E-04  0.4215949468E+01 -0.9996855644E+00
  0.7795592304E-04  0.4215867941E+01 -0.9996712750E+00
  0.8134531100E-04  0.4215786415E+01 -0.9996569860E+00
  0.8473469895E-04  0.4215704888E+01 -0.9996426972E+00
  0.8812408691E-04  0.4215623363E+01 -0.9996284086E+00
  0.9151347487E-04  0.4215541837E+01 -0.9996141204E+00
  0.9490286283E-04  0.4215460312E+01 -0.9995998324E+00
  0.9829225079E-04  0.4215378787E+01 -0.9995855447E+00
  0.1016816387E-03  0.4215297262E+01 -0.9995712573E+00
  0.1050710267E-03  0.4215215738E+01 -0.9995569702E+00
  0.1084604147E-03  0.4215134214E+01 -0.9995426833E+00
  0.1118498026E-03  0.4215052691E+01 -0.9995283967E+00
  0.1152391906E-03  0.4214971168E+01 -0.9995141104E+00
  0.1186285785E-03  0.4214889645E+01 -0.9994998244E+00
  0.1220179665E-03  0.4214808123E+01 -0.9994855386E+00
  0.1254073545E-03  0.4214726601E+01 -0.9994712531E+00
  0.1287967424E-03  0.4214645079E+01 -0.9994569679E+00
  0.1321861304E-03  0.4214563557E+01 -0.9994426830E+00
  0.1355755183E-03  0.4214482036E+01 -0.9994283984E+00
  0.1389649063E-03  0.4214400516E+01 -0.9994141140E+00
  0.1423542942E-03  0.4214318995E+01 -0.9993998299E+00
  0.1457436822E-03  0.4214237475E+01 -0.9993855461E+00
  0.1491330702E-03  0.4214155956E+01 -0.9993712625E+00
  0.1525224581E-03  0.4214074436E+01 -0.9993569792E+00
  0.1559118461E-03  0.4213992917E+01 -0.9993426962E+00
  0.1593012340E-03  0.4213911399E+01 -0.9993284135E+00
  0.1626906220E-03  0.4213829881E+01 -0.9993141311E+00
  0.1660800099E-03  0.4213748363E+01 -0.9992998489E+00
  0.1694693979E-03  0.4213666845E+01 -0.9992855670E+00
  0.1728587859E-03  0.4213585328E+01 -0.9992712854E+00
  0.1762481738E-03  0.4213503812E+01 -0.9992570041E+00
  0.1796375618E-03  0.4213422295E+01 -0.9992427230E+00
  0.1830269497E-03  0.4213340779E+01 -0.9992284422E+00
  0.1864163377E-03  0.4213259264E+01 -0.9992141617E+00
  0.1898057257E-03  0.4213177748E+01 -0.9991998815E+00
  0.1931951136E-03  0.4213096233E+01 -0.9991856015E+00
  0.1965845016E-03  0.4213014719E+01 -0.9991713219E+00
  0.1999738895E-03  0.4212933205E+01 -0.9991570424E+00
  0.2033632775E-03  0.4212851691E+01 -0.9991427633E+00
  0.2067526654E-03  0.4212770178E+01 -0.9991284845E+00
  0.2101420534E-03  0.4212688665E+01 -0.9991142059E+00
  0.2135314414E-03  0.4212607152E+01 -0.9990999276E+00
  0.2169208293E-03  0.4212525640E+01 -0.9990856496E+00
  0.2203102173E-03  0.4212444128E+01 -0.9990713718E+00
  0.2236996052E-03  0.4212362616E+01 -0.9990570944E+00
  0.2270889932E-03  0.4212281105E+01 -0.9990428172E+00
  0.2304783812E-03  0.4212199595E+01 -0.9990285403E+00
  0.2338677691E-03  0.4212118084E+01 -0.9990142636E+00
  0.2372571571E-03  0.4212036574E+01 -0.9989999872E+00
  0.2406465450E-03  0.4211955065E+01 -0.9989857112E+00
  0.2440359330E-03  0.4211873556E+01 -0.9989714353E+00
  0.2474253209E-03  0.4211792047E+01 -0.9989571598E+00
  0.2508147089E-03  0.4211710539E+01 -0.9989428846E+00
  0.2542040969E-03  0.4211629031E+01 -0.9989286096E+00
  0.2575934848E-03  0.4211547523E+01 -0.9989143349E+00
  0.2609828728E-03  0.4211466016E+01 -0.9989000604E+00
  0.2643722607E-03  0.4211384509E+01 -0.9988857863E+00
  0.2677616487E-03  0.4211303003E+01 -0.9988715124E+00
  0.2711510367E-03  0.4211221497E+01 -0.9988572388E+00
  0.2745404246E-03  0.4211139991E+01 -0.9988429655E+00
  0.2779298126E-03  0.4211058486E+01 -0.9988286924E+00
  0.2813192005E-03  0.4210976981E+01 -0.9988144197E+00
  0.2847085885E-03  0.4210895477E+01 -0.9988001472E+00
  0.2880979764E-03  0.4210813973E+01 -0.9987858749E+00
  0.2914873644E-03  0.4210732469E+01 -0.9987716030E+00
  0.2948767524E-03  0.4210650966E+01 -0.9987573313E+00
  0.2982661403E-03  0.4210569463E+01 -0.9987430599E+00
  0.3016555283E-03  0.4210487961E+01 -0.9987287888E+00
  0.3050449162E-03  0.4210406459E+01 -0.9987145180E+00
  0.3084343042E-03  0.4210324957E+01 -0.9987002474E+00
  0.3118236921E-03  0.4210243456E+01 -0.9986859771E+00
  0.3152130801E-03  0.4210161956E+01 -0.9986717071E+00
  0.3186024681E-03  0.4210080455E+01 -0.9986574374E+00
  0.3219918560E-03  0.4209998955E+01 -0.9986431679E+00
  0.3253812440E-03  0.4209917456E+01 -0.9986288987E+00
  0.3287706319E-03  0.4209835957E+01 -0.9986146298E+00
  0.3321600199E-03  0.4209754458E+01 -0.9986003612E+00
  0.3355494079E-03  0.4209672960E+01 -0.9985860929E+00
  0.3389387958E-03  0.4209591462E+01 -0.9985718248E+00
  0.3423624200E-03  0.4209509142E+01 -0.9985574129E+00
  0.3458206263E-03  0.4209425990E+01 -0.9985428557E+00
  0.3493137639E-03  0.4209341999E+01 -0.9985281517E+00
  0.3528421858E-03  0.4209257160E+01 -0.9985132995E+00
  0.3564062483E-03  0.4209171465E+01 -0.9984982976E+00
  0.3600063114E-03  0.4209084904E+01 -0.9984831445E+00
  0.3636427388E-03  0.4208997470E+01 -0.9984678386E+00
  0.3673158977E-03  0.4208909152E+01 -0.9984523785E+00
  0.3710261593E-03  0.4208819944E+01 -0.9984367625E+00
  0.3747738983E-03  0.4208729834E+01 -0.9984209891E+00
  0.3785594932E-03  0.4208638815E+01 -0.9984050567E+00
  0.3823833265E-03  0.4208546878E+01 -0.9983889637E+00
  0.3862457844E-03  0.4208454012E+01 -0.9983727086E+00
  0.3901472569E-03  0.4208360208E+01 -0.9983562896E+00
  0.3940881383E-03  0.4208265458E+01 -0.9983397051E+00
  0.3980688266E-03  0.4208169751E+01 -0.9983229535E+00
  0.4020897238E-03  0.4208073079E+01 -0.9983060331E+00
  0.4061512362E-03  0.4207975430E+01 -0.9982889422E+00
  0.4102537739E-03  0.4207876796E+01 -0.9982716790E+00
  0.4143977514E-03  0.4207777166E+01 -0.9982542419E+00
  0.4185835873E-03  0.4207676530E+01 -0.9982366290E+00
  0.4228117043E-03  0.4207574878E+01 -0.9982188387E+00
  0.4270825296E-03  0.4207472201E+01 -0.9982008691E+00
  0.4313964946E-03  0.4207368487E+01 -0.9981827184E+00
  0.4357540349E-03  0.4207263726E+01 -0.9981643849E+00
  0.4401555908E-03  0.4207157908E+01 -0.9981458666E+00
  0.4446016069E-03  0.4207051021E+01 -0.9981271617E+00
  0.4490925322E-03  0.4206943056E+01 -0.9981082684E+00
  0.4536288204E-03  0.4206834001E+01 -0.9980891848E+00
  0.4582109297E-03  0.4206723845E+01 -0.9980699088E+00
  0.4628393230E-03  0.4206612578E+01 -0.9980504387E+00
  0.4675144676E-03  0.4206500187E+01 -0.9980307725E+00
  0.4722368360E-03  0.4206386662E+01 -0.9980109081E+00
  0.4770069051E-03  0.4206271992E+01 -0.9979908436E+00
  0.4818251566E-03  0.4206156164E+01 -0.9979705770E+00
  0.4866920774E-03  0.4206039167E+01 -0.9979501063E+00
  0.4916081590E-03  0.4205920989E+01 -0.9979294293E+00
  0.4965738980E-03  0.4205801619E+01 -0.9979085441E+00
  0.5015897959E-03  0.4205681043E+01 -0.9978874486E+00
  0.5066563595E-03  0.4205559251E+01 -0.9978661405E+00
  0.5117741005E-03  0.4205436230E+01 -0.9978446179E+00
  0.5169435359E-03  0.4205311967E+01 -0.9978228785E+00
  0.5221651878E-03  0.4205186451E+01 -0.9978009201E+00
  0.5274395836E-03  0.4205059667E+01 -0.9977787406E+00
  0.5327672562E-03  0.4204931604E+01 -0.9977563378E+00
  0.5381487436E-03  0.4204802249E+01 -0.9977337093E+00
  0.5435845895E-03  0.4204671589E+01 -0.9977108530E+00
  0.5490753429E-03  0.4204539609E+01 -0.9976877666E+00
  0.5546215585E-03  0.4204406299E+01 -0.9976644477E+00
  0.5602237965E-03  0.4204271643E+01 -0.9976408940E+00
  0.5658826227E-03  0.4204135628E+01 -0.9976171031E+00
  0.5715986088E-03  0.4203998240E+01 -0.9975930727E+00
  0.5773723321E-03  0.4203859467E+01 -0.9975688004E+00
  0.5832043759E-03  0.4203719293E+01 -0.9975442837E+00
  0.5890953291E-03  0.4203577705E+01 -0.9975195202E+00
  0.5950457870E-03  0.4203434688E+01 -0.9974945074E+00
  0.6010563505E-03  0.4203290228E+01 -0.9974692429E+00
  0.6071276268E-03  0.4203144311E+01 -0.9974437240E+00
  0.6132602291E-03  0.4202996921E+01 -0.9974179482E+00
  0.6194547769E-03  0.4202848045E+01 -0.9973919130E+00
  0.6257118958E-03  0.4202697666E+01 -0.9973656157E+00
  0.6320322180E-03  0.4202545770E+01 -0.9973390538E+00
  0.6384163818E-03  0.4202392342E+01 -0.9973122246E+00
  0.6448650321E-03  0.4202237365E+01 -0.9972851253E+00
  0.6513788203E-03  0.4202080826E+01 -0.9972577533E+00
  0.6579584044E-03  0.4201922707E+01 -0.9972301059E+00
  0.6646044489E-03  0.4201762993E+01 -0.9972021803E+00
  0.6713176251E-03  0.4201601668E+01 -0.9971739736E+00
  0.6780986112E-03  0.4201438715E+01 -0.9971454832E+00
  0.6849480921E-03  0.4201274119E+01 -0.9971167061E+00
  0.6918667597E-03  0.4201107862E+01 -0.9970876394E+00
  0.6988553129E-03  0.4200939929E+01 -0.9970582804E+00
  0.7059144575E-03  0.4200770301E+01 -0.9970286259E+00
  0.7130449065E-03  0.4200598958E+01 -0.9969986732E+00
  0.7202473803E-03  0.4200425879E+01 -0.9969684191E+00
  0.7275226064E-03  0.4200251053E+01 -0.9969378607E+00
  0.7348713196E-03  0.4200074463E+01 -0.9969069949E+00
  0.7422942622E-03  0.4199896092E+01 -0.9968758186E+00
  0.7497921840E-03  0.4199715922E+01 -0.9968443288E+00
  0.7573658425E-03  0.4199533934E+01 -0.9968125223E+00
  0.7650160025E-03  0.4199350110E+01 -0.9967803959E+00
  0.7727434369E-03  0.4199164432E+01 -0.9967479464E+00
  0.7805489261E-03  0.4198976881E+01 -0.9967151706E+00
  0.7884332587E-03  0.4198787438E+01 -0.9966820652E+00
  0.7963972310E-03  0.4198596084E+01 -0.9966486269E+00
  0.8044416475E-03  0.4198402800E+01 -0.9966148525E+00
  0.8125673207E-03  0.4198207567E+01 -0.9965807384E+00
  0.8207750714E-03  0.4198010364E+01 -0.9965462814E+00
  0.8290657287E-03  0.4197811173E+01 -0.9965114779E+00
  0.8374401300E-03  0.4197609972E+01 -0.9964763246E+00
  0.8458991212E-03  0.4197406742E+01 -0.9964408179E+00
  0.8544435568E-03  0.4197201462E+01 -0.9964049543E+00
  0.8630742998E-03  0.4196994112E+01 -0.9963687303E+00
  0.8717922220E-03  0.4196784671E+01 -0.9963321421E+00
  0.8805982040E-03  0.4196573118E+01 -0.9962951862E+00
  0.8894931354E-03  0.4196359432E+01 -0.9962578590E+00
  0.8984779145E-03  0.4196143590E+01 -0.9962201566E+00
  0.9075534490E-03  0.4195925572E+01 -0.9961820753E+00
  0.9167206556E-03  0.4195705355E+01 -0.9961436114E+00
  0.9259804602E-03  0.4195482918E+01 -0.9961047610E+00
  0.9353337982E-03  0.4195258238E+01 -0.9960655203E+00
  0.9447816143E-03  0.4195031293E+01 -0.9960258853E+00
  0.9543248629E-03  0.4194802059E+01 -0.9959858522E+00
  0.9639645080E-03  0.4194570514E+01 -0.9959454169E+00
  0.9737015233E-03  0.4194336635E+01 -0.9959045755E+00
  0.9835368922E-03  0.4194100397E+01 -0.9958633238E+00
  0.9934716083E-03  0.4193861778E+01 -0.9958216578E+00
  0.1003506675E-02  0.4193620753E+01 -0.9957795733E+00
  0.1013643106E-02  0.4193377298E+01 -0.9957370662E+00
  0.1023881925E-02  0.4193131389E+01 -0.9956941322E+00
  0.1034224167E-02  0.4192883001E+01 -0.9956507671E+00
  0.1044670876E-02  0.4192632110E+01 -0.9956069666E+00
  0.1055223107E-02  0.4192378689E+01 -0.9955627263E+00
  0.1065881926E-02  0.4192122714E+01 -0.9955180419E+00
  0.1076648410E-02  0.4191864159E+01 -0.9954729088E+00
  0.1087523647E-02  0.4191602997E+01 -0.9954273227E+00
  0.1098508734E-02  0.4191339204E+01 -0.9953812791E+00
  0.1109604782E-02  0.4191072752E+01 -0.9953347732E+00
  0.1120812911E-02  0.4190803614E+01 -0.9952878007E+00
  0.1132134253E-02  0.4190531765E+01 -0.9952403567E+00
  0.1143569953E-02  0.4190257175E+01 -0.9951924366E+00
  0.1155121165E-02  0.4189979819E+01 -0.9951440356E+00
  0.1166789055E-02  0.4189699668E+01 -0.9950951491E+00
  0.1178574803E-02  0.4189416693E+01 -0.9950457720E+00
  0.1190479599E-02  0.4189130868E+01 -0.9949958995E+00
  0.1202504646E-02  0.4188842163E+01 -0.9949455268E+00
  0.1214651157E-02  0.4188550548E+01 -0.9948946487E+00
  0.1226920361E-02  0.4188255996E+01 -0.9948432603E+00
  0.1239313496E-02  0.4187958477E+01 -0.9947913566E+00
  0.1251831814E-02  0.4187657960E+01 -0.9947389323E+00
  0.1264476580E-02  0.4187354415E+01 -0.9946859822E+00
  0.1277249070E-02  0.4187047814E+01 -0.9946325012E+00
  0.1290150576E-02  0.4186738123E+01 -0.9945784840E+00
  0.1303182400E-02  0.4186425314E+01 -0.9945239252E+00
  0.1316345859E-02  0.4186109353E+01 -0.9944688195E+00
  0.1329642282E-02  0.4185790211E+01 -0.9944131613E+00
  0.1343073012E-02  0.4185467854E+01 -0.9943569452E+00
  0.1356639406E-02  0.4185142251E+01 -0.9943001657E+00
  0.1370342834E-02  0.4184813369E+01 -0.9942428172E+00
  0.1384184681E-02  0.4184481175E+01 -0.9941848940E+00
  0.1398166344E-02  0.4184145636E+01 -0.9941263903E+00
  0.1412289237E-02  0.4183806719E+01 -0.9940673004E+00
  0.1426554785E-02  0.4183464389E+01 -0.9940076186E+00
  0.1440964429E-02  0.4183118613E+01 -0.9939473389E+00
  0.1455519625E-02  0.4182769355E+01 -0.9938864553E+00
  0.1470221844E-02  0.4182416582E+01 -0.9938249619E+00
  0.1485072569E-02  0.4182060258E+01 -0.9937628526E+00
  0.1500073302E-02  0.4181700347E+01 -0.9937001213E+00
  0.1515225558E-02  0.4181336813E+01 -0.9936367619E+00
  0.1530530867E-02  0.4180969620E+01 -0.9935727681E+00
  0.1545990774E-02  0.4180598732E+01 -0.9935081335E+00
  0.1561606843E-02  0.4180224111E+01 -0.9934428519E+00
  0.1577380649E-02  0.4179845721E+01 -0.9933769169E+00
  0.1593313787E-02  0.4179463523E+01 -0.9933103219E+00
  0.1609407866E-02  0.4179077479E+01 -0.9932430603E+00
  0.1625664511E-02  0.4178687552E+01 -0.9931751257E+00
  0.1642085364E-02  0.4178293701E+01 -0.9931065114E+00
  0.1658672085E-02  0.4177895888E+01 -0.9930372105E+00
  0.1675426349E-02  0.4177494074E+01 -0.9929672163E+00
  0.1692349847E-02  0.4177088217E+01 -0.9928965219E+00
  0.1709444290E-02  0.4176678279E+01 -0.9928251204E+00
  0.1726711404E-02  0.4176264217E+01 -0.9927530048E+00
  0.1744152934E-02  0.4175845992E+01 -0.9926801680E+00
  0.1761770640E-02  0.4175423560E+01 -0.9926066029E+00
  0.1779566303E-02  0.4174996881E+01 -0.9925323023E+00
  0.1797541720E-02  0.4174565912E+01 -0.9924572588E+00
  0.1815698707E-02  0.4174130610E+01 -0.9923814652E+00
  0.1834039098E-02  0.4173690932E+01 -0.9923049141E+00
  0.1852564746E-02  0.4173246834E+01 -0.9922275979E+00
  0.1871277521E-02  0.4172798272E+01 -0.9921495090E+00
  0.1890179314E-02  0.4172345202E+01 -0.9920706399E+00
  0.1909272034E-02  0.4171887578E+01 -0.9919909829E+00
  0.1928557610E-02  0.4171425355E+01 -0.9919105301E+00
  0.1948037990E-02  0.4170958488E+01 -0.9918292737E+00
  0.1967715142E-02  0.4170486930E+01 -0.9917472057E+00
  0.1987591052E-02  0.4170010634E+01 -0.9916643183E+00
  0.2007667730E-02  0.4169529553E+01 -0.9915806031E+00
  0.2027947202E-02  0.4169043640E+01 -0.9914960522E+00
  0.2048431517E-02  0.4168552846E+01 -0.9914106572E+00
  0.2069122744E-02  0.4168057123E+01 -0.9913244099E+00
  0.2090022974E-02  0.4167556422E+01 -0.9912373018E+00
  0.2111134317E-02  0.4167050692E+01 -0.9911493244E+00
  0.2132458906E-02  0.4166539886E+01 -0.9910604692E+00
  0.2153998895E-02  0.4166023950E+01 -0.9909707275E+00
  0.2175756460E-02  0.4165502836E+01 -0.9908800906E+00
  0.2197733798E-02  0.4164976491E+01 -0.9907885498E+00
  0.2219933129E-02  0.4164444863E+01 -0.9906960960E+00
  0.2242356696E-02  0.4163907900E+01 -0.9906027203E+00
  0.2265006764E-02  0.4163365549E+01 -0.9905084136E+00
  0.2287885620E-02  0.4162817756E+01 -0.9904131669E+00
  0.2310995576E-02  0.4162264467E+01 -0.9903169707E+00
  0.2334338965E-02  0.4161705629E+01 -0.9902198159E+00
  0.2357918147E-02  0.4161141185E+01 -0.9901216929E+00
  0.2381735502E-02  0.4160571080E+01 -0.9900225923E+00
  0.2405793436E-02  0.4159995259E+01 -0.9899225045E+00
  0.2430094380E-02  0.4159413664E+01 -0.9898214198E+00
  0.2454640788E-02  0.4158826238E+01 -0.9897193283E+00
  0.2479435139E-02  0.4158232923E+01 -0.9896162203E+00
  0.2504479939E-02  0.4157633662E+01 -0.9895120857E+00
  0.2529777716E-02  0.4157028395E+01 -0.9894069144E+00
  0.2555331026E-02  0.4156417063E+01 -0.9893006964E+00
  0.2581142450E-02  0.4155799606E+01 -0.9891934213E+00
  0.2607214596E-02  0.4155175964E+01 -0.9890850788E+00
  0.2633550097E-02  0.4154546074E+01 -0.9889756585E+00
  0.2660151614E-02  0.4153909876E+01 -0.9888651497E+00
  0.2687021832E-02  0.4153267308E+01 -0.9887535419E+00
  0.2714163467E-02  0.4152618306E+01 -0.9886408242E+00
  0.2741579259E-02  0.4151962807E+01 -0.9885269859E+00
  0.2769271979E-02  0.4151300746E+01 -0.9884120159E+00
  0.2797244423E-02  0.4150632060E+01 -0.9882959033E+00
  0.2825499417E-02  0.4149956682E+01 -0.9881786367E+00
  0.2854039815E-02  0.4149274547E+01 -0.9880602050E+00
  0.2882868500E-02  0.4148585589E+01 -0.9879405968E+00
  0.2911988384E-02  0.4147889740E+01 -0.9878198006E+00
  0.2941402408E-02  0.4147186932E+01 -0.9876978048E+00
  0.2971113544E-02  0.4146477097E+01 -0.9875745978E+00
  0.3001124792E-02  0.4145760166E+01 -0.9874501676E+00
  0.3031439184E-02  0.4145036068E+01 -0.9873245023E+00
  0.3062059781E-02  0.4144304735E+01 -0.9871975901E+00
  0.3092989678E-02  0.4143566094E+01 -0.9870694186E+00
  0.3124231998E-02  0.4142820074E+01 -0.9869399756E+00
  0.3155789897E-02  0.4142066603E+01 -0.9868092488E+00
  0.3187666563E-02  0.4141305607E+01 -0.9866772256E+00
  0.3219865215E-02  0.4140537013E+01 -0.9865438936E+00
  0.3252389106E-02  0.4139760747E+01 -0.9864092398E+00
  0.3285241521E-02  0.4138976732E+01 -0.9862732515E+00
  0.3318425779E-02  0.4138184894E+01 -0.9861359158E+00
  0.3351945231E-02  0.4137385156E+01 -0.9859972195E+00
  0.3385803264E-02  0.4136577441E+01 -0.9858571495E+00
  0.3420003297E-02  0.4135761670E+01 -0.9857156923E+00
  0.3454548785E-02  0.4134937766E+01 -0.9855728347E+00
  0.3489443217E-02  0.4134105648E+01 -0.9854285629E+00
  0.3524690118E-02  0.4133265237E+01 -0.9852828633E+00
  0.3560293049E-02  0.4132416452E+01 -0.9851357220E+00
  0.3596255605E-02  0.4131559211E+01 -0.9849871252E+00
  0.3632581419E-02  0.4130693432E+01 -0.9848370587E+00
  0.3669274160E-02  0.4129819031E+01 -0.9846855082E+00
  0.3706337536E-02  0.4128935926E+01 -0.9845324596E+00
  0.3743775289E-02  0.4128044031E+01 -0.9843778982E+00
  0.3781591201E-02  0.4127143145E+01 -0.9842218095E+00
  0.3819789092E-02  0.4126232445E+01 -0.9840641787E+00
  0.3858372820E-02  0.4125313433E+01 -0.9839049910E+00
  0.3897346283E-02  0.4124386047E+01 -0.9837442313E+00
  0.3936713417E-02  0.4123449458E+01 -0.9835818845E+00
  0.3976478199E-02  0.4122503577E+01 -0.9834179352E+00
  0.4016644645E-02  0.4121548315E+01 -0.9832523681E+00
  0.4057216813E-02  0.4120583581E+01 -0.9830851675E+00
  0.4098198801E-02  0.4119609285E+01 -0.9829163178E+00
  0.4139594749E-02  0.4118625336E+01 -0.9827458030E+00
  0.4181408837E-02  0.4117631639E+01 -0.9825736072E+00
  0.4223645290E-02  0.4116628102E+01 -0.9823997143E+00
  0.4266308374E-02  0.4115614630E+01 -0.9822241078E+00
  0.4309402398E-02  0.4114591129E+01 -0.9820467715E+00
  0.4352931715E-02  0.4113557502E+01 -0.9818676886E+00
  0.4396900722E-02  0.4112513653E+01 -0.9816868426E+00
  0.4441313861E-02  0.4111459485E+01 -0.9815042163E+00
  0.4486175617E-02  0.4110394898E+01 -0.9813197929E+00
  0.4531490522E-02  0.4109319793E+01 -0.9811335551E+00
  0.4577263154E-02  0.4108234070E+01 -0.9809454856E+00
  0.4623498135E-02  0.4107137629E+01 -0.9807555668E+00
  0.4670200136E-02  0.4106030367E+01 -0.9805637811E+00
  0.4717373875E-02  0.4104912182E+01 -0.9803701107E+00
  0.4765024116E-02  0.4103782969E+01 -0.9801745375E+00
  0.4813155673E-02  0.4102642625E+01 -0.9799770435E+00
  0.4861773407E-02  0.4101491044E+01 -0.9797776103E+00
  0.4910882230E-02  0.4100328120E+01 -0.9795762195E+00
  0.4960487101E-02  0.4099153745E+01 -0.9793728524E+00
  0.5010593031E-02  0.4097967811E+01 -0.9791674902E+00
  0.5061205082E-02  0.4096770210E+01 -0.9789601139E+00
  0.5112328365E-02  0.4095560830E+01 -0.9787507045E+00
  0.5163968046E-02  0.4094339562E+01 -0.9785392426E+00
  0.5216129339E-02  0.4093106294E+01 -0.9783257087E+00
  0.5268817514E-02  0.4091860912E+01 -0.9781100832E+00
  0.5322037893E-02  0.4090609437E+01 -0.9778923461E+00
  0.5375795852E-02  0.4089347776E+01 -0.9776724772E+00
  0.5430096820E-02  0.4088073973E+01 -0.9774504562E+00
  0.5484946283E-02  0.4086787920E+01 -0.9772262628E+00
  0.5540349781E-02  0.4085489509E+01 -0.9769998765E+00
  0.5596312910E-02  0.4084178632E+01 -0.9767712764E+00
  0.5652841323E-02  0.4082855968E+01 -0.9765404416E+00
  0.5709940730E-02  0.4081525021E+01 -0.9763073510E+00
  0.5767616899E-02  0.4080181473E+01 -0.9760719830E+00
  0.5825875656E-02  0.4078825216E+01 -0.9758343162E+00
  0.5884722885E-02  0.4077456143E+01 -0.9755943289E+00
  0.5944164530E-02  0.4076074148E+01 -0.9753519993E+00
  0.6004206596E-02  0.4074679121E+01 -0.9751073052E+00
  0.6064855147E-02  0.4073270954E+01 -0.9748602246E+00
  0.6126116310E-02  0.4071849538E+01 -0.9746107348E+00
  0.6187996273E-02  0.4070414762E+01 -0.9743588133E+00
  0.6250501286E-02  0.4068966515E+01 -0.9741044372E+00
  0.6313637663E-02  0.4067504687E+01 -0.9738475836E+00
  0.6377411780E-02  0.4066029165E+01 -0.9735882291E+00
  0.6441830081E-02  0.4064539837E+01 -0.9733263504E+00
  0.6506899072E-02  0.4063036588E+01 -0.9730619238E+00
  0.6572625325E-02  0.4061519306E+01 -0.9727949255E+00
  0.6639015480E-02  0.4059985479E+01 -0.9725253315E+00
  0.6706076242E-02  0.4058427059E+01 -0.9722531180E+00
  0.6773814386E-02  0.4056853775E+01 -0.9719782610E+00
  0.6842236754E-02  0.4055265494E+01 -0.9717007358E+00
  0.6911350256E-02  0.4053662085E+01 -0.9714205176E+00
  0.6981161875E-02  0.4052043415E+01 -0.9711375814E+00
  0.7051678662E-02  0.4050403999E+01 -0.9708519021E+00
  0.7122907739E-02  0.4048748495E+01 -0.9705634545E+00
  0.7194856302E-02  0.4047077097E+01 -0.9702722130E+00
  0.7267531618E-02  0.4045389658E+01 -0.9699781517E+00
  0.7340941029E-02  0.4043686034E+01 -0.9696812446E+00
  0.7415091948E-02  0.4041966077E+01 -0.9693814653E+00
  0.7489991867E-02  0.4040229640E+01 -0.9690787874E+00
  0.7565648350E-02  0.4038476571E+01 -0.9687731842E+00
  0.7642069041E-02  0.4036706721E+01 -0.9684646286E+00
  0.7719261657E-02  0.4034919935E+01 -0.9681530936E+00
  0.7797233997E-02  0.4033116060E+01 -0.9678385518E+00
  0.7875993937E-02  0.4031294940E+01 -0.9675209755E+00
  0.7955549431E-02  0.4029456418E+01 -0.9672003370E+00
  0.8035908516E-02  0.4027600334E+01 -0.9668766082E+00
  0.8117079309E-02  0.4025726529E+01 -0.9665497607E+00
  0.8199070009E-02  0.4023834840E+01 -0.9662197661E+00
  0.8281888898E-02  0.4021925104E+01 -0.9658865957E+00
  0.8365544342E-02  0.4019994116E+01 -0.9655502205E+00
  0.8450044790E-02  0.4018038878E+01 -0.9652106118E+00
  0.8535398777E-02  0.4016064762E+01 -0.9648677404E+00
  0.8621614927E-02  0.4014071589E+01 -0.9645215767E+00
  0.8708701946E-02  0.4012059176E+01 -0.9641720908E+00
  0.8796668632E-02  0.4010027340E+01 -0.9638192526E+00
  0.8885523871E-02  0.4007964614E+01 -0.9634630323E+00
  0.8975276638E-02  0.4005878487E+01 -0.9631034000E+00
  0.9065935997E-02  0.4003771850E+01 -0.9627403251E+00
  0.9157511109E-02  0.4001644496E+01 -0.9623737767E+00
  0.9250011221E-02  0.3999496217E+01 -0.9620037235E+00
  0.9343445678E-02  0.3997326803E+01 -0.9616301341E+00
  0.9437823917E-02  0.3995136038E+01 -0.9612529768E+00
  0.9533155471E-02  0.3992923708E+01 -0.9608722197E+00
  0.9629449971E-02  0.3990674861E+01 -0.9604878314E+00
  0.9726717143E-02  0.3988401391E+01 -0.9600997803E+00
  0.9824966811E-02  0.3986105134E+01 -0.9597080340E+00
  0.9924208900E-02  0.3983785851E+01 -0.9593125597E+00
  0.1002445343E-01  0.3981443300E+01 -0.9589133243E+00
  0.1012571054E-01  0.3979077238E+01 -0.9585102947E+00
  0.1022799044E-01  0.3976687417E+01 -0.9581034373E+00
  0.1033130348E-01  0.3974273585E+01 -0.9576927183E+00
  0.1043566008E-01  0.3971835491E+01 -0.9572781039E+00
  0.1054107079E-01  0.3969372876E+01 -0.9568595597E+00
  0.1064754625E-01  0.3966885480E+01 -0.9564370513E+00
  0.1075509722E-01  0.3964373041E+01 -0.9560105440E+00
  0.1086373457E-01  0.3961835291E+01 -0.9555800029E+00
  0.1097346926E-01  0.3959271961E+01 -0.9551453927E+00
  0.1108431238E-01  0.3956682778E+01 -0.9547066782E+00
  0.1119627514E-01  0.3954067464E+01 -0.9542638235E+00
  0.1130936882E-01  0.3951425740E+01 -0.9538167928E+00
  0.1142360487E-01  0.3948757321E+01 -0.9533655499E+00
  0.1153899482E-01  0.3946061922E+01 -0.9529100585E+00
  0.1165555032E-01  0.3943339251E+01 -0.9524502820E+00
  0.1177328316E-01  0.3940589015E+01 -0.9519861834E+00
  0.1189220521E-01  0.3937810916E+01 -0.9515177256E+00
  0.1201232849E-01  0.3935004653E+01 -0.9510448714E+00
  0.1213366514E-01  0.3932169921E+01 -0.9505675831E+00
  0.1225622742E-01  0.3929312431E+01 -0.9500858225E+00
  0.1238002770E-01  0.3926478217E+01 -0.9495995480E+00
  0.1250507848E-01  0.3923616408E+01 -0.9491087177E+00
  0.1263139240E-01  0.3920726524E+01 -0.9486132929E+00
  0.1275898223E-01  0.3917808260E+01 -0.9481132342E+00
  0.1288786083E-01  0.3914861310E+01 -0.9476085025E+00
  0.1301804125E-01  0.3911885363E+01 -0.9470990579E+00
  0.1314953661E-01  0.3908874550E+01 -0.9465848611E+00
  0.1328236022E-01  0.3905806927E+01 -0.9460658740E+00
  0.1341652547E-01  0.3902730023E+01 -0.9455420568E+00
  0.1355204593E-01  0.3899624904E+01 -0.9450133675E+00
  0.1368893528E-01  0.3896489122E+01 -0.9444797650E+00
  0.1382720736E-01  0.3893331725E+01 -0.9439412076E+00
  0.1396687612E-01  0.3890154221E+01 -0.9433976527E+00
  0.1410795567E-01  0.3886987335E+01 -0.9428490549E+00
  0.1425046028E-01  0.3883801725E+01 -0.9422953683E+00
  0.1439440432E-01  0.3880586023E+01 -0.9417365496E+00
  0.1453980234E-01  0.3877339929E+01 -0.9411725560E+00
  0.1468666903E-01  0.3874029713E+01 -0.9406033470E+00
  0.1483501923E-01  0.3870629445E+01 -0.9400288862E+00
  0.1498486790E-01  0.3867195444E+01 -0.9394491348E+00
  0.1513623021E-01  0.3863738576E+01 -0.9388640488E+00
  0.1528912142E-01  0.3860286364E+01 -0.9382735810E+00
  0.1544355699E-01  0.3856800918E+01 -0.9376776846E+00
  0.1559955252E-01  0.3853281930E+01 -0.9370763154E+00
  0.1575712375E-01  0.3849731751E+01 -0.9364694287E+00
  0.1591628662E-01  0.3846159753E+01 -0.9358569786E+00
  0.1607705719E-01  0.3842553882E+01 -0.9352389192E+00
  0.1623945171E-01  0.3838913849E+01 -0.9346152051E+00
  0.1640348657E-01  0.3835237552E+01 -0.9339857909E+00
  0.1656917836E-01  0.3831524208E+01 -0.9333506312E+00
  0.1673654380E-01  0.3827743396E+01 -0.9327096828E+00
  0.1690559979E-01  0.3823880389E+01 -0.9320629064E+00
  0.1707636343E-01  0.3819980509E+01 -0.9314102596E+00
  0.1724885195E-01  0.3816043513E+01 -0.9307516964E+00
  0.1742308278E-01  0.3812071327E+01 -0.9300871700E+00
  0.1759907351E-01  0.3808065310E+01 -0.9294166333E+00
  0.1777684193E-01  0.3804007297E+01 -0.9287400402E+00
  0.1795640599E-01  0.3799905542E+01 -0.9280573455E+00
  0.1813778383E-01  0.3795808922E+01 -0.9273684984E+00
  0.1832099377E-01  0.3791682078E+01 -0.9266734465E+00
  0.1850605431E-01  0.3787537296E+01 -0.9259721393E+00
  0.1869298415E-01  0.3783354694E+01 -0.9252645264E+00
  0.1888180217E-01  0.3779134121E+01 -0.9245505594E+00
  0.1907252745E-01  0.3774887623E+01 -0.9238301879E+00
  0.1926517924E-01  0.3770642657E+01 -0.9231033580E+00
  0.1945977701E-01  0.3766327174E+01 -0.9223700192E+00
  0.1965634041E-01  0.3761975062E+01 -0.9216301248E+00
  0.1985488931E-01  0.3757524443E+01 -0.9208836307E+00
  0.2005544374E-01  0.3752921990E+01 -0.9201305040E+00
  0.2025802398E-01  0.3748267990E+01 -0.9193707076E+00
  0.2046265049E-01  0.3743583634E+01 -0.9186041919E+00
  0.2066934393E-01  0.3738981203E+01 -0.9178308933E+00
  0.2087812518E-01  0.3734340884E+01 -0.9170507486E+00
  0.2108901533E-01  0.3729662820E+01 -0.9162637061E+00
  0.2130203569E-01  0.3724947184E+01 -0.9154697143E+00
  0.2151720777E-01  0.3720194174E+01 -0.9146687210E+00
  0.2173455330E-01  0.3715404018E+01 -0.9138606740E+00
  0.2195409424E-01  0.3710576975E+01 -0.9130455206E+00
  0.2217585277E-01  0.3705729233E+01 -0.9122232060E+00
  0.2239985128E-01  0.3700870346E+01 -0.9113936723E+00
  0.2262611241E-01  0.3696001997E+01 -0.9105568600E+00
  0.2285465900E-01  0.3691098811E+01 -0.9097127117E+00
  0.2308551414E-01  0.3686161590E+01 -0.9088611724E+00
  0.2331870115E-01  0.3681190759E+01 -0.9080021870E+00
  0.2355424359E-01  0.3676186772E+01 -0.9071356997E+00
  0.2379216524E-01  0.3671217361E+01 -0.9062616464E+00
  0.2403249014E-01  0.3666227535E+01 -0.9053799610E+00
  0.2427524257E-01  0.3661207021E+01 -0.9044905848E+00
  0.2452044704E-01  0.3656156342E+01 -0.9035934597E+00
  0.2476812832E-01  0.3651076044E+01 -0.9026885273E+00
  0.2501831143E-01  0.3645966690E+01 -0.9017757289E+00
  0.2527102165E-01  0.3640828868E+01 -0.9008550050E+00
  0.2552628449E-01  0.3635663175E+01 -0.8999262960E+00
  0.2578412575E-01  0.3630486463E+01 -0.8989895394E+00
  0.2604457147E-01  0.3625432555E+01 -0.8980446529E+00
  0.2630764795E-01  0.3620413275E+01 -0.8970915471E+00
  0.2657338176E-01  0.3615377390E+01 -0.8961301500E+00
  0.2684179976E-01  0.3610325665E+01 -0.8951603956E+00
  0.2711292905E-01  0.3605258854E+01 -0.8941822175E+00
  0.2738679702E-01  0.3600252826E+01 -0.8931955380E+00
  0.2766343134E-01  0.3595319845E+01 -0.8922002669E+00
  0.2794285993E-01  0.3590376434E+01 -0.8911963224E+00
  0.2822511105E-01  0.3585423185E+01 -0.8901836336E+00
  0.2851021318E-01  0.3580460647E+01 -0.8891621293E+00
  0.2879819513E-01  0.3575486951E+01 -0.8881317374E+00
  0.2908908599E-01  0.3570400342E+01 -0.8870924007E+00
  0.2938291514E-01  0.3565316410E+01 -0.8860440599E+00
  0.2967971226E-01  0.3560411064E+01 -0.8849866122E+00
  0.2997950734E-01  0.3555504736E+01 -0.8839199540E+00
  0.3028233064E-01  0.3550597873E+01 -0.8828440072E+00
  0.3058821277E-01  0.3545695402E+01 -0.8817586926E+00
  0.3089718462E-01  0.3540832981E+01 -0.8806639237E+00
  0.3120927739E-01  0.3535968802E+01 -0.8795596144E+00
  0.3152452262E-01  0.3531102788E+01 -0.8784456841E+00
  0.3184295214E-01  0.3526234745E+01 -0.8773220518E+00
  0.3216459812E-01  0.3521370893E+01 -0.8761886348E+00
  0.3248949305E-01  0.3516553373E+01 -0.8750453418E+00
  0.3281766975E-01  0.3511735337E+01 -0.8738920815E+00
  0.3314916136E-01  0.3506832019E+01 -0.8727287834E+00
  0.3348400137E-01  0.3501834792E+01 -0.8715553924E+00
  0.3382222361E-01  0.3496788506E+01 -0.8703718474E+00
  0.3416386223E-01  0.3491774910E+01 -0.8691780658E+00
  0.3450895175E-01  0.3486762785E+01 -0.8679739557E+00
  0.3485752702E-01  0.3481734175E+01 -0.8667594328E+00
  0.3520962325E-01  0.3476711858E+01 -0.8655344115E+00
  0.3556527601E-01  0.3471694362E+01 -0.8642988016E+00
  0.3592452122E-01  0.3466614291E+01 -0.8630525245E+00
  0.3628739518E-01  0.3461431950E+01 -0.8617955207E+00
  0.3665393452E-01  0.3456214118E+01 -0.8605277260E+00
  0.3702417628E-01  0.3450906873E+01 -0.8592490737E+00
  0.3739815786E-01  0.3445149683E+01 -0.8579595746E+00
  0.3777591703E-01  0.3439187173E+01 -0.8566592639E+00
  0.3815749195E-01  0.3433049884E+01 -0.8553481273E+00
  0.3854292116E-01  0.3426702894E+01 -0.8540261527E+00
  0.3893224360E-01  0.3420039534E+01 -0.8526933575E+00
  0.3932549859E-01  0.3413141663E+01 -0.8513497662E+00
  0.3972272585E-01  0.3406141678E+01 -0.8499953636E+00
  0.4012396550E-01  0.3398983879E+01 -0.8486301205E+00
  0.4052925808E-01  0.3391849538E+01 -0.8472539833E+00
  0.4093864453E-01  0.3384681879E+01 -0.8458668732E+00
  0.4135216619E-01  0.3377407841E+01 -0.8444687379E+00
  0.4176986484E-01  0.3370009620E+01 -0.8430595444E+00
  0.4219178266E-01  0.3362527768E+01 -0.8416392556E+00
  0.4261796229E-01  0.3354963194E+01 -0.8402078267E+00
  0.4304844675E-01  0.3347354548E+01 -0.8387652049E+00
  0.4348327955E-01  0.3339678769E+01 -0.8373113342E+00
  0.4392250460E-01  0.3331927931E+01 -0.8358461658E+00
  0.4436616626E-01  0.3324015804E+01 -0.8343696723E+00
  0.4481430935E-01  0.3316315132E+01 -0.8328817630E+00
  0.4526697914E-01  0.3308797782E+01 -0.8313822688E+00
  0.4572422136E-01  0.3301282151E+01 -0.8298710650E+00
  0.4618608218E-01  0.3293777720E+01 -0.8283480651E+00
  0.4665260826E-01  0.3286269462E+01 -0.8268131833E+00
  0.4712384673E-01  0.3278740679E+01 -0.8252663406E+00
  0.4759984518E-01  0.3271194369E+01 -0.8237074612E+00
  0.4808065170E-01  0.3263665839E+01 -0.8221364595E+00
  0.4856631485E-01  0.3256257443E+01 -0.8205532162E+00
  0.4905688368E-01  0.3248789160E+01 -0.8189576297E+00
  0.4955240776E-01  0.3241320845E+01 -0.8173496268E+00
  0.5005293713E-01  0.3233861600E+01 -0.8157291173E+00
  0.5055852235E-01  0.3226268422E+01 -0.8140960441E+00
  0.5106921450E-01  0.3218551252E+01 -0.8124503848E+00
  0.5158506515E-01  0.3210782209E+01 -0.8107920968E+00
  0.5210612641E-01  0.3203187340E+01 -0.8091210613E+00
  0.5263245092E-01  0.3195735354E+01 -0.8074371064E+00
  0.5316409184E-01  0.3188206233E+01 -0.8057401241E+00
  0.5370110287E-01  0.3180717555E+01 -0.8040300329E+00
  0.5424353825E-01  0.3173294942E+01 -0.8023067123E+00
  0.5479145278E-01  0.3165941213E+01 -0.8005700325E+00
  0.5534490180E-01  0.3158539959E+01 -0.7988198936E+00
  0.5590394121E-01  0.3150892190E+01 -0.7970562830E+00
  0.5646862749E-01  0.3143288262E+01 -0.7952791643E+00
  0.5703901766E-01  0.3135684472E+01 -0.7934884321E+00
  0.5761516936E-01  0.3127784223E+01 -0.7916840781E+00
  0.5819714076E-01  0.3119998167E+01 -0.7898660627E+00
  0.5878499067E-01  0.3111294679E+01 -0.7880345303E+00
  0.5937877846E-01  0.3102067720E+01 -0.7861898209E+00
  0.5997856410E-01  0.3092814532E+01 -0.7843320202E+00
  0.6058440818E-01  0.3083503136E+01 -0.7824610774E+00
  0.6119637190E-01  0.3074077427E+01 -0.7805769695E+00
  0.6181451707E-01  0.3064510303E+01 -0.7786797003E+00
  0.6243890613E-01  0.3054772413E+01 -0.7767692937E+00
  0.6306960215E-01  0.3044832499E+01 -0.7748457954E+00
  0.6370666884E-01  0.3034747768E+01 -0.7729092464E+00
  0.6435017054E-01  0.3023394866E+01 -0.7709600339E+00
  0.6500017227E-01  0.3011731423E+01 -0.7689986126E+00
  0.6565673966E-01  0.2999726101E+01 -0.7670251491E+00
  0.6631993905E-01  0.2987721329E+01 -0.7650397134E+00
  0.6698983743E-01  0.2975590850E+01 -0.7630423068E+00
  0.6766650245E-01  0.2962804478E+01 -0.7610331546E+00
  0.6835000248E-01  0.2949079856E+01 -0.7590127680E+00
  0.6904040654E-01  0.2934898817E+01 -0.7569816066E+00
  0.6973778439E-01  0.2920579305E+01 -0.7549398663E+00
  0.7044220645E-01  0.2905876288E+01 -0.7528877243E+00
  0.7115374389E-01  0.2889889190E+01 -0.7508257723E+00
  0.7187246858E-01  0.2873244233E+01 -0.7487547192E+00
  0.7259845311E-01  0.2856061663E+01 -0.7466750254E+00
  0.7333177082E-01  0.2838543527E+01 -0.7445870480E+00
  0.7407249577E-01  0.2821601415E+01 -0.7424907427E+00
  0.7482070280E-01  0.2804494656E+01 -0.7403860004E+00
  0.7557646748E-01  0.2787290690E+01 -0.7382729635E+00
  0.7633986614E-01  0.2770093505E+01 -0.7361517136E+00
  0.7711097590E-01  0.2752758529E+01 -0.7340223511E+00
  0.7788987464E-01  0.2734979954E+01 -0.7318851548E+00
  0.7867664105E-01  0.2717115475E+01 -0.7297403920E+00
  0.7947135460E-01  0.2699221813E+01 -0.7275881737E+00
  0.8027409556E-01  0.2680892154E+01 -0.7254287548E+00
  0.8108494501E-01  0.2662070129E+01 -0.7232625858E+00
  0.8190398485E-01  0.2643121930E+01 -0.7210900039E+00
  0.8273129783E-01  0.2624398733E+01 -0.7189110598E+00
  0.8356696751E-01  0.2606167466E+01 -0.7167255470E+00
  0.8441107829E-01  0.2588753368E+01 -0.7145330027E+00
  0.8526371544E-01  0.2571366009E+01 -0.7123331479E+00
  0.8612496510E-01  0.2554089339E+01 -0.7101259996E+00
  0.8699491424E-01  0.2537143169E+01 -0.7079114430E+00
  0.8787365075E-01  0.2520585169E+01 -0.7056892377E+00
  0.8876126338E-01  0.2504358863E+01 -0.7034591358E+00
  0.8965784180E-01  0.2488447354E+01 -0.7012209146E+00
  0.9056347656E-01  0.2472774821E+01 -0.6989743870E+00
  0.9147825915E-01  0.2457275613E+01 -0.6967194248E+00
  0.9240228197E-01  0.2441906735E+01 -0.6944559467E+00
  0.9333563836E-01  0.2426645763E+01 -0.6921838994E+00
  0.9427842258E-01  0.2411499374E+01 -0.6899032360E+00
  0.9523072988E-01  0.2396495052E+01 -0.6876138919E+00
  0.9619265645E-01  0.2381891191E+01 -0.6853156635E+00
  0.9716429944E-01  0.2366760000E+01 -0.6830086667E+00
  0.9814575701E-01  0.2351422954E+01 -0.6806933185E+00
  0.9913712829E-01  0.2336413317E+01 -0.6783696254E+00
  0.1001385134E+00  0.2320491766E+01 -0.6760379476E+00
  0.1011500136E+00  0.2303703055E+01 -0.6736992608E+00
  0.1021717309E+00  0.2287786094E+01 -0.6713536588E+00
  0.1032037686E+00  0.2271553780E+01 -0.6690009535E+00
  0.1042462309E+00  0.2254901166E+01 -0.6666416242E+00
  0.1052992231E+00  0.2237981631E+01 -0.6642761388E+00
  0.1063628516E+00  0.2220379505E+01 -0.6619051188E+00
  0.1074372239E+00  0.2202152813E+01 -0.6595293959E+00
  0.1085224483E+00  0.2183926808E+01 -0.6571494554E+00
  0.1096186347E+00  0.2165223392E+01 -0.6547657158E+00
  0.1107258936E+00  0.2146508316E+01 -0.6523786141E+00
  0.1118443370E+00  0.2127982240E+01 -0.6499882263E+00
  0.1129740778E+00  0.2109863386E+01 -0.6475943928E+00
  0.1141152301E+00  0.2092032085E+01 -0.6451968914E+00
  0.1152679092E+00  0.2076761088E+01 -0.6427942511E+00
  0.1164322315E+00  0.2062022757E+01 -0.6403848119E+00
  0.1176083146E+00  0.2047819558E+01 -0.6379680537E+00
  0.1187962774E+00  0.2033111505E+01 -0.6355440566E+00
  0.1199962398E+00  0.2018439567E+01 -0.6331132022E+00
  0.1212083230E+00  0.2003423845E+01 -0.6306757856E+00
  0.1224326495E+00  0.1990426096E+01 -0.6282308974E+00
  0.1236693429E+00  0.1978848378E+01 -0.6257765096E+00
  0.1249185282E+00  0.1967809761E+01 -0.6233114560E+00
  0.1261803315E+00  0.1955767926E+01 -0.6208360643E+00
  0.1274548803E+00  0.1943035004E+01 -0.6183514570E+00
  0.1287423034E+00  0.1929098412E+01 -0.6158589201E+00
  0.1300427307E+00  0.1914654410E+01 -0.6133596595E+00
  0.1313562936E+00  0.1900542163E+01 -0.6108539091E+00
  0.1326831249E+00  0.1885860503E+01 -0.6083419505E+00
  0.1340233585E+00  0.1871696154E+01 -0.6058239486E+00
  0.1353771298E+00  0.1858548005E+01 -0.6032989999E+00
  0.1367445755E+00  0.1845679272E+01 -0.6007663350E+00
  0.1381258338E+00  0.1834481435E+01 -0.5982247086E+00
  0.1395210443E+00  0.1823311310E+01 -0.5956730133E+00
  0.1409303478E+00  0.1812230176E+01 -0.5931112227E+00
  0.1423538866E+00  0.1804082550E+01 -0.5905372418E+00
  0.1437918047E+00  0.1798762179E+01 -0.5879469441E+00
  0.1452442472E+00  0.1793434336E+01 -0.5853382147E+00
  0.1467113608E+00  0.1787337104E+01 -0.5827115155E+00
  0.1481932937E+00  0.1782635588E+01 -0.5800662854E+00
  0.1496901957E+00  0.1777029206E+01 -0.5774020508E+00
  0.1512022178E+00  0.1771600606E+01 -0.5747192473E+00
  0.1527295130E+00  0.1766879138E+01 -0.5720170959E+00
  0.1542722353E+00  0.1759131400E+01 -0.5692972682E+00
  0.1558305407E+00  0.1750943742E+01 -0.5665623837E+00
  0.1574045866E+00  0.1743558295E+01 -0.5638121305E+00
  0.1589945319E+00  0.1737154648E+01 -0.5610450588E+00
  0.1606005373E+00  0.1730611311E+01 -0.5582604335E+00
  0.1622227649E+00  0.1722639718E+01 -0.5554594538E+00
  0.1638613787E+00  0.1714422322E+01 -0.5526434452E+00
  0.1655165442E+00  0.1708329013E+01 -0.5498108353E+00
  0.1671884284E+00  0.1699696053E+01 -0.5469619235E+00
  0.1688772004E+00  0.1689356717E+01 -0.5441002548E+00
  0.1705830308E+00  0.1681002992E+01 -0.5412256240E+00
  0.1723060917E+00  0.1671888392E+01 -0.5383370059E+00
  0.1740465572E+00  0.1659438579E+01 -0.5354379760E+00
  0.1758046033E+00  0.1646563136E+01 -0.5325319244E+00
  0.1775804074E+00  0.1633852244E+01 -0.5296192369E+00
  0.1793741488E+00  0.1622438518E+01 -0.5266987649E+00
  0.1811860089E+00  0.1609988199E+01 -0.5237704125E+00
  0.1830161706E+00  0.1600986938E+01 -0.5208321106E+00
  0.1848648188E+00  0.1593628527E+01 -0.5178792505E+00
  0.1867321402E+00  0.1579956097E+01 -0.5149161993E+00
  0.1886183235E+00  0.1565574855E+01 -0.5119496754E+00
  0.1905235591E+00  0.1550823876E+01 -0.5089809385E+00
  0.1924480394E+00  0.1536256945E+01 -0.5060104253E+00
  0.1943919590E+00  0.1522980994E+01 -0.5030369690E+00
  0.1963555142E+00  0.1510108463E+01 -0.5000591498E+00
  0.1983389032E+00  0.1493693180E+01 -0.4970802962E+00
  0.2003423265E+00  0.1473862876E+01 -0.4941076608E+00
  0.2023659863E+00  0.1453293374E+01 -0.4911458764E+00
  0.2044100872E+00  0.1431005842E+01 -0.4881979772E+00
  0.2064748356E+00  0.1407512100E+01 -0.4852675646E+00
  0.2085604400E+00  0.1384332786E+01 -0.4823562226E+00
  0.2106671111E+00  0.1360873755E+01 -0.4794645989E+00
  0.2127950617E+00  0.1338088407E+01 -0.4765929698E+00
  0.2149445068E+00  0.1313065672E+01 -0.4737437148E+00
  0.2171156634E+00  0.1285145066E+01 -0.4709231535E+00
  0.2193087509E+00  0.1256960697E+01 -0.4681356233E+00
  0.2215239908E+00  0.1227202023E+01 -0.4653841151E+00
  0.2237616069E+00  0.1198917305E+01 -0.4626697533E+00
  0.2260218251E+00  0.1172032494E+01 -0.4599903213E+00
  0.2283048739E+00  0.1147616867E+01 -0.4573423851E+00
  0.2306109837E+00  0.1126383457E+01 -0.4547203378E+00
  0.2329403876E+00  0.1110156461E+01 -0.4521154354E+00
  0.2352933208E+00  0.1098061280E+01 -0.4495175410E+00
  0.2376700210E+00  0.1089725009E+01 -0.4469176849E+00
  0.2400707283E+00  0.1088759507E+01 -0.4443027331E+00
  0.2424956851E+00  0.1089501560E+01 -0.4416616386E+00
  0.2449451365E+00  0.1087815648E+01 -0.4389950223E+00
  0.2474193298E+00  0.1082145082E+01 -0.4363105711E+00
  0.2499185149E+00  0.1075777628E+01 -0.4336140469E+00
  0.2524429444E+00  0.1072841907E+01 -0.4309020277E+00
  0.2549928731E+00  0.1070284385E+01 -0.4281696181E+00
  0.2575685587E+00  0.1070729334E+01 -0.4254123290E+00
  0.2601702613E+00  0.1077561973E+01 -0.4226177214E+00
  0.2627982438E+00  0.1090668558E+01 -0.4197686855E+00
  0.2654527715E+00  0.1110980974E+01 -0.4168465157E+00
  0.2681341126E+00  0.1136054700E+01 -0.4138339811E+00
  0.2708425380E+00  0.1162460485E+01 -0.4107213027E+00
  0.2735783212E+00  0.1190754786E+01 -0.4075023593E+00
  0.2763417386E+00  0.1217130726E+01 -0.4041753629E+00
  0.2791330693E+00  0.1239508318E+01 -0.4007467169E+00
  0.2819525952E+00  0.1262405634E+01 -0.3972196113E+00
  0.2848006012E+00  0.1285669927E+01 -0.3935911440E+00
  0.2876773750E+00  0.1310281485E+01 -0.3898571616E+00
  0.2905832071E+00  0.1338334786E+01 -0.3860089445E+00
  0.2935183910E+00  0.1355912614E+01 -0.3820548887E+00
  0.2964832232E+00  0.1369284471E+01 -0.3780150126E+00
  0.2994780032E+00  0.1383110712E+01 -0.3738936036E+00
  0.3025030336E+00  0.1400321374E+01 -0.3696836203E+00
  0.3055586198E+00  0.1417889158E+01 -0.3653779777E+00
  0.3086450705E+00  0.1428496385E+01 -0.3609853634E+00
  0.3117626974E+00  0.1431152790E+01 -0.3565277037E+00
  0.3149118156E+00  0.1430129907E+01 -0.3520224450E+00
  0.3180927430E+00  0.1428607630E+01 -0.3474757267E+00
  0.3213058010E+00  0.1435632689E+01 -0.3428742416E+00
  0.3245513142E+00  0.1443581078E+01 -0.3382019785E+00
  0.3278296103E+00  0.1451436005E+01 -0.3334566169E+00
  0.3311410205E+00  0.1455473961E+01 -0.3286436312E+00
  0.3344858793E+00  0.1457018585E+01 -0.3237726931E+00
  0.3378645245E+00  0.1456227958E+01 -0.3188512798E+00
  0.3412772975E+00  0.1446708730E+01 -0.3138977478E+00
  0.3447245429E+00  0.1434388519E+01 -0.3089318232E+00
  0.3482066090E+00  0.1426140400E+01 -0.3039515478E+00
  0.3517238475E+00  0.1419865107E+01 -0.2989465078E+00
  0.3552766136E+00  0.1417427919E+01 -0.2939063885E+00
  0.3588652663E+00  0.1417498898E+01 -0.2888196046E+00
  0.3624901680E+00  0.1420790073E+01 -0.2836753454E+00
  0.3661516848E+00  0.1424580692E+01 -0.2784661589E+00
  0.3698501867E+00  0.1429407673E+01 -0.2731884183E+00
  0.3735860472E+00  0.1436044906E+01 -0.2678359528E+00
  0.3773596436E+00  0.1434140684E+01 -0.2624204917E+00
  0.3811713572E+00  0.1424611518E+01 -0.2569721194E+00
  0.3850215729E+00  0.1412668280E+01 -0.2515100498E+00
  0.3889106797E+00  0.1395305531E+01 -0.2460497948E+00
  0.3928390704E+00  0.1371755121E+01 -0.2406147471E+00
  0.3968071418E+00  0.1351541367E+01 -0.2352116296E+00
  0.4008152948E+00  0.1339484773E+01 -0.2298186074E+00
  0.4048639341E+00  0.1336278475E+01 -0.2244020072E+00
  0.4089534688E+00  0.1342115445E+01 -0.2189253148E+00
  0.4130843119E+00  0.1364741610E+01 -0.2133345139E+00
  0.4172568807E+00  0.1373265864E+01 -0.2076222516E+00
  0.4214715967E+00  0.1374496088E+01 -0.2018317335E+00
  0.4257288855E+00  0.1363274893E+01 -0.1960039926E+00
  0.4300291773E+00  0.1345459020E+01 -0.1901798195E+00
  0.4343729064E+00  0.1320761221E+01 -0.1843891503E+00
  0.4387605115E+00  0.1296586766E+01 -0.1786472056E+00
  0.4431924359E+00  0.1277794607E+01 -0.1729424739E+00
  0.4476691271E+00  0.1266211694E+01 -0.1672481085E+00
  0.4521910375E+00  0.1251412330E+01 -0.1615558734E+00
  0.4567586237E+00  0.1232071245E+01 -0.1558841107E+00
  0.4613723472E+00  0.1209775932E+01 -0.1502511069E+00
  0.4660326740E+00  0.1184359100E+01 -0.1446723811E+00
  0.4707400747E+00  0.1154934712E+01 -0.1391663844E+00
  0.4754950250E+00  0.1129238634E+01 -0.1337358191E+00
  0.4802980050E+00  0.1093131560E+01 -0.1283988192E+00
  0.4851495000E+00  0.1052367043E+01 -0.1231943813E+00
  0.4900500000E+00  0.1026225845E+01 -0.1181013091E+00
  0.4950000000E+00  0.1005146646E+01 -0.1130736622E+00
  0.5000000000E+00  0.9776647837E+00 -0.1081231821E+00
  0.5050000000E+00  0.9575896584E+00 -0.1032850460E+00
  0.5099500000E+00  0.9479646795E+00 -0.9856879905E-01
  0.5148505000E+00  0.9519065209E+00 -0.9391363964E-01
  0.5197019950E+00  0.9612105306E+00 -0.8927290074E-01
  0.5245049750E+00  0.9688849225E+00 -0.8463779576E-01
  0.5292599253E+00  0.9703247557E+00 -0.8002737299E-01
  0.5339673260E+00  0.9679538344E+00 -0.7546524595E-01
  0.5386276528E+00  0.9664747845E+00 -0.7095771124E-01
  0.5432413763E+00  0.9668256792E+00 -0.6649785437E-01
  0.5478089625E+00  0.9648952979E+00 -0.6208620330E-01
  0.5523308729E+00  0.9609405488E+00 -0.5773197475E-01
  0.5568075641E+00  0.9436398315E+00 -0.5346886557E-01
  0.5612394885E+00  0.9188577276E+00 -0.4934164142E-01
  0.5656270936E+00  0.8947654889E+00 -0.4536291017E-01
  0.5699708227E+00  0.8859374795E+00 -0.4149546455E-01
  0.5742711145E+00  0.8829965063E+00 -0.3769199842E-01
  0.5785284033E+00  0.8748545619E+00 -0.3395015853E-01
  0.5827431193E+00  0.8665684722E+00 -0.3028035680E-01
  0.5869156881E+00  0.8593926995E+00 -0.2667951093E-01
  0.5910465312E+00  0.8556716316E+00 -0.2313718008E-01
  0.5951360659E+00  0.8569573540E+00 -0.1963525226E-01
  0.5991847052E+00  0.8695755642E+00 -0.1614019771E-01
  0.6031928582E+00  0.8865917310E+00 -0.1262070415E-01
  0.6071609296E+00  0.9068226386E+00 -0.9062506001E-02
  0.6110893203E+00  0.9333881508E+00 -0.5447972522E-02
  0.6149784271E+00  0.9510222170E+00 -0.1783635937E-02
  0.6188286428E+00  0.9637698324E+00  0.1902545296E-02
  0.6226403564E+00  0.9832236680E+00  0.5613236071E-02
  0.6264139528E+00  0.1006516685E+01  0.9367474623E-02
  0.6301498133E+00  0.1028071670E+01  0.1316794373E-01
  0.6338483152E+00  0.1047951545E+01  0.1700703160E-01
  0.6375098320E+00  0.1066631810E+01  0.2087832289E-01
  0.6411347337E+00  0.1087473970E+01  0.2478253372E-01
  0.6447233864E+00  0.1105330894E+01  0.2871714123E-01
  0.6482761525E+00  0.1121652996E+01  0.3267311770E-01
  0.6517933910E+00  0.1141396260E+01  0.3665295966E-01
  0.6552754571E+00  0.1165793625E+01  0.4066985349E-01
  0.6587227025E+00  0.1204257302E+01  0.4475492710E-01
  0.6621354755E+00  0.1248695087E+01  0.4894061191E-01
  0.6655141207E+00  0.1289387269E+01  0.5322825185E-01
  0.6688589795E+00  0.1328687757E+01  0.5760679749E-01
  0.6721703897E+00  0.1367044477E+01  0.6207013510E-01
  0.6754486858E+00  0.1406408046E+01  0.6661623440E-01
  0.6786941990E+00  0.1443951815E+01  0.7124167459E-01
  0.6819072570E+00  0.1475233956E+01  0.7593143121E-01
  0.6850881844E+00  0.1500235989E+01  0.8066380819E-01
  0.6882373026E+00  0.1517449926E+01  0.8541533294E-01
  0.6913549295E+00  0.1529230273E+01  0.9016453913E-01
  0.6944413802E+00  0.1540427190E+01  0.9490171235E-01
  0.6974969664E+00  0.1552787256E+01  0.9962750403E-01
  0.7005219968E+00  0.1561636337E+01  0.1043381170E+00
  0.7035167768E+00  0.1580525256E+01  0.1090431584E+00
  0.7064816090E+00  0.1609410133E+01  0.1137719700E+00
  0.7094167929E+00  0.1638174203E+01  0.1185380986E+00
  0.7123226250E+00  0.1665688740E+01  0.1233383341E+00
  0.7151993988E+00  0.1693804068E+01  0.1281705844E+00
  0.7180474048E+00  0.1722170798E+01  0.1330349429E+00
  0.7208669307E+00  0.1749019397E+01  0.1379284983E+00
  0.7236582614E+00  0.1774711578E+01  0.1428464475E+00
  0.7264216788E+00  0.1799034340E+01  0.1477843233E+00
  0.7291574620E+00  0.1823723043E+01  0.1527398628E+00
  0.7318658874E+00  0.1851253376E+01  0.1577165625E+00
  0.7345472285E+00  0.1879816523E+01  0.1627186980E+00
  0.7372017562E+00  0.1912020674E+01  0.1677514665E+00
  0.7398297387E+00  0.1949906046E+01  0.1728260043E+00
  0.7424314413E+00  0.1988924003E+01  0.1779498365E+00
  0.7450071269E+00  0.2031071898E+01  0.1831269593E+00
  0.7475570556E+00  0.2075832812E+01  0.1883631164E+00
  0.7500814851E+00  0.2113671736E+01  0.1936511708E+00
  0.7525806702E+00  0.2151697553E+01  0.1989811446E+00
  0.7550548635E+00  0.2188313917E+01  0.2043501582E+00
  0.7575043149E+00  0.2222777935E+01  0.2097525357E+00
  0.7599292717E+00  0.2254671262E+01  0.2151813462E+00
  0.7623299790E+00  0.2283110653E+01  0.2206282893E+00
  0.7647066792E+00  0.2304278815E+01  0.2260797140E+00
  0.7670596124E+00  0.2317641859E+01  0.2315172494E+00
  0.7693890163E+00  0.2328727887E+01  0.2369288852E+00
  0.7716951261E+00  0.2339407445E+01  0.2423115016E+00
  0.7739781749E+00  0.2351441787E+01  0.2476662203E+00
  0.7762383931E+00  0.2363530976E+01  0.2529946541E+00
  0.7784760092E+00  0.2375402277E+01  0.2582966107E+00
  0.7806912491E+00  0.2388559888E+01  0.2635732702E+00
  0.7828843366E+00  0.2404812898E+01  0.2688294132E+00
  0.7850554932E+00  0.2423254847E+01  0.2740706589E+00
  0.7872049383E+00  0.2443989637E+01  0.2793015962E+00
  0.7893328889E+00  0.2466146806E+01  0.2845258601E+00
  0.7914395600E+00  0.2489416988E+01  0.2897457317E+00
  0.7935251644E+00  0.2509114186E+01  0.2949582110E+00
  0.7955899128E+00  0.2529307797E+01  0.3001597477E+00
  0.7976340137E+00  0.2550568802E+01  0.3053516378E+00
  0.7996576735E+00  0.2572660991E+01  0.3105354751E+00
  0.8016610968E+00  0.2595376770E+01  0.3157123586E+00
  0.8036444858E+00  0.2619356891E+01  0.3208837814E+00
  0.8056080410E+00  0.2642091383E+01  0.3260493533E+00
  0.8075519606E+00  0.2663649618E+01  0.3312063202E+00
  0.8094764409E+00  0.2683942181E+01  0.3363519880E+00
  0.8113816765E+00  0.2702720214E+01  0.3414834185E+00
  0.8132678598E+00  0.2721637099E+01  0.3465990844E+00
  0.8151351812E+00  0.2740043368E+01  0.3516984408E+00
  0.8169838294E+00  0.2763202163E+01  0.3567852232E+00
  0.8188139911E+00  0.2784947661E+01  0.3618622289E+00
  0.8206258512E+00  0.2807335277E+01  0.3669284460E+00
  0.8224195926E+00  0.2831378145E+01  0.3719856431E+00
  0.8241953967E+00  0.2856739908E+01  0.3770361347E+00
  0.8259534428E+00  0.2882949660E+01  0.3820814540E+00
  0.8276939083E+00  0.2909935641E+01  0.3871226127E+00
  0.8294169692E+00  0.2936974570E+01  0.3921599039E+00
  0.8311227996E+00  0.2963515097E+01  0.3971925210E+00
  0.8328115716E+00  0.2987784868E+01  0.4022177154E+00
  0.8344834558E+00  0.3010886913E+01  0.4072322579E+00
  0.8361386213E+00  0.3032015955E+01  0.4122332599E+00
  0.8377772351E+00  0.3050171746E+01  0.4172164382E+00
  0.8393994627E+00  0.3067193598E+01  0.4221783178E+00
  0.8410054681E+00  0.3082066588E+01  0.4271161903E+00
  0.8425954134E+00  0.3096400201E+01  0.4320279024E+00
  0.8441694593E+00  0.3107804610E+01  0.4369107539E+00
  0.8457277647E+00  0.3118176267E+01  0.4417617437E+00
  0.8472704870E+00  0.3126364842E+01  0.4465785403E+00
  0.8487977822E+00  0.3133544630E+01  0.4513589049E+00
  0.8503098043E+00  0.3139022772E+01  0.4561010355E+00
  0.8518067063E+00  0.3143877071E+01  0.4608034780E+00
  0.8532886392E+00  0.3149481858E+01  0.4654666459E+00
  0.8547557528E+00  0.3155152701E+01  0.4700914535E+00
  0.8562081953E+00  0.3160186970E+01  0.4746777873E+00
  0.8576461134E+00  0.3164132537E+01  0.4792247139E+00
  0.8590696522E+00  0.3168306914E+01  0.4837319507E+00
  0.8604789557E+00  0.3171318493E+01  0.4881991788E+00
  0.8618741662E+00  0.3173579633E+01  0.4926254128E+00
  0.8632554245E+00  0.3175961954E+01  0.4970105915E+00
  0.8646228702E+00  0.3177215063E+01  0.5013544039E+00
  0.8659766415E+00  0.3177232420E+01  0.5056556382E+00
  0.8673168751E+00  0.3176251149E+01  0.5099132143E+00
  0.8686437064E+00  0.3174744393E+01  0.5141265639E+00
  0.8699572693E+00  0.3172869669E+01  0.5182955592E+00
  0.8712576966E+00  0.3171907281E+01  0.5224210198E+00
  0.8725451197E+00  0.3172706414E+01  0.5265051207E+00
  0.8738196685E+00  0.3176530347E+01  0.5305513268E+00
  0.8750814718E+00  0.3182544183E+01  0.5345632775E+00
  0.8763306571E+00  0.3188721605E+01  0.5385427232E+00
  0.8775673505E+00  0.3196074660E+01  0.5424907410E+00
  0.8787916770E+00  0.3207183667E+01  0.5464105804E+00
  0.8800037602E+00  0.3219854167E+01  0.5503056328E+00
  0.8812037226E+00  0.3232204242E+01  0.5541767465E+00
  0.8823916854E+00  0.3244420308E+01  0.5580237409E+00
  0.8835677685E+00  0.3256944485E+01  0.5618468137E+00
  0.8847320908E+00  0.3269826900E+01  0.5656464465E+00
  0.8858847699E+00  0.3282745929E+01  0.5694229534E+00
  0.8870259222E+00  0.3296204798E+01  0.5731767457E+00
  0.8881556630E+00  0.3309391888E+01  0.5769080517E+00
  0.8892741064E+00  0.3322161828E+01  0.5806165604E+00
  0.8903813653E+00  0.3334399394E+01  0.5843018288E+00
  0.8914775517E+00  0.3346022741E+01  0.5879633226E+00
  0.8925627761E+00  0.3356984162E+01  0.5916004562E+00
  0.8936371484E+00  0.3367222563E+01  0.5952126067E+00
  0.8947007769E+00  0.3376021712E+01  0.5987987601E+00
  0.8957537691E+00  0.3384474520E+01  0.6023581351E+00
  0.8967962314E+00  0.3392835295E+01  0.6058906802E+00
  0.8978282691E+00  0.3401564988E+01  0.6093967187E+00
  0.8988499864E+00  0.3409566949E+01  0.6128762444E+00
  0.8998614866E+00  0.3417183745E+01  0.6163288741E+00
  0.9008628717E+00  0.3424526006E+01  0.6197544673E+00
  0.9018542430E+00  0.3432806048E+01  0.6231535483E+00
  0.9028357006E+00  0.3440364487E+01  0.6265264109E+00
  0.9038073436E+00  0.3448742717E+01  0.6298732873E+00
  0.9047692701E+00  0.3458126486E+01  0.6331952378E+00
  0.9057215774E+00  0.3467405662E+01  0.6364928552E+00
  0.9066643616E+00  0.3475793074E+01  0.6397658243E+00
  0.9075977180E+00  0.3484066435E+01  0.6430138390E+00
  0.9085217408E+00  0.3492898742E+01  0.6462372765E+00
  0.9094365234E+00  0.3502094249E+01  0.6494367254E+00
  0.9103421582E+00  0.3511424335E+01  0.6526125685E+00
  0.9112387366E+00  0.3520063461E+01  0.6557647086E+00
  0.9121263493E+00  0.3528218227E+01  0.6588927806E+00
  0.9130050858E+00  0.3536081667E+01  0.6619966097E+00
  0.9138750349E+00  0.3544192884E+01  0.6650763491E+00
  0.9147362846E+00  0.3551905650E+01  0.6681321053E+00
  0.9155889217E+00  0.3559293568E+01  0.6711637416E+00
  0.9164330325E+00  0.3566558162E+01  0.6741712457E+00
  0.9172687022E+00  0.3572930370E+01  0.6771543728E+00
  0.9180960151E+00  0.3577873426E+01  0.6801123492E+00
  0.9189150550E+00  0.3582314827E+01  0.6830445889E+00
  0.9197259044E+00  0.3586222927E+01  0.6859508914E+00
  0.9205286454E+00  0.3589515246E+01  0.6888310208E+00
  0.9213233589E+00  0.3592502136E+01  0.6916848441E+00
  0.9221101254E+00  0.3595826156E+01  0.6945126117E+00
  0.9228890241E+00  0.3599286372E+01  0.6973147438E+00
  0.9236601339E+00  0.3602766131E+01  0.7000915302E+00
  0.9244235325E+00  0.3606313729E+01  0.7028432312E+00
  0.9251792972E+00  0.3610133222E+01  0.7055701990E+00
  0.9259275042E+00  0.3613586660E+01  0.7082726180E+00
  0.9266682292E+00  0.3617274022E+01  0.7109506575E+00
  0.9274015469E+00  0.3621253341E+01  0.7136047277E+00
  0.9281275314E+00  0.3625924217E+01  0.7162353971E+00
  0.9288462561E+00  0.3631209242E+01  0.7188433375E+00
  0.9295577935E+00  0.3637104758E+01  0.7214291763E+00
  0.9302622156E+00  0.3643411060E+01  0.7239934543E+00
  0.9309595935E+00  0.3650001377E+01  0.7265365864E+00
  0.9316499975E+00  0.3656813802E+01  0.7290589139E+00
  0.9323334975E+00  0.3663739390E+01  0.7315607130E+00
  0.9330101626E+00  0.3670382320E+01  0.7340420848E+00
  0.9336800609E+00  0.3677245866E+01  0.7365031669E+00
  0.9343432603E+00  0.3684212436E+01  0.7389442243E+00
  0.9349998277E+00  0.3690808411E+01  0.7413653234E+00
  0.9356498295E+00  0.3697231194E+01  0.7437664426E+00
  0.9362933312E+00  0.3703393928E+01  0.7461476001E+00
  0.9369303978E+00  0.3709309632E+01  0.7485087933E+00
  0.9375610939E+00  0.3714981024E+01  0.7508500286E+00
  0.9381854829E+00  0.3720837336E+01  0.7531714504E+00
  0.9388036281E+00  0.3726679902E+01  0.7554732738E+00
  0.9394155918E+00  0.3732459301E+01  0.7577556351E+00
  0.9400214359E+00  0.3738160019E+01  0.7600186504E+00
  0.9406212215E+00  0.3743778091E+01  0.7622624299E+00
  0.9412150093E+00  0.3749515121E+01  0.7644871429E+00
  0.9418028592E+00  0.3755058845E+01  0.7666929244E+00
  0.9423848306E+00  0.3760462034E+01  0.7688798336E+00
  0.9429609823E+00  0.3765767821E+01  0.7710479586E+00
  0.9435313725E+00  0.3771183169E+01  0.7731974600E+00
  0.9440960588E+00  0.3776510394E+01  0.7753284995E+00
  0.9446550982E+00  0.3781640779E+01  0.7774411517E+00
  0.9452085472E+00  0.3786880458E+01  0.7795355470E+00
  0.9457564617E+00  0.3791956884E+01  0.7816118245E+00
  0.9462988971E+00  0.3796873162E+01  0.7836700495E+00
  0.9468359082E+00  0.3801799576E+01  0.7857103350E+00
  0.9473675491E+00  0.3806565057E+01  0.7877327940E+00
  0.9478938736E+00  0.3811257725E+01  0.7897375174E+00
  0.9484149348E+00  0.3815733901E+01  0.7917245824E+00
  0.9489307855E+00  0.3819945214E+01  0.7936940174E+00
  0.9494414776E+00  0.3823994061E+01  0.7956458673E+00
  0.9499470629E+00  0.3827949047E+01  0.7975802220E+00
  0.9504475922E+00  0.3831817628E+01  0.7994971911E+00
  0.9509431163E+00  0.3835652528E+01  0.8013968991E+00
  0.9514336852E+00  0.3839588142E+01  0.8032795160E+00
  0.9519193483E+00  0.3843601668E+01  0.8051452371E+00
  0.9524001548E+00  0.3847721549E+01  0.8069942563E+00
  0.9528761533E+00  0.3852208510E+01  0.8088268337E+00
  0.9533473917E+00  0.3856633231E+01  0.8106431851E+00
  0.9538139178E+00  0.3861231966E+01  0.8124434778E+00
  0.9542757786E+00  0.3865985742E+01  0.8142279273E+00
  0.9547330209E+00  0.3870858615E+01  0.8159967333E+00
  0.9551856906E+00  0.3875663348E+01  0.8177500415E+00
  0.9556338337E+00  0.3880403283E+01  0.8194879553E+00
  0.9560774954E+00  0.3884996217E+01  0.8212105604E+00
  0.9565167205E+00  0.3888877316E+01  0.8229178003E+00
  0.9569515532E+00  0.3892717359E+01  0.8246096466E+00
  0.9573820377E+00  0.3896444831E+01  0.8262862033E+00
  0.9578082173E+00  0.3899957860E+01  0.8279475373E+00
  0.9582301352E+00  0.3903410560E+01  0.8295937274E+00
  0.9586478338E+00  0.3906793742E+01  0.8312248833E+00
  0.9590613555E+00  0.3910089032E+01  0.8328411085E+00
  0.9594707419E+00  0.3913625928E+01  0.8344425699E+00
  0.9598760345E+00  0.3917107792E+01  0.8360294390E+00
  0.9602772742E+00  0.3920539710E+01  0.8376018265E+00
  0.9606745014E+00  0.3923692883E+01  0.8391597980E+00
  0.9610677564E+00  0.3926692836E+01  0.8407033997E+00
  0.9614570788E+00  0.3929571219E+01  0.8422327096E+00
  0.9618425080E+00  0.3932369644E+01  0.8437478205E+00
  0.9622240830E+00  0.3935154846E+01  0.8452488455E+00
  0.9626018421E+00  0.3938181941E+01  0.8467359581E+00
  0.9629758237E+00  0.3941184447E+01  0.8482093270E+00
  0.9633460655E+00  0.3944163993E+01  0.8496690696E+00
  0.9637126048E+00  0.3947122074E+01  0.8511153031E+00
  0.9640754788E+00  0.3950060063E+01  0.8525481439E+00
  0.9644347240E+00  0.3952997049E+01  0.8539677116E+00
  0.9647903767E+00  0.3955959633E+01  0.8553741328E+00
  0.9651424730E+00  0.3958826584E+01  0.8567675160E+00
  0.9654910483E+00  0.3961672020E+01  0.8581479609E+00
  0.9658361378E+00  0.3964496902E+01  0.8595155798E+00
  0.9661777764E+00  0.3967302137E+01  0.8608704843E+00
  0.9665159986E+00  0.3970088580E+01  0.8622127853E+00
  0.9668508386E+00  0.3973028869E+01  0.8635426221E+00
  0.9671823303E+00  0.3976153828E+01  0.8648601658E+00
  0.9675105070E+00  0.3979034069E+01  0.8661655194E+00
  0.9678354019E+00  0.3981890761E+01  0.8674587515E+00
  0.9681570479E+00  0.3984725058E+01  0.8687399665E+00
  0.9684754774E+00  0.3987538041E+01  0.8700092684E+00
  0.9687907226E+00  0.3990330305E+01  0.8712667609E+00
  0.9691028154E+00  0.3993050359E+01  0.8725125386E+00
  0.9694117872E+00  0.3995752106E+01  0.8737466961E+00
  0.9697176694E+00  0.3998436450E+01  0.8749693358E+00
  0.9700204927E+00  0.4001104221E+01  0.8761805595E+00
  0.9703202877E+00  0.4003756174E+01  0.8773804684E+00
  0.9706170849E+00  0.4006392992E+01  0.8785691630E+00
  0.9709109140E+00  0.4009015289E+01  0.8797467433E+00
  0.9712018049E+00  0.4011581039E+01  0.8809133024E+00
  0.9714897868E+00  0.4013996803E+01  0.8820689131E+00
  0.9717748890E+00  0.4016246222E+01  0.8832136328E+00
  0.9720571401E+00  0.4018396259E+01  0.8843475262E+00
  0.9723365687E+00  0.4020561178E+01  0.8854706835E+00
  0.9726132030E+00  0.4022724183E+01  0.8865832079E+00
  0.9728870709E+00  0.4024872459E+01  0.8876851974E+00
  0.9731582002E+00  0.4027018003E+01  0.8887767490E+00
  0.9734266182E+00  0.4029091324E+01  0.8898579514E+00
  0.9736923521E+00  0.4031142567E+01  0.8909288898E+00
  0.9739554285E+00  0.4033394228E+01  0.8919896847E+00
  0.9742158742E+00  0.4035624310E+01  0.8930404554E+00
  0.9744737155E+00  0.4037733873E+01  0.8940812778E+00
  0.9747289784E+00  0.4039793304E+01  0.8951122241E+00
  0.9749816886E+00  0.4041899736E+01  0.8961333873E+00
  0.9752318717E+00  0.4044056213E+01  0.8971448721E+00
  0.9754795530E+00  0.4046215276E+01  0.8981467765E+00
  0.9757247574E+00  0.4048370065E+01  0.8991391908E+00
  0.9759675099E+00  0.4050539371E+01  0.9001222057E+00
  0.9762078348E+00  0.4052740898E+01  0.9010959157E+00
  0.9764457564E+00  0.4054933725E+01  0.9020604114E+00
  0.9766812989E+00  0.4057117560E+01  0.9030157776E+00
  0.9769144859E+00  0.4059292085E+01  0.9039620982E+00
  0.9771453410E+00  0.4061479630E+01  0.9048994592E+00
  0.9773738876E+00  0.4063711932E+01  0.9058279516E+00
  0.9776001487E+00  0.4065926311E+01  0.9067476621E+00
  0.9778241472E+00  0.4068086467E+01  0.9076586655E+00
  0.9780459058E+00  0.4070233597E+01  0.9085610365E+00
  0.9782654467E+00  0.4072367319E+01  0.9094548536E+00
  0.9784827922E+00  0.4074487242E+01  0.9103401948E+00
  0.9786979643E+00  0.4076592970E+01  0.9112171373E+00
  0.9789109847E+00  0.4078684102E+01  0.9120857573E+00
  0.9791218748E+00  0.4080760240E+01  0.9129461305E+00
  0.9793306561E+00  0.4082820982E+01  0.9137983319E+00
  0.9795373495E+00  0.4084888821E+01  0.9146424379E+00
  0.9797419760E+00  0.4087002921E+01  0.9154785307E+00
  0.9799445563E+00  0.4089175200E+01  0.9163066968E+00
  0.9801451107E+00  0.4091354554E+01  0.9171270175E+00
  0.9803436596E+00  0.4093523450E+01  0.9179395668E+00
  0.9805402230E+00  0.4095651881E+01  0.9187444129E+00
  0.9807348208E+00  0.4097759836E+01  0.9195416227E+00
  0.9809274726E+00  0.4099846877E+01  0.9203312645E+00
  0.9811181978E+00  0.4101912588E+01  0.9211134059E+00
  0.9813070158E+00  0.4103956573E+01  0.9218881139E+00
  0.9814939457E+00  0.4105978458E+01  0.9226554548E+00
  0.9816790062E+00  0.4107977892E+01  0.9234154944E+00
  0.9818622162E+00  0.4109885268E+01  0.9241682915E+00
  0.9820435940E+00  0.4111759829E+01  0.9249139036E+00
  0.9822231581E+00  0.4113657659E+01  0.9256523983E+00
  0.9824009265E+00  0.4115532288E+01  0.9263838434E+00
  0.9825769172E+00  0.4117383512E+01  0.9271083018E+00
  0.9827511481E+00  0.4119211143E+01  0.9278258362E+00
  0.9829236366E+00  0.4121015017E+01  0.9285365084E+00
  0.9830944002E+00  0.4122795482E+01  0.9292403799E+00
  0.9832634562E+00  0.4124592233E+01  0.9299375151E+00
  0.9834308216E+00  0.4126369503E+01  0.9306279780E+00
  0.9835965134E+00  0.4128127704E+01  0.9313118292E+00
  0.9837605483E+00  0.4129860640E+01  0.9319891282E+00
  0.9839229428E+00  0.4131568250E+01  0.9326599336E+00
  0.9840837134E+00  0.4133250494E+01  0.9333243034E+00
  0.9842428762E+00  0.4134907349E+01  0.9339822952E+00
  0.9844004475E+00  0.4136538811E+01  0.9346339662E+00
  0.9845564430E+00  0.4138144896E+01  0.9352793730E+00
  0.9847108786E+00  0.4139725637E+01  0.9359185719E+00
  0.9848637698E+00  0.4141277038E+01  0.9365516181E+00
  0.9850151321E+00  0.4142768106E+01  0.9371785642E+00
  0.9851649808E+00  0.4144235436E+01  0.9377994625E+00
  0.9853133310E+00  0.4145679092E+01  0.9384143677E+00
  0.9854601977E+00  0.4147092866E+01  0.9390233337E+00
  0.9856055957E+00  0.4148480088E+01  0.9396264136E+00
  0.9857495397E+00  0.4149844112E+01  0.9402236608E+00
  0.9858920443E+00  0.4151185063E+01  0.9408151282E+00
  0.9860331239E+00  0.4152503078E+01  0.9414008686E+00
  0.9861727926E+00  0.4153798308E+01  0.9419809340E+00
  0.9863110647E+00  0.4155070911E+01  0.9425553763E+00
  0.9864479541E+00  0.4156320966E+01  0.9431242468E+00
  0.9865834745E+00  0.4157548524E+01  0.9436875965E+00
  0.9867176398E+00  0.4158755285E+01  0.9442454760E+00
  0.9868504634E+00  0.4159963279E+01  0.9447979371E+00
  0.9869819588E+00  0.4161149125E+01  0.9453450309E+00
  0.9871121392E+00  0.4162292649E+01  0.9458868055E+00
  0.9872410178E+00  0.4163401615E+01  0.9464233074E+00
  0.9873686076E+00  0.4164489922E+01  0.9469545845E+00
  0.9874949215E+00  0.4165557794E+01  0.9474806850E+00
  0.9876199723E+00  0.4166605460E+01  0.9480016568E+00
  0.9877437726E+00  0.4167635745E+01  0.9485175475E+00
  0.9878663349E+00  0.4168650594E+01  0.9490284046E+00
  0.9879876715E+00  0.4169645811E+01  0.9495342751E+00
  0.9881077948E+00  0.4170621645E+01  0.9500352052E+00
  0.9882267168E+00  0.4171578347E+01  0.9505312410E+00
  0.9883444497E+00  0.4172516173E+01  0.9510224280E+00
  0.9884610052E+00  0.4173435380E+01  0.9515088112E+00
  0.9885763951E+00  0.4174336230E+01  0.9519904357E+00
  0.9886906312E+00  0.4175224628E+01  0.9524673461E+00
  0.9888037249E+00  0.4176107512E+01  0.9529395876E+00
  0.9889156876E+00  0.4176972247E+01  0.9534072045E+00
  0.9890265307E+00  0.4177819116E+01  0.9538702401E+00
  0.9891362654E+00  0.4178648400E+01  0.9543287373E+00
  0.9892449028E+00  0.4179460379E+01  0.9547827387E+00
  0.9893524538E+00  0.4180255338E+01  0.9552322864E+00
  0.9894589292E+00  0.4181033558E+01  0.9556774225E+00
  0.9895643399E+00  0.4181795320E+01  0.9561181884E+00
  0.9896686965E+00  0.4182538924E+01  0.9565546251E+00
  0.9897720096E+00  0.4183258364E+01  0.9569867730E+00
  0.9898742895E+00  0.4183962246E+01  0.9574146723E+00
  0.9899755466E+00  0.4184651171E+01  0.9578383631E+00
  0.9900757911E+00  0.4185325404E+01  0.9582578853E+00
  0.9901750332E+00  0.4185985208E+01  0.9586732785E+00
  0.9902732829E+00  0.4186630846E+01  0.9590845818E+00
  0.9903705500E+00  0.4187267006E+01  0.9594918345E+00
  0.9904668445E+00  0.4187889957E+01  0.9598950753E+00
  0.9905621761E+00  0.4188499318E+01  0.9602943424E+00
  0.9906565543E+00  0.4189095351E+01  0.9606896737E+00
  0.9907499888E+00  0.4189678314E+01  0.9610811068E+00
  0.9908424889E+00  0.4190248464E+01  0.9614686789E+00
  0.9909340640E+00  0.4190806055E+01  0.9618524269E+00
  0.9910247234E+00  0.4191351336E+01  0.9622323874E+00
  0.9911144761E+00  0.4191884557E+01  0.9626085967E+00
  0.9912033314E+00  0.4192405961E+01  0.9629810908E+00
  0.9912912981E+00  0.4192915790E+01  0.9633499053E+00
  0.9913783851E+00  0.4193414283E+01  0.9637150755E+00
  0.9914646012E+00  0.4193901675E+01  0.9640766365E+00
  0.9915499552E+00  0.4194378198E+01  0.9644346231E+00
  0.9916344557E+00  0.4194844080E+01  0.9647890696E+00
  0.9917181111E+00  0.4195299547E+01  0.9651400102E+00
  0.9918009300E+00  0.4195744822E+01  0.9654874787E+00
  0.9918829207E+00  0.4196180122E+01  0.9658315086E+00
  0.9919640915E+00  0.4196604002E+01  0.9661721331E+00
  0.9920444506E+00  0.4196996822E+01  0.9665093841E+00
  0.9921240061E+00  0.4197381104E+01  0.9668432936E+00
  0.9922027660E+00  0.4197757032E+01  0.9671738939E+00
  0.9922807383E+00  0.4198124790E+01  0.9675012171E+00
  0.9923579310E+00  0.4198484555E+01  0.9678252953E+00
  0.9924343516E+00  0.4198836503E+01  0.9681461598E+00
  0.9925100081E+00  0.4199180807E+01  0.9684638420E+00
  0.9925849081E+00  0.4199517636E+01  0.9687783729E+00
  0.9926590590E+00  0.4199847157E+01  0.9690897832E+00
  0.9927324684E+00  0.4200169532E+01  0.9693981034E+00
  0.9928051437E+00  0.4200484923E+01  0.9697033635E+00
  0.9928770923E+00  0.4200793484E+01  0.9700055934E+00
  0.9929483213E+00  0.4201095372E+01  0.9703048228E+00
  0.9930188381E+00  0.4201390736E+01  0.9706010810E+00
  0.9930886497E+00  0.4201680014E+01  0.9708943970E+00
  0.9931577632E+00  0.4201967133E+01  0.9711847997E+00
  0.9932261856E+00  0.4202247985E+01  0.9714723179E+00
  0.9932939238E+00  0.4202522716E+01  0.9717569797E+00
  0.9933609845E+00  0.4202791467E+01  0.9720388131E+00
  0.9934273747E+00  0.4203054378E+01  0.9723178458E+00
  0.9934931009E+00  0.4203311585E+01  0.9725941052E+00
  0.9935581699E+00  0.4203563221E+01  0.9728676187E+00
  0.9936225882E+00  0.4203807689E+01  0.9731384129E+00
  0.9936863623E+00  0.4204046538E+01  0.9734065147E+00
  0.9937494987E+00  0.4204280278E+01  0.9736719503E+00
  0.9938120037E+00  0.4204503867E+01  0.9739347459E+00
  0.9938738837E+00  0.4204717449E+01  0.9741949270E+00
  0.9939351449E+00  0.4204926662E+01  0.9744525193E+00
  0.9939957934E+00  0.4205131605E+01  0.9747075483E+00
  0.9940558355E+00  0.4205332377E+01  0.9749600391E+00
  0.9941152771E+00  0.4205529074E+01  0.9752100168E+00
  0.9941741243E+00  0.4205721790E+01  0.9754575062E+00
  0.9942323831E+00  0.4205910616E+01  0.9757025318E+00
  0.9942900593E+00  0.4206095642E+01  0.9759451180E+00
  0.9943471587E+00  0.4206277206E+01  0.9761852887E+00
  0.9944036871E+00  0.4206455401E+01  0.9764230679E+00
  0.9944596502E+00  0.4206630033E+01  0.9766584792E+00
  0.9945150537E+00  0.4206801186E+01  0.9768915460E+00
  0.9945699032E+00  0.4206968939E+01  0.9771222914E+00
  0.9946242041E+00  0.4207133372E+01  0.9773507383E+00
  0.9946779621E+00  0.4207294561E+01  0.9775769096E+00
  0.9947311825E+00  0.4207452580E+01  0.9778008276E+00
  0.9947838707E+00  0.4207609469E+01  0.9780225147E+00
  0.9948360320E+00  0.4207765785E+01  0.9782419931E+00
  0.9948876716E+00  0.4207918977E+01  0.9784592848E+00
  0.9949387949E+00  0.4208069118E+01  0.9786744112E+00
  0.9949894070E+00  0.4208215297E+01  0.9788873940E+00
  0.9950395129E+00  0.4208357548E+01  0.9790982541E+00
  0.9950891178E+00  0.4208497031E+01  0.9793070126E+00
  0.9951382266E+00  0.4208633810E+01  0.9795136902E+00
  0.9951868443E+00  0.4208767950E+01  0.9797183077E+00
  0.9952349759E+00  0.4208899510E+01  0.9799208855E+00
  0.9952826261E+00  0.4209028550E+01  0.9801214436E+00
  0.9953297999E+00  0.4209155129E+01  0.9803200022E+00
  0.9953765019E+00  0.4209279305E+01  0.9805165811E+00
  0.9954227368E+00  0.4209401131E+01  0.9807111998E+00
  0.9954685095E+00  0.4209520663E+01  0.9809038780E+00
  0.9955138244E+00  0.4209637953E+01  0.9810946346E+00
  0.9955586861E+00  0.4209753052E+01  0.9812834890E+00
  0.9956030993E+00  0.4209866012E+01  0.9814704598E+00
  0.9956470683E+00  0.4209976880E+01  0.9816555659E+00
  0.9956905976E+00  0.4210085705E+01  0.9818388257E+00
  0.9957336916E+00  0.4210192534E+01  0.9820202575E+00
  0.9957763547E+00  0.4210297411E+01  0.9821998796E+00
  0.9958185912E+00  0.4210400381E+01  0.9823777098E+00
  0.9958604053E+00  0.4210501487E+01  0.9825537659E+00
  0.9959018012E+00  0.4210600772E+01  0.9827280657E+00
  0.9959427832E+00  0.4210698276E+01  0.9829006265E+00
  0.9959833554E+00  0.4210794040E+01  0.9830714656E+00
  0.9960235218E+00  0.4210888102E+01  0.9832406001E+00
  0.9960632866E+00  0.4210980501E+01  0.9834080470E+00
  0.9961026537E+00  0.4211071274E+01  0.9835738230E+00
  0.9961416272E+00  0.4211160457E+01  0.9837379448E+00
  0.9961802109E+00  0.4211248694E+01  0.9839004287E+00
  0.9962184088E+00  0.4211335512E+01  0.9840612912E+00
  0.9962562247E+00  0.4211420817E+01  0.9842205483E+00
  0.9962936625E+00  0.4211504641E+01  0.9843782160E+00
  0.9963307258E+00  0.4211587017E+01  0.9845343101E+00
  0.9963674186E+00  0.4211667978E+01  0.9846888463E+00
  0.9964037444E+00  0.4211747555E+01  0.9848418400E+00
  0.9964397070E+00  0.4211825777E+01  0.9849933066E+00
  0.9964753099E+00  0.4211902675E+01  0.9851432613E+00
  0.9965105568E+00  0.4211978278E+01  0.9852917192E+00
  0.9965454512E+00  0.4212052613E+01  0.9854386951E+00
  0.9965799967E+00  0.4212125708E+01  0.9855842037E+00
  0.9966141967E+00  0.4212197589E+01  0.9857282598E+00
  0.9966480548E+00  0.4212268284E+01  0.9858708777E+00
  0.9966815742E+00  0.4212337816E+01  0.9860120718E+00
  0.9967147585E+00  0.4212406212E+01  0.9861518562E+00
  0.9967476109E+00  0.4212473495E+01  0.9862902451E+00
  0.9967801348E+00  0.4212539688E+01  0.9864272522E+00
  0.9968123334E+00  0.4212604816E+01  0.9865628913E+00
  0.9968442101E+00  0.4212668900E+01  0.9866971761E+00
  0.9968757680E+00  0.4212731962E+01  0.9868301201E+00
  0.9969070103E+00  0.4212794023E+01  0.9869617366E+00
  0.9969379402E+00  0.4212855105E+01  0.9870920388E+00
  0.9969685608E+00  0.4212915943E+01  0.9872210399E+00
  0.9969988752E+00  0.4212976048E+01  0.9873487528E+00
  0.9970288865E+00  0.4213035197E+01  0.9874751904E+00
  0.9970585976E+00  0.4213093410E+01  0.9876003653E+00
  0.9970880116E+00  0.4213150706E+01  0.9877242902E+00
  0.9971171315E+00  0.4213207104E+01  0.9878469774E+00
  0.9971459602E+00  0.4213262623E+01  0.9879684395E+00
  0.9971745006E+00  0.4213317280E+01  0.9880886884E+00
  0.9972027556E+00  0.4213371094E+01  0.9882077364E+00
  0.9972307280E+00  0.4213424081E+01  0.9883255955E+00
  0.9972584207E+00  0.4213476258E+01  0.9884422774E+00
  0.9972858365E+00  0.4213527642E+01  0.9885577939E+00
  0.9973129782E+00  0.4213578248E+01  0.9886721566E+00
  0.9973398484E+00  0.4213628092E+01  0.9887853770E+00
  0.9973664499E+00  0.4213677189E+01  0.9888974666E+00
  0.9973927854E+00  0.4213725555E+01  0.9890084365E+00
  0.9974188575E+00  0.4213773203E+01  0.9891182980E+00
  0.9974446690E+00  0.4213820147E+01  0.9892270621E+00
  0.9974702223E+00  0.4213866402E+01  0.9893347397E+00
  0.9974955201E+00  0.4213911981E+01  0.9894413418E+00
  0.9975205649E+00  0.4213956896E+01  0.9895468789E+00
  0.9975453592E+00  0.4214001161E+01  0.9896513618E+00
  0.9975699056E+00  0.4214044789E+01  0.9897548009E+00
  0.9975942066E+00  0.4214087791E+01  0.9898572067E+00
  0.9976182645E+00  0.4214130179E+01  0.9899585895E+00
  0.9976420819E+00  0.4214171964E+01  0.9900589594E+00
  0.9976656610E+00  0.4214213159E+01  0.9901583266E+00
  0.9976890044E+00  0.4214253775E+01  0.9902567011E+00
  0.9977121144E+00  0.4214293821E+01  0.9903540928E+00
  0.9977349932E+00  0.4214333309E+01  0.9904505114E+00
  0.9977576433E+00  0.4214372249E+01  0.9905459668E+00
  0.9977800669E+00  0.4214410651E+01  0.9906404685E+00
  0.9978022662E+00  0.4214448524E+01  0.9907340260E+00
  0.9978242435E+00  0.4214485880E+01  0.9908266488E+00
  0.9978460011E+00  0.4214522726E+01  0.9909183461E+00
  0.9978675411E+00  0.4214559072E+01  0.9910091273E+00
  0.9978888657E+00  0.4214594927E+01  0.9910990014E+00
  0.9979099770E+00  0.4214630299E+01  0.9911879776E+00
  0.9979308773E+00  0.4214665198E+01  0.9912760647E+00
  0.9979515685E+00  0.4214699631E+01  0.9913632716E+00
  0.9979720528E+00  0.4214733608E+01  0.9914496072E+00
  0.9979923323E+00  0.4214767134E+01  0.9915350801E+00
  0.9980124089E+00  0.4214800220E+01  0.9916196990E+00
  0.9980322849E+00  0.4214832871E+01  0.9917034723E+00
  0.9980519620E+00  0.4214865096E+01  0.9917864085E+00
  0.9980714424E+00  0.4214896902E+01  0.9918685160E+00
  0.9980907280E+00  0.4214928296E+01  0.9919498030E+00
  0.9981098207E+00  0.4214959285E+01  0.9920302778E+00
  0.9981287225E+00  0.4214989876E+01  0.9921099483E+00
  0.9981474353E+00  0.4215020075E+01  0.9921888228E+00
  0.9981659609E+00  0.4215049889E+01  0.9922669090E+00
  0.9981843013E+00  0.4215079324E+01  0.9923442150E+00
  0.9982024583E+00  0.4215108387E+01  0.9924207484E+00
  0.9982204337E+00  0.4215137084E+01  0.9924965170E+00
  0.9982382294E+00  0.4215165420E+01  0.9925715284E+00
  0.9982558471E+00  0.4215193401E+01  0.9926457902E+00
  0.9982732886E+00  0.4215221034E+01  0.9927193098E+00
  0.9982905557E+00  0.4215248324E+01  0.9927920948E+00
  0.9983076502E+00  0.4215275275E+01  0.9928641523E+00
  0.9983245737E+00  0.4215301895E+01  0.9929354897E+00
  0.9983413279E+00  0.4215328187E+01  0.9930061142E+00
  0.9983579146E+00  0.4215354157E+01  0.9930760329E+00
  0.9983743355E+00  0.4215379810E+01  0.9931452528E+00
  0.9983905921E+00  0.4215405151E+01  0.9932137810E+00
  0.9984066862E+00  0.4215430185E+01  0.9932816242E+00
  0.9984226194E+00  0.4215454916E+01  0.9933487895E+00
  0.9984383932E+00  0.4215479349E+01  0.9934152834E+00
  0.9984540092E+00  0.4215503489E+01  0.9934811128E+00
  0.9984694691E+00  0.4215527340E+01  0.9935462843E+00
  0.9984847744E+00  0.4215550906E+01  0.9936108044E+00
  0.9984999267E+00  0.4215574192E+01  0.9936746797E+00
  0.9985149274E+00  0.4215597202E+01  0.9937379166E+00
  0.9985297782E+00  0.4215619939E+01  0.9938005215E+00
  0.9985444804E+00  0.4215642409E+01  0.9938625006E+00
  0.9985590356E+00  0.4215664615E+01  0.9939238602E+00
  0.9985734452E+00  0.4215686560E+01  0.9939846066E+00
  0.9985877108E+00  0.4215708249E+01  0.9940447459E+00
  0.9986018337E+00  0.4215729685E+01  0.9941042840E+00
  0.9986158153E+00  0.4215750871E+01  0.9941632271E+00
  0.9986296572E+00  0.4215771813E+01  0.9942215810E+00
  0.9986433606E+00  0.4215792512E+01  0.9942793517E+00
  0.9986569270E+00  0.4215812973E+01  0.9943365449E+00
  0.9986703577E+00  0.4215833198E+01  0.9943931665E+00
  0.9986836541E+00  0.4215853191E+01  0.9944492221E+00
  0.9986968176E+00  0.4215872956E+01  0.9945047175E+00
  0.9987098494E+00  0.4215892495E+01  0.9945596581E+00
  0.9987227509E+00  0.4215911812E+01  0.9946140496E+00
  0.9987355234E+00  0.4215930909E+01  0.9946678974E+00
  0.9987481682E+00  0.4215949790E+01  0.9947212070E+00
  0.9987606865E+00  0.4215968457E+01  0.9947739837E+00
  0.9987730796E+00  0.4215986914E+01  0.9948262329E+00
  0.9987853488E+00  0.4216005164E+01  0.9948779598E+00
  0.9987974954E+00  0.4216023208E+01  0.9949291697E+00
  0.9988095204E+00  0.4216041051E+01  0.9949798676E+00
  0.9988214252E+00  0.4216058694E+01  0.9950300589E+00
  0.9988332109E+00  0.4216076140E+01  0.9950797484E+00
  0.9988448788E+00  0.4216093392E+01  0.9951289412E+00
  0.9988564300E+00  0.4216110453E+01  0.9951776423E+00
  0.9988678657E+00  0.4216127324E+01  0.9952258565E+00
  0.9988791871E+00  0.4216144009E+01  0.9952735888E+00
  0.9988903952E+00  0.4216160509E+01  0.9953208440E+00
  0.9989014913E+00  0.4216176828E+01  0.9953676268E+00
  0.9989124764E+00  0.4216192968E+01  0.9954139420E+00
  0.9989233516E+00  0.4216208930E+01  0.9954597942E+00
  0.9989341181E+00  0.4216224717E+01  0.9955051880E+00
  0.9989447769E+00  0.4216240332E+01  0.9955501281E+00
  0.9989553291E+00  0.4216255776E+01  0.9955946189E+00
  0.9989657758E+00  0.4216271052E+01  0.9956386650E+00
  0.9989761181E+00  0.4216286162E+01  0.9956822707E+00
  0.9989863569E+00  0.4216301108E+01  0.9957254406E+00
  0.9989964933E+00  0.4216315891E+01  0.9957681789E+00
  0.9990065284E+00  0.4216330515E+01  0.9958104900E+00
  0.9990164631E+00  0.4216344981E+01  0.9958523781E+00
  0.9990262985E+00  0.4216359290E+01  0.9958938475E+00
  0.9990360355E+00  0.4216373446E+01  0.9959349023E+00
  0.9990456751E+00  0.4216387449E+01  0.9959755467E+00
  0.9990552184E+00  0.4216401301E+01  0.9960157848E+00
  0.9990646662E+00  0.4216415006E+01  0.9960556207E+00
  0.9990740195E+00  0.4216428563E+01  0.9960950583E+00
  0.9990832793E+00  0.4216441975E+01  0.9961341017E+00
  0.9990924466E+00  0.4216455245E+01  0.9961727547E+00
  0.9991015221E+00  0.4216468372E+01  0.9962110214E+00
  0.9991105069E+00  0.4216481360E+01  0.9962489055E+00
  0.9991194018E+00  0.4216494210E+01  0.9962864108E+00
  0.9991282078E+00  0.4216506923E+01  0.9963235413E+00
  0.9991369257E+00  0.4216519502E+01  0.9963603005E+00
  0.9991455564E+00  0.4216531947E+01  0.9963966923E+00
  0.9991541009E+00  0.4216544260E+01  0.9964327202E+00
  0.9991625599E+00  0.4216556444E+01  0.9964683880E+00
  0.9991709343E+00  0.4216568498E+01  0.9965036991E+00
  0.9991792249E+00  0.4216580426E+01  0.9965386573E+00
  0.9991874327E+00  0.4216592228E+01  0.9965732660E+00
  0.9991955584E+00  0.4216603906E+01  0.9966075287E+00
  0.9992036028E+00  0.4216615461E+01  0.9966414489E+00
  0.9992115667E+00  0.4216626894E+01  0.9966750299E+00
  0.9992194511E+00  0.4216638208E+01  0.9967082753E+00
  0.9992272566E+00  0.4216649403E+01  0.9967411882E+00
  0.9992349840E+00  0.4216660482E+01  0.9967737722E+00
  0.9992426342E+00  0.4216671444E+01  0.9968060303E+00
  0.9992502078E+00  0.4216682292E+01  0.9968379660E+00
  0.9992577057E+00  0.4216693026E+01  0.9968695824E+00
  0.9992651287E+00  0.4216703649E+01  0.9969008827E+00
  0.9992724774E+00  0.4216714161E+01  0.9969318701E+00
  0.9992797526E+00  0.4216724564E+01  0.9969625477E+00
  0.9992869551E+00  0.4216734858E+01  0.9969929186E+00
  0.9992940855E+00  0.4216745046E+01  0.9970229858E+00
  0.9993011447E+00  0.4216755128E+01  0.9970527524E+00
  0.9993081332E+00  0.4216765105E+01  0.9970822215E+00
  0.9993150519E+00  0.4216774979E+01  0.9971113959E+00
  0.9993219014E+00  0.4216784751E+01  0.9971402787E+00
  0.9993286824E+00  0.4216794421E+01  0.9971688727E+00
  0.9993353956E+00  0.4216803992E+01  0.9971971808E+00
  0.9993420416E+00  0.4216813464E+01  0.9972252059E+00
  0.9993486212E+00  0.4216822838E+01  0.9972529508E+00
  0.9993551350E+00  0.4216832115E+01  0.9972804183E+00
  0.9993615836E+00  0.4216841297E+01  0.9973076112E+00
  0.9993679678E+00  0.4216850384E+01  0.9973345323E+00
  0.9993742881E+00  0.4216859378E+01  0.9973611841E+00
  0.9993805452E+00  0.4216868279E+01  0.9973875696E+00
  0.9993867398E+00  0.4216877088E+01  0.9974136912E+00
  0.9993928724E+00  0.4216885807E+01  0.9974395516E+00
  0.9993989436E+00  0.4216894437E+01  0.9974651535E+00
  0.9994049542E+00  0.4216902978E+01  0.9974904995E+00
  0.9994109047E+00  0.4216911431E+01  0.9975155920E+00
  0.9994167956E+00  0.4216919798E+01  0.9975404337E+00
  0.9994226277E+00  0.4216928079E+01  0.9975650269E+00
  0.9994284014E+00  0.4216936276E+01  0.9975893743E+00
  0.9994341174E+00  0.4216944388E+01  0.9976134783E+00
  0.9994397762E+00  0.4216952418E+01  0.9976373413E+00
  0.9994453784E+00  0.4216960365E+01  0.9976609657E+00
  0.9994509247E+00  0.4216968232E+01  0.9976843539E+00
  0.9994564154E+00  0.4216976018E+01  0.9977075082E+00
  0.9994618513E+00  0.4216983724E+01  0.9977304311E+00
  0.9994672327E+00  0.4216991353E+01  0.9977531248E+00
  0.9994725604E+00  0.4216998903E+01  0.9977755915E+00
  0.9994778348E+00  0.4217006376E+01  0.9977978337E+00
  0.9994830565E+00  0.4217013773E+01  0.9978198534E+00
  0.9994882259E+00  0.4217021095E+01  0.9978416530E+00
  0.9994933436E+00  0.4217028343E+01  0.9978632347E+00
  0.9994984102E+00  0.4217035516E+01  0.9978846005E+00
  0.9995034261E+00  0.4217042617E+01  0.9979057528E+00
  0.9995083918E+00  0.4217049646E+01  0.9979266935E+00
  0.9995133079E+00  0.4217056603E+01  0.9979474249E+00
  0.9995181748E+00  0.4217063490E+01  0.9979679490E+00
  0.9995229931E+00  0.4217070306E+01  0.9979882679E+00
  0.9995277632E+00  0.4217077054E+01  0.9980083836E+00
  0.9995324855E+00  0.4217083733E+01  0.9980282982E+00
  0.9995371607E+00  0.4217090344E+01  0.9980480137E+00
  0.9995417891E+00  0.4217096889E+01  0.9980675321E+00
  0.9995463712E+00  0.4217103367E+01  0.9980868553E+00
  0.9995509075E+00  0.4217109779E+01  0.9981059853E+00
  0.9995553984E+00  0.4217116127E+01  0.9981249240E+00
  0.9995598444E+00  0.4217122410E+01  0.9981436734E+00
  0.9995642460E+00  0.4217128630E+01  0.9981622353E+00
  0.9995686035E+00  0.4217134786E+01  0.9981806117E+00
  0.9995729175E+00  0.4217140881E+01  0.9981988042E+00
  0.9995771883E+00  0.4217146914E+01  0.9982168149E+00
  0.9995814164E+00  0.4217152886E+01  0.9982346455E+00
  0.9995856022E+00  0.4217158797E+01  0.9982522978E+00
  0.9995897462E+00  0.4217164649E+01  0.9982697737E+00
  0.9995938488E+00  0.4217170442E+01  0.9982870748E+00
  0.9995979103E+00  0.4217176177E+01  0.9983042029E+00
  0.9996019312E+00  0.4217181853E+01  0.9983211597E+00
  0.9996059119E+00  0.4217187472E+01  0.9983379470E+00
  0.9996098527E+00  0.4217193035E+01  0.9983545665E+00
  0.9996137542E+00  0.4217198541E+01  0.9983710197E+00
  0.9996176167E+00  0.4217203992E+01  0.9983873085E+00
  0.9996214405E+00  0.4217209388E+01  0.9984034344E+00
  0.9996252261E+00  0.4217214730E+01  0.9984193990E+00
  0.9996289738E+00  0.4217220017E+01  0.9984352041E+00
  0.9996326841E+00  0.4217225252E+01  0.9984508511E+00
  0.9996363573E+00  0.4217230434E+01  0.9984663416E+00
  0.9996399937E+00  0.4217235563E+01  0.9984816773E+00
  0.9996435938E+00  0.4217240641E+01  0.9984968596E+00
  0.9996471578E+00  0.4217245668E+01  0.9985118901E+00
  0.9996506862E+00  0.4217250644E+01  0.9985267703E+00
  0.9996541794E+00  0.4217255570E+01  0.9985415018E+00
  0.9996576376E+00  0.4217260447E+01  0.9985560859E+00
  0.9996610612E+00  0.4217265275E+01  0.9985705243E+00
  0.9996644506E+00  0.4217270054E+01  0.9985848182E+00
  0.9996678400E+00  0.4217274832E+01  0.9985991122E+00
  0.9996712294E+00  0.4217279611E+01  0.9986134062E+00
  0.9996746188E+00  0.4217284389E+01  0.9986277002E+00
  0.9996780081E+00  0.4217289167E+01  0.9986419942E+00
  0.9996813975E+00  0.4217293945E+01  0.9986562882E+00
  0.9996847869E+00  0.4217298723E+01  0.9986705823E+00
  0.9996881763E+00  0.4217303500E+01  0.9986848764E+00
  0.9996915657E+00  0.4217308277E+01  0.9986991705E+00
  0.9996949551E+00  0.4217313054E+01  0.9987134646E+00
  0.9996983445E+00  0.4217317831E+01  0.9987277587E+00
  0.9997017339E+00  0.4217322607E+01  0.9987420528E+00
  0.9997051232E+00  0.4217327383E+01  0.9987563470E+00
  0.9997085126E+00  0.4217332160E+01  0.9987706411E+00
  0.9997119020E+00  0.4217336935E+01  0.9987849353E+00
  0.9997152914E+00  0.4217341711E+01  0.9987992295E+00
  0.9997186808E+00  0.4217346487E+01  0.9988135237E+00
  0.9997220702E+00  0.4217351262E+01  0.9988278180E+00
  0.9997254596E+00  0.4217356037E+01  0.9988421122E+00
  0.9997288490E+00  0.4217360812E+01  0.9988564065E+00
  0.9997322384E+00  0.4217365587E+01  0.9988707007E+00
  0.9997356277E+00  0.4217370362E+01  0.9988849950E+00
  0.9997390171E+00  0.4217375137E+01  0.9988992894E+00
  0.9997424065E+00  0.4217379911E+01  0.9989135837E+00
  0.9997457959E+00  0.4217384685E+01  0.9989278780E+00
  0.9997491853E+00  0.4217389460E+01  0.9989421724E+00
  0.9997525747E+00  0.4217394234E+01  0.9989564668E+00
  0.9997559641E+00  0.4217399008E+01  0.9989707612E+00
  0.9997593535E+00  0.4217403782E+01  0.9989850556E+00
  0.9997627428E+00  0.4217408555E+01  0.9989993500E+00
  0.9997661322E+00  0.4217413329E+01  0.9990136444E+00
  0.9997695216E+00  0.4217418103E+01  0.9990279389E+00
  0.9997729110E+00  0.4217422876E+01  0.9990422334E+00
  0.9997763004E+00  0.4217427650E+01  0.9990565279E+00
  0.9997796898E+00  0.4217432423E+01  0.9990708224E+00
  0.9997830792E+00  0.4217437196E+01  0.9990851169E+00
  0.9997864686E+00  0.4217441970E+01  0.9990994114E+00
  0.9997898579E+00  0.4217446743E+01  0.9991137060E+00
  0.9997932473E+00  0.4217451516E+01  0.9991280006E+00
  0.9997966367E+00  0.4217456289E+01  0.9991422951E+00
  0.9998000261E+00  0.4217461062E+01  0.9991565897E+00
  0.9998034155E+00  0.4217465835E+01  0.9991708844E+00
  0.9998068049E+00  0.4217470608E+01  0.9991851790E+00
  0.9998101943E+00  0.4217475381E+01  0.9991994737E+00
  0.9998135837E+00  0.4217480154E+01  0.9992137683E+00
  0.9998169731E+00  0.4217484927E+01  0.9992280630E+00
  0.9998203624E+00  0.4217489700E+01  0.9992423577E+00
  0.9998237518E+00  0.4217494473E+01  0.9992566524E+00
  0.9998271412E+00  0.4217499246E+01  0.9992709472E+00
  0.9998305306E+00  0.4217504019E+01  0.9992852419E+00
  0.9998339200E+00  0.4217508792E+01  0.9992995367E+00
  0.9998373094E+00  0.4217513565E+01  0.9993138315E+00
  0.9998406988E+00  0.4217518338E+01  0.9993281263E+00
  0.9998440882E+00  0.4217523111E+01  0.9993424211E+00
  0.9998474775E+00  0.4217527884E+01  0.9993567159E+00
  0.9998508669E+00  0.4217532657E+01  0.9993710107E+00
  0.9998542563E+00  0.4217537430E+01  0.9993853056E+00
  0.9998576457E+00  0.4217542203E+01  0.9993996005E+00
  0.9998610351E+00  0.4217546977E+01  0.9994138954E+00
  0.9998644245E+00  0.4217551750E+01  0.9994281903E+00
  0.9998678139E+00  0.4217556524E+01  0.9994424852E+00
  0.9998712033E+00  0.4217561297E+01  0.9994567802E+00
  0.9998745926E+00  0.4217566071E+01  0.9994710751E+00
  0.9998779820E+00  0.4217570845E+01  0.9994853701E+00
  0.9998813714E+00  0.4217575618E+01  0.9994996651E+00
  0.9998847608E+00  0.4217580392E+01  0.9995139601E+00
  0.9998881502E+00  0.4217585166E+01  0.9995282551E+00
  0.9998915396E+00  0.4217589941E+01  0.9995425502E+00
  0.9998949290E+00  0.4217594715E+01  0.9995568452E+00
  0.9998983184E+00  0.4217599489E+01  0.9995711403E+00
  0.9999017077E+00  0.4217604264E+01  0.9995854354E+00
  0.9999050971E+00  0.4217609039E+01  0.9995997305E+00
  0.9999084865E+00  0.4217613813E+01  0.9996140256E+00
  0.9999118759E+00  0.4217618588E+01  0.9996283207E+00
  0.9999152653E+00  0.4217623364E+01  0.9996426159E+00
  0.9999186547E+00  0.4217628139E+01  0.9996569111E+00
  0.9999220441E+00  0.4217632914E+01  0.9996712063E+00
  0.9999254335E+00  0.4217637690E+01  0.9996855015E+00
  0.9999288229E+00  0.4217642466E+01  0.9996997967E+00
  0.9999322122E+00  0.4217647242E+01  0.9997140919E+00
  0.9999356016E+00  0.4217652018E+01  0.9997283872E+00
  0.9999389910E+00  0.4217656795E+01  0.9997426824E+00
  0.9999423804E+00  0.4217661571E+01  0.9997569777E+00
  0.9999457698E+00  0.4217666348E+01  0.9997712730E+00
  0.9999491592E+00  0.4217671125E+01  0.9997855683E+00
  0.9999525486E+00  0.4217675902E+01  0.9997998637E+00
  0.9999559380E+00  0.4217680680E+01  0.9998141590E+00
  0.9999593273E+00  0.4217685457E+01  0.9998284544E+00
  0.9999627167E+00  0.4217690235E+01  0.9998427497E+00
  0.9999661061E+00  0.4217695014E+01  0.9998570451E+00
  0.9999694955E+00  0.4217699792E+01  0.9998713406E+00
  0.9999728849E+00  0.4217704571E+01  0.9998856360E+00
  0.9999762743E+00  0.4217709350E+01  0.9998999314E+00
  0.9999796637E+00  0.4217714129E+01  0.9999142269E+00
  0.9999830531E+00  0.4217718908E+01  0.9999285224E+00
  0.9999864424E+00  0.4217723688E+01  0.9999428179E+00
  0.9999898318E+00  0.4217728468E+01  0.9999571134E+00
  0.9999932212E+00  0.4217733249E+01  0.9999714089E+00
  0.9999966106E+00  0.4217738029E+01  0.9999857044E+00
  0.1000000000E+01  0.4217741243E+01  0.1000000000E+01
  0.1000000000E+01  0.4217741243E+01  0.1000000000E+01
