  0.0000000000E+00  0.4217743141E+01 -0.1000000000E+01
  0.6996492144E-18  0.4217743141E+01 -0.1000000000E+01
  0.3389387958E-05  0.4217757578E+01 -0.9999857044E+00
  0.6778775916E-05  0.4217772015E+01 -0.9999714088E+00
  0.1016816387E-04  0.4217786453E+01 -0.9999571131E+00
  0.1355755183E-04  0.4217800891E+01 -0.9999428173E+00
  0.1694693979E-04  0.4217815329E+01 -0.9999285215E+00
  0.2033632775E-04  0.4217829768E+01 -0.9999142257E+00
  0.2372571571E-04  0.4217844206E+01 -0.9998999298E+00
  0.2711510367E-04  0.4217858645E+01 -0.9998856339E+00
  0.3050449162E-04  0.4217873085E+01 -0.9998713379E+00
  0.3389387958E-04  0.4217887524E+01 -0.9998570419E+00
  0.3728326754E-04  0.4217901964E+01 -0.9998427458E+00
  0.4067265550E-04  0.4217916405E+01 -0.9998284497E+00
  0.4406204346E-04  0.4217930845E+01 -0.9998141535E+00
  0.4745143141E-04  0.4217945286E+01 -0.9997998573E+00
  0.5084081937E-04  0.4217959727E+01 -0.9997855610E+00
  0.5423020733E-04  0.4217974169E+01 -0.9997712647E+00
  0.5761959529E-04  0.4217988610E+01 -0.9997569683E+00
  0.6100898325E-04  0.4218003052E+01 -0.9997426719E+00
  0.6439837120E-04  0.4218017495E+01 -0.9997283754E+00
  0.6778775916E-04  0.4218031937E+01 -0.9997140789E+00
  0.7117714712E-04  0.4218046380E+01 -0.9996997823E+00
  0.7456653508E-04  0.4218060823E+01 -0.9996854857E+00
  0.7795592304E-04  0.4218075267E+01 -0.9996711890E+00
  0.8134531100E-04  0.4218089710E+01 -0.9996568923E+00
  0.8473469895E-04  0.4218104154E+01 -0.9996425955E+00
  0.8812408691E-04  0.4218118599E+01 -0.9996282987E+00
  0.9151347487E-04  0.4218133043E+01 -0.9996140018E+00
  0.9490286283E-04  0.4218147488E+01 -0.9995997049E+00
  0.9829225079E-04  0.4218161933E+01 -0.9995854080E+00
  0.1016816387E-03  0.4218176378E+01 -0.9995711109E+00
  0.1050710267E-03  0.4218190824E+01 -0.9995568139E+00
  0.1084604147E-03  0.4218205270E+01 -0.9995425168E+00
  0.1118498026E-03  0.4218219716E+01 -0.9995282196E+00
  0.1152391906E-03  0.4218234163E+01 -0.9995139224E+00
  0.1186285785E-03  0.4218248609E+01 -0.9994996251E+00
  0.1220179665E-03  0.4218263056E+01 -0.9994853278E+00
  0.1254073545E-03  0.4218277504E+01 -0.9994710305E+00
  0.1287967424E-03  0.4218291951E+01 -0.9994567331E+00
  0.1321861304E-03  0.4218306399E+01 -0.9994424356E+00
  0.1355755183E-03  0.4218320847E+01 -0.9994281381E+00
  0.1389649063E-03  0.4218335296E+01 -0.9994138406E+00
  0.1423542942E-03  0.4218349744E+01 -0.9993995430E+00
  0.1457436822E-03  0.4218364193E+01 -0.9993852453E+00
  0.1491330702E-03  0.4218378642E+01 -0.9993709476E+00
  0.1525224581E-03  0.4218393092E+01 -0.9993566499E+00
  0.1559118461E-03  0.4218407541E+01 -0.9993423521E+00
  0.1593012340E-03  0.4218421991E+01 -0.9993280543E+00
  0.1626906220E-03  0.4218436441E+01 -0.9993137564E+00
  0.1660800099E-03  0.4218450892E+01 -0.9992994584E+00
  0.1694693979E-03  0.4218465342E+01 -0.9992851604E+00
  0.1728587859E-03  0.4218479793E+01 -0.9992708624E+00
  0.1762481738E-03  0.4218494244E+01 -0.9992565643E+00
  0.1796375618E-03  0.4218508696E+01 -0.9992422662E+00
  0.1830269497E-03  0.4218523147E+01 -0.9992279680E+00
  0.1864163377E-03  0.4218537599E+01 -0.9992136697E+00
  0.1898057257E-03  0.4218552052E+01 -0.9991993714E+00
  0.1931951136E-03  0.4218566504E+01 -0.9991850731E+00
  0.1965845016E-03  0.4218580957E+01 -0.9991707747E+00
  0.1999738895E-03  0.4218595410E+01 -0.9991564763E+00
  0.2033632775E-03  0.4218609863E+01 -0.9991421778E+00
  0.2067526654E-03  0.4218624316E+01 -0.9991278793E+00
  0.2101420534E-03  0.4218638770E+01 -0.9991135807E+00
  0.2135314414E-03  0.4218653224E+01 -0.9990992821E+00
  0.2169208293E-03  0.4218667678E+01 -0.9990849834E+00
  0.2203102173E-03  0.4218682132E+01 -0.9990706847E+00
  0.2236996052E-03  0.4218696587E+01 -0.9990563859E+00
  0.2270889932E-03  0.4218711042E+01 -0.9990420871E+00
  0.2304783812E-03  0.4218725497E+01 -0.9990277882E+00
  0.2338677691E-03  0.4218739952E+01 -0.9990134893E+00
  0.2372571571E-03  0.4218754407E+01 -0.9989991903E+00
  0.2406465450E-03  0.4218768863E+01 -0.9989848913E+00
  0.2440359330E-03  0.4218783319E+01 -0.9989705922E+00
  0.2474253209E-03  0.4218797775E+01 -0.9989562931E+00
  0.2508147089E-03  0.4218812232E+01 -0.9989419939E+00
  0.2542040969E-03  0.4218826689E+01 -0.9989276947E+00
  0.2575934848E-03  0.4218841146E+01 -0.9989133955E+00
  0.2609828728E-03  0.4218855603E+01 -0.9988990961E+00
  0.2643722607E-03  0.4218870060E+01 -0.9988847968E+00
  0.2677616487E-03  0.4218884518E+01 -0.9988704974E+00
  0.2711510367E-03  0.4218898975E+01 -0.9988561979E+00
  0.2745404246E-03  0.4218913434E+01 -0.9988418984E+00
  0.2779298126E-03  0.4218927892E+01 -0.9988275988E+00
  0.2813192005E-03  0.4218942350E+01 -0.9988132992E+00
  0.2847085885E-03  0.4218956809E+01 -0.9987989996E+00
  0.2880979764E-03  0.4218971268E+01 -0.9987846999E+00
  0.2914873644E-03  0.4218985727E+01 -0.9987704001E+00
  0.2948767524E-03  0.4219000186E+01 -0.9987561003E+00
  0.2982661403E-03  0.4219014646E+01 -0.9987418005E+00
  0.3016555283E-03  0.4219029106E+01 -0.9987275006E+00
  0.3050449162E-03  0.4219043566E+01 -0.9987132006E+00
  0.3084343042E-03  0.4219058026E+01 -0.9986989006E+00
  0.3118236921E-03  0.4219072486E+01 -0.9986846006E+00
  0.3152130801E-03  0.4219086947E+01 -0.9986703005E+00
  0.3186024681E-03  0.4219101408E+01 -0.9986560003E+00
  0.3219918560E-03  0.4219115869E+01 -0.9986417001E+00
  0.3253812440E-03  0.4219130330E+01 -0.9986273999E+00
  0.3287706319E-03  0.4219144792E+01 -0.9986130996E+00
  0.3321600199E-03  0.4219159253E+01 -0.9985987992E+00
  0.3355494079E-03  0.4219173715E+01 -0.9985844988E+00
  0.3389387958E-03  0.4219188177E+01 -0.9985701984E+00
  0.3423624200E-03  0.4219202785E+01 -0.9985557535E+00
  0.3458206263E-03  0.4219217542E+01 -0.9985411626E+00
  0.3493137639E-03  0.4219232447E+01 -0.9985264242E+00
  0.3528421858E-03  0.4219247503E+01 -0.9985115370E+00
  0.3564062483E-03  0.4219262712E+01 -0.9984964993E+00
  0.3600063114E-03  0.4219278074E+01 -0.9984813096E+00
  0.3636427388E-03  0.4219293591E+01 -0.9984659665E+00
  0.3673158977E-03  0.4219309266E+01 -0.9984504683E+00
  0.3710261593E-03  0.4219325099E+01 -0.9984348136E+00
  0.3747738983E-03  0.4219341093E+01 -0.9984190006E+00
  0.3785594932E-03  0.4219357248E+01 -0.9984030279E+00
  0.3823833265E-03  0.4219373566E+01 -0.9983868937E+00
  0.3862457844E-03  0.4219390050E+01 -0.9983705965E+00
  0.3901472569E-03  0.4219406701E+01 -0.9983541347E+00
  0.3940881383E-03  0.4219423519E+01 -0.9983375065E+00
  0.3980688266E-03  0.4219440508E+01 -0.9983207102E+00
  0.4020897238E-03  0.4219457669E+01 -0.9983037442E+00
  0.4061512362E-03  0.4219475004E+01 -0.9982866068E+00
  0.4102537739E-03  0.4219492513E+01 -0.9982692962E+00
  0.4143977514E-03  0.4219510200E+01 -0.9982518107E+00
  0.4185835873E-03  0.4219528066E+01 -0.9982341485E+00
  0.4228117043E-03  0.4219546113E+01 -0.9982163078E+00
  0.4270825296E-03  0.4219564342E+01 -0.9981982868E+00
  0.4313964946E-03  0.4219582756E+01 -0.9981800837E+00
  0.4357540349E-03  0.4219601356E+01 -0.9981616967E+00
  0.4401555908E-03  0.4219620144E+01 -0.9981431238E+00
  0.4446016069E-03  0.4219639122E+01 -0.9981243633E+00
  0.4490925322E-03  0.4219658292E+01 -0.9981054132E+00
  0.4536288204E-03  0.4219677656E+01 -0.9980862715E+00
  0.4582109297E-03  0.4219697216E+01 -0.9980669365E+00
  0.4628393230E-03  0.4219716973E+01 -0.9980474060E+00
  0.4675144676E-03  0.4219736931E+01 -0.9980276782E+00
  0.4722368360E-03  0.4219757091E+01 -0.9980077510E+00
  0.4770069051E-03  0.4219777454E+01 -0.9979876224E+00
  0.4818251566E-03  0.4219798024E+01 -0.9979672904E+00
  0.4866920774E-03  0.4219818802E+01 -0.9979467529E+00
  0.4916081590E-03  0.4219839789E+01 -0.9979260079E+00
  0.4965738980E-03  0.4219860990E+01 -0.9979050532E+00
  0.5015897959E-03  0.4219882404E+01 -0.9978838868E+00
  0.5066563595E-03  0.4219904035E+01 -0.9978625064E+00
  0.5117741005E-03  0.4219925886E+01 -0.9978409100E+00
  0.5169435359E-03  0.4219947957E+01 -0.9978190953E+00
  0.5221651878E-03  0.4219970251E+01 -0.9977970601E+00
  0.5274395836E-03  0.4219992771E+01 -0.9977748023E+00
  0.5327672562E-03  0.4220015519E+01 -0.9977523195E+00
  0.5381487436E-03  0.4220038497E+01 -0.9977296095E+00
  0.5435845895E-03  0.4220061708E+01 -0.9977066699E+00
  0.5490753429E-03  0.4220085153E+01 -0.9976834985E+00
  0.5546215585E-03  0.4220108835E+01 -0.9976600930E+00
  0.5602237965E-03  0.4220132757E+01 -0.9976364508E+00
  0.5658826227E-03  0.4220156921E+01 -0.9976125698E+00
  0.5715986088E-03  0.4220181330E+01 -0.9975884474E+00
  0.5773723321E-03  0.4220205985E+01 -0.9975640811E+00
  0.5832043759E-03  0.4220230890E+01 -0.9975394686E+00
  0.5890953291E-03  0.4220256047E+01 -0.9975146074E+00
  0.5950457870E-03  0.4220281458E+01 -0.9974894948E+00
  0.6010563505E-03  0.4220307126E+01 -0.9974641285E+00
  0.6071276268E-03  0.4220333054E+01 -0.9974385058E+00
  0.6132602291E-03  0.4220359244E+01 -0.9974126241E+00
  0.6194547769E-03  0.4220385700E+01 -0.9973864808E+00
  0.6257118958E-03  0.4220412422E+01 -0.9973600732E+00
  0.6320322180E-03  0.4220439416E+01 -0.9973333988E+00
  0.6384163818E-03  0.4220466682E+01 -0.9973064547E+00
  0.6448650321E-03  0.4220494224E+01 -0.9972792383E+00
  0.6513788203E-03  0.4220522044E+01 -0.9972517468E+00
  0.6579584044E-03  0.4220550146E+01 -0.9972239774E+00
  0.6646044489E-03  0.4220578532E+01 -0.9971959274E+00
  0.6713176251E-03  0.4220607206E+01 -0.9971675938E+00
  0.6780986112E-03  0.4220636169E+01 -0.9971389738E+00
  0.6849480921E-03  0.4220665426E+01 -0.9971100645E+00
  0.6918667597E-03  0.4220694978E+01 -0.9970808631E+00
  0.6988553129E-03  0.4220724829E+01 -0.9970513664E+00
  0.7059144575E-03  0.4220754982E+01 -0.9970215716E+00
  0.7130449065E-03  0.4220785440E+01 -0.9969914756E+00
  0.7202473803E-03  0.4220816206E+01 -0.9969610754E+00
  0.7275226064E-03  0.4220847283E+01 -0.9969303679E+00
  0.7348713196E-03  0.4220878675E+01 -0.9968993500E+00
  0.7422942622E-03  0.4220910384E+01 -0.9968680185E+00
  0.7497921840E-03  0.4220942413E+01 -0.9968363703E+00
  0.7573658425E-03  0.4220974767E+01 -0.9968044022E+00
  0.7650160025E-03  0.4221007448E+01 -0.9967721110E+00
  0.7727434369E-03  0.4221040459E+01 -0.9967394933E+00
  0.7805489261E-03  0.4221073804E+01 -0.9967065459E+00
  0.7884332587E-03  0.4221107486E+01 -0.9966732654E+00
  0.7963972310E-03  0.4221141509E+01 -0.9966396485E+00
  0.8044416475E-03  0.4221175875E+01 -0.9966056917E+00
  0.8125673207E-03  0.4221210590E+01 -0.9965713917E+00
  0.8207750714E-03  0.4221245655E+01 -0.9965367449E+00
  0.8290657287E-03  0.4221281074E+01 -0.9965017479E+00
  0.8374401300E-03  0.4221316852E+01 -0.9964663970E+00
  0.8458991212E-03  0.4221352992E+01 -0.9964306888E+00
  0.8544435568E-03  0.4221389496E+01 -0.9963946195E+00
  0.8630742998E-03  0.4221426370E+01 -0.9963581856E+00
  0.8717922220E-03  0.4221463617E+01 -0.9963213834E+00
  0.8805982040E-03  0.4221501240E+01 -0.9962842091E+00
  0.8894931354E-03  0.4221539243E+01 -0.9962466590E+00
  0.8984779145E-03  0.4221577630E+01 -0.9962087292E+00
  0.9075534490E-03  0.4221616406E+01 -0.9961704160E+00
  0.9167206556E-03  0.4221655573E+01 -0.9961317154E+00
  0.9259804602E-03  0.4221695136E+01 -0.9960926235E+00
  0.9353337982E-03  0.4221735099E+01 -0.9960531363E+00
  0.9447816143E-03  0.4221775465E+01 -0.9960132500E+00
  0.9543248629E-03  0.4221816240E+01 -0.9959729603E+00
  0.9639645080E-03  0.4221857426E+01 -0.9959322633E+00
  0.9737015233E-03  0.4221899028E+01 -0.9958911548E+00
  0.9835368922E-03  0.4221941051E+01 -0.9958496307E+00
  0.9934716083E-03  0.4221983498E+01 -0.9958076867E+00
  0.1003506675E-02  0.4222026374E+01 -0.9957653186E+00
  0.1013643106E-02  0.4222069683E+01 -0.9957225221E+00
  0.1023881925E-02  0.4222113430E+01 -0.9956792929E+00
  0.1034224167E-02  0.4222157618E+01 -0.9956356265E+00
  0.1044670876E-02  0.4222202253E+01 -0.9955915186E+00
  0.1055223107E-02  0.4222247338E+01 -0.9955469647E+00
  0.1065881926E-02  0.4222292878E+01 -0.9955019603E+00
  0.1076648410E-02  0.4222338878E+01 -0.9954565008E+00
  0.1087523647E-02  0.4222385343E+01 -0.9954105816E+00
  0.1098508734E-02  0.4222432277E+01 -0.9953641981E+00
  0.1109604782E-02  0.4222479684E+01 -0.9953173455E+00
  0.1120812911E-02  0.4222527570E+01 -0.9952700192E+00
  0.1132134253E-02  0.4222575939E+01 -0.9952222142E+00
  0.1143569953E-02  0.4222624796E+01 -0.9951739258E+00
  0.1155121165E-02  0.4222674146E+01 -0.9951251491E+00
  0.1166789055E-02  0.4222723994E+01 -0.9950758791E+00
  0.1178574803E-02  0.4222774345E+01 -0.9950261109E+00
  0.1190479599E-02  0.4222825204E+01 -0.9949758393E+00
  0.1202504646E-02  0.4222876576E+01 -0.9949250593E+00
  0.1214651157E-02  0.4222928466E+01 -0.9948737658E+00
  0.1226920361E-02  0.4222980879E+01 -0.9948219535E+00
  0.1239313496E-02  0.4223033820E+01 -0.9947696172E+00
  0.1251831814E-02  0.4223087296E+01 -0.9947167516E+00
  0.1264476580E-02  0.4223141310E+01 -0.9946633513E+00
  0.1277249070E-02  0.4223195869E+01 -0.9946094109E+00
  0.1290150576E-02  0.4223250978E+01 -0.9945549250E+00
  0.1303182400E-02  0.4223306642E+01 -0.9944998879E+00
  0.1316345859E-02  0.4223362867E+01 -0.9944442942E+00
  0.1329642282E-02  0.4223419658E+01 -0.9943881382E+00
  0.1343073012E-02  0.4223477021E+01 -0.9943314142E+00
  0.1356639406E-02  0.4223534962E+01 -0.9942741165E+00
  0.1370342834E-02  0.4223593487E+01 -0.9942162392E+00
  0.1384184681E-02  0.4223652600E+01 -0.9941577764E+00
  0.1398166344E-02  0.4223712309E+01 -0.9940987223E+00
  0.1412289237E-02  0.4223772619E+01 -0.9940390709E+00
  0.1426554785E-02  0.4223833535E+01 -0.9939788160E+00
  0.1440964429E-02  0.4223895065E+01 -0.9939179516E+00
  0.1455519625E-02  0.4223957214E+01 -0.9938564716E+00
  0.1470221844E-02  0.4224019987E+01 -0.9937943696E+00
  0.1485072569E-02  0.4224083393E+01 -0.9937316393E+00
  0.1500073302E-02  0.4224147435E+01 -0.9936682745E+00
  0.1515225558E-02  0.4224212121E+01 -0.9936042686E+00
  0.1530530867E-02  0.4224277458E+01 -0.9935396153E+00
  0.1545990774E-02  0.4224343451E+01 -0.9934743078E+00
  0.1561606843E-02  0.4224410107E+01 -0.9934083397E+00
  0.1577380649E-02  0.4224477433E+01 -0.9933417041E+00
  0.1593313787E-02  0.4224545435E+01 -0.9932743944E+00
  0.1609407866E-02  0.4224614119E+01 -0.9932064037E+00
  0.1625664511E-02  0.4224683493E+01 -0.9931377250E+00
  0.1642085364E-02  0.4224753564E+01 -0.9930683516E+00
  0.1658672085E-02  0.4224824337E+01 -0.9929982762E+00
  0.1675426349E-02  0.4224895820E+01 -0.9929274917E+00
  0.1692349847E-02  0.4224968021E+01 -0.9928559911E+00
  0.1709444290E-02  0.4225040945E+01 -0.9927837670E+00
  0.1726711404E-02  0.4225114600E+01 -0.9927108121E+00
  0.1744152934E-02  0.4225188993E+01 -0.9926371190E+00
  0.1761770640E-02  0.4225264131E+01 -0.9925626802E+00
  0.1779566303E-02  0.4225340022E+01 -0.9924874882E+00
  0.1797541720E-02  0.4225416673E+01 -0.9924115352E+00
  0.1815698707E-02  0.4225494091E+01 -0.9923348137E+00
  0.1834039098E-02  0.4225572284E+01 -0.9922573158E+00
  0.1852564746E-02  0.4225651259E+01 -0.9921790336E+00
  0.1871277521E-02  0.4225731024E+01 -0.9920999592E+00
  0.1890179314E-02  0.4225811586E+01 -0.9920200845E+00
  0.1909272034E-02  0.4225892954E+01 -0.9919394015E+00
  0.1928557610E-02  0.4225975134E+01 -0.9918579019E+00
  0.1948037990E-02  0.4226058135E+01 -0.9917755775E+00
  0.1967715142E-02  0.4226141965E+01 -0.9916924199E+00
  0.1987591052E-02  0.4226226631E+01 -0.9916084206E+00
  0.2007667730E-02  0.4226312142E+01 -0.9915235712E+00
  0.2027947202E-02  0.4226398505E+01 -0.9914378629E+00
  0.2048431517E-02  0.4226485730E+01 -0.9913512872E+00
  0.2069122744E-02  0.4226573824E+01 -0.9912638351E+00
  0.2090022974E-02  0.4226662795E+01 -0.9911754978E+00
  0.2111134317E-02  0.4226752652E+01 -0.9910862663E+00
  0.2132458906E-02  0.4226843403E+01 -0.9909961316E+00
  0.2153998895E-02  0.4226935058E+01 -0.9909050844E+00
  0.2175756460E-02  0.4227027623E+01 -0.9908131156E+00
  0.2197733798E-02  0.4227121109E+01 -0.9907202158E+00
  0.2219933129E-02  0.4227215523E+01 -0.9906263754E+00
  0.2242356696E-02  0.4227310874E+01 -0.9905315851E+00
  0.2265006764E-02  0.4227407172E+01 -0.9904358352E+00
  0.2287885620E-02  0.4227504425E+01 -0.9903391158E+00
  0.2310995576E-02  0.4227602643E+01 -0.9902414172E+00
  0.2334338965E-02  0.4227701833E+01 -0.9901427295E+00
  0.2357918147E-02  0.4227802006E+01 -0.9900430426E+00
  0.2381735502E-02  0.4227903171E+01 -0.9899423463E+00
  0.2405793436E-02  0.4228005336E+01 -0.9898406305E+00
  0.2430094380E-02  0.4228108511E+01 -0.9897378847E+00
  0.2454640788E-02  0.4228212706E+01 -0.9896340985E+00
  0.2479435139E-02  0.4228317930E+01 -0.9895292614E+00
  0.2504479939E-02  0.4228424192E+01 -0.9894233627E+00
  0.2529777716E-02  0.4228531502E+01 -0.9893163916E+00
  0.2555331026E-02  0.4228639870E+01 -0.9892083373E+00
  0.2581142450E-02  0.4228749305E+01 -0.9890991886E+00
  0.2607214596E-02  0.4228859817E+01 -0.9889889346E+00
  0.2633550097E-02  0.4228971417E+01 -0.9888775640E+00
  0.2660151614E-02  0.4229084113E+01 -0.9887650655E+00
  0.2687021832E-02  0.4229197916E+01 -0.9886514275E+00
  0.2714163467E-02  0.4229312836E+01 -0.9885366386E+00
  0.2741579259E-02  0.4229428884E+01 -0.9884206871E+00
  0.2769271979E-02  0.4229546068E+01 -0.9883035611E+00
  0.2797244423E-02  0.4229664400E+01 -0.9881852487E+00
  0.2825499417E-02  0.4229783889E+01 -0.9880657378E+00
  0.2854039815E-02  0.4229904546E+01 -0.9879450164E+00
  0.2882868500E-02  0.4230026382E+01 -0.9878230720E+00
  0.2911988384E-02  0.4230149407E+01 -0.9876998924E+00
  0.2941402408E-02  0.4230273631E+01 -0.9875754648E+00
  0.2971113544E-02  0.4230399066E+01 -0.9874497767E+00
  0.3001124792E-02  0.4230525721E+01 -0.9873228153E+00
  0.3031439184E-02  0.4230653607E+01 -0.9871945675E+00
  0.3062059781E-02  0.4230782735E+01 -0.9870650204E+00
  0.3092989678E-02  0.4230913116E+01 -0.9869341607E+00
  0.3124231998E-02  0.4231044587E+01 -0.9868019751E+00
  0.3155789897E-02  0.4231177064E+01 -0.9866684502E+00
  0.3187666563E-02  0.4231310809E+01 -0.9865335722E+00
  0.3219865215E-02  0.4231445832E+01 -0.9863973275E+00
  0.3252389106E-02  0.4231582144E+01 -0.9862597022E+00
  0.3285241521E-02  0.4231719756E+01 -0.9861206823E+00
  0.3318425779E-02  0.4231858677E+01 -0.9859802535E+00
  0.3351945231E-02  0.4231998919E+01 -0.9858384016E+00
  0.3385803264E-02  0.4232140491E+01 -0.9856951120E+00
  0.3420003297E-02  0.4232283405E+01 -0.9855503702E+00
  0.3454548785E-02  0.4232427671E+01 -0.9854041614E+00
  0.3489443217E-02  0.4232573300E+01 -0.9852564707E+00
  0.3524690118E-02  0.4232720302E+01 -0.9851072830E+00
  0.3560293049E-02  0.4232868689E+01 -0.9849565832E+00
  0.3596255605E-02  0.4233018469E+01 -0.9848043557E+00
  0.3632581419E-02  0.4233169466E+01 -0.9846505851E+00
  0.3669274160E-02  0.4233320827E+01 -0.9844952557E+00
  0.3706337536E-02  0.4233473566E+01 -0.9843383517E+00
  0.3743775289E-02  0.4233627691E+01 -0.9841798571E+00
  0.3781591201E-02  0.4233783211E+01 -0.9840197557E+00
  0.3819789092E-02  0.4233940135E+01 -0.9838580311E+00
  0.3858372820E-02  0.4234098473E+01 -0.9836946668E+00
  0.3897346283E-02  0.4234258233E+01 -0.9835296463E+00
  0.3936713417E-02  0.4234419423E+01 -0.9833629525E+00
  0.3976478199E-02  0.4234582052E+01 -0.9831945685E+00
  0.4016644645E-02  0.4234746130E+01 -0.9830244771E+00
  0.4057216813E-02  0.4234911664E+01 -0.9828526609E+00
  0.4098198801E-02  0.4235078075E+01 -0.9826791024E+00
  0.4139594749E-02  0.4235244268E+01 -0.9825037839E+00
  0.4181408837E-02  0.4235411852E+01 -0.9823266875E+00
  0.4223645290E-02  0.4235580835E+01 -0.9821477951E+00
  0.4266308374E-02  0.4235751220E+01 -0.9819670886E+00
  0.4309402398E-02  0.4235923012E+01 -0.9817845493E+00
  0.4352931715E-02  0.4236096216E+01 -0.9816001587E+00
  0.4396900722E-02  0.4236270837E+01 -0.9814138979E+00
  0.4441313861E-02  0.4236446879E+01 -0.9812257479E+00
  0.4486175617E-02  0.4236624346E+01 -0.9810356895E+00
  0.4531490522E-02  0.4236803241E+01 -0.9808437032E+00
  0.4577263154E-02  0.4236983568E+01 -0.9806497694E+00
  0.4623498135E-02  0.4237165330E+01 -0.9804538684E+00
  0.4670200136E-02  0.4237348530E+01 -0.9802559800E+00
  0.4717373875E-02  0.4237533171E+01 -0.9800560841E+00
  0.4765024116E-02  0.4237719255E+01 -0.9798541602E+00
  0.4813155673E-02  0.4237904542E+01 -0.9796501877E+00
  0.4861773407E-02  0.4238090659E+01 -0.9794441458E+00
  0.4910882230E-02  0.4238278115E+01 -0.9792360136E+00
  0.4960487101E-02  0.4238466906E+01 -0.9790257697E+00
  0.5010593031E-02  0.4238657030E+01 -0.9788133926E+00
  0.5061205082E-02  0.4238848483E+01 -0.9785988606E+00
  0.5112328365E-02  0.4239041261E+01 -0.9783821518E+00
  0.5163968046E-02  0.4239235361E+01 -0.9781632441E+00
  0.5216129339E-02  0.4239430777E+01 -0.9779421150E+00
  0.5268817514E-02  0.4239627504E+01 -0.9777187419E+00
  0.5322037893E-02  0.4239825536E+01 -0.9774931021E+00
  0.5375795852E-02  0.4240024867E+01 -0.9772651724E+00
  0.5430096820E-02  0.4240225490E+01 -0.9770349295E+00
  0.5484946283E-02  0.4240427397E+01 -0.9768023498E+00
  0.5540349781E-02  0.4240630579E+01 -0.9765674097E+00
  0.5596312910E-02  0.4240833378E+01 -0.9763300851E+00
  0.5652841323E-02  0.4241031982E+01 -0.9760903519E+00
  0.5709940730E-02  0.4241223106E+01 -0.9758481860E+00
  0.5767616899E-02  0.4241412925E+01 -0.9756035630E+00
  0.5825875656E-02  0.4241603275E+01 -0.9753564580E+00
  0.5884722885E-02  0.4241794123E+01 -0.9751068458E+00
  0.5944164530E-02  0.4241985437E+01 -0.9748547009E+00
  0.6004206596E-02  0.4242171730E+01 -0.9745999977E+00
  0.6064855147E-02  0.4242356804E+01 -0.9743427106E+00
  0.6126116310E-02  0.4242541969E+01 -0.9740828132E+00
  0.6187996273E-02  0.4242727180E+01 -0.9738202791E+00
  0.6250501286E-02  0.4242912388E+01 -0.9735550816E+00
  0.6313637663E-02  0.4243098791E+01 -0.9732871936E+00
  0.6377411780E-02  0.4243285237E+01 -0.9730165878E+00
  0.6441830081E-02  0.4243471582E+01 -0.9727432366E+00
  0.6506899072E-02  0.4243657773E+01 -0.9724671121E+00
  0.6572625325E-02  0.4243843758E+01 -0.9721881862E+00
  0.6639015480E-02  0.4244029478E+01 -0.9719064306E+00
  0.6706076242E-02  0.4244214877E+01 -0.9716218166E+00
  0.6773814386E-02  0.4244399895E+01 -0.9713343151E+00
  0.6842236754E-02  0.4244584471E+01 -0.9710438969E+00
  0.6911350256E-02  0.4244768542E+01 -0.9707505324E+00
  0.6981161875E-02  0.4244948382E+01 -0.9704541920E+00
  0.7051678662E-02  0.4245118285E+01 -0.9701548458E+00
  0.7122907739E-02  0.4245286991E+01 -0.9698524640E+00
  0.7194856302E-02  0.4245446051E+01 -0.9695470160E+00
  0.7267531618E-02  0.4245599076E+01 -0.9692384713E+00
  0.7340941029E-02  0.4245750166E+01 -0.9689267988E+00
  0.7415091948E-02  0.4245899219E+01 -0.9686119670E+00
  0.7489991867E-02  0.4246046126E+01 -0.9682939440E+00
  0.7565648350E-02  0.4246190778E+01 -0.9679726976E+00
  0.7642069041E-02  0.4246333062E+01 -0.9676481953E+00
  0.7719261657E-02  0.4246472865E+01 -0.9673204044E+00
  0.7797233997E-02  0.4246610069E+01 -0.9669892916E+00
  0.7875993937E-02  0.4246737368E+01 -0.9666548238E+00
  0.7955549431E-02  0.4246861108E+01 -0.9663169676E+00
  0.8035908516E-02  0.4246980339E+01 -0.9659756890E+00
  0.8117079309E-02  0.4247081580E+01 -0.9656309541E+00
  0.8199070009E-02  0.4247184731E+01 -0.9652827287E+00
  0.8281888898E-02  0.4247283782E+01 -0.9649309774E+00
  0.8365544342E-02  0.4247378572E+01 -0.9645756651E+00
  0.8450044790E-02  0.4247468939E+01 -0.9642167559E+00
  0.8535398777E-02  0.4247548161E+01 -0.9638542141E+00
  0.8621614927E-02  0.4247620185E+01 -0.9634880037E+00
  0.8708701946E-02  0.4247686974E+01 -0.9631180882E+00
  0.8796668632E-02  0.4247748345E+01 -0.9627444306E+00
  0.8885523871E-02  0.4247804111E+01 -0.9623669934E+00
  0.8975276638E-02  0.4247854084E+01 -0.9619857390E+00
  0.9065935997E-02  0.4247898070E+01 -0.9616006293E+00
  0.9157511109E-02  0.4247935873E+01 -0.9612116258E+00
  0.9250011221E-02  0.4247967294E+01 -0.9608186898E+00
  0.9343445678E-02  0.4247992130E+01 -0.9604217821E+00
  0.9437823917E-02  0.4248010176E+01 -0.9600208633E+00
  0.9533155471E-02  0.4248021222E+01 -0.9596158933E+00
  0.9629449971E-02  0.4248025056E+01 -0.9592068320E+00
  0.9726717143E-02  0.4248028302E+01 -0.9587936385E+00
  0.9824966811E-02  0.4248024988E+01 -0.9583762713E+00
  0.9924208900E-02  0.4248014071E+01 -0.9579546890E+00
  0.1002445343E-01  0.4247995331E+01 -0.9575288497E+00
  0.1012571054E-01  0.4247968549E+01 -0.9570987114E+00
  0.1022799044E-01  0.4247933502E+01 -0.9566642313E+00
  0.1033130348E-01  0.4247893659E+01 -0.9562253665E+00
  0.1043566008E-01  0.4247878071E+01 -0.9557820716E+00
  0.1054107079E-01  0.4247854722E+01 -0.9553343010E+00
  0.1064754625E-01  0.4247823405E+01 -0.9548820103E+00
  0.1075509722E-01  0.4247783911E+01 -0.9544251549E+00
  0.1086373457E-01  0.4247736030E+01 -0.9539636895E+00
  0.1097346926E-01  0.4247679551E+01 -0.9534975686E+00
  0.1108431238E-01  0.4247614259E+01 -0.9530267462E+00
  0.1119627514E-01  0.4247539942E+01 -0.9525511758E+00
  0.1130936882E-01  0.4247456387E+01 -0.9520708105E+00
  0.1142360487E-01  0.4247363377E+01 -0.9515856032E+00
  0.1153899482E-01  0.4247260700E+01 -0.9510955061E+00
  0.1165555032E-01  0.4247148139E+01 -0.9506004710E+00
  0.1177328316E-01  0.4247025482E+01 -0.9501004495E+00
  0.1189220521E-01  0.4246892514E+01 -0.9495953924E+00
  0.1201232849E-01  0.4246771456E+01 -0.9490852490E+00
  0.1213366514E-01  0.4246660052E+01 -0.9485699667E+00
  0.1225622742E-01  0.4246539090E+01 -0.9480494938E+00
  0.1238002770E-01  0.4246408390E+01 -0.9475237792E+00
  0.1250507848E-01  0.4246267777E+01 -0.9469927713E+00
  0.1263139240E-01  0.4246145556E+01 -0.9464564163E+00
  0.1275898223E-01  0.4246031972E+01 -0.9459146586E+00
  0.1288786083E-01  0.4245908194E+01 -0.9453674438E+00
  0.1301804125E-01  0.4245772736E+01 -0.9448147186E+00
  0.1314953661E-01  0.4245612891E+01 -0.9442564297E+00
  0.1328236022E-01  0.4245399393E+01 -0.9436925262E+00
  0.1341652547E-01  0.4245174571E+01 -0.9431229562E+00
  0.1355204593E-01  0.4244938283E+01 -0.9425476642E+00
  0.1368893528E-01  0.4244690391E+01 -0.9419665943E+00
  0.1382720736E-01  0.4244430763E+01 -0.9413796901E+00
  0.1396687612E-01  0.4244159278E+01 -0.9407868947E+00
  0.1410795567E-01  0.4243875821E+01 -0.9401881506E+00
  0.1425046028E-01  0.4243623247E+01 -0.9395833968E+00
  0.1439440432E-01  0.4243403071E+01 -0.9389725683E+00
  0.1453980234E-01  0.4243179271E+01 -0.9383556022E+00
  0.1468666903E-01  0.4242946550E+01 -0.9377324376E+00
  0.1483501923E-01  0.4242704920E+01 -0.9371030136E+00
  0.1498486790E-01  0.4242454407E+01 -0.9364672686E+00
  0.1513623021E-01  0.4242195048E+01 -0.9358251406E+00
  0.1528912142E-01  0.4241926895E+01 -0.9351765667E+00
  0.1544355699E-01  0.4241650010E+01 -0.9345214837E+00
  0.1559955252E-01  0.4241343214E+01 -0.9338598292E+00
  0.1575712375E-01  0.4241061619E+01 -0.9331915377E+00
  0.1591628662E-01  0.4240777332E+01 -0.9325165408E+00
  0.1607705719E-01  0.4240381945E+01 -0.9318347804E+00
  0.1623945171E-01  0.4239931955E+01 -0.9311462021E+00
  0.1640348657E-01  0.4239409636E+01 -0.9304507483E+00
  0.1656917836E-01  0.4238844725E+01 -0.9297483598E+00
  0.1673654380E-01  0.4238240831E+01 -0.9290389742E+00
  0.1690559979E-01  0.4237610259E+01 -0.9283225275E+00
  0.1707636343E-01  0.4236938932E+01 -0.9275989550E+00
  0.1724885195E-01  0.4236252607E+01 -0.9268681909E+00
  0.1742308278E-01  0.4235551475E+01 -0.9261301662E+00
  0.1759907351E-01  0.4234835752E+01 -0.9253848114E+00
  0.1777684193E-01  0.4234105675E+01 -0.9246320562E+00
  0.1795640599E-01  0.4233392116E+01 -0.9238718271E+00
  0.1813778383E-01  0.4232699026E+01 -0.9231040464E+00
  0.1832099377E-01  0.4231994643E+01 -0.9223286384E+00
  0.1850605431E-01  0.4231204264E+01 -0.9215455363E+00
  0.1869298415E-01  0.4230401077E+01 -0.9207546730E+00
  0.1888180217E-01  0.4229532547E+01 -0.9199559791E+00
  0.1907252745E-01  0.4228635719E+01 -0.9191493858E+00
  0.1926517924E-01  0.4227723858E+01 -0.9183348194E+00
  0.1945977701E-01  0.4226797308E+01 -0.9175122039E+00
  0.1965634041E-01  0.4225856923E+01 -0.9166814627E+00
  0.1985488931E-01  0.4224902430E+01 -0.9158425182E+00
  0.2005544374E-01  0.4223934038E+01 -0.9149952924E+00
  0.2025802398E-01  0.4222952142E+01 -0.9141397063E+00
  0.2046265049E-01  0.4221957605E+01 -0.9132756801E+00
  0.2066934393E-01  0.4220951305E+01 -0.9124031332E+00
  0.2087812518E-01  0.4219942308E+01 -0.9115219830E+00
  0.2108901533E-01  0.4218933915E+01 -0.9106321451E+00
  0.2130203569E-01  0.4217888285E+01 -0.9097335376E+00
  0.2151720777E-01  0.4216831955E+01 -0.9088260795E+00
  0.2173455330E-01  0.4215765537E+01 -0.9079096858E+00
  0.2195409424E-01  0.4214689474E+01 -0.9069842708E+00
  0.2217585277E-01  0.4213604208E+01 -0.9060497478E+00
  0.2239985128E-01  0.4212510169E+01 -0.9051060292E+00
  0.2262611241E-01  0.4211407775E+01 -0.9041530266E+00
  0.2285465900E-01  0.4210297427E+01 -0.9031906506E+00
  0.2308551414E-01  0.4209078772E+01 -0.9022188225E+00
  0.2331870115E-01  0.4207873976E+01 -0.9012374605E+00
  0.2355424359E-01  0.4206687829E+01 -0.9002464673E+00
  0.2379216524E-01  0.4205493820E+01 -0.8992457472E+00
  0.2403249014E-01  0.4204292168E+01 -0.8982352067E+00
  0.2427524257E-01  0.4203083044E+01 -0.8972147513E+00
  0.2452044704E-01  0.4201866567E+01 -0.8961842857E+00
  0.2476812832E-01  0.4200694722E+01 -0.8951437072E+00
  0.2501831143E-01  0.4199618350E+01 -0.8940928989E+00
  0.2527102165E-01  0.4198572364E+01 -0.8930317446E+00
  0.2552628449E-01  0.4197525433E+01 -0.8919601387E+00
  0.2578412575E-01  0.4196477289E+01 -0.8908779786E+00
  0.2604457147E-01  0.4195449731E+01 -0.8897851579E+00
  0.2630764795E-01  0.4194440937E+01 -0.8886815664E+00
  0.2657338176E-01  0.4193413692E+01 -0.8875670981E+00
  0.2684179976E-01  0.4192385057E+01 -0.8864416485E+00
  0.2711292905E-01  0.4191471132E+01 -0.8853050940E+00
  0.2738679702E-01  0.4190658970E+01 -0.8841572955E+00
  0.2766343134E-01  0.4189768187E+01 -0.8829981386E+00
  0.2794285993E-01  0.4188855418E+01 -0.8818275251E+00
  0.2822511105E-01  0.4187903436E+01 -0.8806453504E+00
  0.2851021318E-01  0.4186939106E+01 -0.8794515076E+00
  0.2879819513E-01  0.4185873376E+01 -0.8782458982E+00
  0.2908908599E-01  0.4184794498E+01 -0.8770284228E+00
  0.2938291514E-01  0.4183690077E+01 -0.8757989705E+00
  0.2967971226E-01  0.4182575034E+01 -0.8745574287E+00
  0.2997950734E-01  0.4181498787E+01 -0.8733036747E+00
  0.3028233064E-01  0.4180426028E+01 -0.8720375818E+00
  0.3058821277E-01  0.4179278942E+01 -0.8707590397E+00
  0.3089718462E-01  0.4178109899E+01 -0.8694679407E+00
  0.3120927739E-01  0.4177032081E+01 -0.8681641510E+00
  0.3152452262E-01  0.4176039858E+01 -0.8668475180E+00
  0.3184295214E-01  0.4175033193E+01 -0.8655179039E+00
  0.3216459812E-01  0.4174094051E+01 -0.8641751723E+00
  0.3248949305E-01  0.4173158030E+01 -0.8628191823E+00
  0.3281766975E-01  0.4172311262E+01 -0.8614497881E+00
  0.3314916136E-01  0.4171433144E+01 -0.8600668474E+00
  0.3348400137E-01  0.4170520592E+01 -0.8586702375E+00
  0.3382222361E-01  0.4169667089E+01 -0.8572598190E+00
  0.3416386223E-01  0.4168804029E+01 -0.8558354471E+00
  0.3450895175E-01  0.4167824299E+01 -0.8543970056E+00
  0.3485752702E-01  0.4166776364E+01 -0.8529443877E+00
  0.3520962325E-01  0.4165532402E+01 -0.8514775005E+00
  0.3556527601E-01  0.4164234400E+01 -0.8499962482E+00
  0.3592452122E-01  0.4163105480E+01 -0.8485004697E+00
  0.3628739518E-01  0.4161957389E+01 -0.8469899955E+00
  0.3665393452E-01  0.4160725165E+01 -0.8454647002E+00
  0.3702417628E-01  0.4159243626E+01 -0.8439245002E+00
  0.3739815786E-01  0.4157687806E+01 -0.8423693106E+00
  0.3777591703E-01  0.4156022892E+01 -0.8407990204E+00
  0.3815749195E-01  0.4154238931E+01 -0.8392135267E+00
  0.3854292116E-01  0.4152258614E+01 -0.8376127433E+00
  0.3893224360E-01  0.4150198143E+01 -0.8359965769E+00
  0.3932549859E-01  0.4148058537E+01 -0.8343649115E+00
  0.3972272585E-01  0.4145840887E+01 -0.8327176300E+00
  0.4012396550E-01  0.4143541149E+01 -0.8310546157E+00
  0.4052925808E-01  0.4141223376E+01 -0.8293757389E+00
  0.4093864453E-01  0.4138917144E+01 -0.8276808502E+00
  0.4135216619E-01  0.4136770667E+01 -0.8259697621E+00
  0.4176986484E-01  0.4134563663E+01 -0.8242422995E+00
  0.4219178266E-01  0.4132247147E+01 -0.8224983421E+00
  0.4261796229E-01  0.4129808478E+01 -0.8207377822E+00
  0.4304844675E-01  0.4127328395E+01 -0.8189604977E+00
  0.4348327955E-01  0.4124814724E+01 -0.8171663464E+00
  0.4392250460E-01  0.4122276091E+01 -0.8153551820E+00
  0.4436616626E-01  0.4119721889E+01 -0.8135268527E+00
  0.4481430935E-01  0.4117518714E+01 -0.8116811215E+00
  0.4526697914E-01  0.4115485452E+01 -0.8098177054E+00
  0.4572422136E-01  0.4113567989E+01 -0.8079363700E+00
  0.4618608218E-01  0.4111691325E+01 -0.8060369075E+00
  0.4665260826E-01  0.4110105390E+01 -0.8041190662E+00
  0.4712384673E-01  0.4108620474E+01 -0.8021825763E+00
  0.4759984518E-01  0.4107243420E+01 -0.8002272071E+00
  0.4808065170E-01  0.4106262731E+01 -0.7982526534E+00
  0.4856631485E-01  0.4105239605E+01 -0.7962586414E+00
  0.4905688368E-01  0.4104141021E+01 -0.7942450083E+00
  0.4955240776E-01  0.4103124802E+01 -0.7922115593E+00
  0.5005293713E-01  0.4102068791E+01 -0.7901580891E+00
  0.5055852235E-01  0.4101259960E+01 -0.7880843482E+00
  0.5106921450E-01  0.4100763150E+01 -0.7859899939E+00
  0.5158506515E-01  0.4100168915E+01 -0.7838747658E+00
  0.5210612641E-01  0.4099673935E+01 -0.7817384555E+00
  0.5263245092E-01  0.4098958714E+01 -0.7795808849E+00
  0.5316409184E-01  0.4098220575E+01 -0.7774019069E+00
  0.5370110287E-01  0.4097323615E+01 -0.7752013581E+00
  0.5424353825E-01  0.4096319600E+01 -0.7729790971E+00
  0.5479145278E-01  0.4095338731E+01 -0.7707349328E+00
  0.5534490180E-01  0.4094029016E+01 -0.7684687341E+00
  0.5590394121E-01  0.4092806291E+01 -0.7661803523E+00
  0.5646862749E-01  0.4091656723E+01 -0.7638695253E+00
  0.5703901766E-01  0.4090722668E+01 -0.7615359509E+00
  0.5761516936E-01  0.4089897097E+01 -0.7591793119E+00
  0.5819714076E-01  0.4089037879E+01 -0.7567993588E+00
  0.5878499067E-01  0.4087855388E+01 -0.7543959658E+00
  0.5937877846E-01  0.4086840186E+01 -0.7519689486E+00
  0.5997856410E-01  0.4086751491E+01 -0.7495177471E+00
  0.6058440818E-01  0.4086565320E+01 -0.7470418693E+00
  0.6119637190E-01  0.4086273894E+01 -0.7445411288E+00
  0.6181451707E-01  0.4085879485E+01 -0.7420153402E+00
  0.6243890613E-01  0.4084827287E+01 -0.7394644903E+00
  0.6306960215E-01  0.4083517147E+01 -0.7368886191E+00
  0.6370666884E-01  0.4081688860E+01 -0.7342877287E+00
  0.6435017054E-01  0.4079274355E+01 -0.7316619318E+00
  0.6500017227E-01  0.4076794756E+01 -0.7290112023E+00
  0.6565673966E-01  0.4074597472E+01 -0.7263352332E+00
  0.6631993905E-01  0.4072139865E+01 -0.7236337775E+00
  0.6698983743E-01  0.4068810266E+01 -0.7209069729E+00
  0.6766650245E-01  0.4064645165E+01 -0.7181551605E+00
  0.6835000248E-01  0.4060041413E+01 -0.7153785488E+00
  0.6904040654E-01  0.4055033748E+01 -0.7125772083E+00
  0.6973778439E-01  0.4049547831E+01 -0.7097512305E+00
  0.7044220645E-01  0.4042942529E+01 -0.7069009661E+00
  0.7115374389E-01  0.4035401816E+01 -0.7040269439E+00
  0.7187246858E-01  0.4027370254E+01 -0.7011294872E+00
  0.7259845311E-01  0.4018577861E+01 -0.6982088703E+00
  0.7333177082E-01  0.4009382834E+01 -0.6952653474E+00
  0.7407249577E-01  0.3999817849E+01 -0.6922990400E+00
  0.7482070280E-01  0.3989906490E+01 -0.6893100561E+00
  0.7557646748E-01  0.3978990720E+01 -0.6862987506E+00
  0.7633986614E-01  0.3967220733E+01 -0.6832656870E+00
  0.7711097590E-01  0.3955281486E+01 -0.6802111276E+00
  0.7788987464E-01  0.3943280658E+01 -0.6771350375E+00
  0.7867664105E-01  0.3931634172E+01 -0.6740371783E+00
  0.7947135460E-01  0.3920249950E+01 -0.6709171789E+00
  0.8027409556E-01  0.3908746256E+01 -0.6677748510E+00
  0.8108494501E-01  0.3897290073E+01 -0.6646100909E+00
  0.8190398485E-01  0.3887204773E+01 -0.6614221851E+00
  0.8273129783E-01  0.3878199937E+01 -0.6582099751E+00
  0.8356696751E-01  0.3869483310E+01 -0.6549727231E+00
  0.8441107829E-01  0.3860868828E+01 -0.6517100863E+00
  0.8526371544E-01  0.3851991680E+01 -0.6484219506E+00
  0.8612496510E-01  0.3842820356E+01 -0.6451083735E+00
  0.8699491424E-01  0.3833538205E+01 -0.6417693527E+00
  0.8787365075E-01  0.3824465744E+01 -0.6384046689E+00
  0.8876126338E-01  0.3816848643E+01 -0.6350134053E+00
  0.8965784180E-01  0.3808797379E+01 -0.6315949105E+00
  0.9056347656E-01  0.3800179918E+01 -0.6281494333E+00
  0.9147825915E-01  0.3791496080E+01 -0.6246770668E+00
  0.9240228197E-01  0.3782690695E+01 -0.6211777061E+00
  0.9333563836E-01  0.3774259879E+01 -0.6176510420E+00
  0.9427842258E-01  0.3765730797E+01 -0.6140967499E+00
  0.9523072988E-01  0.3756923140E+01 -0.6105148108E+00
  0.9619265645E-01  0.3747810114E+01 -0.6069053096E+00
  0.9716429944E-01  0.3739117983E+01 -0.6032679990E+00
  0.9814575701E-01  0.3730773577E+01 -0.5996023082E+00
  0.9913712829E-01  0.3722707601E+01 -0.5959077246E+00
  0.1001385134E+00  0.3715190619E+01 -0.5921836243E+00
  0.1011500136E+00  0.3708601385E+01 -0.5884290409E+00
  0.1021717309E+00  0.3701974060E+01 -0.5846432843E+00
  0.1032037686E+00  0.3694135218E+01 -0.5808267526E+00
  0.1042462309E+00  0.3686362678E+01 -0.5769798072E+00
  0.1052992231E+00  0.3678311423E+01 -0.5731023348E+00
  0.1063628516E+00  0.3669994169E+01 -0.5691944012E+00
  0.1074372239E+00  0.3659758422E+01 -0.5652569598E+00
  0.1085224483E+00  0.3648923648E+01 -0.5612911794E+00
  0.1096186347E+00  0.3638994990E+01 -0.5572967210E+00
  0.1107258936E+00  0.3627973339E+01 -0.5532735132E+00
  0.1118443370E+00  0.3616042197E+01 -0.5492225026E+00
  0.1129740778E+00  0.3604304180E+01 -0.5451439427E+00
  0.1141152301E+00  0.3592603107E+01 -0.5410375591E+00
  0.1152679092E+00  0.3578429298E+01 -0.5369046095E+00
  0.1164322315E+00  0.3562263191E+01 -0.5327475757E+00
  0.1176083146E+00  0.3544442702E+01 -0.5285685372E+00
  0.1187962774E+00  0.3525667884E+01 -0.5243690231E+00
  0.1199962398E+00  0.3505431296E+01 -0.5201504958E+00
  0.1212083230E+00  0.3484420448E+01 -0.5159143548E+00
  0.1224326495E+00  0.3462681480E+01 -0.5116615943E+00
  0.1236693429E+00  0.3440377482E+01 -0.5073931105E+00
  0.1249185282E+00  0.3418201866E+01 -0.5031092923E+00
  0.1261803315E+00  0.3395524286E+01 -0.4988105011E+00
  0.1274548803E+00  0.3372125188E+01 -0.4944976514E+00
  0.1287423034E+00  0.3347285487E+01 -0.4901722893E+00
  0.1300427307E+00  0.3323556899E+01 -0.4858348165E+00
  0.1313562936E+00  0.3300128956E+01 -0.4814845024E+00
  0.1326831249E+00  0.3277162676E+01 -0.4771210244E+00
  0.1340233585E+00  0.3255701612E+01 -0.4727432423E+00
  0.1353771298E+00  0.3234124411E+01 -0.4683503722E+00
  0.1367445755E+00  0.3212758576E+01 -0.4639424908E+00
  0.1381258338E+00  0.3192411626E+01 -0.4595188935E+00
  0.1395210443E+00  0.3172450018E+01 -0.4550787327E+00
  0.1409303478E+00  0.3151409663E+01 -0.4506226140E+00
  0.1423538866E+00  0.3128869652E+01 -0.4461525032E+00
  0.1437918047E+00  0.3106313344E+01 -0.4416696621E+00
  0.1452442472E+00  0.3083327209E+01 -0.4371746137E+00
  0.1467113608E+00  0.3058129282E+01 -0.4326695065E+00
  0.1481932937E+00  0.3031148764E+01 -0.4281575556E+00
  0.1496901957E+00  0.3002894030E+01 -0.4236413704E+00
  0.1512022178E+00  0.2974539360E+01 -0.4191223645E+00
  0.1527295130E+00  0.2948768871E+01 -0.4145990446E+00
  0.1542722353E+00  0.2924398495E+01 -0.4100687113E+00
  0.1558305407E+00  0.2899492862E+01 -0.4055310106E+00
  0.1574045866E+00  0.2873193323E+01 -0.4009877742E+00
  0.1589945319E+00  0.2843709065E+01 -0.3964429931E+00
  0.1606005373E+00  0.2811622740E+01 -0.3919017464E+00
  0.1622227649E+00  0.2778929491E+01 -0.3873671722E+00
  0.1638613787E+00  0.2746344038E+01 -0.3828402776E+00
  0.1655165442E+00  0.2713926259E+01 -0.3783214522E+00
  0.1671884284E+00  0.2681407460E+01 -0.3738112654E+00
  0.1688772004E+00  0.2650125515E+01 -0.3693093936E+00
  0.1705830308E+00  0.2619351781E+01 -0.3648149765E+00
  0.1723060917E+00  0.2589140797E+01 -0.3603277015E+00
  0.1740465572E+00  0.2559061175E+01 -0.3558475674E+00
  0.1758046033E+00  0.2530098116E+01 -0.3513740792E+00
  0.1775804074E+00  0.2502746027E+01 -0.3469054067E+00
  0.1793741488E+00  0.2475886548E+01 -0.3424402168E+00
  0.1811860089E+00  0.2449370087E+01 -0.3379782788E+00
  0.1830161706E+00  0.2424341072E+01 -0.3335184390E+00
  0.1848648188E+00  0.2402275725E+01 -0.3290570808E+00
  0.1867321402E+00  0.2382036334E+01 -0.3245901567E+00
  0.1886183235E+00  0.2363604541E+01 -0.3201145826E+00
  0.1905235591E+00  0.2346221161E+01 -0.3156279188E+00
  0.1924480394E+00  0.2329112069E+01 -0.3111291252E+00
  0.1943919590E+00  0.2314281405E+01 -0.3066159334E+00
  0.1963555142E+00  0.2298888870E+01 -0.3020868263E+00
  0.1983389032E+00  0.2283804874E+01 -0.2975421941E+00
  0.2003423265E+00  0.2268951883E+01 -0.2929816447E+00
  0.2023659863E+00  0.2252022209E+01 -0.2884071878E+00
  0.2044100872E+00  0.2235757197E+01 -0.2838204509E+00
  0.2064748356E+00  0.2220171886E+01 -0.2792202647E+00
  0.2085604400E+00  0.2204408462E+01 -0.2746063026E+00
  0.2106671111E+00  0.2189267520E+01 -0.2699782875E+00
  0.2127950617E+00  0.2170352344E+01 -0.2653397596E+00
  0.2149445068E+00  0.2144276278E+01 -0.2607027310E+00
  0.2171156634E+00  0.2114760946E+01 -0.2560792125E+00
  0.2193087509E+00  0.2081989471E+01 -0.2514772921E+00
  0.2215239908E+00  0.2050040652E+01 -0.2469005731E+00
  0.2237616069E+00  0.2015876073E+01 -0.2423515928E+00
  0.2260218251E+00  0.1974113641E+01 -0.2378424690E+00
  0.2283048739E+00  0.1928811787E+01 -0.2333871845E+00
  0.2306109837E+00  0.1882077604E+01 -0.2289930197E+00
  0.2329403876E+00  0.1834026599E+01 -0.2246648660E+00
  0.2352933208E+00  0.1784171757E+01 -0.2204081764E+00
  0.2376700210E+00  0.1734307710E+01 -0.2162269910E+00
  0.2400707283E+00  0.1683582971E+01 -0.2121243135E+00
  0.2424956851E+00  0.1636888009E+01 -0.2080983140E+00
  0.2449451365E+00  0.1593591006E+01 -0.2041418634E+00
  0.2474193298E+00  0.1550497482E+01 -0.2002523221E+00
  0.2499185149E+00  0.1508539567E+01 -0.1964297721E+00
  0.2524429444E+00  0.1465943398E+01 -0.1926753359E+00
  0.2549928731E+00  0.1423455453E+01 -0.1889914553E+00
  0.2575685587E+00  0.1383919779E+01 -0.1853759974E+00
  0.2601702613E+00  0.1345762656E+01 -0.1818250864E+00
  0.2627982438E+00  0.1310507073E+01 -0.1783347713E+00
  0.2654527715E+00  0.1279670250E+01 -0.1748969226E+00
  0.2681341126E+00  0.1248893682E+01 -0.1715069513E+00
  0.2708425380E+00  0.1219700674E+01 -0.1681639495E+00
  0.2735783212E+00  0.1187963182E+01 -0.1648705264E+00
  0.2763417386E+00  0.1154270053E+01 -0.1616342423E+00
  0.2791330693E+00  0.1119811081E+01 -0.1584603861E+00
  0.2819525952E+00  0.1083192976E+01 -0.1553546726E+00
  0.2848006012E+00  0.1047196578E+01 -0.1523209914E+00
  0.2876773750E+00  0.1013105959E+01 -0.1493574793E+00
  0.2905832071E+00  0.9817164372E+00 -0.1464591699E+00
  0.2935183910E+00  0.9545273895E+00 -0.1436175540E+00
  0.2964832232E+00  0.9344536078E+00 -0.1408172981E+00
  0.2994780032E+00  0.9217799782E+00 -0.1380377925E+00
  0.3025030336E+00  0.9160985807E+00 -0.1352579733E+00
  0.3055586198E+00  0.9141543824E+00 -0.1324617254E+00
  0.3086450705E+00  0.9091712074E+00 -0.1296479232E+00
  0.3117626974E+00  0.8945770950E+00 -0.1268362160E+00
  0.3149118156E+00  0.8757623434E+00 -0.1240487119E+00
  0.3180927430E+00  0.8562995697E+00 -0.1212939303E+00
  0.3213058010E+00  0.8390198376E+00 -0.1185703505E+00
  0.3245513142E+00  0.8245965347E+00 -0.1158707061E+00
  0.3278296103E+00  0.8192752177E+00 -0.1131761569E+00
  0.3311410205E+00  0.8189053248E+00 -0.1104638131E+00
  0.3344858793E+00  0.8224382729E+00 -0.1077187818E+00
  0.3378645245E+00  0.8279247820E+00 -0.1049307861E+00
  0.3412772975E+00  0.8309871119E+00 -0.1021000413E+00
  0.3447245429E+00  0.8367569353E+00 -0.9922547976E-01
  0.3482066090E+00  0.8378253964E+00 -0.9630997659E-01
  0.3517238475E+00  0.8372022290E+00 -0.9336424078E-01
  0.3552766136E+00  0.8328960489E+00 -0.9039750648E-01
  0.3588652663E+00  0.8216346133E+00 -0.8742873855E-01
  0.3624901680E+00  0.8080762922E+00 -0.8447496765E-01
  0.3661516848E+00  0.7949572462E+00 -0.8154020049E-01
  0.3698501867E+00  0.7860382166E+00 -0.7861654316E-01
  0.3735860472E+00  0.7768997800E+00 -0.7569708402E-01
  0.3773596436E+00  0.7692186842E+00 -0.7277987045E-01
  0.3811713572E+00  0.7568440655E+00 -0.6987141341E-01
  0.3850215729E+00  0.7442041687E+00 -0.6698173365E-01
  0.3889106797E+00  0.7363720441E+00 -0.6410267414E-01
  0.3928390704E+00  0.7343876282E+00 -0.6121381483E-01
  0.3968071418E+00  0.7437809608E+00 -0.5828107556E-01
  0.4008152948E+00  0.7684159964E+00 -0.5525051722E-01
  0.4048639341E+00  0.8052763159E+00 -0.5206486091E-01
  0.4089534688E+00  0.8356963944E+00 -0.4870945350E-01
  0.4130843119E+00  0.8577190886E+00 -0.4521183665E-01
  0.4172568807E+00  0.8828951646E+00 -0.4158042029E-01
  0.4214715967E+00  0.9046780970E+00 -0.3781336350E-01
  0.4257288855E+00  0.9180597117E+00 -0.3393340282E-01
  0.4300291773E+00  0.9256601944E+00 -0.2996913605E-01
  0.4343729064E+00  0.9295069417E+00 -0.2593996435E-01
  0.4387605115E+00  0.9302708784E+00 -0.2185997901E-01
  0.4431924359E+00  0.9260782229E+00 -0.1774637961E-01
  0.4476691271E+00  0.9213723791E+00 -0.1361114662E-01
  0.4521910375E+00  0.9196386081E+00 -0.9448703275E-02
  0.4567586237E+00  0.9154819624E+00 -0.5257667544E-02
  0.4613723472E+00  0.9097704128E+00 -0.1047062681E-02
  0.4660326740E+00  0.9003448862E+00  0.3170801684E-02
  0.4707400747E+00  0.8922265786E+00  0.7389977810E-02
  0.4754950250E+00  0.8868955889E+00  0.1161979651E-01
  0.4802980050E+00  0.8870544461E+00  0.1587991982E-01
  0.4851495000E+00  0.8958671969E+00  0.2020483754E-01
  0.4900500000E+00  0.9063504556E+00  0.2462072134E-01
  0.4950000000E+00  0.9111134871E+00  0.2911894460E-01
  0.5000000000E+00  0.9154221158E+00  0.3364175782E-01
  0.5050000000E+00  0.9177742110E+00  0.3822474864E-01
  0.5099500000E+00  0.9186261921E+00  0.4276983964E-01
  0.5148505000E+00  0.9206879605E+00  0.4727661914E-01
  0.5197019950E+00  0.9340572739E+00  0.5177576276E-01
  0.5245049750E+00  0.9575824647E+00  0.5631851672E-01
  0.5292599253E+00  0.9864491566E+00  0.6094040354E-01
  0.5339673260E+00  0.1010582153E+01  0.6564081688E-01
  0.5386276528E+00  0.1027373459E+01  0.7038958640E-01
  0.5432413763E+00  0.1032310306E+01  0.7514099206E-01
  0.5478089625E+00  0.1028774147E+01  0.7984808255E-01
  0.5523308729E+00  0.1024636691E+01  0.8449075244E-01
  0.5568075641E+00  0.1022399996E+01  0.8907272807E-01
  0.5612394885E+00  0.1018758425E+01  0.9359585793E-01
  0.5656270936E+00  0.1006035270E+01  0.9803785552E-01
  0.5699708227E+00  0.9919496469E+00  0.1023772081E+00
  0.5742711145E+00  0.9725457665E+00  0.1066011598E+00
  0.5785284033E+00  0.9568988113E+00  0.1107082613E+00
  0.5827431193E+00  0.9465248100E+00  0.1147194562E+00
  0.5869156881E+00  0.9428260916E+00  0.1186611796E+00
  0.5910465312E+00  0.9417478619E+00  0.1225536192E+00
  0.5951360659E+00  0.9371806939E+00  0.1263955910E+00
  0.5991847052E+00  0.9381992496E+00  0.1301919595E+00
  0.6031928582E+00  0.9359153943E+00  0.1339478286E+00
  0.6071609296E+00  0.9404968487E+00  0.1376706975E+00
  0.6110893203E+00  0.9535289372E+00  0.1413909341E+00
  0.6149784271E+00  0.9633388945E+00  0.1451183860E+00
  0.6188286428E+00  0.9681623044E+00  0.1488367341E+00
  0.6226403564E+00  0.9714094535E+00  0.1525332801E+00
  0.6264139528E+00  0.9771384569E+00  0.1562097968E+00
  0.6301498133E+00  0.9764701017E+00  0.1598590013E+00
  0.6338483152E+00  0.9811713918E+00  0.1634791717E+00
  0.6375098320E+00  0.9865126802E+00  0.1670815259E+00
  0.6411347337E+00  0.9882697036E+00  0.1706607219E+00
  0.6447233864E+00  0.9859987719E+00  0.1742032038E+00
  0.6482761525E+00  0.9851864064E+00  0.1777047838E+00
  0.6517933910E+00  0.9896663664E+00  0.1811777978E+00
  0.6552754571E+00  0.9959565159E+00  0.1846348329E+00
  0.6587227025E+00  0.1005494554E+01  0.1880845794E+00
  0.6621354755E+00  0.1013470023E+01  0.1915297133E+00
  0.6655141207E+00  0.1020790235E+01  0.1949662352E+00
  0.6688589795E+00  0.1028789875E+01  0.1983940132E+00
  0.6721703897E+00  0.1033528378E+01  0.2018086040E+00
  0.6754486858E+00  0.1036849743E+01  0.2052022603E+00
  0.6786941990E+00  0.1040508805E+01  0.2085733075E+00
  0.6819072570E+00  0.1047867397E+01  0.2119283445E+00
  0.6850881844E+00  0.1054211742E+01  0.2152716251E+00
  0.6882373026E+00  0.1063969992E+01  0.2186068274E+00
  0.6913549295E+00  0.1076349124E+01  0.2219431857E+00
  0.6944413802E+00  0.1091505834E+01  0.2252886744E+00
  0.6974969664E+00  0.1104253483E+01  0.2286433403E+00
  0.7005219968E+00  0.1117964720E+01  0.2320044791E+00
  0.7035167768E+00  0.1131392848E+01  0.2353726446E+00
  0.7064816090E+00  0.1143498685E+01  0.2387449805E+00
  0.7094167929E+00  0.1154764567E+01  0.2421178932E+00
  0.7123226250E+00  0.1170033105E+01  0.2454956290E+00
  0.7151993988E+00  0.1181539373E+01  0.2488781000E+00
  0.7180474048E+00  0.1194084369E+01  0.2522609953E+00
  0.7208669307E+00  0.1208003622E+01  0.2556473700E+00
  0.7236582614E+00  0.1223723845E+01  0.2590412478E+00
  0.7264216788E+00  0.1240421522E+01  0.2624459789E+00
  0.7291574620E+00  0.1256291781E+01  0.2658612120E+00
  0.7318658874E+00  0.1271354628E+01  0.2692841829E+00
  0.7345472285E+00  0.1284812935E+01  0.2727111615E+00
  0.7372017562E+00  0.1304488620E+01  0.2761478478E+00
  0.7398297387E+00  0.1328138776E+01  0.2796070971E+00
  0.7424314413E+00  0.1355091381E+01  0.2830975806E+00
  0.7450071269E+00  0.1383406188E+01  0.2866243349E+00
  0.7475570556E+00  0.1407108267E+01  0.2901821414E+00
  0.7500814851E+00  0.1428040092E+01  0.2937607074E+00
  0.7525806702E+00  0.1444324764E+01  0.2973499932E+00
  0.7550548635E+00  0.1455519570E+01  0.3009373809E+00
  0.7575043149E+00  0.1458318132E+01  0.3045060328E+00
  0.7599292717E+00  0.1459957408E+01  0.3080443789E+00
  0.7623299790E+00  0.1464700509E+01  0.3115550027E+00
  0.7647066792E+00  0.1469329713E+01  0.3150416578E+00
  0.7670596124E+00  0.1473089186E+01  0.3185033154E+00
  0.7693890163E+00  0.1475920774E+01  0.3219380330E+00
  0.7716951261E+00  0.1476509091E+01  0.3253423468E+00
  0.7739781749E+00  0.1476587465E+01  0.3287133785E+00
  0.7762383931E+00  0.1479460917E+01  0.3320540357E+00
  0.7784760092E+00  0.1487664132E+01  0.3353736791E+00
  0.7806912491E+00  0.1503250252E+01  0.3386864755E+00
  0.7828843366E+00  0.1521076520E+01  0.3420027822E+00
  0.7850554932E+00  0.1541633481E+01  0.3453275937E+00
  0.7872049383E+00  0.1565420896E+01  0.3486668151E+00
  0.7893328889E+00  0.1591316461E+01  0.3520255057E+00
  0.7914395600E+00  0.1625478861E+01  0.3554138706E+00
  0.7935251644E+00  0.1663660036E+01  0.3588437919E+00
  0.7955899128E+00  0.1701644790E+01  0.3623180457E+00
  0.7976340137E+00  0.1742015485E+01  0.3658376401E+00
  0.7996576735E+00  0.1782612768E+01  0.3694039645E+00
  0.8016610968E+00  0.1825553752E+01  0.3730183069E+00
  0.8036444858E+00  0.1867408314E+01  0.3766805971E+00
  0.8056080410E+00  0.1906346824E+01  0.3803855853E+00
  0.8075519606E+00  0.1944081077E+01  0.3841280464E+00
  0.8094764409E+00  0.1980197271E+01  0.3879041447E+00
  0.8113816765E+00  0.2018527496E+01  0.3917134011E+00
  0.8132678598E+00  0.2057085627E+01  0.3955570777E+00
  0.8151351812E+00  0.2093554290E+01  0.3994323671E+00
  0.8169838294E+00  0.2126913816E+01  0.4033334474E+00
  0.8188139911E+00  0.2157831754E+01  0.4072543361E+00
  0.8206258512E+00  0.2186687451E+01  0.4111901665E+00
  0.8224195926E+00  0.2211554686E+01  0.4151348212E+00
  0.8241953967E+00  0.2235265968E+01  0.4190831623E+00
  0.8259534428E+00  0.2258296509E+01  0.4230331072E+00
  0.8276939083E+00  0.2279678045E+01  0.4269822014E+00
  0.8294169692E+00  0.2299660603E+01  0.4309274411E+00
  0.8311227996E+00  0.2322557809E+01  0.4348698013E+00
  0.8328115716E+00  0.2345280806E+01  0.4388112589E+00
  0.8344834558E+00  0.2367135280E+01  0.4427505661E+00
  0.8361386213E+00  0.2388107188E+01  0.4466859226E+00
  0.8377772351E+00  0.2410755320E+01  0.4506176637E+00
  0.8393994627E+00  0.2434702746E+01  0.4545478817E+00
  0.8410054681E+00  0.2458909373E+01  0.4584774654E+00
  0.8425954134E+00  0.2483658563E+01  0.4624066718E+00
  0.8441694593E+00  0.2508296489E+01  0.4663354549E+00
  0.8457277647E+00  0.2533481680E+01  0.4702637700E+00
  0.8472704870E+00  0.2557910790E+01  0.4741910725E+00
  0.8487977822E+00  0.2581227746E+01  0.4781155631E+00
  0.8503098043E+00  0.2603395203E+01  0.4820351955E+00
  0.8518067063E+00  0.2624562762E+01  0.4859480658E+00
  0.8532886392E+00  0.2644983970E+01  0.4898526232E+00
  0.8547557528E+00  0.2665601741E+01  0.4937482395E+00
  0.8562081953E+00  0.2686482742E+01  0.4976350369E+00
  0.8576461134E+00  0.2706706174E+01  0.5015125187E+00
  0.8590696522E+00  0.2726446062E+01  0.5053796704E+00
  0.8604789557E+00  0.2744950981E+01  0.5092350999E+00
  0.8618741662E+00  0.2762923383E+01  0.5130774218E+00
  0.8632554245E+00  0.2782027024E+01  0.5169069263E+00
  0.8646228702E+00  0.2802951955E+01  0.5207255042E+00
  0.8659766415E+00  0.2825431943E+01  0.5245352765E+00
  0.8673168751E+00  0.2848100022E+01  0.5283372055E+00
  0.8686437064E+00  0.2870044359E+01  0.5321307118E+00
  0.8699572693E+00  0.2892730922E+01  0.5359155958E+00
  0.8712576966E+00  0.2917458671E+01  0.5396934604E+00
  0.8725451197E+00  0.2942255367E+01  0.5434654259E+00
  0.8738196685E+00  0.2966361923E+01  0.5472308364E+00
  0.8750814718E+00  0.2989300347E+01  0.5509882736E+00
  0.8763306571E+00  0.3012695501E+01  0.5547370760E+00
  0.8775673505E+00  0.3035156228E+01  0.5584767453E+00
  0.8787916770E+00  0.3057602672E+01  0.5622065084E+00
  0.8800037602E+00  0.3080205609E+01  0.5659262756E+00
  0.8812037226E+00  0.3101941903E+01  0.5696354479E+00
  0.8823916854E+00  0.3120737467E+01  0.5733316036E+00
  0.8835677685E+00  0.3137460888E+01  0.5770116844E+00
  0.8847320908E+00  0.3151748999E+01  0.5806730181E+00
  0.8858847699E+00  0.3165549395E+01  0.5843139270E+00
  0.8870259222E+00  0.3178665607E+01  0.5879337848E+00
  0.8881556630E+00  0.3191029719E+01  0.5915318370E+00
  0.8892741064E+00  0.3202103169E+01  0.5951070156E+00
  0.8903813653E+00  0.3211581435E+01  0.5986578204E+00
  0.8914775517E+00  0.3220344180E+01  0.6021831149E+00
  0.8925627761E+00  0.3228678452E+01  0.6056824335E+00
  0.8936371484E+00  0.3236634862E+01  0.6091555101E+00
  0.8947007769E+00  0.3244260240E+01  0.6126021425E+00
  0.8957537691E+00  0.3251595749E+01  0.6160221855E+00
  0.8967962314E+00  0.3258687210E+01  0.6194155478E+00
  0.8978282691E+00  0.3265695860E+01  0.6227822524E+00
  0.8988499864E+00  0.3272480985E+01  0.6261223366E+00
  0.8998614866E+00  0.3279052868E+01  0.6294357753E+00
  0.9008628717E+00  0.3284949768E+01  0.6327223226E+00
  0.9018542430E+00  0.3291515758E+01  0.6359821822E+00
  0.9028357006E+00  0.3298563822E+01  0.6392161239E+00
  0.9038073436E+00  0.3305830866E+01  0.6424246808E+00
  0.9047692701E+00  0.3312949782E+01  0.6456080713E+00
  0.9057215774E+00  0.3319694133E+01  0.6487662289E+00
  0.9066643616E+00  0.3326201960E+01  0.6518990519E+00
  0.9075977180E+00  0.3332874162E+01  0.6550066975E+00
  0.9085217408E+00  0.3340097046E+01  0.6580896863E+00
  0.9094365234E+00  0.3347157467E+01  0.6611483783E+00
  0.9103421582E+00  0.3353226768E+01  0.6641824288E+00
  0.9112387366E+00  0.3358575398E+01  0.6671912573E+00
  0.9121263493E+00  0.3363858341E+01  0.6701747158E+00
  0.9130050858E+00  0.3369093889E+01  0.6731329613E+00
  0.9138750349E+00  0.3374660886E+01  0.6760663231E+00
  0.9147362846E+00  0.3380545237E+01  0.6789752826E+00
  0.9155889217E+00  0.3386441961E+01  0.6818601749E+00
  0.9164330325E+00  0.3392374172E+01  0.6847212108E+00
  0.9172687022E+00  0.3398373990E+01  0.6875586220E+00
  0.9180960151E+00  0.3404432533E+01  0.6903726471E+00
  0.9189150550E+00  0.3410274635E+01  0.6931634054E+00
  0.9197259044E+00  0.3416074083E+01  0.6959309760E+00
  0.9205286454E+00  0.3421137091E+01  0.6986752307E+00
  0.9213233589E+00  0.3425269333E+01  0.7013956967E+00
  0.9221101254E+00  0.3428790932E+01  0.7040919689E+00
  0.9228890241E+00  0.3432179597E+01  0.7067639695E+00
  0.9236601339E+00  0.3435933577E+01  0.7094120041E+00
  0.9244235325E+00  0.3440138671E+01  0.7120365962E+00
  0.9251792972E+00  0.3444420901E+01  0.7146381497E+00
  0.9259275042E+00  0.3448771866E+01  0.7172169173E+00
  0.9266682292E+00  0.3453182875E+01  0.7197731424E+00
  0.9274015469E+00  0.3458809882E+01  0.7223074858E+00
  0.9281275314E+00  0.3464780678E+01  0.7248206956E+00
  0.9288462561E+00  0.3470741863E+01  0.7273130612E+00
  0.9295577935E+00  0.3476686517E+01  0.7297847389E+00
  0.9302622156E+00  0.3482609125E+01  0.7322358796E+00
  0.9309595935E+00  0.3488515688E+01  0.7346666336E+00
  0.9316499975E+00  0.3494091401E+01  0.7370770438E+00
  0.9323334975E+00  0.3499759041E+01  0.7394671922E+00
  0.9330101626E+00  0.3505255575E+01  0.7418372164E+00
  0.9336800609E+00  0.3510552450E+01  0.7441871556E+00
  0.9343432603E+00  0.3515339848E+01  0.7465169394E+00
  0.9349998277E+00  0.3520346442E+01  0.7488266405E+00
  0.9356498295E+00  0.3525855116E+01  0.7511166621E+00
  0.9362933312E+00  0.3530813900E+01  0.7533871513E+00
  0.9369303978E+00  0.3535681469E+01  0.7556380657E+00
  0.9375610939E+00  0.3541063364E+01  0.7578697031E+00
  0.9381854829E+00  0.3546556118E+01  0.7600824192E+00
  0.9388036281E+00  0.3552017717E+01  0.7622763938E+00
  0.9394155918E+00  0.3557185654E+01  0.7644516810E+00
  0.9400214359E+00  0.3562382030E+01  0.7666083550E+00
  0.9406212215E+00  0.3567399624E+01  0.7687465253E+00
  0.9412150093E+00  0.3572138228E+01  0.7708662105E+00
  0.9418028592E+00  0.3576941112E+01  0.7729675033E+00
  0.9423848306E+00  0.3581854646E+01  0.7750506105E+00
  0.9429609823E+00  0.3587183525E+01  0.7771158373E+00
  0.9435313725E+00  0.3592809233E+01  0.7791635359E+00
  0.9440960588E+00  0.3598582338E+01  0.7811939760E+00
  0.9446550982E+00  0.3604390686E+01  0.7832073489E+00
  0.9452085472E+00  0.3610363792E+01  0.7852038483E+00
  0.9457564617E+00  0.3616823828E+01  0.7871837888E+00
  0.9462988971E+00  0.3623312367E+01  0.7891474419E+00
  0.9468359082E+00  0.3629867454E+01  0.7910949606E+00
  0.9473675491E+00  0.3636358299E+01  0.7930264721E+00
  0.9478938736E+00  0.3642969671E+01  0.7949421165E+00
  0.9484149348E+00  0.3649329800E+01  0.7968419839E+00
  0.9489307855E+00  0.3655512661E+01  0.7987260877E+00
  0.9494414776E+00  0.3661713774E+01  0.8005945128E+00
  0.9499470629E+00  0.3667904152E+01  0.8024473860E+00
  0.9504475922E+00  0.3674211709E+01  0.8042848583E+00
  0.9509431163E+00  0.3680443901E+01  0.8061070628E+00
  0.9514336852E+00  0.3686231610E+01  0.8079139935E+00
  0.9519193483E+00  0.3691869810E+01  0.8097056295E+00
  0.9524001548E+00  0.3697438358E+01  0.8114820433E+00
  0.9528761533E+00  0.3702938647E+01  0.8132433273E+00
  0.9533473917E+00  0.3708368413E+01  0.8149895738E+00
  0.9538139178E+00  0.3713485358E+01  0.8167208179E+00
  0.9542757786E+00  0.3718363865E+01  0.8184370579E+00
  0.9547330209E+00  0.3723224358E+01  0.8201383621E+00
  0.9551856906E+00  0.3727923505E+01  0.8218248169E+00
  0.9556338337E+00  0.3732550129E+01  0.8234964967E+00
  0.9560774954E+00  0.3737325990E+01  0.8251535455E+00
  0.9565167205E+00  0.3742195689E+01  0.8267961422E+00
  0.9569515532E+00  0.3746989369E+01  0.8284244138E+00
  0.9573820377E+00  0.3751887171E+01  0.8300384887E+00
  0.9578082173E+00  0.3756749886E+01  0.8316385028E+00
  0.9582301352E+00  0.3761518038E+01  0.8332245484E+00
  0.9586478338E+00  0.3766194565E+01  0.8347967061E+00
  0.9590613555E+00  0.3770701597E+01  0.8363550410E+00
  0.9594707419E+00  0.3775072293E+01  0.8378996098E+00
  0.9598760345E+00  0.3779291067E+01  0.8394304735E+00
  0.9602772742E+00  0.3783565833E+01  0.8409477326E+00
  0.9606745014E+00  0.3787926996E+01  0.8424515342E+00
  0.9610677564E+00  0.3792217724E+01  0.8439419991E+00
  0.9614570788E+00  0.3796440283E+01  0.8454192165E+00
  0.9618425080E+00  0.3800524573E+01  0.8468832626E+00
  0.9622240830E+00  0.3804452428E+01  0.8483341968E+00
  0.9626018421E+00  0.3808326549E+01  0.8497720954E+00
  0.9629758237E+00  0.3812057360E+01  0.8511970370E+00
  0.9633460655E+00  0.3815671819E+01  0.8526090889E+00
  0.9637126048E+00  0.3819290131E+01  0.8540083459E+00
  0.9640754788E+00  0.3822967222E+01  0.8553949340E+00
  0.9644347240E+00  0.3826722691E+01  0.8567689912E+00
  0.9647903767E+00  0.3830428828E+01  0.8581306347E+00
  0.9651424730E+00  0.3834118748E+01  0.8594799639E+00
  0.9654910483E+00  0.3837866212E+01  0.8608170960E+00
  0.9658361378E+00  0.3841735256E+01  0.8621421710E+00
  0.9661777764E+00  0.3845651319E+01  0.8634553251E+00
  0.9665159986E+00  0.3849361952E+01  0.8647566374E+00
  0.9668508386E+00  0.3853037061E+01  0.8660461731E+00
  0.9671823303E+00  0.3856677125E+01  0.8673240259E+00
  0.9675105070E+00  0.3860336976E+01  0.8685902980E+00
  0.9678354019E+00  0.3864174205E+01  0.8698451252E+00
  0.9681570479E+00  0.3868020356E+01  0.8710886399E+00
  0.9684754774E+00  0.3871858315E+01  0.8723209428E+00
  0.9687907226E+00  0.3875654963E+01  0.8735421261E+00
  0.9691028154E+00  0.3879410653E+01  0.8747522761E+00
  0.9694117872E+00  0.3883082305E+01  0.8759514720E+00
  0.9697176694E+00  0.3886601630E+01  0.8771397757E+00
  0.9700204927E+00  0.3890077704E+01  0.8783172556E+00
  0.9703202877E+00  0.3893515128E+01  0.8794839970E+00
  0.9706170849E+00  0.3896916119E+01  0.8806400857E+00
  0.9709109140E+00  0.3900262036E+01  0.8817856049E+00
  0.9712018049E+00  0.3903547356E+01  0.8829206333E+00
  0.9714897868E+00  0.3906799297E+01  0.8840452527E+00
  0.9717748890E+00  0.3910018077E+01  0.8851595484E+00
  0.9720571401E+00  0.3913203915E+01  0.8862636049E+00
  0.9723365687E+00  0.3916357031E+01  0.8873575065E+00
  0.9726132030E+00  0.3919411299E+01  0.8884413277E+00
  0.9728870709E+00  0.3922407201E+01  0.8895151392E+00
  0.9731582002E+00  0.3925437128E+01  0.8905790294E+00
  0.9734266182E+00  0.3928466623E+01  0.8916330940E+00
  0.9736923521E+00  0.3931463291E+01  0.8926774186E+00
  0.9739554285E+00  0.3934427575E+01  0.8937120840E+00
  0.9742158742E+00  0.3937342567E+01  0.8947371684E+00
  0.9744737155E+00  0.3940227217E+01  0.8957527497E+00
  0.9747289784E+00  0.3943082903E+01  0.8967589077E+00
  0.9749816886E+00  0.3945987695E+01  0.8977557321E+00
  0.9752318717E+00  0.3948953230E+01  0.8987433226E+00
  0.9754795530E+00  0.3951909769E+01  0.8997217705E+00
  0.9757247574E+00  0.3954865863E+01  0.9006911589E+00
  0.9759675099E+00  0.3957798990E+01  0.9016515682E+00
  0.9762078348E+00  0.3960589805E+01  0.9026030612E+00
  0.9764457564E+00  0.3963350440E+01  0.9035456996E+00
  0.9766812989E+00  0.3966081158E+01  0.9044795585E+00
  0.9769144859E+00  0.3968782224E+01  0.9054047120E+00
  0.9771453410E+00  0.3971453902E+01  0.9063212342E+00
  0.9773738876E+00  0.3974096459E+01  0.9072291984E+00
  0.9776001487E+00  0.3976705759E+01  0.9081286771E+00
  0.9778241472E+00  0.3979240509E+01  0.9090197372E+00
  0.9780459058E+00  0.3981749951E+01  0.9099024459E+00
  0.9782654467E+00  0.3984234285E+01  0.9107768758E+00
  0.9784827922E+00  0.3986693711E+01  0.9116430986E+00
  0.9786979643E+00  0.3989128423E+01  0.9125011857E+00
  0.9789109847E+00  0.3991538616E+01  0.9133512080E+00
  0.9791218748E+00  0.3993924479E+01  0.9141932357E+00
  0.9793306561E+00  0.3996317155E+01  0.9150273421E+00
  0.9795373495E+00  0.3998688352E+01  0.9158535996E+00
  0.9797419760E+00  0.4001069049E+01  0.9166720808E+00
  0.9799445563E+00  0.4003404461E+01  0.9174828549E+00
  0.9801451107E+00  0.4005712248E+01  0.9182859869E+00
  0.9803436596E+00  0.4008008703E+01  0.9190815446E+00
  0.9805402230E+00  0.4010268267E+01  0.9198695945E+00
  0.9807348208E+00  0.4012481737E+01  0.9206501991E+00
  0.9809274726E+00  0.4014673017E+01  0.9214234220E+00
  0.9811181978E+00  0.4016842259E+01  0.9221893285E+00
  0.9813070158E+00  0.4018989610E+01  0.9229479834E+00
  0.9814939457E+00  0.4021115220E+01  0.9236994512E+00
  0.9816790062E+00  0.4023219232E+01  0.9244437956E+00
  0.9818622162E+00  0.4025325009E+01  0.9251810823E+00
  0.9820435940E+00  0.4027409214E+01  0.9259113760E+00
  0.9822231581E+00  0.4029476626E+01  0.9266347396E+00
  0.9824009265E+00  0.4031529467E+01  0.9273512358E+00
  0.9825769172E+00  0.4033560032E+01  0.9280609263E+00
  0.9827511481E+00  0.4035568505E+01  0.9287638717E+00
  0.9829236366E+00  0.4037555070E+01  0.9294601323E+00
  0.9830944002E+00  0.4039519910E+01  0.9301497677E+00
  0.9832634562E+00  0.4041463209E+01  0.9308328370E+00
  0.9834308216E+00  0.4043385151E+01  0.9315093991E+00
  0.9835965134E+00  0.4045285919E+01  0.9321795122E+00
  0.9837605483E+00  0.4047165698E+01  0.9328432344E+00
  0.9839229428E+00  0.4049024671E+01  0.9335006228E+00
  0.9840837134E+00  0.4050929428E+01  0.9341517399E+00
  0.9842428762E+00  0.4052823669E+01  0.9347966482E+00
  0.9844004475E+00  0.4054685648E+01  0.9354354034E+00
  0.9845564430E+00  0.4056515942E+01  0.9360680589E+00
  0.9847108786E+00  0.4058308523E+01  0.9366946677E+00
  0.9848637698E+00  0.4060077641E+01  0.9373152827E+00
  0.9850151321E+00  0.4061829578E+01  0.9379299580E+00
  0.9851649808E+00  0.4063542816E+01  0.9385387461E+00
  0.9853133310E+00  0.4065244599E+01  0.9391416997E+00
  0.9854601977E+00  0.4066937739E+01  0.9397388731E+00
  0.9856055957E+00  0.4068613747E+01  0.9403303196E+00
  0.9857495397E+00  0.4070274630E+01  0.9409160919E+00
  0.9858920443E+00  0.4071915640E+01  0.9414962417E+00
  0.9860331239E+00  0.4073536997E+01  0.9420708201E+00
  0.9861727926E+00  0.4075114254E+01  0.9426398761E+00
  0.9863110647E+00  0.4076647077E+01  0.9432034566E+00
  0.9864479541E+00  0.4078162883E+01  0.9437616099E+00
  0.9865834745E+00  0.4079687076E+01  0.9443143877E+00
  0.9867176398E+00  0.4081191480E+01  0.9448618409E+00
  0.9868504634E+00  0.4082678863E+01  0.9454040182E+00
  0.9869819588E+00  0.4084149388E+01  0.9459409682E+00
  0.9871121392E+00  0.4085603215E+01  0.9464727391E+00
  0.9872410178E+00  0.4087040510E+01  0.9469993786E+00
  0.9873686076E+00  0.4088467203E+01  0.9475209344E+00
  0.9874949215E+00  0.4089887355E+01  0.9480374544E+00
  0.9876199723E+00  0.4091282781E+01  0.9485489853E+00
  0.9877437726E+00  0.4092644167E+01  0.9490555715E+00
  0.9878663349E+00  0.4093989991E+01  0.9495572577E+00
  0.9879876715E+00  0.4095320427E+01  0.9500540895E+00
  0.9881077948E+00  0.4096636503E+01  0.9505461119E+00
  0.9882267168E+00  0.4097938783E+01  0.9510333697E+00
  0.9883444497E+00  0.4099226269E+01  0.9515159075E+00
  0.9884610052E+00  0.4100499120E+01  0.9519937690E+00
  0.9885763951E+00  0.4101757497E+01  0.9524669980E+00
  0.9886906312E+00  0.4103000413E+01  0.9529356376E+00
  0.9888037249E+00  0.4104217535E+01  0.9533997298E+00
  0.9889156876E+00  0.4105420890E+01  0.9538593167E+00
  0.9890265307E+00  0.4106610639E+01  0.9543144403E+00
  0.9891362654E+00  0.4107810366E+01  0.9547651438E+00
  0.9892449028E+00  0.4109000887E+01  0.9552114701E+00
  0.9893524538E+00  0.4110166808E+01  0.9556534598E+00
  0.9894589292E+00  0.4111311810E+01  0.9560911527E+00
  0.9895643399E+00  0.4112443694E+01  0.9565245886E+00
  0.9896686965E+00  0.4113562623E+01  0.9569538076E+00
  0.9897720096E+00  0.4114668754E+01  0.9573788494E+00
  0.9898742895E+00  0.4115762246E+01  0.9577997533E+00
  0.9899755466E+00  0.4116843255E+01  0.9582165582E+00
  0.9900757911E+00  0.4117911936E+01  0.9586293028E+00
  0.9901750332E+00  0.4118968440E+01  0.9590380254E+00
  0.9902732829E+00  0.4120003308E+01  0.9594427635E+00
  0.9903705500E+00  0.4121045556E+01  0.9598435553E+00
  0.9904668445E+00  0.4122075809E+01  0.9602404389E+00
  0.9905621761E+00  0.4123094216E+01  0.9606334513E+00
  0.9906565543E+00  0.4124101531E+01  0.9610226292E+00
  0.9907499888E+00  0.4125098705E+01  0.9614080090E+00
  0.9908424889E+00  0.4126081692E+01  0.9617896265E+00
  0.9909340640E+00  0.4127045230E+01  0.9621675171E+00
  0.9910247234E+00  0.4127997907E+01  0.9625417155E+00
  0.9911144761E+00  0.4128934501E+01  0.9629122568E+00
  0.9912033314E+00  0.4129859819E+01  0.9632791754E+00
  0.9912912981E+00  0.4130781591E+01  0.9636425060E+00
  0.9913783851E+00  0.4131697583E+01  0.9640022833E+00
  0.9914646012E+00  0.4132603141E+01  0.9643585414E+00
  0.9915499552E+00  0.4133498399E+01  0.9647113138E+00
  0.9916344557E+00  0.4134383491E+01  0.9650606336E+00
  0.9917181111E+00  0.4135258549E+01  0.9654065339E+00
  0.9918009300E+00  0.4136123700E+01  0.9657490473E+00
  0.9918829207E+00  0.4136979074E+01  0.9660882060E+00
  0.9919640915E+00  0.4137824796E+01  0.9664240422E+00
  0.9920444506E+00  0.4138661575E+01  0.9667565876E+00
  0.9921240061E+00  0.4139496118E+01  0.9670858741E+00
  0.9922027660E+00  0.4140321101E+01  0.9674119331E+00
  0.9922807383E+00  0.4141136649E+01  0.9677347954E+00
  0.9923579310E+00  0.4141942888E+01  0.9680544917E+00
  0.9924343516E+00  0.4142739938E+01  0.9683710523E+00
  0.9925100081E+00  0.4143527920E+01  0.9686845072E+00
  0.9925849081E+00  0.4144306953E+01  0.9689948863E+00
  0.9926590590E+00  0.4145077153E+01  0.9693022190E+00
  0.9927324684E+00  0.4145838635E+01  0.9696065346E+00
  0.9928051437E+00  0.4146585416E+01  0.9699078619E+00
  0.9928770923E+00  0.4147323596E+01  0.9702062293E+00
  0.9929483213E+00  0.4148055172E+01  0.9705016654E+00
  0.9930188381E+00  0.4148772081E+01  0.9707941982E+00
  0.9930886497E+00  0.4149479602E+01  0.9710838554E+00
  0.9931577632E+00  0.4150179496E+01  0.9713706647E+00
  0.9932261856E+00  0.4150871857E+01  0.9716546534E+00
  0.9932939238E+00  0.4151556774E+01  0.9719358490E+00
  0.9933609845E+00  0.4152234338E+01  0.9722142783E+00
  0.9934273747E+00  0.4152904635E+01  0.9724899680E+00
  0.9934931009E+00  0.4153567754E+01  0.9727629447E+00
  0.9935581699E+00  0.4154223779E+01  0.9730332345E+00
  0.9936225882E+00  0.4154872795E+01  0.9733008634E+00
  0.9936863623E+00  0.4155514885E+01  0.9735658572E+00
  0.9937494987E+00  0.4156159632E+01  0.9738282417E+00
  0.9938120037E+00  0.4156802139E+01  0.9740880426E+00
  0.9938738837E+00  0.4157437443E+01  0.9743452850E+00
  0.9939351449E+00  0.4158065636E+01  0.9745999937E+00
  0.9939957934E+00  0.4158684956E+01  0.9748521932E+00
  0.9940558355E+00  0.4159294923E+01  0.9751019075E+00
  0.9941152771E+00  0.4159898208E+01  0.9753491608E+00
  0.9941741243E+00  0.4160491773E+01  0.9755939767E+00
  0.9942323831E+00  0.4161082322E+01  0.9758363790E+00
  0.9942900593E+00  0.4161671306E+01  0.9760763913E+00
  0.9943471587E+00  0.4162253741E+01  0.9763140369E+00
  0.9944036871E+00  0.4162823955E+01  0.9765493386E+00
  0.9944596502E+00  0.4163387359E+01  0.9767823190E+00
  0.9945150537E+00  0.4163944703E+01  0.9770130007E+00
  0.9945699032E+00  0.4164496061E+01  0.9772414059E+00
  0.9946242041E+00  0.4165041503E+01  0.9774675569E+00
  0.9946779621E+00  0.4165581100E+01  0.9776914755E+00
  0.9947311825E+00  0.4166114921E+01  0.9779131836E+00
  0.9947838707E+00  0.4166643034E+01  0.9781327025E+00
  0.9948360320E+00  0.4167165507E+01  0.9783500536E+00
  0.9948876716E+00  0.4167682405E+01  0.9785652580E+00
  0.9949387949E+00  0.4168193796E+01  0.9787783367E+00
  0.9949894070E+00  0.4168699743E+01  0.9789893103E+00
  0.9950395129E+00  0.4169200310E+01  0.9791981995E+00
  0.9950891178E+00  0.4169695561E+01  0.9794050244E+00
  0.9951382266E+00  0.4170185556E+01  0.9796098053E+00
  0.9951868443E+00  0.4170670357E+01  0.9798125620E+00
  0.9952349759E+00  0.4171150025E+01  0.9800133144E+00
  0.9952826261E+00  0.4171624619E+01  0.9802120820E+00
  0.9953297999E+00  0.4172094198E+01  0.9804088842E+00
  0.9953765019E+00  0.4172556762E+01  0.9806037402E+00
  0.9954227368E+00  0.4173012660E+01  0.9807966688E+00
  0.9954685095E+00  0.4173463127E+01  0.9809876889E+00
  0.9955138244E+00  0.4173908459E+01  0.9811768191E+00
  0.9955586861E+00  0.4174349242E+01  0.9813640778E+00
  0.9956030993E+00  0.4174785524E+01  0.9815494834E+00
  0.9956470683E+00  0.4175217355E+01  0.9817330541E+00
  0.9956905976E+00  0.4175644781E+01  0.9819148078E+00
  0.9957336916E+00  0.4176067848E+01  0.9820947622E+00
  0.9957763547E+00  0.4176486605E+01  0.9822729351E+00
  0.9958185912E+00  0.4176901095E+01  0.9824493438E+00
  0.9958604053E+00  0.4177311365E+01  0.9826240057E+00
  0.9959018012E+00  0.4177717458E+01  0.9827969379E+00
  0.9959427832E+00  0.4178118346E+01  0.9829681573E+00
  0.9959833554E+00  0.4178514840E+01  0.9831376806E+00
  0.9960235218E+00  0.4178907342E+01  0.9833055246E+00
  0.9960632866E+00  0.4179295895E+01  0.9834717057E+00
  0.9961026537E+00  0.4179680538E+01  0.9836362401E+00
  0.9961416272E+00  0.4180061312E+01  0.9837991442E+00
  0.9961802109E+00  0.4180436990E+01  0.9839604338E+00
  0.9962184088E+00  0.4180808797E+01  0.9841201248E+00
  0.9962562247E+00  0.4181176905E+01  0.9842782328E+00
  0.9962936625E+00  0.4181541349E+01  0.9844347735E+00
  0.9963307258E+00  0.4181902166E+01  0.9845897622E+00
  0.9963674186E+00  0.4182259393E+01  0.9847432142E+00
  0.9964037444E+00  0.4182613066E+01  0.9848951446E+00
  0.9964397070E+00  0.4182963219E+01  0.9850455684E+00
  0.9964753099E+00  0.4183309888E+01  0.9851945003E+00
  0.9965105568E+00  0.4183653107E+01  0.9853419551E+00
  0.9965454512E+00  0.4183992911E+01  0.9854879472E+00
  0.9965799967E+00  0.4184329333E+01  0.9856324911E+00
  0.9966141967E+00  0.4184662408E+01  0.9857756010E+00
  0.9966480548E+00  0.4184992168E+01  0.9859172910E+00
  0.9966815742E+00  0.4185318647E+01  0.9860575751E+00
  0.9967147585E+00  0.4185641877E+01  0.9861964672E+00
  0.9967476109E+00  0.4185961891E+01  0.9863339809E+00
  0.9967801348E+00  0.4186278720E+01  0.9864701298E+00
  0.9968123334E+00  0.4186592396E+01  0.9866049274E+00
  0.9968442101E+00  0.4186902951E+01  0.9867383869E+00
  0.9968757680E+00  0.4187210415E+01  0.9868705217E+00
  0.9969070103E+00  0.4187514820E+01  0.9870013446E+00
  0.9969379402E+00  0.4187816195E+01  0.9871308686E+00
  0.9969685608E+00  0.4188114571E+01  0.9872591066E+00
  0.9969988752E+00  0.4188410208E+01  0.9873860713E+00
  0.9970288865E+00  0.4188703522E+01  0.9875117751E+00
  0.9970585976E+00  0.4188993892E+01  0.9876362305E+00
  0.9970880116E+00  0.4189281349E+01  0.9877594499E+00
  0.9971171315E+00  0.4189565921E+01  0.9878814455E+00
  0.9971459602E+00  0.4189847638E+01  0.9880022292E+00
  0.9971745006E+00  0.4190126530E+01  0.9881218131E+00
  0.9972027556E+00  0.4190402624E+01  0.9882402090E+00
  0.9972307280E+00  0.4190675949E+01  0.9883574286E+00
  0.9972584207E+00  0.4190946534E+01  0.9884734836E+00
  0.9972858365E+00  0.4191214406E+01  0.9885883854E+00
  0.9973129782E+00  0.4191479593E+01  0.9887021454E+00
  0.9973398484E+00  0.4191742121E+01  0.9888147749E+00
  0.9973664499E+00  0.4192002019E+01  0.9889262850E+00
  0.9973927854E+00  0.4192259311E+01  0.9890366869E+00
  0.9974188575E+00  0.4192514026E+01  0.9891459914E+00
  0.9974446690E+00  0.4192766189E+01  0.9892542094E+00
  0.9974702223E+00  0.4193015825E+01  0.9893613517E+00
  0.9974955201E+00  0.4193262961E+01  0.9894674288E+00
  0.9975205649E+00  0.4193507622E+01  0.9895724513E+00
  0.9975453592E+00  0.4193749832E+01  0.9896764296E+00
  0.9975699056E+00  0.4193989616E+01  0.9897793740E+00
  0.9975942066E+00  0.4194227000E+01  0.9898812948E+00
  0.9976182645E+00  0.4194462007E+01  0.9899822021E+00
  0.9976420819E+00  0.4194694660E+01  0.9900821058E+00
  0.9976656610E+00  0.4194924985E+01  0.9901810160E+00
  0.9976890044E+00  0.4195152938E+01  0.9902789424E+00
  0.9977121144E+00  0.4195378260E+01  0.9903758948E+00
  0.9977349932E+00  0.4195601340E+01  0.9904718829E+00
  0.9977576433E+00  0.4195822198E+01  0.9905669160E+00
  0.9977800669E+00  0.4196040858E+01  0.9906610038E+00
  0.9978022662E+00  0.4196257341E+01  0.9907541555E+00
  0.9978242435E+00  0.4196471668E+01  0.9908463804E+00
  0.9978460011E+00  0.4196683862E+01  0.9909376877E+00
  0.9978675411E+00  0.4196893943E+01  0.9910280865E+00
  0.9978888657E+00  0.4197101933E+01  0.9911175857E+00
  0.9979099770E+00  0.4197307851E+01  0.9912061944E+00
  0.9979308773E+00  0.4197511719E+01  0.9912939212E+00
  0.9979515685E+00  0.4197713558E+01  0.9913807750E+00
  0.9979720528E+00  0.4197913386E+01  0.9914667643E+00
  0.9979923323E+00  0.4198111224E+01  0.9915518978E+00
  0.9980124089E+00  0.4198307093E+01  0.9916361839E+00
  0.9980322849E+00  0.4198501011E+01  0.9917196310E+00
  0.9980519620E+00  0.4198692997E+01  0.9918022474E+00
  0.9980714424E+00  0.4198883072E+01  0.9918840414E+00
  0.9980907280E+00  0.4199071253E+01  0.9919650211E+00
  0.9981098207E+00  0.4199257561E+01  0.9920451945E+00
  0.9981287225E+00  0.4199442012E+01  0.9921245698E+00
  0.9981474353E+00  0.4199624627E+01  0.9922031547E+00
  0.9981659609E+00  0.4199805422E+01  0.9922809571E+00
  0.9981843013E+00  0.4199984417E+01  0.9923579849E+00
  0.9982024583E+00  0.4200161629E+01  0.9924342455E+00
  0.9982204337E+00  0.4200337075E+01  0.9925097468E+00
  0.9982382294E+00  0.4200510774E+01  0.9925844961E+00
  0.9982558471E+00  0.4200682742E+01  0.9926585010E+00
  0.9982732886E+00  0.4200852997E+01  0.9927317688E+00
  0.9982905557E+00  0.4201021556E+01  0.9928043069E+00
  0.9983076502E+00  0.4201188436E+01  0.9928761224E+00
  0.9983245737E+00  0.4201353653E+01  0.9929472226E+00
  0.9983413279E+00  0.4201517224E+01  0.9930176146E+00
  0.9983579146E+00  0.4201679165E+01  0.9930873053E+00
  0.9983743355E+00  0.4201839493E+01  0.9931563018E+00
  0.9983905921E+00  0.4201998223E+01  0.9932246109E+00
  0.9984066862E+00  0.4202155371E+01  0.9932922394E+00
  0.9984226194E+00  0.4202310954E+01  0.9933591942E+00
  0.9984383932E+00  0.4202464986E+01  0.9934254819E+00
  0.9984540092E+00  0.4202617483E+01  0.9934911090E+00
  0.9984694691E+00  0.4202768461E+01  0.9935560823E+00
  0.9984847744E+00  0.4202917933E+01  0.9936204081E+00
  0.9984999267E+00  0.4203065917E+01  0.9936840929E+00
  0.9985149274E+00  0.4203212367E+01  0.9937471431E+00
  0.9985297782E+00  0.4203357344E+01  0.9938095649E+00
  0.9985444804E+00  0.4203500879E+01  0.9938713646E+00
  0.9985590356E+00  0.4203642985E+01  0.9939325484E+00
  0.9985734452E+00  0.4203783676E+01  0.9939931224E+00
  0.9985877108E+00  0.4203922967E+01  0.9940530927E+00
  0.9986018337E+00  0.4204060872E+01  0.9941124652E+00
  0.9986158153E+00  0.4204197404E+01  0.9941712460E+00
  0.9986296572E+00  0.4204332576E+01  0.9942294408E+00
  0.9986433606E+00  0.4204466403E+01  0.9942870554E+00
  0.9986569270E+00  0.4204598897E+01  0.9943440958E+00
  0.9986703577E+00  0.4204730072E+01  0.9944005675E+00
  0.9986836541E+00  0.4204859941E+01  0.9944564762E+00
  0.9986968176E+00  0.4204988517E+01  0.9945118276E+00
  0.9987098494E+00  0.4205115812E+01  0.9945666271E+00
  0.9987227509E+00  0.4205241839E+01  0.9946208802E+00
  0.9987355234E+00  0.4205366612E+01  0.9946745924E+00
  0.9987481682E+00  0.4205490141E+01  0.9947277691E+00
  0.9987606865E+00  0.4205612440E+01  0.9947804155E+00
  0.9987730796E+00  0.4205733521E+01  0.9948325370E+00
  0.9987853488E+00  0.4205853396E+01  0.9948841387E+00
  0.9987974954E+00  0.4205972077E+01  0.9949352259E+00
  0.9988095204E+00  0.4206089575E+01  0.9949858036E+00
  0.9988214252E+00  0.4206205903E+01  0.9950358769E+00
  0.9988332109E+00  0.4206321072E+01  0.9950854509E+00
  0.9988448788E+00  0.4206435094E+01  0.9951345305E+00
  0.9988564300E+00  0.4206547979E+01  0.9951831205E+00
  0.9988678657E+00  0.4206659739E+01  0.9952312260E+00
  0.9988791871E+00  0.4206770386E+01  0.9952788517E+00
  0.9988903952E+00  0.4206879930E+01  0.9953260023E+00
  0.9989014913E+00  0.4206988383E+01  0.9953726826E+00
  0.9989124764E+00  0.4207095755E+01  0.9954188974E+00
  0.9989233516E+00  0.4207202057E+01  0.9954646511E+00
  0.9989341181E+00  0.4207307299E+01  0.9955099484E+00
  0.9989447769E+00  0.4207411492E+01  0.9955547939E+00
  0.9989553291E+00  0.4207514647E+01  0.9955991920E+00
  0.9989657758E+00  0.4207616773E+01  0.9956431473E+00
  0.9989761181E+00  0.4207717882E+01  0.9956866640E+00
  0.9989863569E+00  0.4207817983E+01  0.9957297465E+00
  0.9989964933E+00  0.4207917085E+01  0.9957723993E+00
  0.9990065284E+00  0.4208015200E+01  0.9958146265E+00
  0.9990164631E+00  0.4208112337E+01  0.9958564324E+00
  0.9990262985E+00  0.4208208505E+01  0.9958978213E+00
  0.9990360355E+00  0.4208303715E+01  0.9959387971E+00
  0.9990456751E+00  0.4208397975E+01  0.9959793641E+00
  0.9990552184E+00  0.4208491295E+01  0.9960195264E+00
  0.9990646662E+00  0.4208583685E+01  0.9960592878E+00
  0.9990740195E+00  0.4208675153E+01  0.9960986526E+00
  0.9990832793E+00  0.4208765710E+01  0.9961376245E+00
  0.9990924466E+00  0.4208855363E+01  0.9961762075E+00
  0.9991015221E+00  0.4208944122E+01  0.9962144056E+00
  0.9991105069E+00  0.4209031997E+01  0.9962522224E+00
  0.9991194018E+00  0.4209118994E+01  0.9962896618E+00
  0.9991282078E+00  0.4209205125E+01  0.9963267276E+00
  0.9991369257E+00  0.4209290396E+01  0.9963634235E+00
  0.9991455564E+00  0.4209374816E+01  0.9963997532E+00
  0.9991541009E+00  0.4209458395E+01  0.9964357203E+00
  0.9991625599E+00  0.4209541140E+01  0.9964713284E+00
  0.9991709343E+00  0.4209623059E+01  0.9965065811E+00
  0.9991792249E+00  0.4209704162E+01  0.9965414820E+00
  0.9991874327E+00  0.4209784455E+01  0.9965760345E+00
  0.9991955584E+00  0.4209863948E+01  0.9966102422E+00
  0.9992036028E+00  0.4209942647E+01  0.9966441084E+00
  0.9992115667E+00  0.4210020562E+01  0.9966776366E+00
  0.9992194511E+00  0.4210097699E+01  0.9967108301E+00
  0.9992272566E+00  0.4210174066E+01  0.9967436923E+00
  0.9992349840E+00  0.4210249672E+01  0.9967762264E+00
  0.9992426342E+00  0.4210324523E+01  0.9968084358E+00
  0.9992502078E+00  0.4210398627E+01  0.9968403236E+00
  0.9992577057E+00  0.4210471992E+01  0.9968718931E+00
  0.9992651287E+00  0.4210544625E+01  0.9969031475E+00
  0.9992724774E+00  0.4210616534E+01  0.9969340898E+00
  0.9992797526E+00  0.4210687724E+01  0.9969647233E+00
  0.9992869551E+00  0.4210758205E+01  0.9969950509E+00
  0.9992940855E+00  0.4210827982E+01  0.9970250757E+00
  0.9993011447E+00  0.4210897063E+01  0.9970548008E+00
  0.9993081332E+00  0.4210965454E+01  0.9970842292E+00
  0.9993150519E+00  0.4211033163E+01  0.9971133637E+00
  0.9993219014E+00  0.4211100196E+01  0.9971422073E+00
  0.9993286824E+00  0.4211166560E+01  0.9971707629E+00
  0.9993353956E+00  0.4211232262E+01  0.9971990334E+00
  0.9993420416E+00  0.4211297308E+01  0.9972270217E+00
  0.9993486212E+00  0.4211361705E+01  0.9972547305E+00
  0.9993551350E+00  0.4211425459E+01  0.9972821626E+00
  0.9993615836E+00  0.4211488577E+01  0.9973093208E+00
  0.9993679678E+00  0.4211551065E+01  0.9973362079E+00
  0.9993742881E+00  0.4211612929E+01  0.9973628264E+00
  0.9993805452E+00  0.4211674175E+01  0.9973891792E+00
  0.9993867398E+00  0.4211734811E+01  0.9974152688E+00
  0.9993928724E+00  0.4211794841E+01  0.9974410979E+00
  0.9993989436E+00  0.4211854271E+01  0.9974666690E+00
  0.9994049542E+00  0.4211913109E+01  0.9974919848E+00
  0.9994109047E+00  0.4211971359E+01  0.9975170478E+00
  0.9994167956E+00  0.4212029028E+01  0.9975418605E+00
  0.9994226277E+00  0.4212086121E+01  0.9975664254E+00
  0.9994284014E+00  0.4212142644E+01  0.9975907450E+00
  0.9994341174E+00  0.4212198602E+01  0.9976148217E+00
  0.9994397762E+00  0.4212254003E+01  0.9976386579E+00
  0.9994453784E+00  0.4212308849E+01  0.9976622561E+00
  0.9994509247E+00  0.4212363149E+01  0.9976856187E+00
  0.9994564154E+00  0.4212416906E+01  0.9977087479E+00
  0.9994618513E+00  0.4212470127E+01  0.9977316460E+00
  0.9994672327E+00  0.4212522816E+01  0.9977543155E+00
  0.9994725604E+00  0.4212574979E+01  0.9977767586E+00
  0.9994778348E+00  0.4212626621E+01  0.9977989775E+00
  0.9994830565E+00  0.4212677748E+01  0.9978209746E+00
  0.9994882259E+00  0.4212728364E+01  0.9978427518E+00
  0.9994933436E+00  0.4212778474E+01  0.9978643116E+00
  0.9994984102E+00  0.4212828085E+01  0.9978856561E+00
  0.9995034261E+00  0.4212877200E+01  0.9979067873E+00
  0.9995083918E+00  0.4212925824E+01  0.9979277075E+00
  0.9995133079E+00  0.4212973963E+01  0.9979484187E+00
  0.9995181748E+00  0.4213021621E+01  0.9979689230E+00
  0.9995229931E+00  0.4213068804E+01  0.9979892225E+00
  0.9995277632E+00  0.4213115515E+01  0.9980093193E+00
  0.9995324855E+00  0.4213161759E+01  0.9980292152E+00
  0.9995371607E+00  0.4213207542E+01  0.9980489125E+00
  0.9995417891E+00  0.4213252868E+01  0.9980684130E+00
  0.9995463712E+00  0.4213297741E+01  0.9980877187E+00
  0.9995509075E+00  0.4213342165E+01  0.9981068315E+00
  0.9995553984E+00  0.4213386147E+01  0.9981257534E+00
  0.9995598444E+00  0.4213429688E+01  0.9981444863E+00
  0.9995642460E+00  0.4213472795E+01  0.9981630320E+00
  0.9995686035E+00  0.4213515472E+01  0.9981813925E+00
  0.9995729175E+00  0.4213557722E+01  0.9981995695E+00
  0.9995771883E+00  0.4213599550E+01  0.9982175650E+00
  0.9995814164E+00  0.4213640961E+01  0.9982353807E+00
  0.9995856022E+00  0.4213681958E+01  0.9982530184E+00
  0.9995897462E+00  0.4213722545E+01  0.9982704799E+00
  0.9995938488E+00  0.4213762727E+01  0.9982877669E+00
  0.9995979103E+00  0.4213802508E+01  0.9983048812E+00
  0.9996019312E+00  0.4213841891E+01  0.9983218246E+00
  0.9996059119E+00  0.4213880881E+01  0.9983385987E+00
  0.9996098527E+00  0.4213919481E+01  0.9983552051E+00
  0.9996137542E+00  0.4213957696E+01  0.9983716457E+00
  0.9996176167E+00  0.4213995529E+01  0.9983879220E+00
  0.9996214405E+00  0.4214032985E+01  0.9984040357E+00
  0.9996252261E+00  0.4214070066E+01  0.9984199884E+00
  0.9996289738E+00  0.4214106776E+01  0.9984357817E+00
  0.9996326841E+00  0.4214143120E+01  0.9984514172E+00
  0.9996363573E+00  0.4214179101E+01  0.9984668965E+00
  0.9996399937E+00  0.4214214722E+01  0.9984822211E+00
  0.9996435938E+00  0.4214249988E+01  0.9984973926E+00
  0.9996471578E+00  0.4214284901E+01  0.9985124125E+00
  0.9996506862E+00  0.4214319466E+01  0.9985272824E+00
  0.9996541794E+00  0.4214353685E+01  0.9985420036E+00
  0.9996576376E+00  0.4214387562E+01  0.9985565778E+00
  0.9996610612E+00  0.4214421101E+01  0.9985710063E+00
  0.9996644506E+00  0.4214454305E+01  0.9985852907E+00
  0.9996678400E+00  0.4214487509E+01  0.9985995751E+00
  0.9996712294E+00  0.4214520714E+01  0.9986138597E+00
  0.9996746188E+00  0.4214553918E+01  0.9986281444E+00
  0.9996780081E+00  0.4214587123E+01  0.9986424293E+00
  0.9996813975E+00  0.4214620329E+01  0.9986567142E+00
  0.9996847869E+00  0.4214653535E+01  0.9986709992E+00
  0.9996881763E+00  0.4214686741E+01  0.9986852844E+00
  0.9996915657E+00  0.4214719947E+01  0.9986995696E+00
  0.9996949551E+00  0.4214753154E+01  0.9987138550E+00
  0.9996983445E+00  0.4214786361E+01  0.9987281405E+00
  0.9997017339E+00  0.4214819568E+01  0.9987424261E+00
  0.9997051232E+00  0.4214852776E+01  0.9987567118E+00
  0.9997085126E+00  0.4214885984E+01  0.9987709977E+00
  0.9997119020E+00  0.4214919192E+01  0.9987852836E+00
  0.9997152914E+00  0.4214952401E+01  0.9987995696E+00
  0.9997186808E+00  0.4214985610E+01  0.9988138558E+00
  0.9997220702E+00  0.4215018819E+01  0.9988281421E+00
  0.9997254596E+00  0.4215052028E+01  0.9988424285E+00
  0.9997288490E+00  0.4215085238E+01  0.9988567150E+00
  0.9997322384E+00  0.4215118448E+01  0.9988710016E+00
  0.9997356277E+00  0.4215151659E+01  0.9988852883E+00
  0.9997390171E+00  0.4215184870E+01  0.9988995752E+00
  0.9997424065E+00  0.4215218081E+01  0.9989138621E+00
  0.9997457959E+00  0.4215251292E+01  0.9989281492E+00
  0.9997491853E+00  0.4215284504E+01  0.9989424364E+00
  0.9997525747E+00  0.4215317716E+01  0.9989567237E+00
  0.9997559641E+00  0.4215350929E+01  0.9989710111E+00
  0.9997593535E+00  0.4215384141E+01  0.9989852986E+00
  0.9997627428E+00  0.4215417354E+01  0.9989995862E+00
  0.9997661322E+00  0.4215450568E+01  0.9990138739E+00
  0.9997695216E+00  0.4215483781E+01  0.9990281618E+00
  0.9997729110E+00  0.4215516995E+01  0.9990424498E+00
  0.9997763004E+00  0.4215550210E+01  0.9990567378E+00
  0.9997796898E+00  0.4215583424E+01  0.9990710260E+00
  0.9997830792E+00  0.4215616639E+01  0.9990853143E+00
  0.9997864686E+00  0.4215649855E+01  0.9990996028E+00
  0.9997898579E+00  0.4215683070E+01  0.9991138913E+00
  0.9997932473E+00  0.4215716286E+01  0.9991281799E+00
  0.9997966367E+00  0.4215749502E+01  0.9991424687E+00
  0.9998000261E+00  0.4215782719E+01  0.9991567575E+00
  0.9998034155E+00  0.4215815935E+01  0.9991710465E+00
  0.9998068049E+00  0.4215849153E+01  0.9991853356E+00
  0.9998101943E+00  0.4215882370E+01  0.9991996248E+00
  0.9998135837E+00  0.4215915588E+01  0.9992139141E+00
  0.9998169731E+00  0.4215948806E+01  0.9992282036E+00
  0.9998203624E+00  0.4215982024E+01  0.9992424931E+00
  0.9998237518E+00  0.4216015243E+01  0.9992567828E+00
  0.9998271412E+00  0.4216048462E+01  0.9992710725E+00
  0.9998305306E+00  0.4216081681E+01  0.9992853624E+00
  0.9998339200E+00  0.4216114901E+01  0.9992996524E+00
  0.9998373094E+00  0.4216148121E+01  0.9993139425E+00
  0.9998406988E+00  0.4216181341E+01  0.9993282327E+00
  0.9998440882E+00  0.4216214562E+01  0.9993425231E+00
  0.9998474775E+00  0.4216247783E+01  0.9993568135E+00
  0.9998508669E+00  0.4216281004E+01  0.9993711041E+00
  0.9998542563E+00  0.4216314225E+01  0.9993853947E+00
  0.9998576457E+00  0.4216347447E+01  0.9993996855E+00
  0.9998610351E+00  0.4216380669E+01  0.9994139764E+00
  0.9998644245E+00  0.4216413892E+01  0.9994282674E+00
  0.9998678139E+00  0.4216447115E+01  0.9994425585E+00
  0.9998712033E+00  0.4216480338E+01  0.9994568498E+00
  0.9998745926E+00  0.4216513561E+01  0.9994711411E+00
  0.9998779820E+00  0.4216546785E+01  0.9994854326E+00
  0.9998813714E+00  0.4216580009E+01  0.9994997241E+00
  0.9998847608E+00  0.4216613233E+01  0.9995140158E+00
  0.9998881502E+00  0.4216646458E+01  0.9995283076E+00
  0.9998915396E+00  0.4216679683E+01  0.9995425995E+00
  0.9998949290E+00  0.4216712908E+01  0.9995568915E+00
  0.9998983184E+00  0.4216746133E+01  0.9995711837E+00
  0.9999017077E+00  0.4216779359E+01  0.9995854759E+00
  0.9999050971E+00  0.4216812585E+01  0.9995997683E+00
  0.9999084865E+00  0.4216845812E+01  0.9996140607E+00
  0.9999118759E+00  0.4216879039E+01  0.9996283533E+00
  0.9999152653E+00  0.4216912266E+01  0.9996426460E+00
  0.9999186547E+00  0.4216945493E+01  0.9996569388E+00
  0.9999220441E+00  0.4216978721E+01  0.9996712317E+00
  0.9999254335E+00  0.4217011949E+01  0.9996855248E+00
  0.9999288229E+00  0.4217045177E+01  0.9996998179E+00
  0.9999322122E+00  0.4217078406E+01  0.9997141112E+00
  0.9999356016E+00  0.4217111635E+01  0.9997284045E+00
  0.9999389910E+00  0.4217144864E+01  0.9997426980E+00
  0.9999423804E+00  0.4217178094E+01  0.9997569916E+00
  0.9999457698E+00  0.4217211324E+01  0.9997712853E+00
  0.9999491592E+00  0.4217244554E+01  0.9997855792E+00
  0.9999525486E+00  0.4217277784E+01  0.9997998731E+00
  0.9999559380E+00  0.4217311015E+01  0.9998141671E+00
  0.9999593273E+00  0.4217344246E+01  0.9998284613E+00
  0.9999627167E+00  0.4217377478E+01  0.9998427556E+00
  0.9999661061E+00  0.4217410710E+01  0.9998570500E+00
  0.9999694955E+00  0.4217443942E+01  0.9998713445E+00
  0.9999728849E+00  0.4217477174E+01  0.9998856391E+00
  0.9999762743E+00  0.4217510407E+01  0.9998999338E+00
  0.9999796637E+00  0.4217543640E+01  0.9999142286E+00
  0.9999830531E+00  0.4217576873E+01  0.9999285236E+00
  0.9999864424E+00  0.4217610106E+01  0.9999428186E+00
  0.9999898318E+00  0.4217643340E+01  0.9999571138E+00
  0.9999932212E+00  0.4217676574E+01  0.9999714091E+00
  0.9999966106E+00  0.4217709809E+01  0.9999857045E+00
  0.1000000000E+01  0.4217742633E+01  0.1000000000E+01
  0.1000000000E+01  0.4217742633E+01  0.1000000000E+01
