  0.0000000000E+00  0.4217743141E+01 -0.1000000000E+01
  0.6996492144E-18  0.4217743141E+01 -0.1000000000E+01
  0.3389387958E-05  0.4217688614E+01 -0.9999857045E+00
  0.6778775916E-05  0.4217634088E+01 -0.9999714092E+00
  0.1016816387E-04  0.4217579562E+01 -0.9999571141E+00
  0.1355755183E-04  0.4217525036E+01 -0.9999428192E+00
  0.1694693979E-04  0.4217470510E+01 -0.9999285245E+00
  0.2033632775E-04  0.4217415985E+01 -0.9999142299E+00
  0.2372571571E-04  0.4217361460E+01 -0.9998999356E+00
  0.2711510367E-04  0.4217306935E+01 -0.9998856414E+00
  0.3050449162E-04  0.4217252411E+01 -0.9998713474E+00
  0.3389387958E-04  0.4217197887E+01 -0.9998570536E+00
  0.3728326754E-04  0.4217143363E+01 -0.9998427599E+00
  0.4067265550E-04  0.4217088840E+01 -0.9998284665E+00
  0.4406204346E-04  0.4217034317E+01 -0.9998141732E+00
  0.4745143141E-04  0.4216979794E+01 -0.9997998802E+00
  0.5084081937E-04  0.4216925272E+01 -0.9997855873E+00
  0.5423020733E-04  0.4216870749E+01 -0.9997712946E+00
  0.5761959529E-04  0.4216816227E+01 -0.9997570021E+00
  0.6100898325E-04  0.4216761706E+01 -0.9997427097E+00
  0.6439837120E-04  0.4216707185E+01 -0.9997284176E+00
  0.6778775916E-04  0.4216652664E+01 -0.9997141256E+00
  0.7117714712E-04  0.4216598143E+01 -0.9996998338E+00
  0.7456653508E-04  0.4216543623E+01 -0.9996855422E+00
  0.7795592304E-04  0.4216489103E+01 -0.9996712508E+00
  0.8134531100E-04  0.4216434583E+01 -0.9996569596E+00
  0.8473469895E-04  0.4216380063E+01 -0.9996426686E+00
  0.8812408691E-04  0.4216325544E+01 -0.9996283777E+00
  0.9151347487E-04  0.4216271025E+01 -0.9996140870E+00
  0.9490286283E-04  0.4216216507E+01 -0.9995997965E+00
  0.9829225079E-04  0.4216161989E+01 -0.9995855062E+00
  0.1016816387E-03  0.4216107471E+01 -0.9995712161E+00
  0.1050710267E-03  0.4216052953E+01 -0.9995569262E+00
  0.1084604147E-03  0.4215998436E+01 -0.9995426364E+00
  0.1118498026E-03  0.4215943919E+01 -0.9995283469E+00
  0.1152391906E-03  0.4215889402E+01 -0.9995140575E+00
  0.1186285785E-03  0.4215834886E+01 -0.9994997683E+00
  0.1220179665E-03  0.4215780370E+01 -0.9994854793E+00
  0.1254073545E-03  0.4215725854E+01 -0.9994711905E+00
  0.1287967424E-03  0.4215671339E+01 -0.9994569018E+00
  0.1321861304E-03  0.4215616824E+01 -0.9994426134E+00
  0.1355755183E-03  0.4215562309E+01 -0.9994283251E+00
  0.1389649063E-03  0.4215507794E+01 -0.9994140370E+00
  0.1423542942E-03  0.4215453280E+01 -0.9993997491E+00
  0.1457436822E-03  0.4215398766E+01 -0.9993854614E+00
  0.1491330702E-03  0.4215344253E+01 -0.9993711739E+00
  0.1525224581E-03  0.4215289739E+01 -0.9993568866E+00
  0.1559118461E-03  0.4215235226E+01 -0.9993425994E+00
  0.1593012340E-03  0.4215180714E+01 -0.9993283124E+00
  0.1626906220E-03  0.4215126201E+01 -0.9993140256E+00
  0.1660800099E-03  0.4215071689E+01 -0.9992997390E+00
  0.1694693979E-03  0.4215017177E+01 -0.9992854526E+00
  0.1728587859E-03  0.4214962666E+01 -0.9992711664E+00
  0.1762481738E-03  0.4214908155E+01 -0.9992568803E+00
  0.1796375618E-03  0.4214853644E+01 -0.9992425944E+00
  0.1830269497E-03  0.4214799134E+01 -0.9992283088E+00
  0.1864163377E-03  0.4214744623E+01 -0.9992140233E+00
  0.1898057257E-03  0.4214690113E+01 -0.9991997380E+00
  0.1931951136E-03  0.4214635604E+01 -0.9991854528E+00
  0.1965845016E-03  0.4214581095E+01 -0.9991711679E+00
  0.1999738895E-03  0.4214526586E+01 -0.9991568831E+00
  0.2033632775E-03  0.4214472077E+01 -0.9991425986E+00
  0.2067526654E-03  0.4214417569E+01 -0.9991283142E+00
  0.2101420534E-03  0.4214363060E+01 -0.9991140300E+00
  0.2135314414E-03  0.4214308553E+01 -0.9990997459E+00
  0.2169208293E-03  0.4214254045E+01 -0.9990854621E+00
  0.2203102173E-03  0.4214199538E+01 -0.9990711785E+00
  0.2236996052E-03  0.4214145031E+01 -0.9990568950E+00
  0.2270889932E-03  0.4214090525E+01 -0.9990426117E+00
  0.2304783812E-03  0.4214036019E+01 -0.9990283286E+00
  0.2338677691E-03  0.4213981513E+01 -0.9990140457E+00
  0.2372571571E-03  0.4213927007E+01 -0.9989997630E+00
  0.2406465450E-03  0.4213872502E+01 -0.9989854804E+00
  0.2440359330E-03  0.4213817997E+01 -0.9989711981E+00
  0.2474253209E-03  0.4213763492E+01 -0.9989569159E+00
  0.2508147089E-03  0.4213708988E+01 -0.9989426339E+00
  0.2542040969E-03  0.4213654484E+01 -0.9989283521E+00
  0.2575934848E-03  0.4213599980E+01 -0.9989140705E+00
  0.2609828728E-03  0.4213545477E+01 -0.9988997891E+00
  0.2643722607E-03  0.4213490974E+01 -0.9988855078E+00
  0.2677616487E-03  0.4213436471E+01 -0.9988712268E+00
  0.2711510367E-03  0.4213381968E+01 -0.9988569459E+00
  0.2745404246E-03  0.4213327466E+01 -0.9988426652E+00
  0.2779298126E-03  0.4213272964E+01 -0.9988283847E+00
  0.2813192005E-03  0.4213218463E+01 -0.9988141044E+00
  0.2847085885E-03  0.4213163962E+01 -0.9987998242E+00
  0.2880979764E-03  0.4213109461E+01 -0.9987855443E+00
  0.2914873644E-03  0.4213054960E+01 -0.9987712645E+00
  0.2948767524E-03  0.4213000460E+01 -0.9987569849E+00
  0.2982661403E-03  0.4212945960E+01 -0.9987427055E+00
  0.3016555283E-03  0.4212891460E+01 -0.9987284263E+00
  0.3050449162E-03  0.4212836961E+01 -0.9987141473E+00
  0.3084343042E-03  0.4212782461E+01 -0.9986998684E+00
  0.3118236921E-03  0.4212727963E+01 -0.9986855898E+00
  0.3152130801E-03  0.4212673464E+01 -0.9986713113E+00
  0.3186024681E-03  0.4212618966E+01 -0.9986570330E+00
  0.3219918560E-03  0.4212564468E+01 -0.9986427549E+00
  0.3253812440E-03  0.4212509971E+01 -0.9986284770E+00
  0.3287706319E-03  0.4212455473E+01 -0.9986141992E+00
  0.3321600199E-03  0.4212400977E+01 -0.9985999217E+00
  0.3355494079E-03  0.4212346480E+01 -0.9985856443E+00
  0.3389387958E-03  0.4212291984E+01 -0.9985713671E+00
  0.3423624200E-03  0.4212236937E+01 -0.9985569459E+00
  0.3458206263E-03  0.4212181335E+01 -0.9985423792E+00
  0.3493137639E-03  0.4212125172E+01 -0.9985276656E+00
  0.3528421858E-03  0.4212068441E+01 -0.9985128035E+00
  0.3564062483E-03  0.4212011138E+01 -0.9984977916E+00
  0.3600063114E-03  0.4211953256E+01 -0.9984826282E+00
  0.3636427388E-03  0.4211894790E+01 -0.9984673118E+00
  0.3673158977E-03  0.4211835734E+01 -0.9984518409E+00
  0.3710261593E-03  0.4211776082E+01 -0.9984362140E+00
  0.3747738983E-03  0.4211715828E+01 -0.9984204295E+00
  0.3785594932E-03  0.4211654965E+01 -0.9984044858E+00
  0.3823833265E-03  0.4211593488E+01 -0.9983883812E+00
  0.3862457844E-03  0.4211531390E+01 -0.9983721143E+00
  0.3901472569E-03  0.4211468666E+01 -0.9983556832E+00
  0.3940881383E-03  0.4211405308E+01 -0.9983390864E+00
  0.3980688266E-03  0.4211341311E+01 -0.9983223223E+00
  0.4020897238E-03  0.4211276668E+01 -0.9983053890E+00
  0.4061512362E-03  0.4211211372E+01 -0.9982882850E+00
  0.4102537739E-03  0.4211145417E+01 -0.9982710085E+00
  0.4143977514E-03  0.4211078797E+01 -0.9982535577E+00
  0.4185835873E-03  0.4211011504E+01 -0.9982359310E+00
  0.4228117043E-03  0.4210943531E+01 -0.9982181265E+00
  0.4270825296E-03  0.4210874873E+01 -0.9982001424E+00
  0.4313964946E-03  0.4210805522E+01 -0.9981819770E+00
  0.4357540349E-03  0.4210735470E+01 -0.9981636284E+00
  0.4401555908E-03  0.4210664712E+01 -0.9981450948E+00
  0.4446016069E-03  0.4210593239E+01 -0.9981263742E+00
  0.4490925322E-03  0.4210521045E+01 -0.9981074649E+00
  0.4536288204E-03  0.4210448122E+01 -0.9980883650E+00
  0.4582109297E-03  0.4210374464E+01 -0.9980690724E+00
  0.4628393230E-03  0.4210300061E+01 -0.9980495853E+00
  0.4675144676E-03  0.4210224908E+01 -0.9980299017E+00
  0.4722368360E-03  0.4210148997E+01 -0.9980100197E+00
  0.4770069051E-03  0.4210072319E+01 -0.9979899372E+00
  0.4818251566E-03  0.4209994867E+01 -0.9979696522E+00
  0.4866920774E-03  0.4209916634E+01 -0.9979491626E+00
  0.4916081590E-03  0.4209837611E+01 -0.9979284665E+00
  0.4965738980E-03  0.4209757790E+01 -0.9979075618E+00
  0.5015897959E-03  0.4209677164E+01 -0.9978864463E+00
  0.5066563595E-03  0.4209595724E+01 -0.9978651179E+00
  0.5117741005E-03  0.4209513462E+01 -0.9978435745E+00
  0.5169435359E-03  0.4209430370E+01 -0.9978218139E+00
  0.5221651878E-03  0.4209346440E+01 -0.9977998339E+00
  0.5274395836E-03  0.4209261662E+01 -0.9977776324E+00
  0.5327672562E-03  0.4209176029E+01 -0.9977552070E+00
  0.5381487436E-03  0.4209089532E+01 -0.9977325556E+00
  0.5435845895E-03  0.4209002161E+01 -0.9977096759E+00
  0.5490753429E-03  0.4208913909E+01 -0.9976865656E+00
  0.5546215585E-03  0.4208824767E+01 -0.9976632223E+00
  0.5602237965E-03  0.4208734725E+01 -0.9976396437E+00
  0.5658826227E-03  0.4208643774E+01 -0.9976158274E+00
  0.5715986088E-03  0.4208551905E+01 -0.9975917712E+00
  0.5773723321E-03  0.4208459110E+01 -0.9975674724E+00
  0.5832043759E-03  0.4208365377E+01 -0.9975429288E+00
  0.5890953291E-03  0.4208270699E+01 -0.9975181378E+00
  0.5950457870E-03  0.4208175066E+01 -0.9974930969E+00
  0.6010563505E-03  0.4208078468E+01 -0.9974678037E+00
  0.6071276268E-03  0.4207980895E+01 -0.9974422556E+00
  0.6132602291E-03  0.4207882337E+01 -0.9974164500E+00
  0.6194547769E-03  0.4207782785E+01 -0.9973903844E+00
  0.6257118958E-03  0.4207682228E+01 -0.9973640561E+00
  0.6320322180E-03  0.4207580657E+01 -0.9973374625E+00
  0.6384163818E-03  0.4207478061E+01 -0.9973106010E+00
  0.6448650321E-03  0.4207374430E+01 -0.9972834687E+00
  0.6513788203E-03  0.4207269753E+01 -0.9972560631E+00
  0.6579584044E-03  0.4207164020E+01 -0.9972283814E+00
  0.6646044489E-03  0.4207057220E+01 -0.9972004208E+00
  0.6713176251E-03  0.4206949342E+01 -0.9971721784E+00
  0.6780986112E-03  0.4206840376E+01 -0.9971436515E+00
  0.6849480921E-03  0.4206730311E+01 -0.9971148372E+00
  0.6918667597E-03  0.4206619135E+01 -0.9970857326E+00
  0.6988553129E-03  0.4206506838E+01 -0.9970563348E+00
  0.7059144575E-03  0.4206393407E+01 -0.9970266409E+00
  0.7130449065E-03  0.4206278833E+01 -0.9969966478E+00
  0.7202473803E-03  0.4206163102E+01 -0.9969663526E+00
  0.7275226064E-03  0.4206046204E+01 -0.9969357523E+00
  0.7348713196E-03  0.4205928126E+01 -0.9969048437E+00
  0.7422942622E-03  0.4205808858E+01 -0.9968736238E+00
  0.7497921840E-03  0.4205688386E+01 -0.9968420894E+00
  0.7573658425E-03  0.4205566699E+01 -0.9968102374E+00
  0.7650160025E-03  0.4205443784E+01 -0.9967780646E+00
  0.7727434369E-03  0.4205319629E+01 -0.9967455678E+00
  0.7805489261E-03  0.4205194222E+01 -0.9967127437E+00
  0.7884332587E-03  0.4205067550E+01 -0.9966795891E+00
  0.7963972310E-03  0.4204939600E+01 -0.9966461005E+00
  0.8044416475E-03  0.4204810359E+01 -0.9966122748E+00
  0.8125673207E-03  0.4204679815E+01 -0.9965781084E+00
  0.8207750714E-03  0.4204547954E+01 -0.9965435980E+00
  0.8290657287E-03  0.4204414763E+01 -0.9965087400E+00
  0.8374401300E-03  0.4204280228E+01 -0.9964735312E+00
  0.8458991212E-03  0.4204144337E+01 -0.9964379678E+00
  0.8544435568E-03  0.4204007074E+01 -0.9964020463E+00
  0.8630742998E-03  0.4203868428E+01 -0.9963657632E+00
  0.8717922220E-03  0.4203728383E+01 -0.9963291148E+00
  0.8805982040E-03  0.4203586926E+01 -0.9962920975E+00
  0.8894931354E-03  0.4203444041E+01 -0.9962547075E+00
  0.8984779145E-03  0.4203299716E+01 -0.9962169411E+00
  0.9075534490E-03  0.4203153935E+01 -0.9961787946E+00
  0.9167206556E-03  0.4203006684E+01 -0.9961402641E+00
  0.9259804602E-03  0.4202857948E+01 -0.9961013458E+00
  0.9353337982E-03  0.4202707713E+01 -0.9960620357E+00
  0.9447816143E-03  0.4202555961E+01 -0.9960223300E+00
  0.9543248629E-03  0.4202402680E+01 -0.9959822247E+00
  0.9639645080E-03  0.4202247853E+01 -0.9959417158E+00
  0.9737015233E-03  0.4202091465E+01 -0.9959007992E+00
  0.9835368922E-03  0.4201933499E+01 -0.9958594709E+00
  0.9934716083E-03  0.4201773941E+01 -0.9958177266E+00
  0.1003506675E-02  0.4201612774E+01 -0.9957755624E+00
  0.1013643106E-02  0.4201449981E+01 -0.9957329738E+00
  0.1023881925E-02  0.4201285548E+01 -0.9956899568E+00
  0.1034224167E-02  0.4201119456E+01 -0.9956465069E+00
  0.1044670876E-02  0.4200951689E+01 -0.9956026199E+00
  0.1055223107E-02  0.4200782231E+01 -0.9955582914E+00
  0.1065881926E-02  0.4200611065E+01 -0.9955135169E+00
  0.1076648410E-02  0.4200438172E+01 -0.9954682921E+00
  0.1087523647E-02  0.4200263537E+01 -0.9954226123E+00
  0.1098508734E-02  0.4200087141E+01 -0.9953764730E+00
  0.1109604782E-02  0.4199908967E+01 -0.9953298696E+00
  0.1120812911E-02  0.4199728996E+01 -0.9952827975E+00
  0.1132134253E-02  0.4199547211E+01 -0.9952352519E+00
  0.1143569953E-02  0.4199363593E+01 -0.9951872282E+00
  0.1155121165E-02  0.4199178125E+01 -0.9951387216E+00
  0.1166789055E-02  0.4198990786E+01 -0.9950897271E+00
  0.1178574803E-02  0.4198801560E+01 -0.9950402400E+00
  0.1190479599E-02  0.4198610426E+01 -0.9949902552E+00
  0.1202504646E-02  0.4198417365E+01 -0.9949397679E+00
  0.1214651157E-02  0.4198222358E+01 -0.9948887730E+00
  0.1226920361E-02  0.4198025386E+01 -0.9948372653E+00
  0.1239313496E-02  0.4197826428E+01 -0.9947852399E+00
  0.1251831814E-02  0.4197625465E+01 -0.9947326914E+00
  0.1264476580E-02  0.4197422477E+01 -0.9946796147E+00
  0.1277249070E-02  0.4197217443E+01 -0.9946260045E+00
  0.1290150576E-02  0.4197010342E+01 -0.9945718554E+00
  0.1303182400E-02  0.4196801154E+01 -0.9945171620E+00
  0.1316345859E-02  0.4196589858E+01 -0.9944619190E+00
  0.1329642282E-02  0.4196376433E+01 -0.9944061208E+00
  0.1343073012E-02  0.4196160857E+01 -0.9943497618E+00
  0.1356639406E-02  0.4195943108E+01 -0.9942928365E+00
  0.1370342834E-02  0.4195723165E+01 -0.9942353392E+00
  0.1384184681E-02  0.4195501006E+01 -0.9941772642E+00
  0.1398166344E-02  0.4195276609E+01 -0.9941186057E+00
  0.1412289237E-02  0.4195049950E+01 -0.9940593579E+00
  0.1426554785E-02  0.4194821008E+01 -0.9939995148E+00
  0.1440964429E-02  0.4194589759E+01 -0.9939390706E+00
  0.1455519625E-02  0.4194356180E+01 -0.9938780192E+00
  0.1470221844E-02  0.4194120248E+01 -0.9938163546E+00
  0.1485072569E-02  0.4193881938E+01 -0.9937540707E+00
  0.1500073302E-02  0.4193641228E+01 -0.9936911612E+00
  0.1515225558E-02  0.4193398093E+01 -0.9936276199E+00
  0.1530530867E-02  0.4193152509E+01 -0.9935634405E+00
  0.1545990774E-02  0.4192904451E+01 -0.9934986167E+00
  0.1561606843E-02  0.4192653894E+01 -0.9934331419E+00
  0.1577380649E-02  0.4192400813E+01 -0.9933670098E+00
  0.1593313787E-02  0.4192145183E+01 -0.9933002138E+00
  0.1609407866E-02  0.4191886978E+01 -0.9932327471E+00
  0.1625664511E-02  0.4191626173E+01 -0.9931646032E+00
  0.1642085364E-02  0.4191362741E+01 -0.9930957753E+00
  0.1658672085E-02  0.4191096655E+01 -0.9930262566E+00
  0.1675426349E-02  0.4190827890E+01 -0.9929560401E+00
  0.1692349847E-02  0.4190556419E+01 -0.9928851189E+00
  0.1709444290E-02  0.4190282213E+01 -0.9928134860E+00
  0.1726711404E-02  0.4190005246E+01 -0.9927411343E+00
  0.1744152934E-02  0.4189725490E+01 -0.9926680567E+00
  0.1761770640E-02  0.4189442917E+01 -0.9925942458E+00
  0.1779566303E-02  0.4189157499E+01 -0.9925196944E+00
  0.1797541720E-02  0.4188869207E+01 -0.9924443952E+00
  0.1815698707E-02  0.4188578013E+01 -0.9923683406E+00
  0.1834039098E-02  0.4188283886E+01 -0.9922915231E+00
  0.1852564746E-02  0.4187986799E+01 -0.9922139352E+00
  0.1871277521E-02  0.4187686720E+01 -0.9921355691E+00
  0.1890179314E-02  0.4187383621E+01 -0.9920564172E+00
  0.1909272034E-02  0.4187077471E+01 -0.9919764716E+00
  0.1928557610E-02  0.4186768239E+01 -0.9918957244E+00
  0.1948037990E-02  0.4186455894E+01 -0.9918141676E+00
  0.1967715142E-02  0.4186140405E+01 -0.9917317932E+00
  0.1987591052E-02  0.4185821741E+01 -0.9916485930E+00
  0.2007667730E-02  0.4185499869E+01 -0.9915645588E+00
  0.2027947202E-02  0.4185174758E+01 -0.9914796824E+00
  0.2048431517E-02  0.4184846376E+01 -0.9913939553E+00
  0.2069122744E-02  0.4184514688E+01 -0.9913073691E+00
  0.2090022974E-02  0.4184179663E+01 -0.9912199153E+00
  0.2111134317E-02  0.4183841267E+01 -0.9911315852E+00
  0.2132458906E-02  0.4183499465E+01 -0.9910423702E+00
  0.2153998895E-02  0.4183154225E+01 -0.9909522614E+00
  0.2175756460E-02  0.4182805511E+01 -0.9908612499E+00
  0.2197733798E-02  0.4182453288E+01 -0.9907693268E+00
  0.2219933129E-02  0.4182097522E+01 -0.9906764831E+00
  0.2242356696E-02  0.4181738177E+01 -0.9905827096E+00
  0.2265006764E-02  0.4181375217E+01 -0.9904879971E+00
  0.2287885620E-02  0.4181008606E+01 -0.9903923362E+00
  0.2310995576E-02  0.4180638307E+01 -0.9902957175E+00
  0.2334338965E-02  0.4180264284E+01 -0.9901981316E+00
  0.2357918147E-02  0.4179886499E+01 -0.9900995689E+00
  0.2381735502E-02  0.4179504915E+01 -0.9900000196E+00
  0.2405793436E-02  0.4179119493E+01 -0.9898994740E+00
  0.2430094380E-02  0.4178730195E+01 -0.9897979221E+00
  0.2454640788E-02  0.4178336982E+01 -0.9896953542E+00
  0.2479435139E-02  0.4177939816E+01 -0.9895917599E+00
  0.2504479939E-02  0.4177538656E+01 -0.9894871293E+00
  0.2529777716E-02  0.4177133463E+01 -0.9893814520E+00
  0.2555331026E-02  0.4176724196E+01 -0.9892747176E+00
  0.2581142450E-02  0.4176310814E+01 -0.9891669157E+00
  0.2607214596E-02  0.4175893277E+01 -0.9890580358E+00
  0.2633550097E-02  0.4175471543E+01 -0.9889480671E+00
  0.2660151614E-02  0.4175045570E+01 -0.9888369989E+00
  0.2687021832E-02  0.4174615315E+01 -0.9887248203E+00
  0.2714163467E-02  0.4174180736E+01 -0.9886115203E+00
  0.2741579259E-02  0.4173742070E+01 -0.9884970879E+00
  0.2769271979E-02  0.4173299301E+01 -0.9883815117E+00
  0.2797244423E-02  0.4172852101E+01 -0.9882647806E+00
  0.2825499417E-02  0.4172400426E+01 -0.9881468831E+00
  0.2854039815E-02  0.4171944231E+01 -0.9880278076E+00
  0.2882868500E-02  0.4171483472E+01 -0.9879075426E+00
  0.2911988384E-02  0.4171018104E+01 -0.9877860762E+00
  0.2941402408E-02  0.4170548081E+01 -0.9876633967E+00
  0.2971113544E-02  0.4170073357E+01 -0.9875394921E+00
  0.3001124792E-02  0.4169593887E+01 -0.9874143501E+00
  0.3031439184E-02  0.4169109624E+01 -0.9872879588E+00
  0.3062059781E-02  0.4168620442E+01 -0.9871603056E+00
  0.3092989678E-02  0.4168125559E+01 -0.9870313783E+00
  0.3124231998E-02  0.4167625703E+01 -0.9869011642E+00
  0.3155789897E-02  0.4167120825E+01 -0.9867696506E+00
  0.3187666563E-02  0.4166610875E+01 -0.9866368249E+00
  0.3219865215E-02  0.4166095802E+01 -0.9865026739E+00
  0.3252389106E-02  0.4165575556E+01 -0.9863671847E+00
  0.3285241521E-02  0.4165050084E+01 -0.9862303441E+00
  0.3318425779E-02  0.4164519343E+01 -0.9860921388E+00
  0.3351945231E-02  0.4163983405E+01 -0.9859525554E+00
  0.3385803264E-02  0.4163442089E+01 -0.9858115803E+00
  0.3420003297E-02  0.4162895342E+01 -0.9856691998E+00
  0.3454548785E-02  0.4162343110E+01 -0.9855254001E+00
  0.3489443217E-02  0.4161785338E+01 -0.9853801672E+00
  0.3524690118E-02  0.4161221971E+01 -0.9852334871E+00
  0.3560293049E-02  0.4160652954E+01 -0.9850853455E+00
  0.3596255605E-02  0.4160078229E+01 -0.9849357281E+00
  0.3632581419E-02  0.4159497742E+01 -0.9847846205E+00
  0.3669274160E-02  0.4158911434E+01 -0.9846320078E+00
  0.3706337536E-02  0.4158318976E+01 -0.9844778755E+00
  0.3743775289E-02  0.4157720532E+01 -0.9843222086E+00
  0.3781591201E-02  0.4157116080E+01 -0.9841649920E+00
  0.3819789092E-02  0.4156505558E+01 -0.9840062106E+00
  0.3858372820E-02  0.4155888907E+01 -0.9838458491E+00
  0.3897346283E-02  0.4155266065E+01 -0.9836838918E+00
  0.3936713417E-02  0.4154636971E+01 -0.9835203233E+00
  0.3976478199E-02  0.4154001562E+01 -0.9833551277E+00
  0.4016644645E-02  0.4153359774E+01 -0.9831882891E+00
  0.4057216813E-02  0.4152711546E+01 -0.9830197914E+00
  0.4098198801E-02  0.4152056811E+01 -0.9828496185E+00
  0.4139594749E-02  0.4151395506E+01 -0.9826777538E+00
  0.4181408837E-02  0.4150727564E+01 -0.9825041810E+00
  0.4223645290E-02  0.4150052920E+01 -0.9823288832E+00
  0.4266308374E-02  0.4149371507E+01 -0.9821518437E+00
  0.4309402398E-02  0.4148683257E+01 -0.9819730454E+00
  0.4352931715E-02  0.4147988103E+01 -0.9817924712E+00
  0.4396900722E-02  0.4147285974E+01 -0.9816101037E+00
  0.4441313861E-02  0.4146576803E+01 -0.9814259255E+00
  0.4486175617E-02  0.4145860518E+01 -0.9812399188E+00
  0.4531490522E-02  0.4145137049E+01 -0.9810520659E+00
  0.4577263154E-02  0.4144406324E+01 -0.9808623488E+00
  0.4623498135E-02  0.4143668271E+01 -0.9806707493E+00
  0.4670200136E-02  0.4142922817E+01 -0.9804772491E+00
  0.4717373875E-02  0.4142169889E+01 -0.9802818297E+00
  0.4765024116E-02  0.4141409411E+01 -0.9800844725E+00
  0.4813155673E-02  0.4140641309E+01 -0.9798851585E+00
  0.4861773407E-02  0.4139865507E+01 -0.9796838687E+00
  0.4910882230E-02  0.4139081928E+01 -0.9794805840E+00
  0.4960487101E-02  0.4138290495E+01 -0.9792752851E+00
  0.5010593031E-02  0.4137491130E+01 -0.9790679522E+00
  0.5061205082E-02  0.4136684305E+01 -0.9788585657E+00
  0.5112328365E-02  0.4135870908E+01 -0.9786471056E+00
  0.5163968046E-02  0.4135049423E+01 -0.9784335518E+00
  0.5216129339E-02  0.4134219771E+01 -0.9782178839E+00
  0.5268817514E-02  0.4133381873E+01 -0.9780000814E+00
  0.5322037893E-02  0.4132535650E+01 -0.9777801238E+00
  0.5375795852E-02  0.4131681020E+01 -0.9775579901E+00
  0.5430096820E-02  0.4130815878E+01 -0.9773336593E+00
  0.5484946283E-02  0.4129941467E+01 -0.9771071103E+00
  0.5540349781E-02  0.4129058298E+01 -0.9768783215E+00
  0.5596312910E-02  0.4128166284E+01 -0.9766472715E+00
  0.5652841323E-02  0.4127265337E+01 -0.9764139382E+00
  0.5709940730E-02  0.4126355369E+01 -0.9761782998E+00
  0.5767616899E-02  0.4125436291E+01 -0.9759403339E+00
  0.5825875656E-02  0.4124508012E+01 -0.9757000182E+00
  0.5884722885E-02  0.4123570442E+01 -0.9754573299E+00
  0.5944164530E-02  0.4122623488E+01 -0.9752122463E+00
  0.6004206596E-02  0.4121667058E+01 -0.9749647441E+00
  0.6064855147E-02  0.4120701058E+01 -0.9747148003E+00
  0.6126116310E-02  0.4119725394E+01 -0.9744623912E+00
  0.6187996273E-02  0.4118739970E+01 -0.9742074933E+00
  0.6250501286E-02  0.4117743220E+01 -0.9739500825E+00
  0.6313637663E-02  0.4116732203E+01 -0.9736901351E+00
  0.6377411780E-02  0.4115710925E+01 -0.9734276267E+00
  0.6441830081E-02  0.4114679281E+01 -0.9731625328E+00
  0.6506899072E-02  0.4113637167E+01 -0.9728948287E+00
  0.6572625325E-02  0.4112584474E+01 -0.9726244893E+00
  0.6639015480E-02  0.4111521096E+01 -0.9723514895E+00
  0.6706076242E-02  0.4110446924E+01 -0.9720758038E+00
  0.6773814386E-02  0.4109361848E+01 -0.9717974065E+00
  0.6842236754E-02  0.4108265757E+01 -0.9715162717E+00
  0.6911350256E-02  0.4107158539E+01 -0.9712323733E+00
  0.6981161875E-02  0.4106040082E+01 -0.9709456850E+00
  0.7051678662E-02  0.4104910272E+01 -0.9706561801E+00
  0.7122907739E-02  0.4103768993E+01 -0.9703638317E+00
  0.7194856302E-02  0.4102616129E+01 -0.9700686129E+00
  0.7267531618E-02  0.4101451124E+01 -0.9697704963E+00
  0.7340941029E-02  0.4100260322E+01 -0.9694694549E+00
  0.7415091948E-02  0.4099054278E+01 -0.9691654616E+00
  0.7489991867E-02  0.4097835533E+01 -0.9688584884E+00
  0.7565648350E-02  0.4096603950E+01 -0.9685485071E+00
  0.7642069041E-02  0.4095359389E+01 -0.9682354894E+00
  0.7719261657E-02  0.4094101708E+01 -0.9679194064E+00
  0.7797233997E-02  0.4092830764E+01 -0.9676002293E+00
  0.7875993937E-02  0.4091546414E+01 -0.9672779288E+00
  0.7955549431E-02  0.4090239472E+01 -0.9669524758E+00
  0.8035908516E-02  0.4088919104E+01 -0.9666238409E+00
  0.8117079309E-02  0.4087585698E+01 -0.9662919942E+00
  0.8199070009E-02  0.4086253726E+01 -0.9659569048E+00
  0.8281888898E-02  0.4084908529E+01 -0.9656185415E+00
  0.8365544342E-02  0.4083547536E+01 -0.9652768736E+00
  0.8450044790E-02  0.4082162180E+01 -0.9649318705E+00
  0.8535398777E-02  0.4080762153E+01 -0.9645835015E+00
  0.8621614927E-02  0.4079348758E+01 -0.9642317348E+00
  0.8708701946E-02  0.4077934894E+01 -0.9638765380E+00
  0.8796668632E-02  0.4076493936E+01 -0.9635178790E+00
  0.8885523871E-02  0.4075036894E+01 -0.9631557259E+00
  0.8975276638E-02  0.4073564378E+01 -0.9627900461E+00
  0.9065935997E-02  0.4072076218E+01 -0.9624208069E+00
  0.9157511109E-02  0.4070572244E+01 -0.9620479749E+00
  0.9250011221E-02  0.4069045557E+01 -0.9616715171E+00
  0.9343445678E-02  0.4067502475E+01 -0.9612914001E+00
  0.9437823917E-02  0.4065942825E+01 -0.9609075900E+00
  0.9533155471E-02  0.4064366425E+01 -0.9605200525E+00
  0.9629449971E-02  0.4062773093E+01 -0.9601287531E+00
  0.9726717143E-02  0.4061162645E+01 -0.9597336570E+00
  0.9824966811E-02  0.4059545246E+01 -0.9593347285E+00
  0.9924208900E-02  0.4057920332E+01 -0.9589319314E+00
  0.1002445343E-01  0.4056274152E+01 -0.9585252296E+00
  0.1012571054E-01  0.4054620581E+01 -0.9581145867E+00
  0.1022799044E-01  0.4052949697E+01 -0.9576999660E+00
  0.1033130348E-01  0.4051261316E+01 -0.9572813307E+00
  0.1043566008E-01  0.4049546344E+01 -0.9568586443E+00
  0.1054107079E-01  0.4047798099E+01 -0.9564318709E+00
  0.1064754625E-01  0.4045985881E+01 -0.9560009762E+00
  0.1075509722E-01  0.4044160295E+01 -0.9555659246E+00
  0.1086373457E-01  0.4042324492E+01 -0.9551266775E+00
  0.1097346926E-01  0.4040468154E+01 -0.9546831961E+00
  0.1108431238E-01  0.4038591042E+01 -0.9542354420E+00
  0.1119627514E-01  0.4036692916E+01 -0.9537833765E+00
  0.1130936882E-01  0.4034764442E+01 -0.9533269611E+00
  0.1142360487E-01  0.4032779153E+01 -0.9528661589E+00
  0.1153899482E-01  0.4030778920E+01 -0.9524009322E+00
  0.1165555032E-01  0.4028772205E+01 -0.9519312397E+00
  0.1177328316E-01  0.4026742376E+01 -0.9514570404E+00
  0.1189220521E-01  0.4024689156E+01 -0.9509782940E+00
  0.1201232849E-01  0.4022612264E+01 -0.9504949599E+00
  0.1213366514E-01  0.4020511419E+01 -0.9500069970E+00
  0.1225622742E-01  0.4018393919E+01 -0.9495143638E+00
  0.1238002770E-01  0.4016252566E+01 -0.9490170180E+00
  0.1250507848E-01  0.4014080523E+01 -0.9485149183E+00
  0.1263139240E-01  0.4011835081E+01 -0.9480080259E+00
  0.1275898223E-01  0.4009562992E+01 -0.9474963015E+00
  0.1288786083E-01  0.4007263952E+01 -0.9469797027E+00
  0.1301804125E-01  0.4004937657E+01 -0.9464581869E+00
  0.1314953661E-01  0.4002583799E+01 -0.9459317109E+00
  0.1328236022E-01  0.4000202073E+01 -0.9454002315E+00
  0.1341652547E-01  0.3997792173E+01 -0.9448637050E+00
  0.1355204593E-01  0.3995353794E+01 -0.9443220876E+00
  0.1368893528E-01  0.3992886630E+01 -0.9437753351E+00
  0.1382720736E-01  0.3990390378E+01 -0.9432234029E+00
  0.1396687612E-01  0.3987864734E+01 -0.9426662464E+00
  0.1410795567E-01  0.3985309395E+01 -0.9421038205E+00
  0.1425046028E-01  0.3982724064E+01 -0.9415360798E+00
  0.1439440432E-01  0.3980108439E+01 -0.9409629786E+00
  0.1453980234E-01  0.3977462227E+01 -0.9403844711E+00
  0.1468666903E-01  0.3974763808E+01 -0.9398005125E+00
  0.1483501923E-01  0.3972006098E+01 -0.9392110601E+00
  0.1498486790E-01  0.3969215351E+01 -0.9386160693E+00
  0.1513623021E-01  0.3966391257E+01 -0.9380154935E+00
  0.1528912142E-01  0.3963533507E+01 -0.9374092856E+00
  0.1544355699E-01  0.3960642746E+01 -0.9367973982E+00
  0.1559955252E-01  0.3957768927E+01 -0.9361797798E+00
  0.1575712375E-01  0.3954873513E+01 -0.9355563774E+00
  0.1591628662E-01  0.3951944912E+01 -0.9349271415E+00
  0.1607705719E-01  0.3948982575E+01 -0.9342920232E+00
  0.1623945171E-01  0.3945953935E+01 -0.9336509760E+00
  0.1640348657E-01  0.3942861389E+01 -0.9330039556E+00
  0.1656917836E-01  0.3939746930E+01 -0.9323509139E+00
  0.1673654380E-01  0.3936602121E+01 -0.9316917996E+00
  0.1690559979E-01  0.3933407756E+01 -0.9310265634E+00
  0.1707636343E-01  0.3930158452E+01 -0.9303551578E+00
  0.1724885195E-01  0.3926850105E+01 -0.9296775359E+00
  0.1742308278E-01  0.3923502041E+01 -0.9289936492E+00
  0.1759907351E-01  0.3920085201E+01 -0.9283034499E+00
  0.1777684193E-01  0.3916675419E+01 -0.9276068856E+00
  0.1795640599E-01  0.3913226249E+01 -0.9269039012E+00
  0.1813778383E-01  0.3909737297E+01 -0.9261944450E+00
  0.1832099377E-01  0.3906192280E+01 -0.9254784671E+00
  0.1850605431E-01  0.3902608650E+01 -0.9247559166E+00
  0.1869298415E-01  0.3898983270E+01 -0.9240267414E+00
  0.1888180217E-01  0.3895306616E+01 -0.9232908902E+00
  0.1907252745E-01  0.3891566176E+01 -0.9225483135E+00
  0.1926517924E-01  0.3887746744E+01 -0.9217989642E+00
  0.1945977701E-01  0.3883885919E+01 -0.9210427930E+00
  0.1965634041E-01  0.3879983662E+01 -0.9202797467E+00
  0.1985488931E-01  0.3876039957E+01 -0.9195097717E+00
  0.2005544374E-01  0.3872054809E+01 -0.9187328144E+00
  0.2025802398E-01  0.3868060945E+01 -0.9179488171E+00
  0.2046265049E-01  0.3864037178E+01 -0.9171577210E+00
  0.2066934393E-01  0.3859958696E+01 -0.9163594714E+00
  0.2087812518E-01  0.3855673821E+01 -0.9155540316E+00
  0.2108901533E-01  0.3851292815E+01 -0.9147413700E+00
  0.2130203569E-01  0.3846755791E+01 -0.9139214494E+00
  0.2151720777E-01  0.3842134750E+01 -0.9130942322E+00
  0.2173455330E-01  0.3837462862E+01 -0.9122596690E+00
  0.2195409424E-01  0.3832742930E+01 -0.9114177069E+00
  0.2217585277E-01  0.3827988591E+01 -0.9105682907E+00
  0.2239985128E-01  0.3823185297E+01 -0.9097113649E+00
  0.2262611241E-01  0.3818297969E+01 -0.9088468796E+00
  0.2285465900E-01  0.3813362271E+01 -0.9079747846E+00
  0.2308551414E-01  0.3808378605E+01 -0.9070950256E+00
  0.2331870115E-01  0.3803347409E+01 -0.9062075478E+00
  0.2355424359E-01  0.3798269156E+01 -0.9053122961E+00
  0.2379216524E-01  0.3793144357E+01 -0.9044092153E+00
  0.2403249014E-01  0.3787973553E+01 -0.9034982496E+00
  0.2427524257E-01  0.3782757320E+01 -0.9025793429E+00
  0.2452044704E-01  0.3777496267E+01 -0.9016524390E+00
  0.2476812832E-01  0.3772191030E+01 -0.9007174808E+00
  0.2501831143E-01  0.3766790606E+01 -0.8997744179E+00
  0.2527102165E-01  0.3761371051E+01 -0.8988231962E+00
  0.2552628449E-01  0.3756011012E+01 -0.8978637420E+00
  0.2578412575E-01  0.3750632402E+01 -0.8968959809E+00
  0.2604457147E-01  0.3745219493E+01 -0.8959198496E+00
  0.2630764795E-01  0.3739770815E+01 -0.8949352872E+00
  0.2657338176E-01  0.3734244522E+01 -0.8939422378E+00
  0.2684179976E-01  0.3728677288E+01 -0.8929406466E+00
  0.2711292905E-01  0.3723075354E+01 -0.8919304524E+00
  0.2738679702E-01  0.3717439474E+01 -0.8909115930E+00
  0.2766343134E-01  0.3711770394E+01 -0.8898840058E+00
  0.2794285993E-01  0.3706068845E+01 -0.8888476276E+00
  0.2822511105E-01  0.3700335538E+01 -0.8878023947E+00
  0.2851021318E-01  0.3694571164E+01 -0.8867482429E+00
  0.2879819513E-01  0.3688776384E+01 -0.8856851074E+00
  0.2908908599E-01  0.3682951829E+01 -0.8846129233E+00
  0.2938291514E-01  0.3677098090E+01 -0.8835316247E+00
  0.2967971226E-01  0.3671287171E+01 -0.8824411349E+00
  0.2997950734E-01  0.3665529191E+01 -0.8813413642E+00
  0.3028233064E-01  0.3659747074E+01 -0.8802322320E+00
  0.3058821277E-01  0.3653941331E+01 -0.8791136687E+00
  0.3089718462E-01  0.3648112413E+01 -0.8779856042E+00
  0.3120927739E-01  0.3642260716E+01 -0.8768479678E+00
  0.3152452262E-01  0.3636386570E+01 -0.8757006884E+00
  0.3184295214E-01  0.3630490241E+01 -0.8745436943E+00
  0.3216459812E-01  0.3624494983E+01 -0.8733769259E+00
  0.3248949305E-01  0.3618436031E+01 -0.8722003301E+00
  0.3281766975E-01  0.3612356016E+01 -0.8710138414E+00
  0.3314916136E-01  0.3606255177E+01 -0.8698173869E+00
  0.3348400137E-01  0.3600133684E+01 -0.8686108932E+00
  0.3382222361E-01  0.3593869647E+01 -0.8673943072E+00
  0.3416386223E-01  0.3587227276E+01 -0.8661676372E+00
  0.3450895175E-01  0.3580535132E+01 -0.8649308774E+00
  0.3485752702E-01  0.3573815633E+01 -0.8636839625E+00
  0.3520962325E-01  0.3567119633E+01 -0.8624268143E+00
  0.3556527601E-01  0.3560464311E+01 -0.8611593418E+00
  0.3592452122E-01  0.3553742828E+01 -0.8598814694E+00
  0.3628739518E-01  0.3546999863E+01 -0.8585931321E+00
  0.3665393452E-01  0.3540236133E+01 -0.8572942567E+00
  0.3702417628E-01  0.3533630682E+01 -0.8559847363E+00
  0.3739815786E-01  0.3527063497E+01 -0.8546644515E+00
  0.3777591703E-01  0.3520489345E+01 -0.8533333126E+00
  0.3815749195E-01  0.3513908187E+01 -0.8519912378E+00
  0.3854292116E-01  0.3507319950E+01 -0.8506381446E+00
  0.3893224360E-01  0.3500724544E+01 -0.8492739501E+00
  0.3932549859E-01  0.3494121884E+01 -0.8478985710E+00
  0.3972272585E-01  0.3487511905E+01 -0.8465119233E+00
  0.4012396550E-01  0.3480966485E+01 -0.8451139084E+00
  0.4052925808E-01  0.3474672444E+01 -0.8437043740E+00
  0.4093864453E-01  0.3468382435E+01 -0.8422831777E+00
  0.4135216619E-01  0.3462096931E+01 -0.8408502260E+00
  0.4176986484E-01  0.3455816540E+01 -0.8394054245E+00
  0.4219178266E-01  0.3449542029E+01 -0.8379486775E+00
  0.4261796229E-01  0.3443274356E+01 -0.8364798886E+00
  0.4304844675E-01  0.3436946697E+01 -0.8349989745E+00
  0.4348327955E-01  0.3430528298E+01 -0.8335058728E+00
  0.4392250460E-01  0.3424116442E+01 -0.8320005070E+00
  0.4436616626E-01  0.3417277529E+01 -0.8304828748E+00
  0.4481430935E-01  0.3410393400E+01 -0.8289529881E+00
  0.4526697914E-01  0.3403334513E+01 -0.8274108037E+00
  0.4572422136E-01  0.3396323829E+01 -0.8258562582E+00
  0.4618608218E-01  0.3389495246E+01 -0.8242892063E+00
  0.4665260826E-01  0.3382593912E+01 -0.8227095281E+00
  0.4712384673E-01  0.3375597273E+01 -0.8211171683E+00
  0.4759984518E-01  0.3368530773E+01 -0.8195120711E+00
  0.4808065170E-01  0.3361371120E+01 -0.8178941807E+00
  0.4856631485E-01  0.3354245562E+01 -0.8162634169E+00
  0.4905688368E-01  0.3347386197E+01 -0.8146196111E+00
  0.4955240776E-01  0.3340468521E+01 -0.8129626146E+00
  0.5005293713E-01  0.3333648874E+01 -0.8112923187E+00
  0.5055852235E-01  0.3326976298E+01 -0.8096085619E+00
  0.5106921450E-01  0.3320216869E+01 -0.8079112272E+00
  0.5158506515E-01  0.3313394186E+01 -0.8062002509E+00
  0.5210612641E-01  0.3306759715E+01 -0.8044754980E+00
  0.5263245092E-01  0.3300562213E+01 -0.8027367003E+00
  0.5316409184E-01  0.3294422241E+01 -0.8009836185E+00
  0.5370110287E-01  0.3288311419E+01 -0.7992161182E+00
  0.5424353825E-01  0.3282315420E+01 -0.7974340480E+00
  0.5479145278E-01  0.3276436124E+01 -0.7956372303E+00
  0.5534490180E-01  0.3270217501E+01 -0.7938256108E+00
  0.5590394121E-01  0.3263896868E+01 -0.7919991971E+00
  0.5646862749E-01  0.3257708296E+01 -0.7901578666E+00
  0.5703901766E-01  0.3252186909E+01 -0.7883012765E+00
  0.5761516936E-01  0.3246985756E+01 -0.7864290218E+00
  0.5819714076E-01  0.3242703278E+01 -0.7845406151E+00
  0.5878499067E-01  0.3238534156E+01 -0.7826356177E+00
  0.5937877846E-01  0.3234450253E+01 -0.7807138281E+00
  0.5997856410E-01  0.3230439178E+01 -0.7787750542E+00
  0.6058440818E-01  0.3226487284E+01 -0.7768191089E+00
  0.6119637190E-01  0.3222579740E+01 -0.7748458114E+00
  0.6181451707E-01  0.3218977739E+01 -0.7728549025E+00
  0.6243890613E-01  0.3215041308E+01 -0.7708462370E+00
  0.6306960215E-01  0.3211034838E+01 -0.7688197866E+00
  0.6370666884E-01  0.3207097614E+01 -0.7667753974E+00
  0.6435017054E-01  0.3202443087E+01 -0.7647131223E+00
  0.6500017227E-01  0.3197703457E+01 -0.7626330691E+00
  0.6565673966E-01  0.3192814815E+01 -0.7605351662E+00
  0.6631993905E-01  0.3187680783E+01 -0.7584193958E+00
  0.6698983743E-01  0.3183244293E+01 -0.7562854596E+00
  0.6766650245E-01  0.3179064859E+01 -0.7541328835E+00
  0.6835000248E-01  0.3174623218E+01 -0.7519615106E+00
  0.6904040654E-01  0.3170041483E+01 -0.7497713194E+00
  0.6973778439E-01  0.3165305130E+01 -0.7475622542E+00
  0.7044220645E-01  0.3160460128E+01 -0.7453342499E+00
  0.7115374389E-01  0.3155312128E+01 -0.7430872957E+00
  0.7187246858E-01  0.3149986036E+01 -0.7408214090E+00
  0.7259845311E-01  0.3144750904E+01 -0.7385364682E+00
  0.7333177082E-01  0.3139443289E+01 -0.7362323127E+00
  0.7407249577E-01  0.3133172516E+01 -0.7339091712E+00
  0.7482070280E-01  0.3126844675E+01 -0.7315672768E+00
  0.7557646748E-01  0.3120184020E+01 -0.7292066350E+00
  0.7633986614E-01  0.3113030585E+01 -0.7268274211E+00
  0.7711097590E-01  0.3105631916E+01 -0.7244297854E+00
  0.7788987464E-01  0.3099041019E+01 -0.7220133795E+00
  0.7867664105E-01  0.3093019162E+01 -0.7195775270E+00
  0.7947135460E-01  0.3086605478E+01 -0.7171220113E+00
  0.8027409556E-01  0.3079360489E+01 -0.7146471746E+00
  0.8108494501E-01  0.3070339137E+01 -0.7121539343E+00
  0.8190398485E-01  0.3059357727E+01 -0.7096437013E+00
  0.8273129783E-01  0.3047966748E+01 -0.7071173669E+00
  0.8356696751E-01  0.3036035647E+01 -0.7045752587E+00
  0.8441107829E-01  0.3024610422E+01 -0.7020173304E+00
  0.8526371544E-01  0.3013136700E+01 -0.6994433266E+00
  0.8612496510E-01  0.3001224436E+01 -0.6968533934E+00
  0.8699491424E-01  0.2988465806E+01 -0.6942480305E+00
  0.8787365075E-01  0.2974846259E+01 -0.6916279405E+00
  0.8876126338E-01  0.2960443954E+01 -0.6889938212E+00
  0.8965784180E-01  0.2945569605E+01 -0.6863462190E+00
  0.9056347656E-01  0.2930069599E+01 -0.6836856275E+00
  0.9147825915E-01  0.2913844426E+01 -0.6810126720E+00
  0.9240228197E-01  0.2896386642E+01 -0.6783282790E+00
  0.9333563836E-01  0.2878910474E+01 -0.6756330738E+00
  0.9427842258E-01  0.2860983150E+01 -0.6729273332E+00
  0.9523072988E-01  0.2842497505E+01 -0.6702116001E+00
  0.9619265645E-01  0.2823502655E+01 -0.6674864620E+00
  0.9716429944E-01  0.2804227347E+01 -0.6647523898E+00
  0.9814575701E-01  0.2784745195E+01 -0.6620097201E+00
  0.9913712829E-01  0.2765005532E+01 -0.6592587884E+00
  0.1001385134E+00  0.2744567844E+01 -0.6565001859E+00
  0.1011500136E+00  0.2725033944E+01 -0.6537339345E+00
  0.1021717309E+00  0.2706485434E+01 -0.6509591958E+00
  0.1032037686E+00  0.2689464137E+01 -0.6481747841E+00
  0.1042462309E+00  0.2672584167E+01 -0.6453799175E+00
  0.1052992231E+00  0.2656449317E+01 -0.6425742021E+00
  0.1063628516E+00  0.2640820499E+01 -0.6397570384E+00
  0.1074372239E+00  0.2625300802E+01 -0.6369281512E+00
  0.1085224483E+00  0.2610013480E+01 -0.6340874056E+00
  0.1096186347E+00  0.2594645725E+01 -0.6312347674E+00
  0.1107258936E+00  0.2579254305E+01 -0.6283703439E+00
  0.1118443370E+00  0.2564940750E+01 -0.6254935984E+00
  0.1129740778E+00  0.2551820567E+01 -0.6226032915E+00
  0.1141152301E+00  0.2539675482E+01 -0.6196982053E+00
  0.1152679092E+00  0.2528035827E+01 -0.6167774828E+00
  0.1164322315E+00  0.2516821743E+01 -0.6138405627E+00
  0.1176083146E+00  0.2506110104E+01 -0.6108868700E+00
  0.1187962774E+00  0.2498027440E+01 -0.6079145054E+00
  0.1199962398E+00  0.2490636029E+01 -0.6049214011E+00
  0.1212083230E+00  0.2483184661E+01 -0.6019070588E+00
  0.1224326495E+00  0.2475880553E+01 -0.5988713013E+00
  0.1236693429E+00  0.2468429194E+01 -0.5958140036E+00
  0.1249185282E+00  0.2460903419E+01 -0.5927351788E+00
  0.1261803315E+00  0.2453230177E+01 -0.5896348437E+00
  0.1274548803E+00  0.2445346137E+01 -0.5865131064E+00
  0.1287423034E+00  0.2437197761E+01 -0.5833701567E+00
  0.1300427307E+00  0.2428740782E+01 -0.5802062570E+00
  0.1313562936E+00  0.2422094354E+01 -0.5770203184E+00
  0.1326831249E+00  0.2415586941E+01 -0.5738109250E+00
  0.1340233585E+00  0.2410429357E+01 -0.5705769305E+00
  0.1353771298E+00  0.2405165384E+01 -0.5673173235E+00
  0.1367445755E+00  0.2399810441E+01 -0.5640320516E+00
  0.1381258338E+00  0.2393924276E+01 -0.5607213586E+00
  0.1395210443E+00  0.2388340052E+01 -0.5573852260E+00
  0.1409303478E+00  0.2382488741E+01 -0.5540234532E+00
  0.1423538866E+00  0.2375337709E+01 -0.5506369778E+00
  0.1437918047E+00  0.2368579521E+01 -0.5472262957E+00
  0.1452442472E+00  0.2362444899E+01 -0.5437905253E+00
  0.1467113608E+00  0.2355510868E+01 -0.5403296367E+00
  0.1481932937E+00  0.2347242757E+01 -0.5368450540E+00
  0.1496901957E+00  0.2338746255E+01 -0.5333378209E+00
  0.1512022178E+00  0.2329287912E+01 -0.5298087353E+00
  0.1527295130E+00  0.2319489362E+01 -0.5262587079E+00
  0.1542722353E+00  0.2309451873E+01 -0.5226881223E+00
  0.1558305407E+00  0.2301009433E+01 -0.5190958689E+00
  0.1574045866E+00  0.2295702253E+01 -0.5154781514E+00
  0.1589945319E+00  0.2294503708E+01 -0.5118290632E+00
  0.1606005373E+00  0.2293320223E+01 -0.5081450282E+00
  0.1622227649E+00  0.2292078940E+01 -0.5044257476E+00
  0.1638613787E+00  0.2288736405E+01 -0.5006726540E+00
  0.1655165442E+00  0.2281389802E+01 -0.4968904965E+00
  0.1671884284E+00  0.2273443968E+01 -0.4930829190E+00
  0.1688772004E+00  0.2264321695E+01 -0.4892512932E+00
  0.1705830308E+00  0.2256712897E+01 -0.4853952343E+00
  0.1723060917E+00  0.2244687967E+01 -0.4815171403E+00
  0.1740465572E+00  0.2230585855E+01 -0.4776226103E+00
  0.1758046033E+00  0.2215443424E+01 -0.4737144483E+00
  0.1775804074E+00  0.2198422143E+01 -0.4697953680E+00
  0.1793741488E+00  0.2179269954E+01 -0.4658691441E+00
  0.1811860089E+00  0.2160508235E+01 -0.4619376086E+00
  0.1830161706E+00  0.2140980457E+01 -0.4580013987E+00
  0.1848648188E+00  0.2120184729E+01 -0.4540627010E+00
  0.1867321402E+00  0.2096870343E+01 -0.4501254024E+00
  0.1886183235E+00  0.2072930697E+01 -0.4461928980E+00
  0.1905235591E+00  0.2046368006E+01 -0.4422687808E+00
  0.1924480394E+00  0.2018073081E+01 -0.4383578122E+00
  0.1943919590E+00  0.1984664878E+01 -0.4344673118E+00
  0.1963555142E+00  0.1947115482E+01 -0.4306071780E+00
  0.1983389032E+00  0.1905161651E+01 -0.4267868959E+00
  0.2003423265E+00  0.1859265666E+01 -0.4230160253E+00
  0.2023659863E+00  0.1812401006E+01 -0.4193009231E+00
  0.2044100872E+00  0.1766253617E+01 -0.4156433576E+00
  0.2064748356E+00  0.1722712327E+01 -0.4120414392E+00
  0.2085604400E+00  0.1682228742E+01 -0.4084907592E+00
  0.2106671111E+00  0.1648179042E+01 -0.4049827222E+00
  0.2127950617E+00  0.1617484851E+01 -0.4015081365E+00
  0.2149445068E+00  0.1589325934E+01 -0.3980617047E+00
  0.2171156634E+00  0.1561203311E+01 -0.3946415584E+00
  0.2193087509E+00  0.1533849242E+01 -0.3912476979E+00
  0.2215239908E+00  0.1502321709E+01 -0.3878847744E+00
  0.2237616069E+00  0.1468391339E+01 -0.3845611167E+00
  0.2260218251E+00  0.1433095066E+01 -0.3812821205E+00
  0.2283048739E+00  0.1397064817E+01 -0.3780514240E+00
  0.2306109837E+00  0.1362388495E+01 -0.3748696228E+00
  0.2329403876E+00  0.1329486730E+01 -0.3717343905E+00
  0.2352933208E+00  0.1294317198E+01 -0.3686475728E+00
  0.2376700210E+00  0.1256518991E+01 -0.3656162863E+00
  0.2400707283E+00  0.1221133214E+01 -0.3626422275E+00
  0.2424956851E+00  0.1185907536E+01 -0.3597237425E+00
  0.2449451365E+00  0.1158658492E+01 -0.3568522923E+00
  0.2474193298E+00  0.1134873937E+01 -0.3540149710E+00
  0.2499185149E+00  0.1111587728E+01 -0.3512078092E+00
  0.2524429444E+00  0.1095583691E+01 -0.3484218849E+00
  0.2549928731E+00  0.1080931650E+01 -0.3456469054E+00
  0.2575685587E+00  0.1067403157E+01 -0.3428801879E+00
  0.2601702613E+00  0.1053304830E+01 -0.3401214622E+00
  0.2627982438E+00  0.1036445249E+01 -0.3373755489E+00
  0.2654527715E+00  0.1020606169E+01 -0.3346452989E+00
  0.2681341126E+00  0.1006455667E+01 -0.3319276768E+00
  0.2708425380E+00  0.9899359919E+00 -0.3292241379E+00
  0.2735783212E+00  0.9718405756E+00 -0.3265406402E+00
  0.2763417386E+00  0.9492858314E+00 -0.3238862031E+00
  0.2791330693E+00  0.9207808755E+00 -0.3212762158E+00
  0.2819525952E+00  0.8962497141E+00 -0.3187146334E+00
  0.2848006012E+00  0.8712530182E+00 -0.3161977042E+00
  0.2876773750E+00  0.8447374971E+00 -0.3137294459E+00
  0.2905832071E+00  0.8185155450E+00 -0.3113128789E+00
  0.2935183910E+00  0.7953139977E+00 -0.3089444357E+00
  0.2964832232E+00  0.7774495716E+00 -0.3066129456E+00
  0.2994780032E+00  0.7643931586E+00 -0.3043042057E+00
  0.3025030336E+00  0.7482319723E+00 -0.3020163372E+00
  0.3055586198E+00  0.7310401920E+00 -0.2997563154E+00
  0.3086450705E+00  0.7122336646E+00 -0.2975290186E+00
  0.3117626974E+00  0.6934420133E+00 -0.2953378324E+00
  0.3149118156E+00  0.6788706753E+00 -0.2931770450E+00
  0.3180927430E+00  0.6657192463E+00 -0.2910385235E+00
  0.3213058010E+00  0.6545156051E+00 -0.2889175280E+00
  0.3245513142E+00  0.6494091135E+00 -0.2868015756E+00
  0.3278296103E+00  0.6450196101E+00 -0.2846798152E+00
  0.3311410205E+00  0.6449030296E+00 -0.2825440837E+00
  0.3344858793E+00  0.6383371719E+00 -0.2803979551E+00
  0.3378645245E+00  0.6239429775E+00 -0.2782655567E+00
  0.3412772975E+00  0.6061699350E+00 -0.2761665086E+00
  0.3447245429E+00  0.5849444960E+00 -0.2741134767E+00
  0.3482066090E+00  0.5580260617E+00 -0.2721235272E+00
  0.3517238475E+00  0.5247778262E+00 -0.2702192875E+00
  0.3552766136E+00  0.4887020126E+00 -0.2684189591E+00
  0.3588652663E+00  0.4544105585E+00 -0.2667267073E+00
  0.3624901680E+00  0.4263978522E+00 -0.2651302854E+00
  0.3661516848E+00  0.4058206301E+00 -0.2636066944E+00
  0.3698501867E+00  0.3918733778E+00 -0.2621315580E+00
  0.3735860472E+00  0.3842734085E+00 -0.2606817700E+00
  0.3773596436E+00  0.3780161235E+00 -0.2592434834E+00
  0.3811713572E+00  0.3673623580E+00 -0.2578228988E+00
  0.3850215729E+00  0.3533987747E+00 -0.2564353559E+00
  0.3889106797E+00  0.3436235726E+00 -0.2550799587E+00
  0.3928390704E+00  0.3411318232E+00 -0.2537349653E+00
  0.3968071418E+00  0.3421414156E+00 -0.2523793268E+00
  0.4008152948E+00  0.3454849074E+00 -0.2510012711E+00
  0.4048639341E+00  0.3532072423E+00 -0.2495868948E+00
  0.4089534688E+00  0.3621608862E+00 -0.2481241334E+00
  0.4130843119E+00  0.3743166358E+00 -0.2466029969E+00
  0.4172568807E+00  0.3876430724E+00 -0.2450133322E+00
  0.4214715967E+00  0.3951086214E+00 -0.2433637942E+00
  0.4257288855E+00  0.4019760177E+00 -0.2416670844E+00
  0.4300291773E+00  0.4102126170E+00 -0.2399207604E+00
  0.4343729064E+00  0.4170595017E+00 -0.2381240374E+00
  0.4387605115E+00  0.4245000683E+00 -0.2362778219E+00
  0.4431924359E+00  0.4326002240E+00 -0.2343785200E+00
  0.4476691271E+00  0.4379271178E+00 -0.2324299790E+00
  0.4521910375E+00  0.4370396689E+00 -0.2304517183E+00
  0.4567586237E+00  0.4386241394E+00 -0.2284518833E+00
  0.4613723472E+00  0.4451273371E+00 -0.2264131908E+00
  0.4660326740E+00  0.4577321569E+00 -0.2243093807E+00
  0.4707400747E+00  0.4698649622E+00 -0.2221260950E+00
  0.4754950250E+00  0.4827928426E+00 -0.2198611748E+00
  0.4802980050E+00  0.4986135807E+00 -0.2175043370E+00
  0.4851495000E+00  0.5150021127E+00 -0.2150455613E+00
  0.4900500000E+00  0.5359589427E+00 -0.2124704440E+00
  0.4950000000E+00  0.5557741283E+00 -0.2097684046E+00
  0.5000000000E+00  0.5721388640E+00 -0.2069225463E+00
  0.5050000000E+00  0.5899496019E+00 -0.2040173252E+00
  0.5099500000E+00  0.6113324093E+00 -0.2010441522E+00
  0.5148505000E+00  0.6365027632E+00 -0.1979866440E+00
  0.5197019950E+00  0.6656129974E+00 -0.1948280400E+00
  0.5245049750E+00  0.6957227136E+00 -0.1915588059E+00
  0.5292599253E+00  0.7350946662E+00 -0.1881570731E+00
  0.5339673260E+00  0.7760514756E+00 -0.1846002879E+00
  0.5386276528E+00  0.8157471023E+00 -0.1808911372E+00
  0.5432413763E+00  0.8410991777E+00 -0.1770690219E+00
  0.5478089625E+00  0.8609422365E+00 -0.1731819114E+00
  0.5523308729E+00  0.8801877515E+00 -0.1692452945E+00
  0.5568075641E+00  0.9012406517E+00 -0.1652578420E+00
  0.5612394885E+00  0.9219668830E+00 -0.1612176831E+00
  0.5656270936E+00  0.9308560921E+00 -0.1571529553E+00
  0.5699708227E+00  0.9366296446E+00 -0.1530970293E+00
  0.5742711145E+00  0.9362370913E+00 -0.1490700926E+00
  0.5785284033E+00  0.9375580413E+00 -0.1450814490E+00
  0.5827431193E+00  0.9523749311E+00 -0.1410986837E+00
  0.5869156881E+00  0.9719279039E+00 -0.1370840407E+00
  0.5910465312E+00  0.9913570281E+00 -0.1330290296E+00
  0.5951360659E+00  0.1007434755E+01 -0.1289419655E+00
  0.5991847052E+00  0.1025388140E+01 -0.1248268821E+00
  0.6031928582E+00  0.1039720322E+01 -0.1206882468E+00
  0.6071609296E+00  0.1050764462E+01 -0.1165406504E+00
  0.6110893203E+00  0.1071719059E+01 -0.1123716781E+00
  0.6149784271E+00  0.1095342297E+01 -0.1081577116E+00
  0.6188286428E+00  0.1119326181E+01 -0.1038942359E+00
  0.6226403564E+00  0.1144674367E+01 -0.9957937505E-01
  0.6264139528E+00  0.1168099755E+01 -0.9521563696E-01
  0.6301498133E+00  0.1190511022E+01 -0.9080991658E-01
  0.6338483152E+00  0.1220722957E+01 -0.8635093989E-01
  0.6375098320E+00  0.1253610124E+01 -0.8182103376E-01
  0.6411347337E+00  0.1283374085E+01 -0.7722287460E-01
  0.6447233864E+00  0.1312831615E+01 -0.7256443435E-01
  0.6482761525E+00  0.1348841458E+01 -0.6783628337E-01
  0.6517933910E+00  0.1383725010E+01 -0.6303073941E-01
  0.6552754571E+00  0.1422923801E+01 -0.5814427109E-01
  0.6587227025E+00  0.1471910900E+01 -0.5315466824E-01
  0.6621354755E+00  0.1521775401E+01 -0.4804628239E-01
  0.6655141207E+00  0.1568175664E+01 -0.4282635815E-01
  0.6688589795E+00  0.1606906583E+01 -0.3751625727E-01
  0.6721703897E+00  0.1638601051E+01 -0.3214265372E-01
  0.6754486858E+00  0.1666274400E+01 -0.2672547356E-01
  0.6786941990E+00  0.1688630211E+01 -0.2128128006E-01
  0.6819072570E+00  0.1706430782E+01 -0.1582701610E-01
  0.6850881844E+00  0.1723994869E+01 -0.1037104857E-01
  0.6882373026E+00  0.1741864954E+01 -0.4913847527E-02
  0.6913549295E+00  0.1763251181E+01  0.5499747789E-03
  0.6944413802E+00  0.1789720796E+01  0.6033011209E-02
  0.6974969664E+00  0.1823939068E+01  0.1155393581E-01
  0.7005219968E+00  0.1853612730E+01  0.1711628868E-01
  0.7035167768E+00  0.1882521656E+01  0.2271073901E-01
  0.7064816090E+00  0.1910867009E+01  0.2833411950E-01
  0.7094167929E+00  0.1935142291E+01  0.3397849181E-01
  0.7123226250E+00  0.1961462252E+01  0.3963993104E-01
  0.7151993988E+00  0.1992817998E+01  0.4532771585E-01
  0.7180474048E+00  0.2029916025E+01  0.5105610119E-01
  0.7208669307E+00  0.2067728826E+01  0.5683280919E-01
  0.7236582614E+00  0.2106864795E+01  0.6265914484E-01
  0.7264216788E+00  0.2152295153E+01  0.6854406317E-01
  0.7291574620E+00  0.2197667245E+01  0.7449434022E-01
  0.7318658874E+00  0.2247736038E+01  0.8051436176E-01
  0.7345472285E+00  0.2299564633E+01  0.8661079391E-01
  0.7372017562E+00  0.2344453415E+01  0.9277463121E-01
  0.7398297387E+00  0.2388835181E+01  0.9899413086E-01
  0.7424314413E+00  0.2436236118E+01  0.1052708312E+00
  0.7450071269E+00  0.2483894331E+01  0.1116071857E+00
  0.7475570556E+00  0.2528802922E+01  0.1179981961E+00
  0.7500814851E+00  0.2568621546E+01  0.1244322403E+00
  0.7525806702E+00  0.2608733589E+01  0.1309018248E+00
  0.7550548635E+00  0.2646513680E+01  0.1374030736E+00
  0.7575043149E+00  0.2684815024E+01  0.1439324888E+00
  0.7599292717E+00  0.2720972359E+01  0.1504868894E+00
  0.7623299790E+00  0.2757438867E+01  0.1570629202E+00
  0.7647066792E+00  0.2794986695E+01  0.1636611457E+00
  0.7670596124E+00  0.2829823304E+01  0.1702785469E+00
  0.7693890163E+00  0.2863871620E+01  0.1769100044E+00
  0.7716951261E+00  0.2896285687E+01  0.1835517821E+00
  0.7739781749E+00  0.2927976959E+01  0.1902003198E+00
  0.7762383931E+00  0.2958062691E+01  0.1968521869E+00
  0.7784760092E+00  0.2984278038E+01  0.2035005255E+00
  0.7806912491E+00  0.3006963822E+01  0.2101365445E+00
  0.7828843366E+00  0.3027550330E+01  0.2167536533E+00
  0.7850554932E+00  0.3047176082E+01  0.2233482446E+00
  0.7872049383E+00  0.3070557102E+01  0.2299231103E+00
  0.7893328889E+00  0.3090233674E+01  0.2364780396E+00
  0.7914395600E+00  0.3108475064E+01  0.2430073599E+00
  0.7935251644E+00  0.3126556791E+01  0.2495092648E+00
  0.7955899128E+00  0.3144375772E+01  0.2559832137E+00
  0.7976340137E+00  0.3162426405E+01  0.2624290836E+00
  0.7996576735E+00  0.3182324220E+01  0.2688488922E+00
  0.8016610968E+00  0.3202856796E+01  0.2752450023E+00
  0.8036444858E+00  0.3221223378E+01  0.2816157274E+00
  0.8056080410E+00  0.3234274379E+01  0.2879535903E+00
  0.8075519606E+00  0.3244565007E+01  0.2942507617E+00
  0.8094764409E+00  0.3252218612E+01  0.3005022280E+00
  0.8113816765E+00  0.3259825611E+01  0.3067057172E+00
  0.8132678598E+00  0.3267769728E+01  0.3128618377E+00
  0.8151351812E+00  0.3276680980E+01  0.3189721341E+00
  0.8169838294E+00  0.3290195120E+01  0.3250420559E+00
  0.8188139911E+00  0.3307181077E+01  0.3310791886E+00
  0.8206258512E+00  0.3325351426E+01  0.3370877990E+00
  0.8224195926E+00  0.3344015959E+01  0.3430693595E+00
  0.8241953967E+00  0.3362739860E+01  0.3490243017E+00
  0.8259534428E+00  0.3380785986E+01  0.3549520161E+00
  0.8276939083E+00  0.3398223665E+01  0.3608513326E+00
  0.8294169692E+00  0.3416110418E+01  0.3667220889E+00
  0.8311227996E+00  0.3433596125E+01  0.3725643074E+00
  0.8328115716E+00  0.3448960375E+01  0.3783758418E+00
  0.8344834558E+00  0.3464539699E+01  0.3841551279E+00
  0.8361386213E+00  0.3481608831E+01  0.3899036404E+00
  0.8377772351E+00  0.3499784631E+01  0.3956235441E+00
  0.8393994627E+00  0.3515685027E+01  0.4013138886E+00
  0.8410054681E+00  0.3530071490E+01  0.4069716500E+00
  0.8425954134E+00  0.3543212575E+01  0.4125947174E+00
  0.8441694593E+00  0.3549446309E+01  0.4181768026E+00
  0.8457277647E+00  0.3550784261E+01  0.4237089665E+00
  0.8472704870E+00  0.3549329976E+01  0.4291857189E+00
  0.8487977822E+00  0.3548507139E+01  0.4346059650E+00
  0.8503098043E+00  0.3549401899E+01  0.4399720629E+00
  0.8518067063E+00  0.3550753767E+01  0.4452861814E+00
  0.8532886392E+00  0.3552511695E+01  0.4505494629E+00
  0.8547557528E+00  0.3554781019E+01  0.4557630658E+00
  0.8562081953E+00  0.3559575727E+01  0.4609296628E+00
  0.8576461134E+00  0.3565875713E+01  0.4660525704E+00
  0.8590696522E+00  0.3571593324E+01  0.4711328027E+00
  0.8604789557E+00  0.3575988436E+01  0.4761693586E+00
  0.8618741662E+00  0.3578806855E+01  0.4811605811E+00
  0.8632554245E+00  0.3580795858E+01  0.4861052116E+00
  0.8646228702E+00  0.3581862121E+01  0.4910024847E+00
  0.8659766415E+00  0.3581454697E+01  0.4958512311E+00
  0.8673168751E+00  0.3580705274E+01  0.5006507148E+00
  0.8686437064E+00  0.3580962957E+01  0.5054018774E+00
  0.8699572693E+00  0.3579323615E+01  0.5101046209E+00
  0.8712576966E+00  0.3577651475E+01  0.5147581838E+00
  0.8725451197E+00  0.3575209136E+01  0.5193625626E+00
  0.8738196685E+00  0.3572943930E+01  0.5239178975E+00
  0.8750814718E+00  0.3571642933E+01  0.5284254292E+00
  0.8763306571E+00  0.3570858762E+01  0.5328865832E+00
  0.8775673505E+00  0.3570496392E+01  0.5373024167E+00
  0.8787916770E+00  0.3570703720E+01  0.5416739970E+00
  0.8800037602E+00  0.3572242186E+01  0.5460029194E+00
  0.8812037226E+00  0.3575276474E+01  0.5502912963E+00
  0.8823916854E+00  0.3579011334E+01  0.5545408101E+00
  0.8835677685E+00  0.3584060043E+01  0.5587529938E+00
  0.8847320908E+00  0.3590459665E+01  0.5629297205E+00
  0.8858847699E+00  0.3597087330E+01  0.5670721881E+00
  0.8870259222E+00  0.3603157191E+01  0.5711804759E+00
  0.8881556630E+00  0.3607036227E+01  0.5752533006E+00
  0.8892741064E+00  0.3609558504E+01  0.5792889769E+00
  0.8903813653E+00  0.3612016917E+01  0.5832870539E+00
  0.8914775517E+00  0.3615477109E+01  0.5872483940E+00
  0.8925627761E+00  0.3618893723E+01  0.5911738522E+00
  0.8936371484E+00  0.3621816051E+01  0.5950634610E+00
  0.8947007769E+00  0.3625301092E+01  0.5989175812E+00
  0.8957537691E+00  0.3628295815E+01  0.6027365718E+00
  0.8967962314E+00  0.3629834991E+01  0.6065197357E+00
  0.8978282691E+00  0.3631288423E+01  0.6102666122E+00
  0.8988499864E+00  0.3632478734E+01  0.6139773705E+00
  0.8998614866E+00  0.3632968562E+01  0.6176518710E+00
  0.9008628717E+00  0.3633032654E+01  0.6212899038E+00
  0.9018542430E+00  0.3633279783E+01  0.6248917105E+00
  0.9028357006E+00  0.3633479536E+01  0.6284577185E+00
  0.9038073436E+00  0.3633954182E+01  0.6319883940E+00
  0.9047692701E+00  0.3634670656E+01  0.6354843357E+00
  0.9057215774E+00  0.3635611236E+01  0.6389461069E+00
  0.9066643616E+00  0.3636750738E+01  0.6423742410E+00
  0.9075977180E+00  0.3637795641E+01  0.6457691131E+00
  0.9085217408E+00  0.3638872511E+01  0.6491310169E+00
  0.9094365234E+00  0.3639858096E+01  0.6524602449E+00
  0.9103421582E+00  0.3640605260E+01  0.6557569652E+00
  0.9112387366E+00  0.3641332369E+01  0.6590213793E+00
  0.9121263493E+00  0.3642104225E+01  0.6622538145E+00
  0.9130050858E+00  0.3642780311E+01  0.6654545615E+00
  0.9138750349E+00  0.3643386280E+01  0.6686238587E+00
  0.9147362846E+00  0.3643891772E+01  0.6717619415E+00
  0.9155889217E+00  0.3643593443E+01  0.6748687318E+00
  0.9164330325E+00  0.3642758551E+01  0.6779439760E+00
  0.9172687022E+00  0.3641836105E+01  0.6809877334E+00
  0.9180960151E+00  0.3640822909E+01  0.6840002526E+00
  0.9189150550E+00  0.3639721834E+01  0.6869817807E+00
  0.9197259044E+00  0.3638731019E+01  0.6899326454E+00
  0.9205286454E+00  0.3637143817E+01  0.6928529668E+00
  0.9213233589E+00  0.3635319057E+01  0.6957427292E+00
  0.9221101254E+00  0.3633051305E+01  0.6986019840E+00
  0.9228890241E+00  0.3630588121E+01  0.7014308038E+00
  0.9236601339E+00  0.3628345358E+01  0.7042295210E+00
  0.9244235325E+00  0.3627044412E+01  0.7069988985E+00
  0.9251792972E+00  0.3625566400E+01  0.7097395320E+00
  0.9259275042E+00  0.3624084485E+01  0.7124516519E+00
  0.9266682292E+00  0.3623395867E+01  0.7151358467E+00
  0.9274015469E+00  0.3623121157E+01  0.7177928463E+00
  0.9281275314E+00  0.3622812548E+01  0.7204230642E+00
  0.9288462561E+00  0.3622601706E+01  0.7230267932E+00
  0.9295577935E+00  0.3622474205E+01  0.7256043646E+00
  0.9302622156E+00  0.3622603012E+01  0.7281561607E+00
  0.9309595935E+00  0.3623024212E+01  0.7306826307E+00
  0.9316499975E+00  0.3623684325E+01  0.7331842092E+00
  0.9323334975E+00  0.3624648366E+01  0.7356613270E+00
  0.9330101626E+00  0.3625421019E+01  0.7381142612E+00
  0.9336800609E+00  0.3626378404E+01  0.7405432455E+00
  0.9343432603E+00  0.3627178785E+01  0.7429485228E+00
  0.9349998277E+00  0.3628130798E+01  0.7453303227E+00
  0.9356498295E+00  0.3629418419E+01  0.7476890324E+00
  0.9362933312E+00  0.3630802729E+01  0.7500250148E+00
  0.9369303978E+00  0.3632626850E+01  0.7523386593E+00
  0.9375610939E+00  0.3634130663E+01  0.7546302168E+00
  0.9381854829E+00  0.3635814857E+01  0.7568998541E+00
  0.9388036281E+00  0.3637814856E+01  0.7591479336E+00
  0.9394155918E+00  0.3640051546E+01  0.7613748287E+00
  0.9400214359E+00  0.3642524904E+01  0.7635808816E+00
  0.9406212215E+00  0.3645294039E+01  0.7657664462E+00
  0.9412150093E+00  0.3648156442E+01  0.7679318271E+00
  0.9418028592E+00  0.3650820452E+01  0.7700771785E+00
  0.9423848306E+00  0.3653190457E+01  0.7722025413E+00
  0.9429609823E+00  0.3655355455E+01  0.7743079568E+00
  0.9435313725E+00  0.3657186611E+01  0.7763934579E+00
  0.9440960588E+00  0.3659010275E+01  0.7784591359E+00
  0.9446550982E+00  0.3661021564E+01  0.7805052291E+00
  0.9452085472E+00  0.3663316337E+01  0.7825320529E+00
  0.9457564617E+00  0.3665994463E+01  0.7845399708E+00
  0.9462988971E+00  0.3668917399E+01  0.7865293287E+00
  0.9468359082E+00  0.3671645986E+01  0.7885003104E+00
  0.9473675491E+00  0.3674223921E+01  0.7904529929E+00
  0.9478938736E+00  0.3677224573E+01  0.7923876167E+00
  0.9484149348E+00  0.3680204228E+01  0.7943044523E+00
  0.9489307855E+00  0.3682890026E+01  0.7962035807E+00
  0.9494414776E+00  0.3685504821E+01  0.7980850714E+00
  0.9499470629E+00  0.3688331726E+01  0.7999491228E+00
  0.9504475922E+00  0.3691359743E+01  0.8017959990E+00
  0.9509431163E+00  0.3694524848E+01  0.8036259408E+00
  0.9514336852E+00  0.3698193632E+01  0.8054392595E+00
  0.9519193483E+00  0.3702148881E+01  0.8072362963E+00
  0.9524001548E+00  0.3706241928E+01  0.8090172976E+00
  0.9528761533E+00  0.3710716787E+01  0.8107825280E+00
  0.9533473917E+00  0.3715713346E+01  0.8125323378E+00
  0.9538139178E+00  0.3720830680E+01  0.8142670087E+00
  0.9542757786E+00  0.3726064880E+01  0.8159867233E+00
  0.9547330209E+00  0.3731395912E+01  0.8176916563E+00
  0.9551856906E+00  0.3736807915E+01  0.8193819714E+00
  0.9556338337E+00  0.3742247548E+01  0.8210578149E+00
  0.9560774954E+00  0.3747854475E+01  0.8227193505E+00
  0.9565167205E+00  0.3753453921E+01  0.8243667317E+00
  0.9569515532E+00  0.3759142955E+01  0.8260000935E+00
  0.9573820377E+00  0.3764929850E+01  0.8276195917E+00
  0.9578082173E+00  0.3770680400E+01  0.8292253535E+00
  0.9582301352E+00  0.3776307754E+01  0.8308174579E+00
  0.9586478338E+00  0.3782004190E+01  0.8323960063E+00
  0.9590613555E+00  0.3787551246E+01  0.8339610938E+00
  0.9594707419E+00  0.3793162505E+01  0.8355128146E+00
  0.9598760345E+00  0.3798830448E+01  0.8370513038E+00
  0.9602772742E+00  0.3804547532E+01  0.8385766921E+00
  0.9606745014E+00  0.3810306236E+01  0.8400891059E+00
  0.9610677564E+00  0.3816099097E+01  0.8415886668E+00
  0.9614570788E+00  0.3821588318E+01  0.8430754284E+00
  0.9618425080E+00  0.3827064346E+01  0.8445494355E+00
  0.9622240830E+00  0.3832670428E+01  0.8460108168E+00
  0.9626018421E+00  0.3838350439E+01  0.8474597160E+00
  0.9629758237E+00  0.3844017872E+01  0.8488962482E+00
  0.9633460655E+00  0.3849689044E+01  0.8503205140E+00
  0.9637126048E+00  0.3855410901E+01  0.8517326251E+00
  0.9640754788E+00  0.3861234643E+01  0.8531327099E+00
  0.9644347240E+00  0.3867039927E+01  0.8545208828E+00
  0.9647903767E+00  0.3872822110E+01  0.8558972344E+00
  0.9651424730E+00  0.3878584113E+01  0.8572618549E+00
  0.9654910483E+00  0.3884372385E+01  0.8586148422E+00
  0.9658361378E+00  0.3890224498E+01  0.8599563081E+00
  0.9661777764E+00  0.3896044112E+01  0.8612863532E+00
  0.9665159986E+00  0.3901815251E+01  0.8626050579E+00
  0.9668508386E+00  0.3907534358E+01  0.8639124993E+00
  0.9671823303E+00  0.3913186096E+01  0.8652087509E+00
  0.9675105070E+00  0.3918602625E+01  0.8664938562E+00
  0.9678354019E+00  0.3923927942E+01  0.8677678554E+00
  0.9681570479E+00  0.3929176999E+01  0.8690308152E+00
  0.9684754774E+00  0.3934318468E+01  0.8702827997E+00
  0.9687907226E+00  0.3939399370E+01  0.8715238757E+00
  0.9691028154E+00  0.3944519986E+01  0.8727541329E+00
  0.9694117872E+00  0.3949604455E+01  0.8739736640E+00
  0.9697176694E+00  0.3954594950E+01  0.8751825406E+00
  0.9700204927E+00  0.3959356664E+01  0.8763808051E+00
  0.9703202877E+00  0.3963704231E+01  0.8775684524E+00
  0.9706170849E+00  0.3967953002E+01  0.8787454990E+00
  0.9709109140E+00  0.3972134110E+01  0.8799120135E+00
  0.9712018049E+00  0.3976207531E+01  0.8810680634E+00
  0.9714897868E+00  0.3980217006E+01  0.8822137168E+00
  0.9717748890E+00  0.3984187599E+01  0.8833490511E+00
  0.9720571401E+00  0.3988101972E+01  0.8844741449E+00
  0.9723365687E+00  0.3991959784E+01  0.8855890737E+00
  0.9726132030E+00  0.3995875217E+01  0.8866939283E+00
  0.9728870709E+00  0.3999774568E+01  0.8877888045E+00
  0.9731582002E+00  0.4003613390E+01  0.8888737809E+00
  0.9734266182E+00  0.4007421603E+01  0.8899489339E+00
  0.9736923521E+00  0.4011215699E+01  0.8910143455E+00
  0.9739554285E+00  0.4014950246E+01  0.8920700932E+00
  0.9742158742E+00  0.4018596038E+01  0.8931162446E+00
  0.9744737155E+00  0.4022188019E+01  0.8941528675E+00
  0.9747289784E+00  0.4025719020E+01  0.8951800333E+00
  0.9749816886E+00  0.4029239475E+01  0.8961978185E+00
  0.9752318717E+00  0.4032741993E+01  0.8972063043E+00
  0.9754795530E+00  0.4036180618E+01  0.8982055648E+00
  0.9757247574E+00  0.4039555921E+01  0.8991956682E+00
  0.9759675099E+00  0.4042868512E+01  0.9001766823E+00
  0.9762078348E+00  0.4046119041E+01  0.9011486748E+00
  0.9764457564E+00  0.4049407185E+01  0.9021117253E+00
  0.9766812989E+00  0.4052634802E+01  0.9030659127E+00
  0.9769144859E+00  0.4055800075E+01  0.9040113035E+00
  0.9771453410E+00  0.4058903728E+01  0.9049479641E+00
  0.9773738876E+00  0.4061946081E+01  0.9058759603E+00
  0.9776001487E+00  0.4064898960E+01  0.9067953549E+00
  0.9778241472E+00  0.4067793320E+01  0.9077062104E+00
  0.9780459058E+00  0.4070629980E+01  0.9086085928E+00
  0.9782654467E+00  0.4073426753E+01  0.9095025697E+00
  0.9784827922E+00  0.4076184258E+01  0.9103882105E+00
  0.9786979643E+00  0.4078874659E+01  0.9112655810E+00
  0.9789109847E+00  0.4081478180E+01  0.9121347416E+00
  0.9791218748E+00  0.4084025676E+01  0.9129957538E+00
  0.9793306561E+00  0.4086518157E+01  0.9138486820E+00
  0.9795373495E+00  0.4088999243E+01  0.9146935949E+00
  0.9797419760E+00  0.4091435466E+01  0.9155305618E+00
  0.9799445563E+00  0.4093818831E+01  0.9163596471E+00
  0.9801451107E+00  0.4096150343E+01  0.9171809145E+00
  0.9803436596E+00  0.4098431005E+01  0.9179944270E+00
  0.9805402230E+00  0.4100661817E+01  0.9188002478E+00
  0.9807348208E+00  0.4102843773E+01  0.9195984397E+00
  0.9809274726E+00  0.4104977862E+01  0.9203890655E+00
  0.9811181978E+00  0.4107065066E+01  0.9211721876E+00
  0.9813070158E+00  0.4109089395E+01  0.9219478666E+00
  0.9814939457E+00  0.4111055045E+01  0.9227161618E+00
  0.9816790062E+00  0.4113027768E+01  0.9234771384E+00
  0.9818622162E+00  0.4114956144E+01  0.9242308626E+00
  0.9820435940E+00  0.4116818751E+01  0.9249773933E+00
  0.9822231581E+00  0.4118651262E+01  0.9257167906E+00
  0.9824009265E+00  0.4120467254E+01  0.9264491181E+00
  0.9825769172E+00  0.4122241561E+01  0.9271744383E+00
  0.9827511481E+00  0.4123975173E+01  0.9278928109E+00
  0.9829236366E+00  0.4125663999E+01  0.9286042949E+00
  0.9830944002E+00  0.4127306833E+01  0.9293089485E+00
  0.9832634562E+00  0.4128913114E+01  0.9300068303E+00
  0.9834308216E+00  0.4130462028E+01  0.9306979973E+00
  0.9835965134E+00  0.4131956253E+01  0.9313825047E+00
  0.9837605483E+00  0.4133419327E+01  0.9320604096E+00
  0.9839229428E+00  0.4134850420E+01  0.9327317704E+00
  0.9840837134E+00  0.4136239013E+01  0.9333966443E+00
  0.9842428762E+00  0.4137572006E+01  0.9340550860E+00
  0.9844004475E+00  0.4138876626E+01  0.9347071512E+00
  0.9845564430E+00  0.4140153559E+01  0.9353528970E+00
  0.9847108786E+00  0.4141403475E+01  0.9359923805E+00
  0.9848637698E+00  0.4142662411E+01  0.9366256609E+00
  0.9850151321E+00  0.4143936367E+01  0.9372528003E+00
  0.9851649808E+00  0.4145183377E+01  0.9378738571E+00
  0.9853133310E+00  0.4146404058E+01  0.9384888864E+00
  0.9854601977E+00  0.4147599020E+01  0.9390979428E+00
  0.9856055957E+00  0.4148768856E+01  0.9397010805E+00
  0.9857495397E+00  0.4149914146E+01  0.9402983535E+00
  0.9858920443E+00  0.4151035461E+01  0.9408898153E+00
  0.9860331239E+00  0.4152133357E+01  0.9414755190E+00
  0.9861727926E+00  0.4153194349E+01  0.9420555164E+00
  0.9863110647E+00  0.4154220786E+01  0.9426298581E+00
  0.9864479541E+00  0.4155225916E+01  0.9431985955E+00
  0.9865834745E+00  0.4156210253E+01  0.9437617803E+00
  0.9867176398E+00  0.4157174300E+01  0.9443194640E+00
  0.9868504634E+00  0.4158118546E+01  0.9448716976E+00
  0.9869819588E+00  0.4159043470E+01  0.9454185317E+00
  0.9871121392E+00  0.4159949538E+01  0.9459600167E+00
  0.9872410178E+00  0.4160837206E+01  0.9464962024E+00
  0.9873686076E+00  0.4161706918E+01  0.9470271384E+00
  0.9874949215E+00  0.4162559107E+01  0.9475528737E+00
  0.9876199723E+00  0.4163392323E+01  0.9480734571E+00
  0.9877437726E+00  0.4164165836E+01  0.9485889341E+00
  0.9878663349E+00  0.4164919838E+01  0.9490993499E+00
  0.9879876715E+00  0.4165678305E+01  0.9496047534E+00
  0.9881077948E+00  0.4166429176E+01  0.9501051934E+00
  0.9882267168E+00  0.4167162149E+01  0.9506007173E+00
  0.9883444497E+00  0.4167864447E+01  0.9510913705E+00
  0.9884610052E+00  0.4168553272E+01  0.9515771982E+00
  0.9885763951E+00  0.4169228966E+01  0.9520582463E+00
  0.9886906312E+00  0.4169891863E+01  0.9525345604E+00
  0.9888037249E+00  0.4170542288E+01  0.9530061856E+00
  0.9889156876E+00  0.4171180554E+01  0.9534731667E+00
  0.9890265307E+00  0.4171828808E+01  0.9539355494E+00
  0.9891362654E+00  0.4172472928E+01  0.9543933790E+00
  0.9892449028E+00  0.4173104774E+01  0.9548466998E+00
  0.9893524538E+00  0.4173724652E+01  0.9552955546E+00
  0.9894589292E+00  0.4174332857E+01  0.9557399862E+00
  0.9895643399E+00  0.4174929675E+01  0.9561800370E+00
  0.9896686965E+00  0.4175515387E+01  0.9566157491E+00
  0.9897720096E+00  0.4176090262E+01  0.9570471639E+00
  0.9898742895E+00  0.4176654566E+01  0.9574743229E+00
  0.9899755466E+00  0.4177210542E+01  0.9578972670E+00
  0.9900757911E+00  0.4177759921E+01  0.9583160371E+00
  0.9901750332E+00  0.4178299283E+01  0.9587306735E+00
  0.9902732829E+00  0.4178828869E+01  0.9591412160E+00
  0.9903705500E+00  0.4179348913E+01  0.9595477041E+00
  0.9904668445E+00  0.4179859642E+01  0.9599501770E+00
  0.9905621761E+00  0.4180364002E+01  0.9603486736E+00
  0.9906565543E+00  0.4180869246E+01  0.9607432328E+00
  0.9907499888E+00  0.4181365398E+01  0.9611338933E+00
  0.9908424889E+00  0.4181852671E+01  0.9615206926E+00
  0.9909340640E+00  0.4182353372E+01  0.9619036691E+00
  0.9910247234E+00  0.4182852894E+01  0.9622828612E+00
  0.9911144761E+00  0.4183342162E+01  0.9626583058E+00
  0.9912033314E+00  0.4183805932E+01  0.9630300383E+00
  0.9912912981E+00  0.4184258293E+01  0.9633980937E+00
  0.9913783851E+00  0.4184702668E+01  0.9637625077E+00
  0.9914646012E+00  0.4185139242E+01  0.9641233154E+00
  0.9915499552E+00  0.4185576799E+01  0.9644805524E+00
  0.9916344557E+00  0.4186009070E+01  0.9648342538E+00
  0.9917181111E+00  0.4186430381E+01  0.9651844539E+00
  0.9918009300E+00  0.4186844329E+01  0.9655311865E+00
  0.9918829207E+00  0.4187251081E+01  0.9658744855E+00
  0.9919640915E+00  0.4187651040E+01  0.9662143842E+00
  0.9920444506E+00  0.4188044241E+01  0.9665509158E+00
  0.9921240061E+00  0.4188437887E+01  0.9668841134E+00
  0.9922027660E+00  0.4188832183E+01  0.9672140101E+00
  0.9922807383E+00  0.4189219492E+01  0.9675406382E+00
  0.9923579310E+00  0.4189599975E+01  0.9678640297E+00
  0.9924343516E+00  0.4189973785E+01  0.9681842161E+00
  0.9925100081E+00  0.4190341075E+01  0.9685012287E+00
  0.9925849081E+00  0.4190701992E+01  0.9688150984E+00
  0.9926590590E+00  0.4191056680E+01  0.9691258560E+00
  0.9927324684E+00  0.4191405277E+01  0.9694335318E+00
  0.9928051437E+00  0.4191747920E+01  0.9697381559E+00
  0.9928770923E+00  0.4192089654E+01  0.9700397584E+00
  0.9929483213E+00  0.4192433748E+01  0.9703383694E+00
  0.9930188381E+00  0.4192771815E+01  0.9706340183E+00
  0.9930886497E+00  0.4193103989E+01  0.9709267340E+00
  0.9931577632E+00  0.4193430401E+01  0.9712165454E+00
  0.9932261856E+00  0.4193751178E+01  0.9715034808E+00
  0.9932939238E+00  0.4194066447E+01  0.9717875684E+00
  0.9933609845E+00  0.4194376327E+01  0.9720688361E+00
  0.9934273747E+00  0.4194680938E+01  0.9723473115E+00
  0.9934931009E+00  0.4194989099E+01  0.9726230223E+00
  0.9935581699E+00  0.4195296576E+01  0.9728959960E+00
  0.9936225882E+00  0.4195598635E+01  0.9731662596E+00
  0.9936863623E+00  0.4195895398E+01  0.9734338397E+00
  0.9937494987E+00  0.4196186982E+01  0.9736987625E+00
  0.9938120037E+00  0.4196473502E+01  0.9739610542E+00
  0.9938738837E+00  0.4196755698E+01  0.9742207406E+00
  0.9939351449E+00  0.4197034991E+01  0.9744778472E+00
  0.9939957934E+00  0.4197309459E+01  0.9747323997E+00
  0.9940558355E+00  0.4197579208E+01  0.9749844229E+00
  0.9941152771E+00  0.4197844342E+01  0.9752339418E+00
  0.9941741243E+00  0.4198104960E+01  0.9754809810E+00
  0.9942323831E+00  0.4198361162E+01  0.9757255648E+00
  0.9942900593E+00  0.4198613042E+01  0.9759677175E+00
  0.9943471587E+00  0.4198860695E+01  0.9762074628E+00
  0.9944036871E+00  0.4199104211E+01  0.9764448247E+00
  0.9944596502E+00  0.4199343680E+01  0.9766798264E+00
  0.9945150537E+00  0.4199579187E+01  0.9769124912E+00
  0.9945699032E+00  0.4199810817E+01  0.9771428422E+00
  0.9946242041E+00  0.4200038654E+01  0.9773709022E+00
  0.9946779621E+00  0.4200262777E+01  0.9775966937E+00
  0.9947311825E+00  0.4200483264E+01  0.9778202392E+00
  0.9947838707E+00  0.4200700192E+01  0.9780415607E+00
  0.9948360320E+00  0.4200913637E+01  0.9782606802E+00
  0.9948876716E+00  0.4201123670E+01  0.9784776195E+00
  0.9949387949E+00  0.4201330362E+01  0.9786924000E+00
  0.9949894070E+00  0.4201533784E+01  0.9789050431E+00
  0.9950395129E+00  0.4201734002E+01  0.9791155699E+00
  0.9950891178E+00  0.4201931082E+01  0.9793240012E+00
  0.9951382266E+00  0.4202125090E+01  0.9795303579E+00
  0.9951868443E+00  0.4202316086E+01  0.9797346603E+00
  0.9952349759E+00  0.4202504134E+01  0.9799369289E+00
  0.9952826261E+00  0.4202689292E+01  0.9801371836E+00
  0.9953297999E+00  0.4202871619E+01  0.9803354445E+00
  0.9953765019E+00  0.4203051171E+01  0.9805317312E+00
  0.9954227368E+00  0.4203228005E+01  0.9807260633E+00
  0.9954685095E+00  0.4203402174E+01  0.9809184601E+00
  0.9955138244E+00  0.4203573731E+01  0.9811089407E+00
  0.9955586861E+00  0.4203742728E+01  0.9812975242E+00
  0.9956030993E+00  0.4203909215E+01  0.9814842293E+00
  0.9956470683E+00  0.4204073242E+01  0.9816690746E+00
  0.9956905976E+00  0.4204234855E+01  0.9818520786E+00
  0.9957336916E+00  0.4204392864E+01  0.9820332594E+00
  0.9957763547E+00  0.4204548059E+01  0.9822126351E+00
  0.9958185912E+00  0.4204701046E+01  0.9823902235E+00
  0.9958604053E+00  0.4204851865E+01  0.9825660424E+00
  0.9959018012E+00  0.4205000558E+01  0.9827401093E+00
  0.9959427832E+00  0.4205146090E+01  0.9829124416E+00
  0.9959833554E+00  0.4205288875E+01  0.9830830563E+00
  0.9960235218E+00  0.4205429485E+01  0.9832519707E+00
  0.9960632866E+00  0.4205567512E+01  0.9834192014E+00
  0.9961026537E+00  0.4205703702E+01  0.9835847652E+00
  0.9961416272E+00  0.4205838085E+01  0.9837486787E+00
  0.9961802109E+00  0.4205970694E+01  0.9839109582E+00
  0.9962184088E+00  0.4206101559E+01  0.9840716199E+00
  0.9962562247E+00  0.4206230919E+01  0.9842306799E+00
  0.9962936625E+00  0.4206358928E+01  0.9843881541E+00
  0.9963307258E+00  0.4206485260E+01  0.9845440583E+00
  0.9963674186E+00  0.4206609944E+01  0.9846984081E+00
  0.9964037444E+00  0.4206733009E+01  0.9848512188E+00
  0.9964397070E+00  0.4206854481E+01  0.9850025059E+00
  0.9964753099E+00  0.4206974387E+01  0.9851522844E+00
  0.9965105568E+00  0.4207092754E+01  0.9853005693E+00
  0.9965454512E+00  0.4207209607E+01  0.9854473754E+00
  0.9965799967E+00  0.4207324972E+01  0.9855927175E+00
  0.9966141967E+00  0.4207438873E+01  0.9857366101E+00
  0.9966480548E+00  0.4207551333E+01  0.9858790676E+00
  0.9966815742E+00  0.4207662378E+01  0.9860201043E+00
  0.9967147585E+00  0.4207771447E+01  0.9861597343E+00
  0.9967476109E+00  0.4207878882E+01  0.9862979715E+00
  0.9967801348E+00  0.4207985001E+01  0.9864348298E+00
  0.9968123334E+00  0.4208089824E+01  0.9865703230E+00
  0.9968442101E+00  0.4208193373E+01  0.9867044645E+00
  0.9968757680E+00  0.4208295666E+01  0.9868372678E+00
  0.9969070103E+00  0.4208396723E+01  0.9869687463E+00
  0.9969379402E+00  0.4208496563E+01  0.9870989131E+00
  0.9969685608E+00  0.4208595204E+01  0.9872277813E+00
  0.9969988752E+00  0.4208692664E+01  0.9873553638E+00
  0.9970288865E+00  0.4208789554E+01  0.9874816734E+00
  0.9970585976E+00  0.4208885651E+01  0.9876067227E+00
  0.9970880116E+00  0.4208980583E+01  0.9877305244E+00
  0.9971171315E+00  0.4209074367E+01  0.9878530908E+00
  0.9971459602E+00  0.4209167022E+01  0.9879744342E+00
  0.9971745006E+00  0.4209258563E+01  0.9880945668E+00
  0.9972027556E+00  0.4209349008E+01  0.9882135007E+00
  0.9972307280E+00  0.4209438373E+01  0.9883312477E+00
  0.9972584207E+00  0.4209526674E+01  0.9884478197E+00
  0.9972858365E+00  0.4209613928E+01  0.9885632284E+00
  0.9973129782E+00  0.4209700150E+01  0.9886774854E+00
  0.9973398484E+00  0.4209785354E+01  0.9887906021E+00
  0.9973664499E+00  0.4209869557E+01  0.9889025899E+00
  0.9973927854E+00  0.4209952771E+01  0.9890134600E+00
  0.9974188575E+00  0.4210035013E+01  0.9891232236E+00
  0.9974446690E+00  0.4210116295E+01  0.9892318916E+00
  0.9974702223E+00  0.4210196632E+01  0.9893394751E+00
  0.9974955201E+00  0.4210276037E+01  0.9894459847E+00
  0.9975205649E+00  0.4210354524E+01  0.9895514312E+00
  0.9975453592E+00  0.4210432105E+01  0.9896558252E+00
  0.9975699056E+00  0.4210508793E+01  0.9897591771E+00
  0.9975942066E+00  0.4210584601E+01  0.9898614974E+00
  0.9976182645E+00  0.4210659540E+01  0.9899627962E+00
  0.9976420819E+00  0.4210733624E+01  0.9900630839E+00
  0.9976656610E+00  0.4210806864E+01  0.9901623704E+00
  0.9976890044E+00  0.4210879271E+01  0.9902606657E+00
  0.9977121144E+00  0.4210950857E+01  0.9903579798E+00
  0.9977349932E+00  0.4211021634E+01  0.9904543224E+00
  0.9977576433E+00  0.4211091611E+01  0.9905497031E+00
  0.9977800669E+00  0.4211160800E+01  0.9906441315E+00
  0.9978022662E+00  0.4211229212E+01  0.9907376173E+00
  0.9978242435E+00  0.4211296857E+01  0.9908301696E+00
  0.9978460011E+00  0.4211363745E+01  0.9909217979E+00
  0.9978675411E+00  0.4211429887E+01  0.9910125113E+00
  0.9978888657E+00  0.4211495291E+01  0.9911023190E+00
  0.9979099770E+00  0.4211559968E+01  0.9911912301E+00
  0.9979308773E+00  0.4211623928E+01  0.9912792533E+00
  0.9979515685E+00  0.4211687180E+01  0.9913663976E+00
  0.9979720528E+00  0.4211749732E+01  0.9914526718E+00
  0.9979923323E+00  0.4211811595E+01  0.9915380845E+00
  0.9980124089E+00  0.4211872777E+01  0.9916226443E+00
  0.9980322849E+00  0.4211933286E+01  0.9917063597E+00
  0.9980519620E+00  0.4211993132E+01  0.9917892391E+00
  0.9980714424E+00  0.4212052322E+01  0.9918712909E+00
  0.9980907280E+00  0.4212110866E+01  0.9919525233E+00
  0.9981098207E+00  0.4212168771E+01  0.9920329445E+00
  0.9981287225E+00  0.4212226045E+01  0.9921125626E+00
  0.9981474353E+00  0.4212282696E+01  0.9921913856E+00
  0.9981659609E+00  0.4212338733E+01  0.9922694214E+00
  0.9981843013E+00  0.4212394162E+01  0.9923466778E+00
  0.9982024583E+00  0.4212448992E+01  0.9924231627E+00
  0.9982204337E+00  0.4212503230E+01  0.9924988837E+00
  0.9982382294E+00  0.4212556882E+01  0.9925738485E+00
  0.9982558471E+00  0.4212609957E+01  0.9926480645E+00
  0.9982732886E+00  0.4212662461E+01  0.9927215394E+00
  0.9982905557E+00  0.4212714401E+01  0.9927942803E+00
  0.9983076502E+00  0.4212765784E+01  0.9928662948E+00
  0.9983245737E+00  0.4212816617E+01  0.9929375899E+00
  0.9983413279E+00  0.4212866907E+01  0.9930081730E+00
  0.9983579146E+00  0.4212916660E+01  0.9930780511E+00
  0.9983743355E+00  0.4212965882E+01  0.9931472312E+00
  0.9983905921E+00  0.4213014580E+01  0.9932157202E+00
  0.9984066862E+00  0.4213062761E+01  0.9932835252E+00
  0.9984226194E+00  0.4213110429E+01  0.9933506529E+00
  0.9984383932E+00  0.4213157592E+01  0.9934171101E+00
  0.9984540092E+00  0.4213204255E+01  0.9934829034E+00
  0.9984694691E+00  0.4213250425E+01  0.9935480395E+00
  0.9984847744E+00  0.4213296106E+01  0.9936125250E+00
  0.9984999267E+00  0.4213341305E+01  0.9936763662E+00
  0.9985149274E+00  0.4213386028E+01  0.9937395698E+00
  0.9985297782E+00  0.4213430280E+01  0.9938021419E+00
  0.9985444804E+00  0.4213474065E+01  0.9938640890E+00
  0.9985590356E+00  0.4213517391E+01  0.9939254173E+00
  0.9985734452E+00  0.4213560262E+01  0.9939861329E+00
  0.9985877108E+00  0.4213602683E+01  0.9940462419E+00
  0.9986018337E+00  0.4213644660E+01  0.9941057505E+00
  0.9986158153E+00  0.4213686197E+01  0.9941646645E+00
  0.9986296572E+00  0.4213727300E+01  0.9942229900E+00
  0.9986433606E+00  0.4213767974E+01  0.9942807328E+00
  0.9986569270E+00  0.4213808223E+01  0.9943378987E+00
  0.9986703577E+00  0.4213848052E+01  0.9943944935E+00
  0.9986836541E+00  0.4213887467E+01  0.9944505229E+00
  0.9986968176E+00  0.4213926471E+01  0.9945059925E+00
  0.9987098494E+00  0.4213965069E+01  0.9945609079E+00
  0.9987227509E+00  0.4214003267E+01  0.9946152746E+00
  0.9987355234E+00  0.4214041068E+01  0.9946690982E+00
  0.9987481682E+00  0.4214078477E+01  0.9947223840E+00
  0.9987606865E+00  0.4214115498E+01  0.9947751374E+00
  0.9987730796E+00  0.4214152136E+01  0.9948273637E+00
  0.9987853488E+00  0.4214188394E+01  0.9948790682E+00
  0.9987974954E+00  0.4214224278E+01  0.9949302561E+00
  0.9988095204E+00  0.4214259790E+01  0.9949809326E+00
  0.9988214252E+00  0.4214294937E+01  0.9950311027E+00
  0.9988332109E+00  0.4214329720E+01  0.9950807715E+00
  0.9988448788E+00  0.4214364145E+01  0.9951299441E+00
  0.9988564300E+00  0.4214398215E+01  0.9951786253E+00
  0.9988678657E+00  0.4214431934E+01  0.9952268200E+00
  0.9988791871E+00  0.4214465307E+01  0.9952745333E+00
  0.9988903952E+00  0.4214498336E+01  0.9953217697E+00
  0.9989014913E+00  0.4214531025E+01  0.9953685342E+00
  0.9989124764E+00  0.4214563379E+01  0.9954148313E+00
  0.9989233516E+00  0.4214595401E+01  0.9954606659E+00
  0.9989341181E+00  0.4214627095E+01  0.9955060424E+00
  0.9989447769E+00  0.4214658463E+01  0.9955509656E+00
  0.9989553291E+00  0.4214689510E+01  0.9955954398E+00
  0.9989657758E+00  0.4214720239E+01  0.9956394696E+00
  0.9989761181E+00  0.4214750654E+01  0.9956830594E+00
  0.9989863569E+00  0.4214780758E+01  0.9957262136E+00
  0.9989964933E+00  0.4214810553E+01  0.9957689366E+00
  0.9990065284E+00  0.4214840045E+01  0.9958112326E+00
  0.9990164631E+00  0.4214869235E+01  0.9958531060E+00
  0.9990262985E+00  0.4214898127E+01  0.9958945610E+00
  0.9990360355E+00  0.4214926724E+01  0.9959356016E+00
  0.9990456751E+00  0.4214955030E+01  0.9959762322E+00
  0.9990552184E+00  0.4214983047E+01  0.9960164567E+00
  0.9990646662E+00  0.4215010778E+01  0.9960562792E+00
  0.9990740195E+00  0.4215038228E+01  0.9960957037E+00
  0.9990832793E+00  0.4215065398E+01  0.9961347343E+00
  0.9990924466E+00  0.4215092291E+01  0.9961733748E+00
  0.9991015221E+00  0.4215118911E+01  0.9962116291E+00
  0.9991105069E+00  0.4215145260E+01  0.9962495011E+00
  0.9991194018E+00  0.4215171341E+01  0.9962869947E+00
  0.9991282078E+00  0.4215197157E+01  0.9963241135E+00
  0.9991369257E+00  0.4215222712E+01  0.9963608614E+00
  0.9991455564E+00  0.4215248007E+01  0.9963972420E+00
  0.9991541009E+00  0.4215273045E+01  0.9964332590E+00
  0.9991625599E+00  0.4215297829E+01  0.9964689161E+00
  0.9991709343E+00  0.4215322362E+01  0.9965042168E+00
  0.9991792249E+00  0.4215346646E+01  0.9965391647E+00
  0.9991874327E+00  0.4215370684E+01  0.9965737633E+00
  0.9991955584E+00  0.4215394478E+01  0.9966080161E+00
  0.9992036028E+00  0.4215418032E+01  0.9966419266E+00
  0.9992115667E+00  0.4215441347E+01  0.9966754982E+00
  0.9992194511E+00  0.4215464426E+01  0.9967087342E+00
  0.9992272566E+00  0.4215487272E+01  0.9967416381E+00
  0.9992349840E+00  0.4215509887E+01  0.9967742130E+00
  0.9992426342E+00  0.4215532273E+01  0.9968064625E+00
  0.9992502078E+00  0.4215554432E+01  0.9968383895E+00
  0.9992577057E+00  0.4215576368E+01  0.9968699975E+00
  0.9992651287E+00  0.4215598082E+01  0.9969012896E+00
  0.9992724774E+00  0.4215619577E+01  0.9969322689E+00
  0.9992797526E+00  0.4215640855E+01  0.9969629385E+00
  0.9992869551E+00  0.4215661918E+01  0.9969933017E+00
  0.9992940855E+00  0.4215682768E+01  0.9970233613E+00
  0.9993011447E+00  0.4215703408E+01  0.9970531205E+00
  0.9993081332E+00  0.4215723840E+01  0.9970825822E+00
  0.9993150519E+00  0.4215744066E+01  0.9971117495E+00
  0.9993219014E+00  0.4215764088E+01  0.9971406252E+00
  0.9993286824E+00  0.4215783908E+01  0.9971692123E+00
  0.9993353956E+00  0.4215803528E+01  0.9971975137E+00
  0.9993420416E+00  0.4215822950E+01  0.9972255322E+00
  0.9993486212E+00  0.4215842177E+01  0.9972532706E+00
  0.9993551350E+00  0.4215861211E+01  0.9972807318E+00
  0.9993615836E+00  0.4215880052E+01  0.9973079184E+00
  0.9993679678E+00  0.4215898704E+01  0.9973348334E+00
  0.9993742881E+00  0.4215917168E+01  0.9973614793E+00
  0.9993805452E+00  0.4215935446E+01  0.9973878588E+00
  0.9993867398E+00  0.4215953541E+01  0.9974139747E+00
  0.9993928724E+00  0.4215971453E+01  0.9974398295E+00
  0.9993989436E+00  0.4215989185E+01  0.9974654259E+00
  0.9994049542E+00  0.4216006739E+01  0.9974907664E+00
  0.9994109047E+00  0.4216024116E+01  0.9975158536E+00
  0.9994167956E+00  0.4216041319E+01  0.9975406901E+00
  0.9994226277E+00  0.4216058348E+01  0.9975652783E+00
  0.9994284014E+00  0.4216075207E+01  0.9975896207E+00
  0.9994341174E+00  0.4216091896E+01  0.9976137197E+00
  0.9994397762E+00  0.4216108417E+01  0.9976375779E+00
  0.9994453784E+00  0.4216124773E+01  0.9976611976E+00
  0.9994509247E+00  0.4216140964E+01  0.9976845812E+00
  0.9994564154E+00  0.4216156992E+01  0.9977077310E+00
  0.9994618513E+00  0.4216172860E+01  0.9977306495E+00
  0.9994672327E+00  0.4216188568E+01  0.9977533388E+00
  0.9994725604E+00  0.4216204119E+01  0.9977758013E+00
  0.9994778348E+00  0.4216219513E+01  0.9977980393E+00
  0.9994830565E+00  0.4216234753E+01  0.9978200549E+00
  0.9994882259E+00  0.4216249840E+01  0.9978418505E+00
  0.9994933436E+00  0.4216264776E+01  0.9978634282E+00
  0.9994984102E+00  0.4216279561E+01  0.9978847902E+00
  0.9995034261E+00  0.4216294199E+01  0.9979059387E+00
  0.9995083918E+00  0.4216308689E+01  0.9979268758E+00
  0.9995133079E+00  0.4216323035E+01  0.9979476035E+00
  0.9995181748E+00  0.4216337236E+01  0.9979681241E+00
  0.9995229931E+00  0.4216351295E+01  0.9979884395E+00
  0.9995277632E+00  0.4216365213E+01  0.9980085518E+00
  0.9995324855E+00  0.4216378991E+01  0.9980284630E+00
  0.9995371607E+00  0.4216392631E+01  0.9980481753E+00
  0.9995417891E+00  0.4216406135E+01  0.9980676904E+00
  0.9995463712E+00  0.4216419503E+01  0.9980870105E+00
  0.9995509075E+00  0.4216432737E+01  0.9981061374E+00
  0.9995553984E+00  0.4216445839E+01  0.9981250731E+00
  0.9995598444E+00  0.4216458809E+01  0.9981438195E+00
  0.9995642460E+00  0.4216471650E+01  0.9981623785E+00
  0.9995686035E+00  0.4216484361E+01  0.9981807520E+00
  0.9995729175E+00  0.4216496946E+01  0.9981989418E+00
  0.9995771883E+00  0.4216509404E+01  0.9982169498E+00
  0.9995814164E+00  0.4216521737E+01  0.9982347777E+00
  0.9995856022E+00  0.4216533947E+01  0.9982524274E+00
  0.9995897462E+00  0.4216546035E+01  0.9982699006E+00
  0.9995938488E+00  0.4216558001E+01  0.9982871992E+00
  0.9995979103E+00  0.4216569848E+01  0.9983043248E+00
  0.9996019312E+00  0.4216581576E+01  0.9983212792E+00
  0.9996059119E+00  0.4216593187E+01  0.9983380641E+00
  0.9996098527E+00  0.4216604681E+01  0.9983546813E+00
  0.9996137542E+00  0.4216616061E+01  0.9983711323E+00
  0.9996176167E+00  0.4216627326E+01  0.9983874188E+00
  0.9996214405E+00  0.4216638479E+01  0.9984035425E+00
  0.9996252261E+00  0.4216649520E+01  0.9984195050E+00
  0.9996289738E+00  0.4216660451E+01  0.9984353079E+00
  0.9996326841E+00  0.4216671272E+01  0.9984509528E+00
  0.9996363573E+00  0.4216681984E+01  0.9984664414E+00
  0.9996399937E+00  0.4216692590E+01  0.9984817750E+00
  0.9996435938E+00  0.4216703089E+01  0.9984969554E+00
  0.9996471578E+00  0.4216713484E+01  0.9985119840E+00
  0.9996506862E+00  0.4216723774E+01  0.9985268624E+00
  0.9996541794E+00  0.4216733962E+01  0.9985415920E+00
  0.9996576376E+00  0.4216744047E+01  0.9985561744E+00
  0.9996610612E+00  0.4216754032E+01  0.9985706109E+00
  0.9996644506E+00  0.4216763916E+01  0.9985849032E+00
  0.9996678400E+00  0.4216773801E+01  0.9985991954E+00
  0.9996712294E+00  0.4216783686E+01  0.9986134877E+00
  0.9996746188E+00  0.4216793570E+01  0.9986277801E+00
  0.9996780081E+00  0.4216803455E+01  0.9986420724E+00
  0.9996813975E+00  0.4216813339E+01  0.9986563648E+00
  0.9996847869E+00  0.4216823224E+01  0.9986706573E+00
  0.9996881763E+00  0.4216833108E+01  0.9986849497E+00
  0.9996915657E+00  0.4216842993E+01  0.9986992422E+00
  0.9996949551E+00  0.4216852877E+01  0.9987135348E+00
  0.9996983445E+00  0.4216862761E+01  0.9987278273E+00
  0.9997017339E+00  0.4216872646E+01  0.9987421199E+00
  0.9997051232E+00  0.4216882530E+01  0.9987564126E+00
  0.9997085126E+00  0.4216892414E+01  0.9987707052E+00
  0.9997119020E+00  0.4216902299E+01  0.9987849979E+00
  0.9997152914E+00  0.4216912183E+01  0.9987992907E+00
  0.9997186808E+00  0.4216922068E+01  0.9988135834E+00
  0.9997220702E+00  0.4216931952E+01  0.9988278762E+00
  0.9997254596E+00  0.4216941836E+01  0.9988421691E+00
  0.9997288490E+00  0.4216951721E+01  0.9988564619E+00
  0.9997322384E+00  0.4216961605E+01  0.9988707548E+00
  0.9997356277E+00  0.4216971490E+01  0.9988850478E+00
  0.9997390171E+00  0.4216981374E+01  0.9988993407E+00
  0.9997424065E+00  0.4216991259E+01  0.9989136337E+00
  0.9997457959E+00  0.4217001144E+01  0.9989279268E+00
  0.9997491853E+00  0.4217011028E+01  0.9989422198E+00
  0.9997525747E+00  0.4217020913E+01  0.9989565129E+00
  0.9997559641E+00  0.4217030798E+01  0.9989708061E+00
  0.9997593535E+00  0.4217040682E+01  0.9989850993E+00
  0.9997627428E+00  0.4217050567E+01  0.9989993925E+00
  0.9997661322E+00  0.4217060452E+01  0.9990136857E+00
  0.9997695216E+00  0.4217070337E+01  0.9990279790E+00
  0.9997729110E+00  0.4217080222E+01  0.9990422723E+00
  0.9997763004E+00  0.4217090107E+01  0.9990565656E+00
  0.9997796898E+00  0.4217099992E+01  0.9990708590E+00
  0.9997830792E+00  0.4217109878E+01  0.9990851524E+00
  0.9997864686E+00  0.4217119763E+01  0.9990994458E+00
  0.9997898579E+00  0.4217129648E+01  0.9991137393E+00
  0.9997932473E+00  0.4217139534E+01  0.9991280328E+00
  0.9997966367E+00  0.4217149419E+01  0.9991423263E+00
  0.9998000261E+00  0.4217159305E+01  0.9991566199E+00
  0.9998034155E+00  0.4217169191E+01  0.9991709135E+00
  0.9998068049E+00  0.4217179077E+01  0.9991852072E+00
  0.9998101943E+00  0.4217188963E+01  0.9991995008E+00
  0.9998135837E+00  0.4217198849E+01  0.9992137945E+00
  0.9998169731E+00  0.4217208735E+01  0.9992280883E+00
  0.9998203624E+00  0.4217218621E+01  0.9992423820E+00
  0.9998237518E+00  0.4217228508E+01  0.9992566759E+00
  0.9998271412E+00  0.4217238394E+01  0.9992709697E+00
  0.9998305306E+00  0.4217248281E+01  0.9992852636E+00
  0.9998339200E+00  0.4217258168E+01  0.9992995575E+00
  0.9998373094E+00  0.4217268054E+01  0.9993138514E+00
  0.9998406988E+00  0.4217277942E+01  0.9993281454E+00
  0.9998440882E+00  0.4217287829E+01  0.9993424394E+00
  0.9998474775E+00  0.4217297716E+01  0.9993567334E+00
  0.9998508669E+00  0.4217307604E+01  0.9993710275E+00
  0.9998542563E+00  0.4217317491E+01  0.9993853216E+00
  0.9998576457E+00  0.4217327379E+01  0.9993996158E+00
  0.9998610351E+00  0.4217337267E+01  0.9994139099E+00
  0.9998644245E+00  0.4217347155E+01  0.9994282041E+00
  0.9998678139E+00  0.4217357043E+01  0.9994424984E+00
  0.9998712033E+00  0.4217366932E+01  0.9994567927E+00
  0.9998745926E+00  0.4217376820E+01  0.9994710870E+00
  0.9998779820E+00  0.4217386709E+01  0.9994853813E+00
  0.9998813714E+00  0.4217396598E+01  0.9994996757E+00
  0.9998847608E+00  0.4217406487E+01  0.9995139701E+00
  0.9998881502E+00  0.4217416377E+01  0.9995282645E+00
  0.9998915396E+00  0.4217426266E+01  0.9995425590E+00
  0.9998949290E+00  0.4217436156E+01  0.9995568535E+00
  0.9998983184E+00  0.4217446046E+01  0.9995711481E+00
  0.9999017077E+00  0.4217455936E+01  0.9995854427E+00
  0.9999050971E+00  0.4217465826E+01  0.9995997373E+00
  0.9999084865E+00  0.4217475717E+01  0.9996140319E+00
  0.9999118759E+00  0.4217485608E+01  0.9996283266E+00
  0.9999152653E+00  0.4217495499E+01  0.9996426213E+00
  0.9999186547E+00  0.4217505390E+01  0.9996569160E+00
  0.9999220441E+00  0.4217515281E+01  0.9996712108E+00
  0.9999254335E+00  0.4217525173E+01  0.9996855056E+00
  0.9999288229E+00  0.4217535065E+01  0.9996998005E+00
  0.9999322122E+00  0.4217544957E+01  0.9997140954E+00
  0.9999356016E+00  0.4217554849E+01  0.9997283903E+00
  0.9999389910E+00  0.4217564741E+01  0.9997426852E+00
  0.9999423804E+00  0.4217574634E+01  0.9997569802E+00
  0.9999457698E+00  0.4217584527E+01  0.9997712752E+00
  0.9999491592E+00  0.4217594421E+01  0.9997855703E+00
  0.9999525486E+00  0.4217604314E+01  0.9997998653E+00
  0.9999559380E+00  0.4217614208E+01  0.9998141605E+00
  0.9999593273E+00  0.4217624102E+01  0.9998284556E+00
  0.9999627167E+00  0.4217633996E+01  0.9998427508E+00
  0.9999661061E+00  0.4217643891E+01  0.9998570460E+00
  0.9999694955E+00  0.4217653786E+01  0.9998713413E+00
  0.9999728849E+00  0.4217663681E+01  0.9998856365E+00
  0.9999762743E+00  0.4217673576E+01  0.9998999318E+00
  0.9999796637E+00  0.4217683472E+01  0.9999142272E+00
  0.9999830531E+00  0.4217693368E+01  0.9999285226E+00
  0.9999864424E+00  0.4217703264E+01  0.9999428180E+00
  0.9999898318E+00  0.4217713161E+01  0.9999571134E+00
  0.9999932212E+00  0.4217723058E+01  0.9999714089E+00
  0.9999966106E+00  0.4217732955E+01  0.9999857044E+00
  0.1000000000E+01  0.4217746035E+01  0.1000000000E+01
  0.1000000000E+01  0.4217746035E+01  0.1000000000E+01
