  0.0000000000E+00  0.4217743141E+01 -0.1000000000E+01
  0.6996492144E-18  0.4217743141E+01 -0.1000000000E+01
  0.3389387958E-05  0.4217737083E+01 -0.9999857044E+00
  0.6778775916E-05  0.4217731025E+01 -0.9999714089E+00
  0.1016816387E-04  0.4217724967E+01 -0.9999571134E+00
  0.1355755183E-04  0.4217718910E+01 -0.9999428179E+00
  0.1694693979E-04  0.4217712853E+01 -0.9999285224E+00
  0.2033632775E-04  0.4217706796E+01 -0.9999142270E+00
  0.2372571571E-04  0.4217700740E+01 -0.9998999315E+00
  0.2711510367E-04  0.4217694684E+01 -0.9998856361E+00
  0.3050449162E-04  0.4217688628E+01 -0.9998713407E+00
  0.3389387958E-04  0.4217682573E+01 -0.9998570453E+00
  0.3728326754E-04  0.4217676518E+01 -0.9998427500E+00
  0.4067265550E-04  0.4217670463E+01 -0.9998284547E+00
  0.4406204346E-04  0.4217664408E+01 -0.9998141594E+00
  0.4745143141E-04  0.4217658354E+01 -0.9997998641E+00
  0.5084081937E-04  0.4217652300E+01 -0.9997855688E+00
  0.5423020733E-04  0.4217646247E+01 -0.9997712735E+00
  0.5761959529E-04  0.4217640194E+01 -0.9997569783E+00
  0.6100898325E-04  0.4217634141E+01 -0.9997426831E+00
  0.6439837120E-04  0.4217628088E+01 -0.9997283879E+00
  0.6778775916E-04  0.4217622036E+01 -0.9997140927E+00
  0.7117714712E-04  0.4217615985E+01 -0.9996997976E+00
  0.7456653508E-04  0.4217609933E+01 -0.9996855025E+00
  0.7795592304E-04  0.4217603882E+01 -0.9996712074E+00
  0.8134531100E-04  0.4217597831E+01 -0.9996569123E+00
  0.8473469895E-04  0.4217591781E+01 -0.9996426172E+00
  0.8812408691E-04  0.4217585730E+01 -0.9996283222E+00
  0.9151347487E-04  0.4217579681E+01 -0.9996140272E+00
  0.9490286283E-04  0.4217573631E+01 -0.9995997321E+00
  0.9829225079E-04  0.4217567582E+01 -0.9995854372E+00
  0.1016816387E-03  0.4217561533E+01 -0.9995711422E+00
  0.1050710267E-03  0.4217555485E+01 -0.9995568473E+00
  0.1084604147E-03  0.4217549437E+01 -0.9995425523E+00
  0.1118498026E-03  0.4217543389E+01 -0.9995282574E+00
  0.1152391906E-03  0.4217537342E+01 -0.9995139626E+00
  0.1186285785E-03  0.4217531295E+01 -0.9994996677E+00
  0.1220179665E-03  0.4217525248E+01 -0.9994853729E+00
  0.1254073545E-03  0.4217519202E+01 -0.9994710780E+00
  0.1287967424E-03  0.4217513156E+01 -0.9994567832E+00
  0.1321861304E-03  0.4217507111E+01 -0.9994424885E+00
  0.1355755183E-03  0.4217501065E+01 -0.9994281937E+00
  0.1389649063E-03  0.4217495020E+01 -0.9994138990E+00
  0.1423542942E-03  0.4217488976E+01 -0.9993996042E+00
  0.1457436822E-03  0.4217482932E+01 -0.9993853096E+00
  0.1491330702E-03  0.4217476888E+01 -0.9993710149E+00
  0.1525224581E-03  0.4217470845E+01 -0.9993567202E+00
  0.1559118461E-03  0.4217464802E+01 -0.9993424256E+00
  0.1593012340E-03  0.4217458759E+01 -0.9993281310E+00
  0.1626906220E-03  0.4217452717E+01 -0.9993138364E+00
  0.1660800099E-03  0.4217446675E+01 -0.9992995418E+00
  0.1694693979E-03  0.4217440634E+01 -0.9992852473E+00
  0.1728587859E-03  0.4217434592E+01 -0.9992709527E+00
  0.1762481738E-03  0.4217428552E+01 -0.9992566582E+00
  0.1796375618E-03  0.4217422511E+01 -0.9992423637E+00
  0.1830269497E-03  0.4217416471E+01 -0.9992280692E+00
  0.1864163377E-03  0.4217410432E+01 -0.9992137748E+00
  0.1898057257E-03  0.4217404393E+01 -0.9991994804E+00
  0.1931951136E-03  0.4217398354E+01 -0.9991851860E+00
  0.1965845016E-03  0.4217392315E+01 -0.9991708916E+00
  0.1999738895E-03  0.4217386277E+01 -0.9991565972E+00
  0.2033632775E-03  0.4217380240E+01 -0.9991423029E+00
  0.2067526654E-03  0.4217374202E+01 -0.9991280085E+00
  0.2101420534E-03  0.4217368165E+01 -0.9991137142E+00
  0.2135314414E-03  0.4217362129E+01 -0.9990994199E+00
  0.2169208293E-03  0.4217356093E+01 -0.9990851257E+00
  0.2203102173E-03  0.4217350057E+01 -0.9990708314E+00
  0.2236996052E-03  0.4217344022E+01 -0.9990565372E+00
  0.2270889932E-03  0.4217337987E+01 -0.9990422430E+00
  0.2304783812E-03  0.4217331953E+01 -0.9990279488E+00
  0.2338677691E-03  0.4217325918E+01 -0.9990136546E+00
  0.2372571571E-03  0.4217319885E+01 -0.9989993605E+00
  0.2406465450E-03  0.4217313851E+01 -0.9989850664E+00
  0.2440359330E-03  0.4217307819E+01 -0.9989707723E+00
  0.2474253209E-03  0.4217301786E+01 -0.9989564782E+00
  0.2508147089E-03  0.4217295754E+01 -0.9989421841E+00
  0.2542040969E-03  0.4217289722E+01 -0.9989278901E+00
  0.2575934848E-03  0.4217283691E+01 -0.9989135961E+00
  0.2609828728E-03  0.4217277660E+01 -0.9988993021E+00
  0.2643722607E-03  0.4217271630E+01 -0.9988850081E+00
  0.2677616487E-03  0.4217265600E+01 -0.9988707141E+00
  0.2711510367E-03  0.4217259571E+01 -0.9988564202E+00
  0.2745404246E-03  0.4217253541E+01 -0.9988421263E+00
  0.2779298126E-03  0.4217247513E+01 -0.9988278324E+00
  0.2813192005E-03  0.4217241484E+01 -0.9988135385E+00
  0.2847085885E-03  0.4217235457E+01 -0.9987992446E+00
  0.2880979764E-03  0.4217229429E+01 -0.9987849508E+00
  0.2914873644E-03  0.4217223402E+01 -0.9987706570E+00
  0.2948767524E-03  0.4217217376E+01 -0.9987563632E+00
  0.2982661403E-03  0.4217211349E+01 -0.9987420694E+00
  0.3016555283E-03  0.4217205324E+01 -0.9987277757E+00
  0.3050449162E-03  0.4217199298E+01 -0.9987134819E+00
  0.3084343042E-03  0.4217193274E+01 -0.9986991882E+00
  0.3118236921E-03  0.4217187249E+01 -0.9986848945E+00
  0.3152130801E-03  0.4217181225E+01 -0.9986706008E+00
  0.3186024681E-03  0.4217175202E+01 -0.9986563072E+00
  0.3219918560E-03  0.4217169179E+01 -0.9986420136E+00
  0.3253812440E-03  0.4217163156E+01 -0.9986277199E+00
  0.3287706319E-03  0.4217157134E+01 -0.9986134263E+00
  0.3321600199E-03  0.4217151112E+01 -0.9985991328E+00
  0.3355494079E-03  0.4217145091E+01 -0.9985848392E+00
  0.3389387958E-03  0.4217139070E+01 -0.9985705457E+00
  0.3423624200E-03  0.4217132989E+01 -0.9985561078E+00
  0.3458206263E-03  0.4217126846E+01 -0.9985415241E+00
  0.3493137639E-03  0.4217120643E+01 -0.9985267931E+00
  0.3528421858E-03  0.4217114377E+01 -0.9985119133E+00
  0.3564062483E-03  0.4217108048E+01 -0.9984968833E+00
  0.3600063114E-03  0.4217101656E+01 -0.9984817014E+00
  0.3636427388E-03  0.4217095200E+01 -0.9984663663E+00
  0.3673158977E-03  0.4217088679E+01 -0.9984508762E+00
  0.3710261593E-03  0.4217082093E+01 -0.9984352297E+00
  0.3747738983E-03  0.4217075441E+01 -0.9984194252E+00
  0.3785594932E-03  0.4217068722E+01 -0.9984034611E+00
  0.3823833265E-03  0.4217061936E+01 -0.9983873357E+00
  0.3862457844E-03  0.4217055082E+01 -0.9983710475E+00
  0.3901472569E-03  0.4217048159E+01 -0.9983545948E+00
  0.3940881383E-03  0.4217041167E+01 -0.9983379760E+00
  0.3980688266E-03  0.4217034106E+01 -0.9983211892E+00
  0.4020897238E-03  0.4217026973E+01 -0.9983042330E+00
  0.4061512362E-03  0.4217019769E+01 -0.9982871055E+00
  0.4102537739E-03  0.4217012493E+01 -0.9982698050E+00
  0.4143977514E-03  0.4217005144E+01 -0.9982523298E+00
  0.4185835873E-03  0.4216997722E+01 -0.9982346782E+00
  0.4228117043E-03  0.4216990226E+01 -0.9982168482E+00
  0.4270825296E-03  0.4216982654E+01 -0.9981988382E+00
  0.4313964946E-03  0.4216975007E+01 -0.9981806463E+00
  0.4357540349E-03  0.4216967284E+01 -0.9981622707E+00
  0.4401555908E-03  0.4216959483E+01 -0.9981437095E+00
  0.4446016069E-03  0.4216951604E+01 -0.9981249608E+00
  0.4490925322E-03  0.4216943647E+01 -0.9981060228E+00
  0.4536288204E-03  0.4216935610E+01 -0.9980868936E+00
  0.4582109297E-03  0.4216927493E+01 -0.9980675711E+00
  0.4628393230E-03  0.4216919294E+01 -0.9980480536E+00
  0.4675144676E-03  0.4216911014E+01 -0.9980283389E+00
  0.4722368360E-03  0.4216902652E+01 -0.9980084251E+00
  0.4770069051E-03  0.4216894205E+01 -0.9979883102E+00
  0.4818251566E-03  0.4216885675E+01 -0.9979679922E+00
  0.4866920774E-03  0.4216877059E+01 -0.9979474689E+00
  0.4916081590E-03  0.4216868357E+01 -0.9979267384E+00
  0.4965738980E-03  0.4216859569E+01 -0.9979057986E+00
  0.5015897959E-03  0.4216850693E+01 -0.9978846473E+00
  0.5066563595E-03  0.4216841728E+01 -0.9978632824E+00
  0.5117741005E-03  0.4216832674E+01 -0.9978417017E+00
  0.5169435359E-03  0.4216823530E+01 -0.9978199031E+00
  0.5221651878E-03  0.4216814295E+01 -0.9977978843E+00
  0.5274395836E-03  0.4216804968E+01 -0.9977756432E+00
  0.5327672562E-03  0.4216795547E+01 -0.9977531774E+00
  0.5381487436E-03  0.4216786033E+01 -0.9977304848E+00
  0.5435845895E-03  0.4216776424E+01 -0.9977075631E+00
  0.5490753429E-03  0.4216766720E+01 -0.9976844098E+00
  0.5546215585E-03  0.4216756919E+01 -0.9976610227E+00
  0.5602237965E-03  0.4216747020E+01 -0.9976373995E+00
  0.5658826227E-03  0.4216737023E+01 -0.9976135377E+00
  0.5715986088E-03  0.4216726927E+01 -0.9975894349E+00
  0.5773723321E-03  0.4216716730E+01 -0.9975650887E+00
  0.5832043759E-03  0.4216706431E+01 -0.9975404967E+00
  0.5890953291E-03  0.4216696031E+01 -0.9975156563E+00
  0.5950457870E-03  0.4216685527E+01 -0.9974905650E+00
  0.6010563505E-03  0.4216674918E+01 -0.9974652204E+00
  0.6071276268E-03  0.4216664204E+01 -0.9974396198E+00
  0.6132602291E-03  0.4216653384E+01 -0.9974137608E+00
  0.6194547769E-03  0.4216642457E+01 -0.9973876405E+00
  0.6257118958E-03  0.4216631421E+01 -0.9973612565E+00
  0.6320322180E-03  0.4216620275E+01 -0.9973346061E+00
  0.6384163818E-03  0.4216609019E+01 -0.9973076865E+00
  0.6448650321E-03  0.4216597651E+01 -0.9972804951E+00
  0.6513788203E-03  0.4216586171E+01 -0.9972530292E+00
  0.6579584044E-03  0.4216574577E+01 -0.9972252858E+00
  0.6646044489E-03  0.4216562868E+01 -0.9971972623E+00
  0.6713176251E-03  0.4216551042E+01 -0.9971689558E+00
  0.6780986112E-03  0.4216539100E+01 -0.9971403635E+00
  0.6849480921E-03  0.4216527040E+01 -0.9971114824E+00
  0.6918667597E-03  0.4216514860E+01 -0.9970823097E+00
  0.6988553129E-03  0.4216502560E+01 -0.9970528424E+00
  0.7059144575E-03  0.4216490138E+01 -0.9970230776E+00
  0.7130449065E-03  0.4216477593E+01 -0.9969930121E+00
  0.7202473803E-03  0.4216464924E+01 -0.9969626431E+00
  0.7275226064E-03  0.4216452131E+01 -0.9969319674E+00
  0.7348713196E-03  0.4216439210E+01 -0.9969009820E+00
  0.7422942622E-03  0.4216426162E+01 -0.9968696836E+00
  0.7497921840E-03  0.4216412986E+01 -0.9968380692E+00
  0.7573658425E-03  0.4216399679E+01 -0.9968061356E+00
  0.7650160025E-03  0.4216386241E+01 -0.9967738795E+00
  0.7727434369E-03  0.4216372671E+01 -0.9967412978E+00
  0.7805489261E-03  0.4216358967E+01 -0.9967083870E+00
  0.7884332587E-03  0.4216345128E+01 -0.9966751438E+00
  0.7963972310E-03  0.4216331152E+01 -0.9966415650E+00
  0.8044416475E-03  0.4216317039E+01 -0.9966076472E+00
  0.8125673207E-03  0.4216302787E+01 -0.9965733868E+00
  0.8207750714E-03  0.4216288395E+01 -0.9965387805E+00
  0.8290657287E-03  0.4216273862E+01 -0.9965038248E+00
  0.8374401300E-03  0.4216259185E+01 -0.9964685161E+00
  0.8458991212E-03  0.4216244365E+01 -0.9964328508E+00
  0.8544435568E-03  0.4216229399E+01 -0.9963968255E+00
  0.8630742998E-03  0.4216214286E+01 -0.9963604363E+00
  0.8717922220E-03  0.4216199024E+01 -0.9963236798E+00
  0.8805982040E-03  0.4216183614E+01 -0.9962865521E+00
  0.8894931354E-03  0.4216168052E+01 -0.9962490495E+00
  0.8984779145E-03  0.4216152337E+01 -0.9962111682E+00
  0.9075534490E-03  0.4216136469E+01 -0.9961729044E+00
  0.9167206556E-03  0.4216120446E+01 -0.9961342543E+00
  0.9259804602E-03  0.4216104265E+01 -0.9960952139E+00
  0.9353337982E-03  0.4216087927E+01 -0.9960557794E+00
  0.9447816143E-03  0.4216071429E+01 -0.9960159466E+00
  0.9543248629E-03  0.4216054770E+01 -0.9959757117E+00
  0.9639645080E-03  0.4216037948E+01 -0.9959350705E+00
  0.9737015233E-03  0.4216020962E+01 -0.9958940189E+00
  0.9835368922E-03  0.4216003811E+01 -0.9958525529E+00
  0.9934716083E-03  0.4215986492E+01 -0.9958106682E+00
  0.1003506675E-02  0.4215969005E+01 -0.9957683606E+00
  0.1013643106E-02  0.4215951348E+01 -0.9957256258E+00
  0.1023881925E-02  0.4215933519E+01 -0.9956824595E+00
  0.1034224167E-02  0.4215915516E+01 -0.9956388574E+00
  0.1044670876E-02  0.4215897339E+01 -0.9955948151E+00
  0.1055223107E-02  0.4215878985E+01 -0.9955503280E+00
  0.1065881926E-02  0.4215860454E+01 -0.9955053918E+00
  0.1076648410E-02  0.4215841742E+01 -0.9954600019E+00
  0.1087523647E-02  0.4215822849E+01 -0.9954141538E+00
  0.1098508734E-02  0.4215803774E+01 -0.9953678427E+00
  0.1109604782E-02  0.4215784514E+01 -0.9953210640E+00
  0.1120812911E-02  0.4215765068E+01 -0.9952738131E+00
  0.1132134253E-02  0.4215745433E+01 -0.9952260851E+00
  0.1143569953E-02  0.4215725610E+01 -0.9951778752E+00
  0.1155121165E-02  0.4215705595E+01 -0.9951291786E+00
  0.1166789055E-02  0.4215685387E+01 -0.9950799903E+00
  0.1178574803E-02  0.4215664985E+01 -0.9950303054E+00
  0.1190479599E-02  0.4215644386E+01 -0.9949801189E+00
  0.1202504646E-02  0.4215623590E+01 -0.9949294257E+00
  0.1214651157E-02  0.4215602593E+01 -0.9948782207E+00
  0.1226920361E-02  0.4215581395E+01 -0.9948264988E+00
  0.1239313496E-02  0.4215559994E+01 -0.9947742546E+00
  0.1251831814E-02  0.4215538388E+01 -0.9947214830E+00
  0.1264476580E-02  0.4215516575E+01 -0.9946681787E+00
  0.1277249070E-02  0.4215494553E+01 -0.9946143362E+00
  0.1290150576E-02  0.4215472321E+01 -0.9945599501E+00
  0.1303182400E-02  0.4215449877E+01 -0.9945050149E+00
  0.1316345859E-02  0.4215427219E+01 -0.9944495252E+00
  0.1329642282E-02  0.4215404345E+01 -0.9943934752E+00
  0.1343073012E-02  0.4215381253E+01 -0.9943368594E+00
  0.1356639406E-02  0.4215357942E+01 -0.9942796721E+00
  0.1370342834E-02  0.4215334409E+01 -0.9942219074E+00
  0.1384184681E-02  0.4215310654E+01 -0.9941635595E+00
  0.1398166344E-02  0.4215286673E+01 -0.9941046226E+00
  0.1412289237E-02  0.4215262465E+01 -0.9940450908E+00
  0.1426554785E-02  0.4215238028E+01 -0.9939849579E+00
  0.1440964429E-02  0.4215213361E+01 -0.9939242180E+00
  0.1455519625E-02  0.4215188461E+01 -0.9938628649E+00
  0.1470221844E-02  0.4215163326E+01 -0.9938008925E+00
  0.1485072569E-02  0.4215137955E+01 -0.9937382945E+00
  0.1500073302E-02  0.4215112345E+01 -0.9936750645E+00
  0.1515225558E-02  0.4215086495E+01 -0.9936111962E+00
  0.1530530867E-02  0.4215060403E+01 -0.9935466832E+00
  0.1545990774E-02  0.4215034067E+01 -0.9934815190E+00
  0.1561606843E-02  0.4215007485E+01 -0.9934156969E+00
  0.1577380649E-02  0.4214980654E+01 -0.9933492104E+00
  0.1593313787E-02  0.4214953573E+01 -0.9932820528E+00
  0.1609407866E-02  0.4214926241E+01 -0.9932142172E+00
  0.1625664511E-02  0.4214898654E+01 -0.9931456969E+00
  0.1642085364E-02  0.4214870812E+01 -0.9930764849E+00
  0.1658672085E-02  0.4214842711E+01 -0.9930065742E+00
  0.1675426349E-02  0.4214814351E+01 -0.9929359579E+00
  0.1692349847E-02  0.4214785729E+01 -0.9928646287E+00
  0.1709444290E-02  0.4214756842E+01 -0.9927925795E+00
  0.1726711404E-02  0.4214727690E+01 -0.9927198031E+00
  0.1744152934E-02  0.4214698270E+01 -0.9926462921E+00
  0.1761770640E-02  0.4214668581E+01 -0.9925720390E+00
  0.1779566303E-02  0.4214638619E+01 -0.9924970365E+00
  0.1797541720E-02  0.4214608384E+01 -0.9924212768E+00
  0.1815698707E-02  0.4214577872E+01 -0.9923447525E+00
  0.1834039098E-02  0.4214547083E+01 -0.9922674558E+00
  0.1852564746E-02  0.4214516015E+01 -0.9921893789E+00
  0.1871277521E-02  0.4214484664E+01 -0.9921105139E+00
  0.1890179314E-02  0.4214453030E+01 -0.9920308529E+00
  0.1909272034E-02  0.4214421110E+01 -0.9919503878E+00
  0.1928557610E-02  0.4214388902E+01 -0.9918691106E+00
  0.1948037990E-02  0.4214356404E+01 -0.9917870130E+00
  0.1967715142E-02  0.4214323615E+01 -0.9917040868E+00
  0.1987591052E-02  0.4214290532E+01 -0.9916203236E+00
  0.2007667730E-02  0.4214257154E+01 -0.9915357150E+00
  0.2027947202E-02  0.4214223478E+01 -0.9914502524E+00
  0.2048431517E-02  0.4214189503E+01 -0.9913639273E+00
  0.2069122744E-02  0.4214155227E+01 -0.9912767309E+00
  0.2090022974E-02  0.4214120647E+01 -0.9911886544E+00
  0.2111134317E-02  0.4214085762E+01 -0.9910996890E+00
  0.2132458906E-02  0.4214050569E+01 -0.9910098258E+00
  0.2153998895E-02  0.4214015068E+01 -0.9909190555E+00
  0.2175756460E-02  0.4213979256E+01 -0.9908273692E+00
  0.2197733798E-02  0.4213943132E+01 -0.9907347576E+00
  0.2219933129E-02  0.4213906693E+01 -0.9906412113E+00
  0.2242356696E-02  0.4213869937E+01 -0.9905467209E+00
  0.2265006764E-02  0.4213832864E+01 -0.9904512768E+00
  0.2287885620E-02  0.4213795470E+01 -0.9903548696E+00
  0.2310995576E-02  0.4213757755E+01 -0.9902574894E+00
  0.2334338965E-02  0.4213719716E+01 -0.9901591265E+00
  0.2357918147E-02  0.4213681353E+01 -0.9900597708E+00
  0.2381735502E-02  0.4213642662E+01 -0.9899594126E+00
  0.2405793436E-02  0.4213603643E+01 -0.9898580415E+00
  0.2430094380E-02  0.4213564294E+01 -0.9897556474E+00
  0.2454640788E-02  0.4213524612E+01 -0.9896522200E+00
  0.2479435139E-02  0.4213484598E+01 -0.9895477489E+00
  0.2504479939E-02  0.4213444249E+01 -0.9894422236E+00
  0.2529777716E-02  0.4213403563E+01 -0.9893356333E+00
  0.2555331026E-02  0.4213362539E+01 -0.9892279674E+00
  0.2581142450E-02  0.4213321176E+01 -0.9891192151E+00
  0.2607214596E-02  0.4213279472E+01 -0.9890093653E+00
  0.2633550097E-02  0.4213237426E+01 -0.9888984070E+00
  0.2660151614E-02  0.4213195037E+01 -0.9887863291E+00
  0.2687021832E-02  0.4213152302E+01 -0.9886731202E+00
  0.2714163467E-02  0.4213109222E+01 -0.9885587689E+00
  0.2741579259E-02  0.4213065794E+01 -0.9884432638E+00
  0.2769271979E-02  0.4213022018E+01 -0.9883265931E+00
  0.2797244423E-02  0.4212977892E+01 -0.9882087452E+00
  0.2825499417E-02  0.4212933415E+01 -0.9880897082E+00
  0.2854039815E-02  0.4212888587E+01 -0.9879694700E+00
  0.2882868500E-02  0.4212843406E+01 -0.9878480186E+00
  0.2911988384E-02  0.4212797872E+01 -0.9877253418E+00
  0.2941402408E-02  0.4212751983E+01 -0.9876014271E+00
  0.2971113544E-02  0.4212705739E+01 -0.9874762622E+00
  0.3001124792E-02  0.4212659139E+01 -0.9873498343E+00
  0.3031439184E-02  0.4212612183E+01 -0.9872221308E+00
  0.3062059781E-02  0.4212564869E+01 -0.9870931389E+00
  0.3092989678E-02  0.4212517198E+01 -0.9869628454E+00
  0.3124231998E-02  0.4212469168E+01 -0.9868312373E+00
  0.3155789897E-02  0.4212420781E+01 -0.9866983014E+00
  0.3187666563E-02  0.4212372034E+01 -0.9865640243E+00
  0.3219865215E-02  0.4212322928E+01 -0.9864283924E+00
  0.3252389106E-02  0.4212273463E+01 -0.9862913920E+00
  0.3285241521E-02  0.4212223639E+01 -0.9861530095E+00
  0.3318425779E-02  0.4212173456E+01 -0.9860132308E+00
  0.3351945231E-02  0.4212122914E+01 -0.9858720419E+00
  0.3385803264E-02  0.4212072013E+01 -0.9857294286E+00
  0.3420003297E-02  0.4212020753E+01 -0.9855853765E+00
  0.3454548785E-02  0.4211969135E+01 -0.9854398710E+00
  0.3489443217E-02  0.4211917159E+01 -0.9852928977E+00
  0.3524690118E-02  0.4211864827E+01 -0.9851444416E+00
  0.3560293049E-02  0.4211812138E+01 -0.9849944878E+00
  0.3596255605E-02  0.4211759093E+01 -0.9848430212E+00
  0.3632581419E-02  0.4211705694E+01 -0.9846900266E+00
  0.3669274160E-02  0.4211651942E+01 -0.9845354885E+00
  0.3706337536E-02  0.4211597837E+01 -0.9843793915E+00
  0.3743775289E-02  0.4211543381E+01 -0.9842217198E+00
  0.3781591201E-02  0.4211488575E+01 -0.9840624575E+00
  0.3819789092E-02  0.4211433421E+01 -0.9839015885E+00
  0.3858372820E-02  0.4211377920E+01 -0.9837390968E+00
  0.3897346283E-02  0.4211322075E+01 -0.9835749659E+00
  0.3936713417E-02  0.4211265887E+01 -0.9834091793E+00
  0.3976478199E-02  0.4211209358E+01 -0.9832417204E+00
  0.4016644645E-02  0.4211152490E+01 -0.9830725722E+00
  0.4057216813E-02  0.4211095286E+01 -0.9829017178E+00
  0.4098198801E-02  0.4211037749E+01 -0.9827291399E+00
  0.4139594749E-02  0.4210979880E+01 -0.9825548212E+00
  0.4181408837E-02  0.4210921683E+01 -0.9823787441E+00
  0.4223645290E-02  0.4210863160E+01 -0.9822008910E+00
  0.4266308374E-02  0.4210804315E+01 -0.9820212438E+00
  0.4309402398E-02  0.4210745151E+01 -0.9818397846E+00
  0.4352931715E-02  0.4210685672E+01 -0.9816564950E+00
  0.4396900722E-02  0.4210625880E+01 -0.9814713567E+00
  0.4441313861E-02  0.4210565780E+01 -0.9812843509E+00
  0.4486175617E-02  0.4210505375E+01 -0.9810954589E+00
  0.4531490522E-02  0.4210444670E+01 -0.9809046616E+00
  0.4577263154E-02  0.4210382720E+01 -0.9807119399E+00
  0.4623498135E-02  0.4210319800E+01 -0.9805172744E+00
  0.4670200136E-02  0.4210256529E+01 -0.9803206455E+00
  0.4717373875E-02  0.4210192910E+01 -0.9801220334E+00
  0.4765024116E-02  0.4210128946E+01 -0.9799214183E+00
  0.4813155673E-02  0.4210064640E+01 -0.9797187798E+00
  0.4861773407E-02  0.4209999996E+01 -0.9795140975E+00
  0.4910882230E-02  0.4209935017E+01 -0.9793073510E+00
  0.4960487101E-02  0.4209869706E+01 -0.9790985193E+00
  0.5010593031E-02  0.4209804067E+01 -0.9788875815E+00
  0.5061205082E-02  0.4209738104E+01 -0.9786745164E+00
  0.5112328365E-02  0.4209671819E+01 -0.9784593024E+00
  0.5163968046E-02  0.4209605218E+01 -0.9782419180E+00
  0.5216129339E-02  0.4209538305E+01 -0.9780223413E+00
  0.5268817514E-02  0.4209471082E+01 -0.9778005502E+00
  0.5322037893E-02  0.4209403556E+01 -0.9775765224E+00
  0.5375795852E-02  0.4209335730E+01 -0.9773502352E+00
  0.5430096820E-02  0.4209267608E+01 -0.9771216661E+00
  0.5484946283E-02  0.4209199195E+01 -0.9768907919E+00
  0.5540349781E-02  0.4209130496E+01 -0.9766575894E+00
  0.5596312910E-02  0.4209062312E+01 -0.9764220352E+00
  0.5652841323E-02  0.4208995597E+01 -0.9761841055E+00
  0.5709940730E-02  0.4208928709E+01 -0.9759437763E+00
  0.5767616899E-02  0.4208861655E+01 -0.9757010233E+00
  0.5825875656E-02  0.4208794444E+01 -0.9754558222E+00
  0.5884722885E-02  0.4208732239E+01 -0.9752081482E+00
  0.5944164530E-02  0.4208671340E+01 -0.9749579760E+00
  0.6004206596E-02  0.4208610554E+01 -0.9747052805E+00
  0.6064855147E-02  0.4208549897E+01 -0.9744500362E+00
  0.6126116310E-02  0.4208489384E+01 -0.9741922174E+00
  0.6187996273E-02  0.4208429031E+01 -0.9739317981E+00
  0.6250501286E-02  0.4208368854E+01 -0.9736687521E+00
  0.6313637663E-02  0.4208308870E+01 -0.9734030528E+00
  0.6377411780E-02  0.4208249095E+01 -0.9731346735E+00
  0.6441830081E-02  0.4208189545E+01 -0.9728635872E+00
  0.6506899072E-02  0.4208130239E+01 -0.9725897665E+00
  0.6572625325E-02  0.4208071191E+01 -0.9723131838E+00
  0.6639015480E-02  0.4208010440E+01 -0.9720338113E+00
  0.6706076242E-02  0.4207944944E+01 -0.9717516211E+00
  0.6773814386E-02  0.4207879505E+01 -0.9714665849E+00
  0.6842236754E-02  0.4207816557E+01 -0.9711786740E+00
  0.6911350256E-02  0.4207755738E+01 -0.9708878592E+00
  0.6981161875E-02  0.4207695158E+01 -0.9705941111E+00
  0.7051678662E-02  0.4207634829E+01 -0.9702974000E+00
  0.7122907739E-02  0.4207574766E+01 -0.9699976962E+00
  0.7194856302E-02  0.4207514980E+01 -0.9696949694E+00
  0.7267531618E-02  0.4207445662E+01 -0.9693891895E+00
  0.7340941029E-02  0.4207361789E+01 -0.9690803264E+00
  0.7415091948E-02  0.4207281146E+01 -0.9687683497E+00
  0.7489991867E-02  0.4207205134E+01 -0.9684532275E+00
  0.7565648350E-02  0.4207128831E+01 -0.9681349281E+00
  0.7642069041E-02  0.4207052231E+01 -0.9678134193E+00
  0.7719261657E-02  0.4206975327E+01 -0.9674886689E+00
  0.7797233997E-02  0.4206894729E+01 -0.9671606443E+00
  0.7875993937E-02  0.4206807513E+01 -0.9668293130E+00
  0.7955549431E-02  0.4206719617E+01 -0.9664946418E+00
  0.8035908516E-02  0.4206631022E+01 -0.9661565972E+00
  0.8117079309E-02  0.4206541706E+01 -0.9658151453E+00
  0.8199070009E-02  0.4206451646E+01 -0.9654702517E+00
  0.8281888898E-02  0.4206360815E+01 -0.9651218818E+00
  0.8365544342E-02  0.4206269189E+01 -0.9647700007E+00
  0.8450044790E-02  0.4206176738E+01 -0.9644145729E+00
  0.8535398777E-02  0.4206083432E+01 -0.9640555630E+00
  0.8621614927E-02  0.4205989239E+01 -0.9636929347E+00
  0.8708701946E-02  0.4205894125E+01 -0.9633266518E+00
  0.8796668632E-02  0.4205796375E+01 -0.9629566775E+00
  0.8885523871E-02  0.4205689424E+01 -0.9625829752E+00
  0.8975276638E-02  0.4205581071E+01 -0.9622055078E+00
  0.9065935997E-02  0.4205471263E+01 -0.9618242375E+00
  0.9157511109E-02  0.4205359943E+01 -0.9614391261E+00
  0.9250011221E-02  0.4205260983E+01 -0.9610501344E+00
  0.9343445678E-02  0.4205177433E+01 -0.9606572220E+00
  0.9437823917E-02  0.4205094961E+01 -0.9602603487E+00
  0.9533155471E-02  0.4205011806E+01 -0.9598594744E+00
  0.9629449971E-02  0.4204927916E+01 -0.9594545589E+00
  0.9726717143E-02  0.4204843237E+01 -0.9590455616E+00
  0.9824966811E-02  0.4204757709E+01 -0.9586324414E+00
  0.9924208900E-02  0.4204671270E+01 -0.9582151567E+00
  0.1002445343E-01  0.4204583853E+01 -0.9577936658E+00
  0.1012571054E-01  0.4204495385E+01 -0.9573679263E+00
  0.1022799044E-01  0.4204405791E+01 -0.9569378955E+00
  0.1033130348E-01  0.4204314989E+01 -0.9565035302E+00
  0.1043566008E-01  0.4204222894E+01 -0.9560647870E+00
  0.1054107079E-01  0.4204129412E+01 -0.9556216218E+00
  0.1064754625E-01  0.4204026963E+01 -0.9551739907E+00
  0.1075509722E-01  0.4203872599E+01 -0.9547218518E+00
  0.1086373457E-01  0.4203705970E+01 -0.9542651633E+00
  0.1097346926E-01  0.4203535457E+01 -0.9538038802E+00
  0.1108431238E-01  0.4203371506E+01 -0.9533379563E+00
  0.1119627514E-01  0.4203208076E+01 -0.9528673444E+00
  0.1130936882E-01  0.4203025492E+01 -0.9523919985E+00
  0.1142360487E-01  0.4202838405E+01 -0.9519118721E+00
  0.1153899482E-01  0.4202646634E+01 -0.9514269179E+00
  0.1165555032E-01  0.4202449992E+01 -0.9509370877E+00
  0.1177328316E-01  0.4202248287E+01 -0.9504423333E+00
  0.1189220521E-01  0.4202041316E+01 -0.9499426056E+00
  0.1201232849E-01  0.4201826777E+01 -0.9494378555E+00
  0.1213366514E-01  0.4201593332E+01 -0.9489280341E+00
  0.1225622742E-01  0.4201353535E+01 -0.9484130919E+00
  0.1238002770E-01  0.4201107147E+01 -0.9478929784E+00
  0.1250507848E-01  0.4200853920E+01 -0.9473676425E+00
  0.1263139240E-01  0.4200593598E+01 -0.9468370326E+00
  0.1275898223E-01  0.4200325915E+01 -0.9463010967E+00
  0.1288786083E-01  0.4200058709E+01 -0.9457597818E+00
  0.1301804125E-01  0.4199795774E+01 -0.9452130335E+00
  0.1314953661E-01  0.4199525325E+01 -0.9446607976E+00
  0.1328236022E-01  0.4199247075E+01 -0.9441030200E+00
  0.1341652547E-01  0.4198958610E+01 -0.9435396463E+00
  0.1355204593E-01  0.4198641791E+01 -0.9429706230E+00
  0.1368893528E-01  0.4198317137E+01 -0.9423958958E+00
  0.1382720736E-01  0.4197986114E+01 -0.9418154087E+00
  0.1396687612E-01  0.4197645319E+01 -0.9412291050E+00
  0.1410795567E-01  0.4197276776E+01 -0.9406369290E+00
  0.1425046028E-01  0.4196882833E+01 -0.9400388258E+00
  0.1439440432E-01  0.4196505769E+01 -0.9394347367E+00
  0.1453980234E-01  0.4196117656E+01 -0.9388246013E+00
  0.1468666903E-01  0.4195726296E+01 -0.9382083601E+00
  0.1483501923E-01  0.4195348653E+01 -0.9375859513E+00
  0.1498486790E-01  0.4194959372E+01 -0.9369573130E+00
  0.1513623021E-01  0.4194531064E+01 -0.9363223867E+00
  0.1528912142E-01  0.4194126501E+01 -0.9356811107E+00
  0.1544355699E-01  0.4193710138E+01 -0.9350334205E+00
  0.1559955252E-01  0.4193281181E+01 -0.9343792540E+00
  0.1575712375E-01  0.4192876878E+01 -0.9337185453E+00
  0.1591628662E-01  0.4192487097E+01 -0.9330512261E+00
  0.1607705719E-01  0.4192123239E+01 -0.9323772268E+00
  0.1623945171E-01  0.4191707770E+01 -0.9316964827E+00
  0.1640348657E-01  0.4191276753E+01 -0.9310089318E+00
  0.1656917836E-01  0.4190831210E+01 -0.9303145086E+00
  0.1673654380E-01  0.4190370642E+01 -0.9296131468E+00
  0.1690559979E-01  0.4189904842E+01 -0.9289047789E+00
  0.1707636343E-01  0.4189435825E+01 -0.9281893356E+00
  0.1724885195E-01  0.4188950683E+01 -0.9274667478E+00
  0.1742308278E-01  0.4188448892E+01 -0.9267369472E+00
  0.1759907351E-01  0.4187929924E+01 -0.9259998647E+00
  0.1777684193E-01  0.4187438011E+01 -0.9252554267E+00
  0.1795640599E-01  0.4186941999E+01 -0.9245035579E+00
  0.1813778383E-01  0.4186439763E+01 -0.9237441849E+00
  0.1832099377E-01  0.4185940936E+01 -0.9229772333E+00
  0.1850605431E-01  0.4185509736E+01 -0.9222026206E+00
  0.1869298415E-01  0.4184981512E+01 -0.9214202733E+00
  0.1888180217E-01  0.4184425776E+01 -0.9206301259E+00
  0.1907252745E-01  0.4183844288E+01 -0.9198321056E+00
  0.1926517924E-01  0.4183255764E+01 -0.9190261372E+00
  0.1945977701E-01  0.4182648279E+01 -0.9182121440E+00
  0.1965634041E-01  0.4182021414E+01 -0.9173900501E+00
  0.1985488931E-01  0.4181404444E+01 -0.9165597756E+00
  0.2005544374E-01  0.4180795515E+01 -0.9157212374E+00
  0.2025802398E-01  0.4180166454E+01 -0.9148743546E+00
  0.2046265049E-01  0.4179516904E+01 -0.9140190482E+00
  0.2066934393E-01  0.4178903827E+01 -0.9131552328E+00
  0.2087812518E-01  0.4178251369E+01 -0.9122828242E+00
  0.2108901533E-01  0.4177575870E+01 -0.9114017433E+00
  0.2130203569E-01  0.4176880807E+01 -0.9105119087E+00
  0.2151720777E-01  0.4176114583E+01 -0.9096132430E+00
  0.2173455330E-01  0.4175292796E+01 -0.9087056724E+00
  0.2195409424E-01  0.4174398102E+01 -0.9077891229E+00
  0.2217585277E-01  0.4173475011E+01 -0.9068635169E+00
  0.2239985128E-01  0.4172543674E+01 -0.9059287690E+00
  0.2262611241E-01  0.4171686079E+01 -0.9049847816E+00
  0.2285465900E-01  0.4170806226E+01 -0.9040314575E+00
  0.2308551414E-01  0.4169909331E+01 -0.9030687090E+00
  0.2331870115E-01  0.4169022021E+01 -0.9020964437E+00
  0.2355424359E-01  0.4168199016E+01 -0.9011145591E+00
  0.2379216524E-01  0.4167421861E+01 -0.9001229467E+00
  0.2403249014E-01  0.4166663324E+01 -0.8991215026E+00
  0.2427524257E-01  0.4165883379E+01 -0.8981101297E+00
  0.2452044704E-01  0.4165107813E+01 -0.8970887315E+00
  0.2476812832E-01  0.4164322074E+01 -0.8960572096E+00
  0.2501831143E-01  0.4163526676E+01 -0.8950154660E+00
  0.2527102165E-01  0.4162726931E+01 -0.8939634013E+00
  0.2552628449E-01  0.4161984460E+01 -0.8929009066E+00
  0.2578412575E-01  0.4161236386E+01 -0.8918278717E+00
  0.2604457147E-01  0.4160483377E+01 -0.8907441936E+00
  0.2630764795E-01  0.4159761160E+01 -0.8896497633E+00
  0.2657338176E-01  0.4159101459E+01 -0.8885444617E+00
  0.2684179976E-01  0.4158469713E+01 -0.8874281688E+00
  0.2711292905E-01  0.4157870640E+01 -0.8863007671E+00
  0.2738679702E-01  0.4157298912E+01 -0.8851621378E+00
  0.2766343134E-01  0.4156813932E+01 -0.8840121533E+00
  0.2794285993E-01  0.4156329105E+01 -0.8828506884E+00
  0.2822511105E-01  0.4155844945E+01 -0.8816776282E+00
  0.2851021318E-01  0.4155361996E+01 -0.8804928568E+00
  0.2879819513E-01  0.4154880835E+01 -0.8792962568E+00
  0.2908908599E-01  0.4154402069E+01 -0.8780877096E+00
  0.2938291514E-01  0.4153926339E+01 -0.8768670950E+00
  0.2967971226E-01  0.4153454312E+01 -0.8756342917E+00
  0.2997950734E-01  0.4152986689E+01 -0.8743891767E+00
  0.3028233064E-01  0.4152524197E+01 -0.8731316255E+00
  0.3058821277E-01  0.4151956081E+01 -0.8718615295E+00
  0.3089718462E-01  0.4151271893E+01 -0.8705787976E+00
  0.3120927739E-01  0.4150587196E+01 -0.8692833225E+00
  0.3152452262E-01  0.4149911616E+01 -0.8679749762E+00
  0.3184295214E-01  0.4149245447E+01 -0.8666536279E+00
  0.3216459812E-01  0.4148582347E+01 -0.8653191464E+00
  0.3248949305E-01  0.4147866574E+01 -0.8639714093E+00
  0.3281766975E-01  0.4147080808E+01 -0.8626103051E+00
  0.3314916136E-01  0.4146294212E+01 -0.8612357130E+00
  0.3348400137E-01  0.4145510492E+01 -0.8598474990E+00
  0.3382222361E-01  0.4144841513E+01 -0.8584455083E+00
  0.3416386223E-01  0.4144196221E+01 -0.8570295806E+00
  0.3450895175E-01  0.4143573610E+01 -0.8555995693E+00
  0.3485752702E-01  0.4143011343E+01 -0.8541553200E+00
  0.3520962325E-01  0.4142742997E+01 -0.8526966286E+00
  0.3556527601E-01  0.4142612111E+01 -0.8512232739E+00
  0.3592452122E-01  0.4142531619E+01 -0.8497350748E+00
  0.3628739518E-01  0.4142477989E+01 -0.8482318677E+00
  0.3665393452E-01  0.4142433061E+01 -0.8467134947E+00
  0.3702417628E-01  0.4142391808E+01 -0.8451798007E+00
  0.3739815786E-01  0.4142426173E+01 -0.8436306160E+00
  0.3777591703E-01  0.4142472490E+01 -0.8420657678E+00
  0.3815749195E-01  0.4142352257E+01 -0.8404851271E+00
  0.3854292116E-01  0.4142138024E+01 -0.8388885848E+00
  0.3893224360E-01  0.4142105891E+01 -0.8372759638E+00
  0.3932549859E-01  0.4142422449E+01 -0.8356469978E+00
  0.3972272585E-01  0.4143263065E+01 -0.8340013477E+00
  0.4012396550E-01  0.4144232996E+01 -0.8323387117E+00
  0.4052925808E-01  0.4145257768E+01 -0.8306588771E+00
  0.4093864453E-01  0.4146208098E+01 -0.8289616703E+00
  0.4135216619E-01  0.4147206049E+01 -0.8272469171E+00
  0.4176986484E-01  0.4148140262E+01 -0.8255144396E+00
  0.4219178266E-01  0.4148866034E+01 -0.8237641122E+00
  0.4261796229E-01  0.4149626555E+01 -0.8219957879E+00
  0.4304844675E-01  0.4150418198E+01 -0.8202092678E+00
  0.4348327955E-01  0.4151234963E+01 -0.8184043522E+00
  0.4392250460E-01  0.4152114689E+01 -0.8165808327E+00
  0.4436616626E-01  0.4152891228E+01 -0.8147385263E+00
  0.4481430935E-01  0.4153347847E+01 -0.8128773345E+00
  0.4526697914E-01  0.4153688063E+01 -0.8109971624E+00
  0.4572422136E-01  0.4154049786E+01 -0.8090978381E+00
  0.4618608218E-01  0.4154489966E+01 -0.8071791436E+00
  0.4665260826E-01  0.4154900183E+01 -0.8052408700E+00
  0.4712384673E-01  0.4155269614E+01 -0.8032828342E+00
  0.4759984518E-01  0.4155586714E+01 -0.8013048568E+00
  0.4808065170E-01  0.4155709791E+01 -0.7993067941E+00
  0.4856631485E-01  0.4155782340E+01 -0.7972885013E+00
  0.4905688368E-01  0.4155774050E+01 -0.7952498061E+00
  0.4955240776E-01  0.4155694612E+01 -0.7931905396E+00
  0.5005293713E-01  0.4155531699E+01 -0.7911105332E+00
  0.5055852235E-01  0.4155158493E+01 -0.7890096521E+00
  0.5106921450E-01  0.4154466978E+01 -0.7868878219E+00
  0.5158506515E-01  0.4153661883E+01 -0.7847449450E+00
  0.5210612641E-01  0.4152727546E+01 -0.7825808762E+00
  0.5263245092E-01  0.4151607799E+01 -0.7803954885E+00
  0.5316409184E-01  0.4150285880E+01 -0.7781886754E+00
  0.5370110287E-01  0.4148744206E+01 -0.7759603400E+00
  0.5424353825E-01  0.4146952902E+01 -0.7737104002E+00
  0.5479145278E-01  0.4144911447E+01 -0.7714387837E+00
  0.5534490180E-01  0.4142601563E+01 -0.7691454258E+00
  0.5590394121E-01  0.4140163168E+01 -0.7668302298E+00
  0.5646862749E-01  0.4137346573E+01 -0.7644931317E+00
  0.5703901766E-01  0.4134387122E+01 -0.7621340739E+00
  0.5761516936E-01  0.4131414220E+01 -0.7597528962E+00
  0.5819714076E-01  0.4128292365E+01 -0.7573494396E+00
  0.5878499067E-01  0.4124897381E+01 -0.7549236212E+00
  0.5937877846E-01  0.4121161471E+01 -0.7524754167E+00
  0.5997856410E-01  0.4117000445E+01 -0.7500048511E+00
  0.6058440818E-01  0.4112298524E+01 -0.7475120151E+00
  0.6119637190E-01  0.4107309924E+01 -0.7449969640E+00
  0.6181451707E-01  0.4101939424E+01 -0.7424597101E+00
  0.6243890613E-01  0.4096187859E+01 -0.7399002996E+00
  0.6306960215E-01  0.4090700339E+01 -0.7373185807E+00
  0.6370666884E-01  0.4085002991E+01 -0.7347143466E+00
  0.6435017054E-01  0.4079171980E+01 -0.7320875163E+00
  0.6500017227E-01  0.4072946039E+01 -0.7294380709E+00
  0.6565673966E-01  0.4066304906E+01 -0.7267660875E+00
  0.6631993905E-01  0.4059202385E+01 -0.7240716718E+00
  0.6698983743E-01  0.4051891434E+01 -0.7213548675E+00
  0.6766650245E-01  0.4044272027E+01 -0.7186156722E+00
  0.6835000248E-01  0.4036320687E+01 -0.7158541295E+00
  0.6904040654E-01  0.4027969165E+01 -0.7130703203E+00
  0.6973778439E-01  0.4019216008E+01 -0.7102643559E+00
  0.7044220645E-01  0.4009683141E+01 -0.7074364891E+00
  0.7115374389E-01  0.3999418950E+01 -0.7045871011E+00
  0.7187246858E-01  0.3988026836E+01 -0.7017167139E+00
  0.7259845311E-01  0.3976314397E+01 -0.6988257196E+00
  0.7333177082E-01  0.3964258464E+01 -0.6959142382E+00
  0.7407249577E-01  0.3951904933E+01 -0.6929823883E+00
  0.7482070280E-01  0.3939636056E+01 -0.6900301351E+00
  0.7557646748E-01  0.3926840032E+01 -0.6870575328E+00
  0.7633986614E-01  0.3913578028E+01 -0.6840648504E+00
  0.7711097590E-01  0.3900545986E+01 -0.6810520768E+00
  0.7788987464E-01  0.3886833760E+01 -0.6780192866E+00
  0.7867664105E-01  0.3873430462E+01 -0.6749665290E+00
  0.7947135460E-01  0.3858871707E+01 -0.6718940464E+00
  0.8027409556E-01  0.3844057968E+01 -0.6688023178E+00
  0.8108494501E-01  0.3829021490E+01 -0.6656914617E+00
  0.8190398485E-01  0.3813948901E+01 -0.6625615130E+00
  0.8273129783E-01  0.3798456073E+01 -0.6594125923E+00
  0.8356696751E-01  0.3782541054E+01 -0.6562449876E+00
  0.8441107829E-01  0.3766374835E+01 -0.6530589270E+00
  0.8526371544E-01  0.3749925366E+01 -0.6498545885E+00
  0.8612496510E-01  0.3733219062E+01 -0.6466321608E+00
  0.8699491424E-01  0.3716275538E+01 -0.6433918201E+00
  0.8787365075E-01  0.3699190269E+01 -0.6401336998E+00
  0.8876126338E-01  0.3681777158E+01 -0.6368579798E+00
  0.8965784180E-01  0.3664141393E+01 -0.6335648838E+00
  0.9056347656E-01  0.3646685456E+01 -0.6302544143E+00
  0.9147825915E-01  0.3629212143E+01 -0.6269264821E+00
  0.9240228197E-01  0.3612887863E+01 -0.6235805493E+00
  0.9333563836E-01  0.3597673715E+01 -0.6202155374E+00
  0.9427842258E-01  0.3582295059E+01 -0.6168309568E+00
  0.9523072988E-01  0.3566698555E+01 -0.6134269374E+00
  0.9619265645E-01  0.3551271313E+01 -0.6100034552E+00
  0.9716429944E-01  0.3537159939E+01 -0.6065597429E+00
  0.9814575701E-01  0.3522347992E+01 -0.6030954392E+00
  0.9913712829E-01  0.3507088314E+01 -0.5996110486E+00
  0.1001385134E+00  0.3491653341E+01 -0.5961068306E+00
  0.1011500136E+00  0.3476008150E+01 -0.5925829354E+00
  0.1021717309E+00  0.3461363117E+01 -0.5890389192E+00
  0.1032037686E+00  0.3446812809E+01 -0.5854741703E+00
  0.1042462309E+00  0.3432422464E+01 -0.5818884985E+00
  0.1052992231E+00  0.3417429398E+01 -0.5782820781E+00
  0.1063628516E+00  0.3401908819E+01 -0.5746554568E+00
  0.1074372239E+00  0.3385743972E+01 -0.5710092240E+00
  0.1085224483E+00  0.3368516188E+01 -0.5673442797E+00
  0.1096186347E+00  0.3350800870E+01 -0.5636614679E+00
  0.1107258936E+00  0.3332160767E+01 -0.5599615834E+00
  0.1118443370E+00  0.3312476456E+01 -0.5562457582E+00
  0.1129740778E+00  0.3291544245E+01 -0.5525153424E+00
  0.1141152301E+00  0.3268371526E+01 -0.5487724110E+00
  0.1152679092E+00  0.3243571794E+01 -0.5450193205E+00
  0.1164322315E+00  0.3217101385E+01 -0.5412581675E+00
  0.1176083146E+00  0.3189675662E+01 -0.5374907163E+00
  0.1187962774E+00  0.3162091643E+01 -0.5337178847E+00
  0.1199962398E+00  0.3132121765E+01 -0.5299414750E+00
  0.1212083230E+00  0.3100793844E+01 -0.5261640688E+00
  0.1224326495E+00  0.3068591952E+01 -0.5223873975E+00
  0.1236693429E+00  0.3035770731E+01 -0.5186127849E+00
  0.1249185282E+00  0.3002950968E+01 -0.5148410438E+00
  0.1261803315E+00  0.2970472298E+01 -0.5110724011E+00
  0.1274548803E+00  0.2938354783E+01 -0.5073068569E+00
  0.1287423034E+00  0.2906074066E+01 -0.5035447307E+00
  0.1300427307E+00  0.2875636118E+01 -0.4997853838E+00
  0.1313562936E+00  0.2848430473E+01 -0.4960259230E+00
  0.1326831249E+00  0.2824109711E+01 -0.4922626712E+00
  0.1340233585E+00  0.2800529758E+01 -0.4884935058E+00
  0.1353771298E+00  0.2775695062E+01 -0.4847190393E+00
  0.1367445755E+00  0.2751028337E+01 -0.4809402921E+00
  0.1381258338E+00  0.2726936721E+01 -0.4771570496E+00
  0.1395210443E+00  0.2704550724E+01 -0.4733680156E+00
  0.1409303478E+00  0.2682225945E+01 -0.4695722140E+00
  0.1423538866E+00  0.2660954481E+01 -0.4657691015E+00
  0.1437918047E+00  0.2641750720E+01 -0.4619566738E+00
  0.1452442472E+00  0.2623314605E+01 -0.4581330715E+00
  0.1467113608E+00  0.2604425202E+01 -0.4542982274E+00
  0.1481932937E+00  0.2584216634E+01 -0.4504536178E+00
  0.1496901957E+00  0.2562308628E+01 -0.4466016960E+00
  0.1512022178E+00  0.2541279486E+01 -0.4427433267E+00
  0.1527295130E+00  0.2519741739E+01 -0.4388784902E+00
  0.1542722353E+00  0.2497985015E+01 -0.4350080106E+00
  0.1558305407E+00  0.2478602447E+01 -0.4311304890E+00
  0.1574045866E+00  0.2459192137E+01 -0.4272443314E+00
  0.1589945319E+00  0.2439487105E+01 -0.4233500154E+00
  0.1606005373E+00  0.2419604807E+01 -0.4194481515E+00
  0.1622227649E+00  0.2402630778E+01 -0.4155367696E+00
  0.1638613787E+00  0.2384423026E+01 -0.4116147034E+00
  0.1655165442E+00  0.2365948045E+01 -0.4076833784E+00
  0.1671884284E+00  0.2348897850E+01 -0.4037420400E+00
  0.1688772004E+00  0.2330221776E+01 -0.3997910569E+00
  0.1705830308E+00  0.2306692959E+01 -0.3958361620E+00
  0.1723060917E+00  0.2283887319E+01 -0.3918812373E+00
  0.1740465572E+00  0.2262810268E+01 -0.3879245520E+00
  0.1758046033E+00  0.2242927229E+01 -0.3839639050E+00
  0.1775804074E+00  0.2225204908E+01 -0.3799966414E+00
  0.1793741488E+00  0.2210009355E+01 -0.3760188275E+00
  0.1811860089E+00  0.2193966401E+01 -0.3720291335E+00
  0.1830161706E+00  0.2176326438E+01 -0.3680299622E+00
  0.1848648188E+00  0.2160601963E+01 -0.3640212348E+00
  0.1867321402E+00  0.2148550488E+01 -0.3599979485E+00
  0.1886183235E+00  0.2136371487E+01 -0.3559568745E+00
  0.1905235591E+00  0.2121903660E+01 -0.3519003658E+00
  0.1924480394E+00  0.2103746192E+01 -0.3478342757E+00
  0.1943919590E+00  0.2082711399E+01 -0.3437652072E+00
  0.1963555142E+00  0.2060802109E+01 -0.3396971986E+00
  0.1983389032E+00  0.2038502983E+01 -0.3356319402E+00
  0.2003423265E+00  0.2015439880E+01 -0.3315710585E+00
  0.2023659863E+00  0.1992915174E+01 -0.3275152849E+00
  0.2044100872E+00  0.1973873991E+01 -0.3234610263E+00
  0.2064748356E+00  0.1959246683E+01 -0.3194005741E+00
  0.2085604400E+00  0.1949556141E+01 -0.3153244659E+00
  0.2106671111E+00  0.1941965283E+01 -0.3112253880E+00
  0.2127950617E+00  0.1934014933E+01 -0.3071014408E+00
  0.2149445068E+00  0.1929337450E+01 -0.3029494089E+00
  0.2171156634E+00  0.1923860200E+01 -0.2987664611E+00
  0.2193087509E+00  0.1915531851E+01 -0.2945563997E+00
  0.2215239908E+00  0.1905424007E+01 -0.2903242327E+00
  0.2237616069E+00  0.1893331378E+01 -0.2860741547E+00
  0.2260218251E+00  0.1877533886E+01 -0.2818126655E+00
  0.2283048739E+00  0.1863253046E+01 -0.2775424660E+00
  0.2306109837E+00  0.1854913699E+01 -0.2732552156E+00
  0.2329403876E+00  0.1839900919E+01 -0.2689518578E+00
  0.2352933208E+00  0.1823055040E+01 -0.2646425125E+00
  0.2376700210E+00  0.1807900843E+01 -0.2603276657E+00
  0.2400707283E+00  0.1794852150E+01 -0.2560030880E+00
  0.2424956851E+00  0.1781307059E+01 -0.2516670721E+00
  0.2449451365E+00  0.1764422105E+01 -0.2473245265E+00
  0.2474193298E+00  0.1746840360E+01 -0.2429807555E+00
  0.2499185149E+00  0.1729382894E+01 -0.2386368927E+00
  0.2524429444E+00  0.1713830519E+01 -0.2342908181E+00
  0.2549928731E+00  0.1697527382E+01 -0.2299414583E+00
  0.2575685587E+00  0.1680047012E+01 -0.2255916735E+00
  0.2601702613E+00  0.1662648510E+01 -0.2212433236E+00
  0.2627982438E+00  0.1643051264E+01 -0.2168996631E+00
  0.2654527715E+00  0.1617726293E+01 -0.2125717509E+00
  0.2681341126E+00  0.1590827836E+01 -0.2082701369E+00
  0.2708425380E+00  0.1562814314E+01 -0.2039994347E+00
  0.2735783212E+00  0.1529405585E+01 -0.1997696130E+00
  0.2763417386E+00  0.1494520422E+01 -0.1955914282E+00
  0.2791330693E+00  0.1461290048E+01 -0.1914661059E+00
  0.2819525952E+00  0.1426831970E+01 -0.1873945384E+00
  0.2848006012E+00  0.1388769998E+01 -0.1833851128E+00
  0.2876773750E+00  0.1351289860E+01 -0.1794438466E+00
  0.2905832071E+00  0.1312635841E+01 -0.1755733863E+00
  0.2935183910E+00  0.1274653047E+01 -0.1717763019E+00
  0.2964832232E+00  0.1238333258E+01 -0.1680510105E+00
  0.2994780032E+00  0.1203919622E+01 -0.1643940054E+00
  0.3025030336E+00  0.1169380104E+01 -0.1608043536E+00
  0.3055586198E+00  0.1141420146E+01 -0.1572739289E+00
  0.3086450705E+00  0.1122004403E+01 -0.1537809548E+00
  0.3117626974E+00  0.1106005351E+01 -0.1503079031E+00
  0.3149118156E+00  0.1090746646E+01 -0.1468489873E+00
  0.3180927430E+00  0.1071706781E+01 -0.1434096836E+00
  0.3213058010E+00  0.1049580047E+01 -0.1400017748E+00
  0.3245513142E+00  0.1024198743E+01 -0.1366365366E+00
  0.3278296103E+00  0.9974456150E+00 -0.1333227622E+00
  0.3311410205E+00  0.9778900496E+00 -0.1300521889E+00
  0.3344858793E+00  0.9656565208E+00 -0.1268017445E+00
  0.3378645245E+00  0.9505130288E+00 -0.1235647159E+00
  0.3412772975E+00  0.9348818652E+00 -0.1203475035E+00
  0.3447245429E+00  0.9243212943E+00 -0.1171429387E+00
  0.3482066090E+00  0.9145082505E+00 -0.1139414757E+00
  0.3517238475E+00  0.9062412548E+00 -0.1107394706E+00
  0.3552766136E+00  0.8956985343E+00 -0.1075385353E+00
  0.3588652663E+00  0.8877514570E+00 -0.1043384440E+00
  0.3624901680E+00  0.8803575934E+00 -0.1011338333E+00
  0.3661516848E+00  0.8772365414E+00 -0.9791610300E-01
  0.3698501867E+00  0.8820343287E+00 -0.9466276970E-01
  0.3735860472E+00  0.8951927048E+00 -0.9134303359E-01
  0.3773596436E+00  0.9146034697E+00 -0.8792831339E-01
  0.3811713572E+00  0.9323448528E+00 -0.8440829440E-01
  0.3850215729E+00  0.9460068761E+00 -0.8079226472E-01
  0.3889106797E+00  0.9518361186E+00 -0.7710180767E-01
  0.3928390704E+00  0.9518763739E+00 -0.7336254444E-01
  0.3968071418E+00  0.9504043626E+00 -0.6958835153E-01
  0.4008152948E+00  0.9456353447E+00 -0.6578854296E-01
  0.4048639341E+00  0.9403953353E+00 -0.6197061396E-01
  0.4089534688E+00  0.9369981060E+00 -0.5813178115E-01
  0.4130843119E+00  0.9323606606E+00 -0.5427076726E-01
  0.4172568807E+00  0.9265452405E+00 -0.5039256087E-01
  0.4214715967E+00  0.9155918977E+00 -0.4651051846E-01
  0.4257288855E+00  0.8968037036E+00 -0.4265257266E-01
  0.4300291773E+00  0.8715993796E+00 -0.3885024805E-01
  0.4343729064E+00  0.8302539144E+00 -0.3515405324E-01
  0.4387605115E+00  0.7844092338E+00 -0.3161180110E-01
  0.4431924359E+00  0.7444158516E+00 -0.2822398253E-01
  0.4476691271E+00  0.7010515977E+00 -0.2498852677E-01
  0.4521910375E+00  0.6671822541E+00 -0.2189501135E-01
  0.4567586237E+00  0.6400898151E+00 -0.1890947239E-01
  0.4613723472E+00  0.6156675765E+00 -0.1601261371E-01
  0.4660326740E+00  0.5923213846E+00 -0.1319780209E-01
  0.4707400747E+00  0.5652488268E+00 -0.1047322865E-01
  0.4754950250E+00  0.5334592037E+00 -0.7861077635E-02
  0.4802980050E+00  0.4994103919E+00 -0.5380651605E-02
  0.4851495000E+00  0.4715973103E+00 -0.3025232099E-02
  0.4900500000E+00  0.4456678055E+00 -0.7777032485E-03
  0.4950000000E+00  0.4203752944E+00  0.1365753424E-02
  0.5000000000E+00  0.4014278187E+00  0.3370632222E-02
  0.5050000000E+00  0.3888991180E+00  0.5346449564E-02
  0.5099500000E+00  0.3808300962E+00  0.7251529369E-02
  0.5148505000E+00  0.3805218405E+00  0.9117031952E-02
  0.5197019950E+00  0.3921806280E+00  0.1099141303E-01
  0.5245049750E+00  0.4128935001E+00  0.1292479052E-01
  0.5292599253E+00  0.4415077504E+00  0.1495610824E-01
  0.5339673260E+00  0.4699776047E+00  0.1710147166E-01
  0.5386276528E+00  0.5043961350E+00  0.1937192166E-01
  0.5432413763E+00  0.5494958839E+00  0.2180310483E-01
  0.5478089625E+00  0.5969982900E+00  0.2442146034E-01
  0.5523308729E+00  0.6532735591E+00  0.2724826896E-01
  0.5568075641E+00  0.7073283550E+00  0.3029376631E-01
  0.5612394885E+00  0.7598039301E+00  0.3354487597E-01
  0.5656270936E+00  0.7962088399E+00  0.3695846076E-01
  0.5699708227E+00  0.8253560875E+00  0.4048028012E-01
  0.5742711145E+00  0.8501619118E+00  0.4408288825E-01
  0.5785284033E+00  0.8696226413E+00  0.4774369806E-01
  0.5827431193E+00  0.8831974628E+00  0.5143751750E-01
  0.5869156881E+00  0.8972343501E+00  0.5515200462E-01
  0.5910465312E+00  0.8966158455E+00  0.5885706149E-01
  0.5951360659E+00  0.8938055017E+00  0.6251805659E-01
  0.5991847052E+00  0.8931088058E+00  0.6613534237E-01
  0.6031928582E+00  0.9039332001E+00  0.6973675198E-01
  0.6071609296E+00  0.9222677538E+00  0.7335999988E-01
  0.6110893203E+00  0.9359428471E+00  0.7700988851E-01
  0.6149784271E+00  0.9461748758E+00  0.8066976692E-01
  0.6188286428E+00  0.9541559468E+00  0.8432810874E-01
  0.6226403564E+00  0.9621236773E+00  0.8798026326E-01
  0.6264139528E+00  0.9673973204E+00  0.9162088004E-01
  0.6301498133E+00  0.9724415480E+00  0.9524436372E-01
  0.6338483152E+00  0.9761602714E+00  0.9884781745E-01
  0.6375098320E+00  0.9774928745E+00  0.1024244844E+00
  0.6411347337E+00  0.9753092507E+00  0.1059638423E+00
  0.6447233864E+00  0.9670799927E+00  0.1094491224E+00
  0.6482761525E+00  0.9611724360E+00  0.1128744374E+00
  0.6517933910E+00  0.9574296866E+00  0.1162485280E+00
  0.6552754571E+00  0.9577464478E+00  0.1195829129E+00
  0.6587227025E+00  0.9574789482E+00  0.1228840389E+00
  0.6621354755E+00  0.9551226197E+00  0.1261476764E+00
  0.6655141207E+00  0.9482505734E+00  0.1293630878E+00
  0.6688589795E+00  0.9460297904E+00  0.1325311380E+00
  0.6721703897E+00  0.9444057330E+00  0.1356611417E+00
  0.6754486858E+00  0.9465818727E+00  0.1387607503E+00
  0.6786941990E+00  0.9542558610E+00  0.1418453473E+00
  0.6819072570E+00  0.9630514091E+00  0.1449255570E+00
  0.6850881844E+00  0.9674325179E+00  0.1479959216E+00
  0.6882373026E+00  0.9700506047E+00  0.1510466033E+00
  0.6913549295E+00  0.9679596575E+00  0.1540675998E+00
  0.6944413802E+00  0.9677296270E+00  0.1570548046E+00
  0.6974969664E+00  0.9696868029E+00  0.1600147761E+00
  0.7005219968E+00  0.9714136106E+00  0.1629507199E+00
  0.7035167768E+00  0.9800873574E+00  0.1658728779E+00
  0.7064816090E+00  0.9947580538E+00  0.1688004206E+00
  0.7094167929E+00  0.1014552016E+01  0.1717492679E+00
  0.7123226250E+00  0.1039531875E+01  0.1747336793E+00
  0.7151993988E+00  0.1067893383E+01  0.1777649721E+00
  0.7180474048E+00  0.1097839323E+01  0.1808489820E+00
  0.7208669307E+00  0.1128755847E+01  0.1839879535E+00
  0.7236582614E+00  0.1162457912E+01  0.1871857211E+00
  0.7264216788E+00  0.1192680445E+01  0.1904398362E+00
  0.7291574620E+00  0.1230208389E+01  0.1937540855E+00
  0.7318658874E+00  0.1269644818E+01  0.1971394185E+00
  0.7345472285E+00  0.1309021084E+01  0.2005965599E+00
  0.7372017562E+00  0.1355714224E+01  0.2041333668E+00
  0.7398297387E+00  0.1407025727E+01  0.2077635828E+00
  0.7424314413E+00  0.1455367476E+01  0.2114871308E+00
  0.7450071269E+00  0.1500109762E+01  0.2152933208E+00
  0.7475570556E+00  0.1541254408E+01  0.2191709518E+00
  0.7500814851E+00  0.1580666966E+01  0.2231114869E+00
  0.7525806702E+00  0.1622299923E+01  0.2271138905E+00
  0.7550548635E+00  0.1661881597E+01  0.2311767405E+00
  0.7575043149E+00  0.1701702590E+01  0.2352962084E+00
  0.7599292717E+00  0.1744324942E+01  0.2394744425E+00
  0.7623299790E+00  0.1793229344E+01  0.2437207586E+00
  0.7647066792E+00  0.1844450864E+01  0.2480435963E+00
  0.7670596124E+00  0.1897665626E+01  0.2524460714E+00
  0.7693890163E+00  0.1954057945E+01  0.2569321813E+00
  0.7716951261E+00  0.2009596297E+01  0.2615024923E+00
  0.7739781749E+00  0.2063472641E+01  0.2661519998E+00
  0.7762383931E+00  0.2113988699E+01  0.2708729869E+00
  0.7784760092E+00  0.2164148535E+01  0.2756594012E+00
  0.7806912491E+00  0.2213378108E+01  0.2805080371E+00
  0.7828843366E+00  0.2258498182E+01  0.2854116451E+00
  0.7850554932E+00  0.2299827080E+01  0.2903600642E+00
  0.7872049383E+00  0.2336857713E+01  0.2953432138E+00
  0.7893328889E+00  0.2371430056E+01  0.3003527157E+00
  0.7914395600E+00  0.2404589533E+01  0.3053834670E+00
  0.7935251644E+00  0.2438312142E+01  0.3104336555E+00
  0.7955899128E+00  0.2471834706E+01  0.3155027643E+00
  0.7976340137E+00  0.2507406444E+01  0.3205917999E+00
  0.7996576735E+00  0.2543004078E+01  0.3257019565E+00
  0.8016610968E+00  0.2577139861E+01  0.3308308642E+00
  0.8036444858E+00  0.2611954136E+01  0.3359768603E+00
  0.8056080410E+00  0.2648257316E+01  0.3411412179E+00
  0.8075519606E+00  0.2679907119E+01  0.3463199795E+00
  0.8094764409E+00  0.2710672626E+01  0.3515070120E+00
  0.8113816765E+00  0.2741208019E+01  0.3567005705E+00
  0.8132678598E+00  0.2769582883E+01  0.3618977512E+00
  0.8151351812E+00  0.2793080383E+01  0.3670913913E+00
  0.8169838294E+00  0.2813303220E+01  0.3722735068E+00
  0.8188139911E+00  0.2833085021E+01  0.3774404085E+00
  0.8206258512E+00  0.2854763592E+01  0.3825932015E+00
  0.8224195926E+00  0.2874109234E+01  0.3877312599E+00
  0.8241953967E+00  0.2889229653E+01  0.3928485403E+00
  0.8259534428E+00  0.2903317812E+01  0.3979403228E+00
  0.8276939083E+00  0.2915131793E+01  0.4030037284E+00
  0.8294169692E+00  0.2925030052E+01  0.4080352057E+00
  0.8311227996E+00  0.2934143668E+01  0.4130325838E+00
  0.8328115716E+00  0.2944116698E+01  0.4179961045E+00
  0.8344834558E+00  0.2953178491E+01  0.4229259021E+00
  0.8361386213E+00  0.2963177159E+01  0.4278221758E+00
  0.8377772351E+00  0.2971900712E+01  0.4326848260E+00
  0.8393994627E+00  0.2980118901E+01  0.4375125914E+00
  0.8410054681E+00  0.2988556583E+01  0.4423054539E+00
  0.8425954134E+00  0.2994766547E+01  0.4470620322E+00
  0.8441694593E+00  0.2999483614E+01  0.4517796445E+00
  0.8457277647E+00  0.3004140803E+01  0.4564573847E+00
  0.8472704870E+00  0.3009738200E+01  0.4610962575E+00
  0.8487977822E+00  0.3018740632E+01  0.4656998907E+00
  0.8503098043E+00  0.3029336394E+01  0.4702723040E+00
  0.8518067063E+00  0.3042234755E+01  0.4748165773E+00
  0.8532886392E+00  0.3054771714E+01  0.4793342547E+00
  0.8547557528E+00  0.3068406870E+01  0.4838259540E+00
  0.8562081953E+00  0.3082173509E+01  0.4882926361E+00
  0.8576461134E+00  0.3095824463E+01  0.4927343635E+00
  0.8590696522E+00  0.3109833436E+01  0.4971513611E+00
  0.8604789557E+00  0.3123553839E+01  0.5015437283E+00
  0.8618741662E+00  0.3136708468E+01  0.5059109199E+00
  0.8632554245E+00  0.3149356646E+01  0.5102522599E+00
  0.8646228702E+00  0.3159529346E+01  0.5145657896E+00
  0.8659766415E+00  0.3169043751E+01  0.5188495099E+00
  0.8673168751E+00  0.3178738724E+01  0.5231032655E+00
  0.8686437064E+00  0.3188770102E+01  0.5273275703E+00
  0.8699572693E+00  0.3198549131E+01  0.5315226432E+00
  0.8712576966E+00  0.3208355046E+01  0.5356884998E+00
  0.8725451197E+00  0.3217009087E+01  0.5398245807E+00
  0.8738196685E+00  0.3223578628E+01  0.5439290024E+00
  0.8750814718E+00  0.3230111356E+01  0.5480006461E+00
  0.8763306571E+00  0.3236760073E+01  0.5520398064E+00
  0.8775673505E+00  0.3241649101E+01  0.5560457094E+00
  0.8787916770E+00  0.3247029163E+01  0.5600178398E+00
  0.8800037602E+00  0.3252528154E+01  0.5639568420E+00
  0.8812037226E+00  0.3257452317E+01  0.5678627079E+00
  0.8823916854E+00  0.3261797316E+01  0.5717350208E+00
  0.8835677685E+00  0.3266169273E+01  0.5755737366E+00
  0.8847320908E+00  0.3270490927E+01  0.5793791262E+00
  0.8858847699E+00  0.3275104227E+01  0.5831516116E+00
  0.8870259222E+00  0.3279062262E+01  0.5868912627E+00
  0.8881556630E+00  0.3282951611E+01  0.5905979500E+00
  0.8892741064E+00  0.3286740567E+01  0.5942718643E+00
  0.8903813653E+00  0.3290390536E+01  0.5979131579E+00
  0.8914775517E+00  0.3293978470E+01  0.6015220056E+00
  0.8925627761E+00  0.3297679530E+01  0.6050987199E+00
  0.8936371484E+00  0.3301284463E+01  0.6086435918E+00
  0.8947007769E+00  0.3304813218E+01  0.6121568087E+00
  0.8957537691E+00  0.3308291631E+01  0.6156385827E+00
  0.8967962314E+00  0.3312422797E+01  0.6190895054E+00
  0.8978282691E+00  0.3316713416E+01  0.6225102646E+00
  0.8988499864E+00  0.3321883465E+01  0.6259016492E+00
  0.8998614866E+00  0.3327117518E+01  0.6292643819E+00
  0.9008628717E+00  0.3331736250E+01  0.6325984205E+00
  0.9018542430E+00  0.3336026462E+01  0.6359035348E+00
  0.9028357006E+00  0.3340125296E+01  0.6391797146E+00
  0.9038073436E+00  0.3344465979E+01  0.6424272327E+00
  0.9047692701E+00  0.3348903216E+01  0.6456464976E+00
  0.9057215774E+00  0.3354340854E+01  0.6488382717E+00
  0.9066643616E+00  0.3360505530E+01  0.6520035973E+00
  0.9075977180E+00  0.3366911449E+01  0.6551431361E+00
  0.9085217408E+00  0.3373437229E+01  0.6582572541E+00
  0.9094365234E+00  0.3379313534E+01  0.6613459035E+00
  0.9103421582E+00  0.3385489961E+01  0.6644091241E+00
  0.9112387366E+00  0.3392542304E+01  0.6674476429E+00
  0.9121263493E+00  0.3399331836E+01  0.6704619195E+00
  0.9130050858E+00  0.3405303194E+01  0.6734516601E+00
  0.9138750349E+00  0.3410603972E+01  0.6764164064E+00
  0.9147362846E+00  0.3415411243E+01  0.6793558580E+00
  0.9155889217E+00  0.3420043284E+01  0.6822699393E+00
  0.9164330325E+00  0.3424541711E+01  0.6851587333E+00
  0.9172687022E+00  0.3429950667E+01  0.6880227790E+00
  0.9180960151E+00  0.3435131447E+01  0.6908625647E+00
  0.9189150550E+00  0.3439915475E+01  0.6936780334E+00
  0.9197259044E+00  0.3445623704E+01  0.6964696013E+00
  0.9205286454E+00  0.3451698521E+01  0.6992379828E+00
  0.9213233589E+00  0.3457741728E+01  0.7019834957E+00
  0.9221101254E+00  0.3463754228E+01  0.7047062959E+00
  0.9228890241E+00  0.3469750368E+01  0.7074065449E+00
  0.9236601339E+00  0.3475766179E+01  0.7100844227E+00
  0.9244235325E+00  0.3481833868E+01  0.7127401340E+00
  0.9251792972E+00  0.3487765965E+01  0.7153738227E+00
  0.9259275042E+00  0.3493593242E+01  0.7179855737E+00
  0.9266682292E+00  0.3500002411E+01  0.7205757391E+00
  0.9274015469E+00  0.3506567429E+01  0.7231447600E+00
  0.9281275314E+00  0.3513017758E+01  0.7256928151E+00
  0.9288462561E+00  0.3518958249E+01  0.7282198425E+00
  0.9295577935E+00  0.3525385806E+01  0.7307259998E+00
  0.9302622156E+00  0.3531858151E+01  0.7332116390E+00
  0.9309595935E+00  0.3538192969E+01  0.7356768875E+00
  0.9316499975E+00  0.3544394086E+01  0.7381218109E+00
  0.9323334975E+00  0.3550708016E+01  0.7405465621E+00
  0.9330101626E+00  0.3557302982E+01  0.7429514334E+00
  0.9336800609E+00  0.3564110391E+01  0.7453367450E+00
  0.9343432603E+00  0.3571026393E+01  0.7477027542E+00
  0.9349998277E+00  0.3577432184E+01  0.7500494766E+00
  0.9356498295E+00  0.3583739731E+01  0.7523768636E+00
  0.9362933312E+00  0.3589343607E+01  0.7546848093E+00
  0.9369303978E+00  0.3594242176E+01  0.7569730209E+00
  0.9375610939E+00  0.3598254132E+01  0.7592411603E+00
  0.9381854829E+00  0.3601772793E+01  0.7614889693E+00
  0.9388036281E+00  0.3605426072E+01  0.7637165169E+00
  0.9394155918E+00  0.3609179701E+01  0.7659240554E+00
  0.9400214359E+00  0.3612924327E+01  0.7681117899E+00
  0.9406212215E+00  0.3616634109E+01  0.7702798826E+00
  0.9412150093E+00  0.3620419053E+01  0.7724285194E+00
  0.9418028592E+00  0.3624234230E+01  0.7745579038E+00
  0.9423848306E+00  0.3627976026E+01  0.7766681933E+00
  0.9429609823E+00  0.3631886969E+01  0.7787595845E+00
  0.9435313725E+00  0.3635897961E+01  0.7808323211E+00
  0.9440960588E+00  0.3640151622E+01  0.7828866637E+00
  0.9446550982E+00  0.3644147616E+01  0.7849227689E+00
  0.9452085472E+00  0.3647952897E+01  0.7869406719E+00
  0.9457564617E+00  0.3651717931E+01  0.7889404697E+00
  0.9462988971E+00  0.3655540437E+01  0.7909223275E+00
  0.9468359082E+00  0.3659465985E+01  0.7928864470E+00
  0.9473675491E+00  0.3663235875E+01  0.7948329710E+00
  0.9478938736E+00  0.3666921608E+01  0.7967619918E+00
  0.9484149348E+00  0.3670529255E+01  0.7986736225E+00
  0.9489307855E+00  0.3674337757E+01  0.8005680497E+00
  0.9494414776E+00  0.3678131112E+01  0.8024454737E+00
  0.9499470629E+00  0.3681811462E+01  0.8043060128E+00
  0.9504475922E+00  0.3684767326E+01  0.8061496074E+00
  0.9509431163E+00  0.3687677273E+01  0.8079762193E+00
  0.9514336852E+00  0.3690578137E+01  0.8097859904E+00
  0.9519193483E+00  0.3693744135E+01  0.8115791370E+00
  0.9524001548E+00  0.3697240971E+01  0.8133559539E+00
  0.9528761533E+00  0.3700699337E+01  0.8151166579E+00
  0.9533473917E+00  0.3704040570E+01  0.8168613571E+00
  0.9538139178E+00  0.3707320328E+01  0.8185901536E+00
  0.9542757786E+00  0.3710768061E+01  0.8203032158E+00
  0.9547330209E+00  0.3714235198E+01  0.8220007283E+00
  0.9551856906E+00  0.3717696294E+01  0.8236828338E+00
  0.9556338337E+00  0.3721524386E+01  0.8253497514E+00
  0.9560774954E+00  0.3725652523E+01  0.8270017649E+00
  0.9565167205E+00  0.3729768099E+01  0.8286390686E+00
  0.9569515532E+00  0.3733772040E+01  0.8302617646E+00
  0.9573820377E+00  0.3737819210E+01  0.8318699666E+00
  0.9578082173E+00  0.3741936338E+01  0.8334638263E+00
  0.9582301352E+00  0.3746009387E+01  0.8350434752E+00
  0.9586478338E+00  0.3750083277E+01  0.8366090291E+00
  0.9590613555E+00  0.3754256419E+01  0.8381606326E+00
  0.9594707419E+00  0.3758394326E+01  0.8396984213E+00
  0.9598760345E+00  0.3762468542E+01  0.8412224963E+00
  0.9602772742E+00  0.3766544855E+01  0.8427329656E+00
  0.9606745014E+00  0.3770673282E+01  0.8442299599E+00
  0.9610677564E+00  0.3774589153E+01  0.8457135659E+00
  0.9614570788E+00  0.3778387942E+01  0.8471838376E+00
  0.9618425080E+00  0.3781977894E+01  0.8486408306E+00
  0.9622240830E+00  0.3785520271E+01  0.8500846143E+00
  0.9626018421E+00  0.3789103337E+01  0.8515153061E+00
  0.9629758237E+00  0.3792656981E+01  0.8529330254E+00
  0.9633460655E+00  0.3796261981E+01  0.8543378928E+00
  0.9637126048E+00  0.3799803735E+01  0.8557300213E+00
  0.9640754788E+00  0.3803220833E+01  0.8571094910E+00
  0.9644347240E+00  0.3806573761E+01  0.8584763822E+00
  0.9647903767E+00  0.3809862806E+01  0.8598307855E+00
  0.9651424730E+00  0.3813088396E+01  0.8611727917E+00
  0.9654910483E+00  0.3816277093E+01  0.8625024958E+00
  0.9658361378E+00  0.3819539223E+01  0.8638200159E+00
  0.9661777764E+00  0.3822751030E+01  0.8651254666E+00
  0.9665159986E+00  0.3825900267E+01  0.8664189386E+00
  0.9668508386E+00  0.3828987890E+01  0.8677005200E+00
  0.9671823303E+00  0.3832026362E+01  0.8689703010E+00
  0.9675105070E+00  0.3835019810E+01  0.8702283740E+00
  0.9678354019E+00  0.3837925021E+01  0.8714748244E+00
  0.9681570479E+00  0.3840642862E+01  0.8727097147E+00
  0.9684754774E+00  0.3843295521E+01  0.8739331111E+00
  0.9687907226E+00  0.3845919463E+01  0.8751451052E+00
  0.9691028154E+00  0.3848586576E+01  0.8763458051E+00
  0.9694117872E+00  0.3851206557E+01  0.8775353147E+00
  0.9697176694E+00  0.3853780947E+01  0.8787137237E+00
  0.9700204927E+00  0.3856301186E+01  0.8798811200E+00
  0.9703202877E+00  0.3858712262E+01  0.8810375815E+00
  0.9706170849E+00  0.3861082130E+01  0.8821831879E+00
  0.9709109140E+00  0.3863385378E+01  0.8833180248E+00
  0.9712018049E+00  0.3865579533E+01  0.8844421674E+00
  0.9714897868E+00  0.3867794502E+01  0.8855557035E+00
  0.9717748890E+00  0.3870116897E+01  0.8866587510E+00
  0.9720571401E+00  0.3872368149E+01  0.8877514135E+00
  0.9723365687E+00  0.3874519268E+01  0.8888337644E+00
  0.9726132030E+00  0.3876666322E+01  0.8899058864E+00
  0.9728870709E+00  0.3878803645E+01  0.8909678738E+00
  0.9731582002E+00  0.3880912141E+01  0.8920198169E+00
  0.9734266182E+00  0.3882993796E+01  0.8930618030E+00
  0.9736923521E+00  0.3885050533E+01  0.8940939190E+00
  0.9739554285E+00  0.3887084208E+01  0.8951162519E+00
  0.9742158742E+00  0.3889096604E+01  0.8961288884E+00
  0.9744737155E+00  0.3891089431E+01  0.8971319149E+00
  0.9747289784E+00  0.3893064325E+01  0.8981254175E+00
  0.9749816886E+00  0.3895022846E+01  0.8991094821E+00
  0.9752318717E+00  0.3897029546E+01  0.9000842021E+00
  0.9754795530E+00  0.3899087337E+01  0.9010496782E+00
  0.9757247574E+00  0.3901138987E+01  0.9020060034E+00
  0.9759675099E+00  0.3903175436E+01  0.9029532615E+00
  0.9762078348E+00  0.3905197813E+01  0.9038915348E+00
  0.9764457564E+00  0.3907207183E+01  0.9048209049E+00
  0.9766812989E+00  0.3909123855E+01  0.9057414437E+00
  0.9769144859E+00  0.3910976580E+01  0.9066532167E+00
  0.9771453410E+00  0.3912884806E+01  0.9075563060E+00
  0.9773738876E+00  0.3914896918E+01  0.9084508124E+00
  0.9776001487E+00  0.3916880768E+01  0.9093368258E+00
  0.9778241472E+00  0.3918909855E+01  0.9102144285E+00
  0.9780459058E+00  0.3920936811E+01  0.9110837049E+00
  0.9782654467E+00  0.3922956743E+01  0.9119447328E+00
  0.9784827922E+00  0.3924970109E+01  0.9127975888E+00
  0.9786979643E+00  0.3926976262E+01  0.9136423486E+00
  0.9789109847E+00  0.3928962433E+01  0.9144790860E+00
  0.9791218748E+00  0.3930977612E+01  0.9153078780E+00
  0.9793306561E+00  0.3932988561E+01  0.9161288023E+00
  0.9795373495E+00  0.3934995514E+01  0.9169419327E+00
  0.9797419760E+00  0.3936998663E+01  0.9177473420E+00
  0.9799445563E+00  0.3938998165E+01  0.9185451027E+00
  0.9801451107E+00  0.3940994137E+01  0.9193352864E+00
  0.9803436596E+00  0.3942986668E+01  0.9201179642E+00
  0.9805402230E+00  0.3944975813E+01  0.9208932066E+00
  0.9807348208E+00  0.3946884926E+01  0.9216610758E+00
  0.9809274726E+00  0.3948654459E+01  0.9224216207E+00
  0.9811181978E+00  0.3950410639E+01  0.9231748964E+00
  0.9813070158E+00  0.3952136183E+01  0.9239209681E+00
  0.9814939457E+00  0.3953853840E+01  0.9246599008E+00
  0.9816790062E+00  0.3955572389E+01  0.9253917621E+00
  0.9818622162E+00  0.3957257408E+01  0.9261166167E+00
  0.9820435940E+00  0.3958887526E+01  0.9268345233E+00
  0.9822231581E+00  0.3960578421E+01  0.9275455490E+00
  0.9824009265E+00  0.3962336839E+01  0.9282497711E+00
  0.9825769172E+00  0.3964135530E+01  0.9289472639E+00
  0.9827511481E+00  0.3965992100E+01  0.9296381003E+00
  0.9829236366E+00  0.3967823318E+01  0.9303223463E+00
  0.9830944002E+00  0.3969650586E+01  0.9310000623E+00
  0.9832634562E+00  0.3971473812E+01  0.9316713096E+00
  0.9834308216E+00  0.3973292893E+01  0.9323361493E+00
  0.9835965134E+00  0.3975112766E+01  0.9329946421E+00
  0.9837605483E+00  0.3976895055E+01  0.9336468453E+00
  0.9839229428E+00  0.3978644431E+01  0.9342928133E+00
  0.9840837134E+00  0.3980418400E+01  0.9349326049E+00
  0.9842428762E+00  0.3982175468E+01  0.9355662795E+00
  0.9844004475E+00  0.3983928085E+01  0.9361938939E+00
  0.9845564430E+00  0.3985676145E+01  0.9368155052E+00
  0.9847108786E+00  0.3987419538E+01  0.9374311700E+00
  0.9848637698E+00  0.3989129932E+01  0.9380409421E+00
  0.9850151321E+00  0.3990807614E+01  0.9386448730E+00
  0.9851649808E+00  0.3992481811E+01  0.9392430157E+00
  0.9853133310E+00  0.3994152379E+01  0.9398354250E+00
  0.9854601977E+00  0.3995813469E+01  0.9404221550E+00
  0.9856055957E+00  0.3997436741E+01  0.9410032564E+00
  0.9857495397E+00  0.3999051626E+01  0.9415787798E+00
  0.9858920443E+00  0.4000663071E+01  0.9421487779E+00
  0.9860331239E+00  0.4002220542E+01  0.9427132995E+00
  0.9861727926E+00  0.4003766050E+01  0.9432723926E+00
  0.9863110647E+00  0.4005309497E+01  0.9438261084E+00
  0.9864479541E+00  0.4006850711E+01  0.9443744981E+00
  0.9865834745E+00  0.4008389518E+01  0.9449176126E+00
  0.9867176398E+00  0.4009925744E+01  0.9454555023E+00
  0.9868504634E+00  0.4011459215E+01  0.9459882169E+00
  0.9869819588E+00  0.4012989756E+01  0.9465158058E+00
  0.9871121392E+00  0.4014517193E+01  0.9470383179E+00
  0.9872410178E+00  0.4016041353E+01  0.9475558015E+00
  0.9873686076E+00  0.4017562064E+01  0.9480683045E+00
  0.9874949215E+00  0.4019083191E+01  0.9485758746E+00
  0.9876199723E+00  0.4020653409E+01  0.9490785623E+00
  0.9877437726E+00  0.4022217745E+01  0.9495764171E+00
  0.9878663349E+00  0.4023752833E+01  0.9500694834E+00
  0.9879876715E+00  0.4025277478E+01  0.9505578045E+00
  0.9881077948E+00  0.4026796618E+01  0.9510414253E+00
  0.9882267168E+00  0.4028310130E+01  0.9515203903E+00
  0.9883444497E+00  0.4029821090E+01  0.9519947436E+00
  0.9884610052E+00  0.4031334079E+01  0.9524645296E+00
  0.9885763951E+00  0.4032840893E+01  0.9529297919E+00
  0.9886906312E+00  0.4034344576E+01  0.9533905736E+00
  0.9888037249E+00  0.4035854276E+01  0.9538469179E+00
  0.9889156876E+00  0.4037356945E+01  0.9542988674E+00
  0.9890265307E+00  0.4038852483E+01  0.9547464635E+00
  0.9891362654E+00  0.4040340792E+01  0.9551897474E+00
  0.9892449028E+00  0.4041821779E+01  0.9556287597E+00
  0.9893524538E+00  0.4043295352E+01  0.9560635409E+00
  0.9894589292E+00  0.4044748613E+01  0.9564941300E+00
  0.9895643399E+00  0.4046181299E+01  0.9569205653E+00
  0.9896686965E+00  0.4047590409E+01  0.9573428845E+00
  0.9897720096E+00  0.4048993063E+01  0.9577611258E+00
  0.9898742895E+00  0.4050389163E+01  0.9581753279E+00
  0.9899755466E+00  0.4051778612E+01  0.9585855289E+00
  0.9900757911E+00  0.4053161320E+01  0.9589917669E+00
  0.9901750332E+00  0.4054537196E+01  0.9593940793E+00
  0.9902732829E+00  0.4055906155E+01  0.9597925035E+00
  0.9903705500E+00  0.4057268114E+01  0.9601870763E+00
  0.9904668445E+00  0.4058622993E+01  0.9605778341E+00
  0.9905621761E+00  0.4059970714E+01  0.9609648132E+00
  0.9906565543E+00  0.4061311206E+01  0.9613480493E+00
  0.9907499888E+00  0.4062652754E+01  0.9617275784E+00
  0.9908424889E+00  0.4063997849E+01  0.9621034365E+00
  0.9909340640E+00  0.4065339941E+01  0.9624756590E+00
  0.9910247234E+00  0.4066678512E+01  0.9628442808E+00
  0.9911144761E+00  0.4068008592E+01  0.9632093361E+00
  0.9912033314E+00  0.4069330144E+01  0.9635708587E+00
  0.9912912981E+00  0.4070643140E+01  0.9639288819E+00
  0.9913783851E+00  0.4071947549E+01  0.9642834389E+00
  0.9914646012E+00  0.4073243346E+01  0.9646345624E+00
  0.9915499552E+00  0.4074530507E+01  0.9649822849E+00
  0.9916344557E+00  0.4075809012E+01  0.9653266386E+00
  0.9917181111E+00  0.4077078841E+01  0.9656676553E+00
  0.9918009300E+00  0.4078339980E+01  0.9660053666E+00
  0.9918829207E+00  0.4079592413E+01  0.9663398039E+00
  0.9919640915E+00  0.4080829539E+01  0.9666709979E+00
  0.9920444506E+00  0.4082057144E+01  0.9669989789E+00
  0.9921240061E+00  0.4083276277E+01  0.9673237775E+00
  0.9922027660E+00  0.4084486928E+01  0.9676454238E+00
  0.9922807383E+00  0.4085689086E+01  0.9679639477E+00
  0.9923579310E+00  0.4086882744E+01  0.9682793788E+00
  0.9924343516E+00  0.4088067898E+01  0.9685917464E+00
  0.9925100081E+00  0.4089244545E+01  0.9689010798E+00
  0.9925849081E+00  0.4090412684E+01  0.9692074076E+00
  0.9926590590E+00  0.4091572316E+01  0.9695107585E+00
  0.9927324684E+00  0.4092723444E+01  0.9698111606E+00
  0.9928051437E+00  0.4093866073E+01  0.9701086421E+00
  0.9928770923E+00  0.4095000209E+01  0.9704032307E+00
  0.9929483213E+00  0.4096125500E+01  0.9706949539E+00
  0.9930188381E+00  0.4097243491E+01  0.9709838389E+00
  0.9930886497E+00  0.4098359339E+01  0.9712699131E+00
  0.9931577632E+00  0.4099466492E+01  0.9715532033E+00
  0.9932261856E+00  0.4100564970E+01  0.9718337361E+00
  0.9932939238E+00  0.4101654794E+01  0.9721115376E+00
  0.9933609845E+00  0.4102735991E+01  0.9723866340E+00
  0.9934273747E+00  0.4103808584E+01  0.9726590509E+00
  0.9934931009E+00  0.4104872599E+01  0.9729288138E+00
  0.9935581699E+00  0.4105928066E+01  0.9731959481E+00
  0.9936225882E+00  0.4106975013E+01  0.9734604787E+00
  0.9936863623E+00  0.4108013469E+01  0.9737224305E+00
  0.9937494987E+00  0.4109045326E+01  0.9739818282E+00
  0.9938120037E+00  0.4110067847E+01  0.9742386961E+00
  0.9938738837E+00  0.4111080442E+01  0.9744930582E+00
  0.9939351449E+00  0.4112084695E+01  0.9747449386E+00
  0.9939957934E+00  0.4113080640E+01  0.9749943607E+00
  0.9940558355E+00  0.4114068314E+01  0.9752413483E+00
  0.9941152771E+00  0.4115047753E+01  0.9754859244E+00
  0.9941741243E+00  0.4116015318E+01  0.9757281120E+00
  0.9942323831E+00  0.4116974385E+01  0.9759679338E+00
  0.9942900593E+00  0.4117925483E+01  0.9762054126E+00
  0.9943471587E+00  0.4118868651E+01  0.9764405706E+00
  0.9944036871E+00  0.4119803922E+01  0.9766734302E+00
  0.9944596502E+00  0.4120731334E+01  0.9769040132E+00
  0.9945150537E+00  0.4121650926E+01  0.9771323416E+00
  0.9945699032E+00  0.4122562734E+01  0.9773584370E+00
  0.9946242041E+00  0.4123466799E+01  0.9775823207E+00
  0.9946779621E+00  0.4124363159E+01  0.9778040139E+00
  0.9947311825E+00  0.4125251855E+01  0.9780235377E+00
  0.9947838707E+00  0.4126132928E+01  0.9782409129E+00
  0.9948360320E+00  0.4127006419E+01  0.9784561602E+00
  0.9948876716E+00  0.4127872369E+01  0.9786692998E+00
  0.9949387949E+00  0.4128730822E+01  0.9788803521E+00
  0.9949894070E+00  0.4129581821E+01  0.9790893372E+00
  0.9950395129E+00  0.4130425407E+01  0.9792962749E+00
  0.9950891178E+00  0.4131261626E+01  0.9795011848E+00
  0.9951382266E+00  0.4132090520E+01  0.9797040866E+00
  0.9951868443E+00  0.4132917673E+01  0.9799049996E+00
  0.9952349759E+00  0.4133738019E+01  0.9801039431E+00
  0.9952826261E+00  0.4134550947E+01  0.9803009361E+00
  0.9953297999E+00  0.4135356509E+01  0.9804959973E+00
  0.9953765019E+00  0.4136154757E+01  0.9806891454E+00
  0.9954227368E+00  0.4136945743E+01  0.9808803987E+00
  0.9954685095E+00  0.4137729520E+01  0.9810697755E+00
  0.9955138244E+00  0.4138506140E+01  0.9812572939E+00
  0.9955586861E+00  0.4139275655E+01  0.9814429718E+00
  0.9956030993E+00  0.4140040659E+01  0.9816268271E+00
  0.9956470683E+00  0.4140798695E+01  0.9818088772E+00
  0.9956905976E+00  0.4141549684E+01  0.9819891397E+00
  0.9957336916E+00  0.4142294378E+01  0.9821676318E+00
  0.9957763547E+00  0.4143032926E+01  0.9823443706E+00
  0.9958185912E+00  0.4143764536E+01  0.9825193730E+00
  0.9958604053E+00  0.4144489265E+01  0.9826926559E+00
  0.9959018012E+00  0.4145207169E+01  0.9828642358E+00
  0.9959427832E+00  0.4145918304E+01  0.9830341292E+00
  0.9959833554E+00  0.4146622727E+01  0.9832023524E+00
  0.9960235218E+00  0.4147320493E+01  0.9833689215E+00
  0.9960632866E+00  0.4148011659E+01  0.9835338526E+00
  0.9961026537E+00  0.4148696278E+01  0.9836971614E+00
  0.9961416272E+00  0.4149374407E+01  0.9838588637E+00
  0.9961802109E+00  0.4150046100E+01  0.9840189750E+00
  0.9962184088E+00  0.4150711412E+01  0.9841775107E+00
  0.9962562247E+00  0.4151370397E+01  0.9843344861E+00
  0.9962936625E+00  0.4152023109E+01  0.9844899163E+00
  0.9963307258E+00  0.4152669418E+01  0.9846438162E+00
  0.9963674186E+00  0.4153309210E+01  0.9847962008E+00
  0.9964037444E+00  0.4153942911E+01  0.9849470846E+00
  0.9964397070E+00  0.4154570572E+01  0.9850964823E+00
  0.9964753099E+00  0.4155192247E+01  0.9852444083E+00
  0.9965105568E+00  0.4155807986E+01  0.9853908768E+00
  0.9965454512E+00  0.4156417841E+01  0.9855359020E+00
  0.9965799967E+00  0.4157021863E+01  0.9856794979E+00
  0.9966141967E+00  0.4157620103E+01  0.9858216784E+00
  0.9966480548E+00  0.4158212611E+01  0.9859624573E+00
  0.9966815742E+00  0.4158799437E+01  0.9861018481E+00
  0.9967147585E+00  0.4159380632E+01  0.9862398645E+00
  0.9967476109E+00  0.4159956245E+01  0.9863765196E+00
  0.9967801348E+00  0.4160526326E+01  0.9865118268E+00
  0.9968123334E+00  0.4161091053E+01  0.9866457993E+00
  0.9968442101E+00  0.4161651468E+01  0.9867784499E+00
  0.9968757680E+00  0.4162206447E+01  0.9869097916E+00
  0.9969070103E+00  0.4162756041E+01  0.9870398372E+00
  0.9969379402E+00  0.4163300298E+01  0.9871685992E+00
  0.9969685608E+00  0.4163839268E+01  0.9872960902E+00
  0.9969988752E+00  0.4164372998E+01  0.9874223226E+00
  0.9970288865E+00  0.4164901538E+01  0.9875473086E+00
  0.9970585976E+00  0.4165424934E+01  0.9876710603E+00
  0.9970880116E+00  0.4165943235E+01  0.9877935898E+00
  0.9971171315E+00  0.4166456487E+01  0.9879149091E+00
  0.9971459602E+00  0.4166964736E+01  0.9880350299E+00
  0.9971745006E+00  0.4167468031E+01  0.9881539639E+00
  0.9972027556E+00  0.4167966415E+01  0.9882717227E+00
  0.9972307280E+00  0.4168459936E+01  0.9883883178E+00
  0.9972584207E+00  0.4168948637E+01  0.9885037606E+00
  0.9972858365E+00  0.4169432565E+01  0.9886180622E+00
  0.9973129782E+00  0.4169911764E+01  0.9887312339E+00
  0.9973398484E+00  0.4170386277E+01  0.9888432868E+00
  0.9973664499E+00  0.4170856149E+01  0.9889542316E+00
  0.9973927854E+00  0.4171321424E+01  0.9890640793E+00
  0.9974188575E+00  0.4171782143E+01  0.9891728406E+00
  0.9974446690E+00  0.4172238351E+01  0.9892805262E+00
  0.9974702223E+00  0.4172690090E+01  0.9893871464E+00
  0.9974955201E+00  0.4173137401E+01  0.9894927119E+00
  0.9975205649E+00  0.4173580327E+01  0.9895972328E+00
  0.9975453592E+00  0.4174018909E+01  0.9897007195E+00
  0.9975699056E+00  0.4174453187E+01  0.9898031820E+00
  0.9975942066E+00  0.4174883204E+01  0.9899046303E+00
  0.9976182645E+00  0.4175308998E+01  0.9900050745E+00
  0.9976420819E+00  0.4175730611E+01  0.9901045244E+00
  0.9976656610E+00  0.4176148081E+01  0.9902029896E+00
  0.9976890044E+00  0.4176561449E+01  0.9903004799E+00
  0.9977121144E+00  0.4176970752E+01  0.9903970048E+00
  0.9977349932E+00  0.4177376031E+01  0.9904925737E+00
  0.9977576433E+00  0.4177777323E+01  0.9905871961E+00
  0.9977800669E+00  0.4178174666E+01  0.9906808812E+00
  0.9978022662E+00  0.4178568098E+01  0.9907736383E+00
  0.9978242435E+00  0.4178957656E+01  0.9908654764E+00
  0.9978460011E+00  0.4179343378E+01  0.9909564045E+00
  0.9978675411E+00  0.4179725300E+01  0.9910464316E+00
  0.9978888657E+00  0.4180103459E+01  0.9911355666E+00
  0.9979099770E+00  0.4180477890E+01  0.9912238181E+00
  0.9979308773E+00  0.4180848630E+01  0.9913111949E+00
  0.9979515685E+00  0.4181215714E+01  0.9913977056E+00
  0.9979720528E+00  0.4181579177E+01  0.9914833587E+00
  0.9979923323E+00  0.4181939053E+01  0.9915681626E+00
  0.9980124089E+00  0.4182295378E+01  0.9916521256E+00
  0.9980322849E+00  0.4182648186E+01  0.9917352560E+00
  0.9980519620E+00  0.4182997510E+01  0.9918175621E+00
  0.9980714424E+00  0.4183343384E+01  0.9918990518E+00
  0.9980907280E+00  0.4183685842E+01  0.9919797333E+00
  0.9981098207E+00  0.4184024916E+01  0.9920596145E+00
  0.9981287225E+00  0.4184360639E+01  0.9921387032E+00
  0.9981474353E+00  0.4184693044E+01  0.9922170073E+00
  0.9981659609E+00  0.4185022163E+01  0.9922945345E+00
  0.9981843013E+00  0.4185348027E+01  0.9923712925E+00
  0.9982024583E+00  0.4185670668E+01  0.9924472887E+00
  0.9982204337E+00  0.4185990118E+01  0.9925225307E+00
  0.9982382294E+00  0.4186306406E+01  0.9925970260E+00
  0.9982558471E+00  0.4186619565E+01  0.9926707819E+00
  0.9982732886E+00  0.4186929624E+01  0.9927438057E+00
  0.9982905557E+00  0.4187236614E+01  0.9928161045E+00
  0.9983076502E+00  0.4187540564E+01  0.9928876856E+00
  0.9983245737E+00  0.4187841504E+01  0.9929585560E+00
  0.9983413279E+00  0.4188139463E+01  0.9930287227E+00
  0.9983579146E+00  0.4188434470E+01  0.9930981926E+00
  0.9983743355E+00  0.4188726555E+01  0.9931669727E+00
  0.9983905921E+00  0.4189015745E+01  0.9932350697E+00
  0.9984066862E+00  0.4189302068E+01  0.9933024903E+00
  0.9984226194E+00  0.4189585554E+01  0.9933692413E+00
  0.9984383932E+00  0.4189866228E+01  0.9934353292E+00
  0.9984540092E+00  0.4190144120E+01  0.9935007606E+00
  0.9984694691E+00  0.4190419256E+01  0.9935655420E+00
  0.9984847744E+00  0.4190691662E+01  0.9936296797E+00
  0.9984999267E+00  0.4190961367E+01  0.9936931802E+00
  0.9985149274E+00  0.4191228395E+01  0.9937560497E+00
  0.9985297782E+00  0.4191492774E+01  0.9938182945E+00
  0.9985444804E+00  0.4191754529E+01  0.9938799206E+00
  0.9985590356E+00  0.4192013686E+01  0.9939409343E+00
  0.9985734452E+00  0.4192270270E+01  0.9940013416E+00
  0.9985877108E+00  0.4192524308E+01  0.9940611484E+00
  0.9986018337E+00  0.4192775822E+01  0.9941203608E+00
  0.9986158153E+00  0.4193024839E+01  0.9941789845E+00
  0.9986296572E+00  0.4193271383E+01  0.9942370254E+00
  0.9986433606E+00  0.4193515478E+01  0.9942944893E+00
  0.9986569270E+00  0.4193757148E+01  0.9943513818E+00
  0.9986703577E+00  0.4193996417E+01  0.9944077086E+00
  0.9986836541E+00  0.4194233309E+01  0.9944634754E+00
  0.9986968176E+00  0.4194467846E+01  0.9945186875E+00
  0.9987098494E+00  0.4194700053E+01  0.9945733506E+00
  0.9987227509E+00  0.4194929952E+01  0.9946274700E+00
  0.9987355234E+00  0.4195157565E+01  0.9946810512E+00
  0.9987481682E+00  0.4195382916E+01  0.9947340994E+00
  0.9987606865E+00  0.4195606026E+01  0.9947866199E+00
  0.9987730796E+00  0.4195826917E+01  0.9948386180E+00
  0.9987853488E+00  0.4196045612E+01  0.9948900988E+00
  0.9987974954E+00  0.4196262132E+01  0.9949410674E+00
  0.9988095204E+00  0.4196476499E+01  0.9949915290E+00
  0.9988214252E+00  0.4196688733E+01  0.9950414884E+00
  0.9988332109E+00  0.4196898856E+01  0.9950909508E+00
  0.9988448788E+00  0.4197106888E+01  0.9951399210E+00
  0.9988564300E+00  0.4197312851E+01  0.9951884038E+00
  0.9988678657E+00  0.4197516764E+01  0.9952364042E+00
  0.9988791871E+00  0.4197718648E+01  0.9952839269E+00
  0.9988903952E+00  0.4197918523E+01  0.9953309766E+00
  0.9989014913E+00  0.4198116408E+01  0.9953775580E+00
  0.9989124764E+00  0.4198312324E+01  0.9954236757E+00
  0.9989233516E+00  0.4198506290E+01  0.9954693344E+00
  0.9989341181E+00  0.4198698324E+01  0.9955145386E+00
  0.9989447769E+00  0.4198888447E+01  0.9955592928E+00
  0.9989553291E+00  0.4199076677E+01  0.9956036014E+00
  0.9989657758E+00  0.4199263032E+01  0.9956474689E+00
  0.9989761181E+00  0.4199447532E+01  0.9956908997E+00
  0.9989863569E+00  0.4199630194E+01  0.9957338980E+00
  0.9989964933E+00  0.4199811037E+01  0.9957764682E+00
  0.9990065284E+00  0.4199990079E+01  0.9958186144E+00
  0.9990164631E+00  0.4200167337E+01  0.9958603410E+00
  0.9990262985E+00  0.4200342830E+01  0.9959016521E+00
  0.9990360355E+00  0.4200516575E+01  0.9959425517E+00
  0.9990456751E+00  0.4200688588E+01  0.9959830441E+00
  0.9990552184E+00  0.4200858888E+01  0.9960231331E+00
  0.9990646662E+00  0.4201027491E+01  0.9960628228E+00
  0.9990740195E+00  0.4201194414E+01  0.9961021172E+00
  0.9990832793E+00  0.4201359673E+01  0.9961410202E+00
  0.9990924466E+00  0.4201523286E+01  0.9961795357E+00
  0.9991015221E+00  0.4201685268E+01  0.9962176675E+00
  0.9991105069E+00  0.4201845635E+01  0.9962554195E+00
  0.9991194018E+00  0.4202004405E+01  0.9962927953E+00
  0.9991282078E+00  0.4202161591E+01  0.9963297988E+00
  0.9991369257E+00  0.4202317211E+01  0.9963664336E+00
  0.9991455564E+00  0.4202471280E+01  0.9964027033E+00
  0.9991541009E+00  0.4202623812E+01  0.9964386117E+00
  0.9991625599E+00  0.4202774824E+01  0.9964741623E+00
  0.9991709343E+00  0.4202924330E+01  0.9965093587E+00
  0.9991792249E+00  0.4203072346E+01  0.9965442043E+00
  0.9991874327E+00  0.4203218885E+01  0.9965787027E+00
  0.9991955584E+00  0.4203363964E+01  0.9966128572E+00
  0.9992036028E+00  0.4203507595E+01  0.9966466714E+00
  0.9992115667E+00  0.4203649795E+01  0.9966801486E+00
  0.9992194511E+00  0.4203790576E+01  0.9967132921E+00
  0.9992272566E+00  0.4203929953E+01  0.9967461053E+00
  0.9992349840E+00  0.4204067940E+01  0.9967785915E+00
  0.9992426342E+00  0.4204204551E+01  0.9968107538E+00
  0.9992502078E+00  0.4204339799E+01  0.9968425955E+00
  0.9992577057E+00  0.4204473698E+01  0.9968741198E+00
  0.9992651287E+00  0.4204606261E+01  0.9969053299E+00
  0.9992724774E+00  0.4204737502E+01  0.9969362288E+00
  0.9992797526E+00  0.4204867434E+01  0.9969668197E+00
  0.9992869551E+00  0.4204996069E+01  0.9969971056E+00
  0.9992940855E+00  0.4205123421E+01  0.9970270896E+00
  0.9993011447E+00  0.4205249503E+01  0.9970567746E+00
  0.9993081332E+00  0.4205374326E+01  0.9970861636E+00
  0.9993150519E+00  0.4205497904E+01  0.9971152596E+00
  0.9993219014E+00  0.4205620249E+01  0.9971440655E+00
  0.9993286824E+00  0.4205741373E+01  0.9971725842E+00
  0.9993353956E+00  0.4205861288E+01  0.9972008185E+00
  0.9993420416E+00  0.4205980007E+01  0.9972287712E+00
  0.9993486212E+00  0.4206097541E+01  0.9972564452E+00
  0.9993551350E+00  0.4206213902E+01  0.9972838432E+00
  0.9993615836E+00  0.4206329102E+01  0.9973109680E+00
  0.9993679678E+00  0.4206443152E+01  0.9973378222E+00
  0.9993742881E+00  0.4206556063E+01  0.9973644087E+00
  0.9993805452E+00  0.4206667848E+01  0.9973907299E+00
  0.9993867398E+00  0.4206778517E+01  0.9974167887E+00
  0.9993928724E+00  0.4206888081E+01  0.9974425875E+00
  0.9993989436E+00  0.4206996552E+01  0.9974681290E+00
  0.9994049542E+00  0.4207103940E+01  0.9974934158E+00
  0.9994109047E+00  0.4207210255E+01  0.9975184503E+00
  0.9994167956E+00  0.4207315510E+01  0.9975432351E+00
  0.9994226277E+00  0.4207419714E+01  0.9975677726E+00
  0.9994284014E+00  0.4207522877E+01  0.9975920654E+00
  0.9994341174E+00  0.4207625011E+01  0.9976161158E+00
  0.9994397762E+00  0.4207726125E+01  0.9976399263E+00
  0.9994453784E+00  0.4207826229E+01  0.9976634993E+00
  0.9994509247E+00  0.4207925334E+01  0.9976868371E+00
  0.9994564154E+00  0.4208023450E+01  0.9977099420E+00
  0.9994618513E+00  0.4208120585E+01  0.9977328165E+00
  0.9994672327E+00  0.4208216751E+01  0.9977554627E+00
  0.9994725604E+00  0.4208311957E+01  0.9977778829E+00
  0.9994778348E+00  0.4208406212E+01  0.9978000795E+00
  0.9994830565E+00  0.4208499526E+01  0.9978220546E+00
  0.9994882259E+00  0.4208591908E+01  0.9978438104E+00
  0.9994933436E+00  0.4208683367E+01  0.9978653491E+00
  0.9994984102E+00  0.4208773914E+01  0.9978866729E+00
  0.9995034261E+00  0.4208863556E+01  0.9979077839E+00
  0.9995083918E+00  0.4208952302E+01  0.9979286842E+00
  0.9995133079E+00  0.4209040163E+01  0.9979493760E+00
  0.9995181748E+00  0.4209127146E+01  0.9979698613E+00
  0.9995229931E+00  0.4209213260E+01  0.9979901421E+00
  0.9995277632E+00  0.4209298514E+01  0.9980102206E+00
  0.9995324855E+00  0.4209382917E+01  0.9980300986E+00
  0.9995371607E+00  0.4209466477E+01  0.9980497783E+00
  0.9995417891E+00  0.4209549202E+01  0.9980692615E+00
  0.9995463712E+00  0.4209631101E+01  0.9980885503E+00
  0.9995509075E+00  0.4209712182E+01  0.9981076466E+00
  0.9995553984E+00  0.4209792453E+01  0.9981265523E+00
  0.9995598444E+00  0.4209871922E+01  0.9981452693E+00
  0.9995642460E+00  0.4209950598E+01  0.9981637994E+00
  0.9995686035E+00  0.4210028487E+01  0.9981821446E+00
  0.9995729175E+00  0.4210105599E+01  0.9982003067E+00
  0.9995771883E+00  0.4210181940E+01  0.9982182875E+00
  0.9995814164E+00  0.4210257519E+01  0.9982360888E+00
  0.9995856022E+00  0.4210332343E+01  0.9982537124E+00
  0.9995897462E+00  0.4210406419E+01  0.9982711601E+00
  0.9995938488E+00  0.4210479755E+01  0.9982884336E+00
  0.9995979103E+00  0.4210552359E+01  0.9983055347E+00
  0.9996019312E+00  0.4210624237E+01  0.9983224650E+00
  0.9996059119E+00  0.4210695397E+01  0.9983392263E+00
  0.9996098527E+00  0.4210765847E+01  0.9983558203E+00
  0.9996137542E+00  0.4210835592E+01  0.9983722486E+00
  0.9996176167E+00  0.4210904641E+01  0.9983885130E+00
  0.9996214405E+00  0.4210973000E+01  0.9984046149E+00
  0.9996252261E+00  0.4211040675E+01  0.9984205560E+00
  0.9996289738E+00  0.4211107675E+01  0.9984363381E+00
  0.9996326841E+00  0.4211174006E+01  0.9984519625E+00
  0.9996363573E+00  0.4211239673E+01  0.9984674309E+00
  0.9996399937E+00  0.4211304685E+01  0.9984827449E+00
  0.9996435938E+00  0.4211369047E+01  0.9984979060E+00
  0.9996471578E+00  0.4211432766E+01  0.9985129157E+00
  0.9996506862E+00  0.4211495848E+01  0.9985277755E+00
  0.9996541794E+00  0.4211558300E+01  0.9985424869E+00
  0.9996576376E+00  0.4211620128E+01  0.9985570515E+00
  0.9996610612E+00  0.4211681338E+01  0.9985714706E+00
  0.9996644506E+00  0.4211741936E+01  0.9985857457E+00
  0.9996678400E+00  0.4211802535E+01  0.9986000211E+00
  0.9996712294E+00  0.4211863135E+01  0.9986142966E+00
  0.9996746188E+00  0.4211923734E+01  0.9986285723E+00
  0.9996780081E+00  0.4211984335E+01  0.9986428483E+00
  0.9996813975E+00  0.4212044936E+01  0.9986571244E+00
  0.9996847869E+00  0.4212105537E+01  0.9986714008E+00
  0.9996881763E+00  0.4212166139E+01  0.9986856773E+00
  0.9996915657E+00  0.4212226741E+01  0.9986999541E+00
  0.9996949551E+00  0.4212287344E+01  0.9987142311E+00
  0.9996983445E+00  0.4212347947E+01  0.9987285083E+00
  0.9997017339E+00  0.4212408551E+01  0.9987427857E+00
  0.9997051232E+00  0.4212469155E+01  0.9987570632E+00
  0.9997085126E+00  0.4212529759E+01  0.9987713410E+00
  0.9997119020E+00  0.4212590364E+01  0.9987856190E+00
  0.9997152914E+00  0.4212650970E+01  0.9987998972E+00
  0.9997186808E+00  0.4212711576E+01  0.9988141757E+00
  0.9997220702E+00  0.4212772182E+01  0.9988284543E+00
  0.9997254596E+00  0.4212832789E+01  0.9988427331E+00
  0.9997288490E+00  0.4212893396E+01  0.9988570121E+00
  0.9997322384E+00  0.4212954004E+01  0.9988712914E+00
  0.9997356277E+00  0.4213014612E+01  0.9988855708E+00
  0.9997390171E+00  0.4213075221E+01  0.9988998504E+00
  0.9997424065E+00  0.4213135830E+01  0.9989141303E+00
  0.9997457959E+00  0.4213196439E+01  0.9989284103E+00
  0.9997491853E+00  0.4213257049E+01  0.9989426906E+00
  0.9997525747E+00  0.4213317659E+01  0.9989569711E+00
  0.9997559641E+00  0.4213378270E+01  0.9989712517E+00
  0.9997593535E+00  0.4213438881E+01  0.9989855326E+00
  0.9997627428E+00  0.4213499493E+01  0.9989998137E+00
  0.9997661322E+00  0.4213560105E+01  0.9990140950E+00
  0.9997695216E+00  0.4213620717E+01  0.9990283765E+00
  0.9997729110E+00  0.4213681330E+01  0.9990426582E+00
  0.9997763004E+00  0.4213741944E+01  0.9990569401E+00
  0.9997796898E+00  0.4213802557E+01  0.9990712222E+00
  0.9997830792E+00  0.4213863172E+01  0.9990855045E+00
  0.9997864686E+00  0.4213923786E+01  0.9990997870E+00
  0.9997898579E+00  0.4213984401E+01  0.9991140697E+00
  0.9997932473E+00  0.4214045016E+01  0.9991283527E+00
  0.9997966367E+00  0.4214105632E+01  0.9991426358E+00
  0.9998000261E+00  0.4214166249E+01  0.9991569192E+00
  0.9998034155E+00  0.4214226865E+01  0.9991712027E+00
  0.9998068049E+00  0.4214287482E+01  0.9991854864E+00
  0.9998101943E+00  0.4214348100E+01  0.9991997704E+00
  0.9998135837E+00  0.4214408717E+01  0.9992140546E+00
  0.9998169731E+00  0.4214469336E+01  0.9992283389E+00
  0.9998203624E+00  0.4214529954E+01  0.9992426235E+00
  0.9998237518E+00  0.4214590573E+01  0.9992569083E+00
  0.9998271412E+00  0.4214651193E+01  0.9992711933E+00
  0.9998305306E+00  0.4214711813E+01  0.9992854785E+00
  0.9998339200E+00  0.4214772433E+01  0.9992997639E+00
  0.9998373094E+00  0.4214833054E+01  0.9993140495E+00
  0.9998406988E+00  0.4214893675E+01  0.9993283353E+00
  0.9998440882E+00  0.4214954296E+01  0.9993426213E+00
  0.9998474775E+00  0.4215014918E+01  0.9993569075E+00
  0.9998508669E+00  0.4215075540E+01  0.9993711939E+00
  0.9998542563E+00  0.4215136162E+01  0.9993854806E+00
  0.9998576457E+00  0.4215196785E+01  0.9993997674E+00
  0.9998610351E+00  0.4215257409E+01  0.9994140544E+00
  0.9998644245E+00  0.4215318032E+01  0.9994283417E+00
  0.9998678139E+00  0.4215378656E+01  0.9994426291E+00
  0.9998712033E+00  0.4215439281E+01  0.9994569168E+00
  0.9998745926E+00  0.4215499906E+01  0.9994712046E+00
  0.9998779820E+00  0.4215560531E+01  0.9994854927E+00
  0.9998813714E+00  0.4215621156E+01  0.9994997810E+00
  0.9998847608E+00  0.4215681782E+01  0.9995140695E+00
  0.9998881502E+00  0.4215742409E+01  0.9995283582E+00
  0.9998915396E+00  0.4215803035E+01  0.9995426470E+00
  0.9998949290E+00  0.4215863662E+01  0.9995569361E+00
  0.9998983184E+00  0.4215924290E+01  0.9995712254E+00
  0.9999017077E+00  0.4215984917E+01  0.9995855149E+00
  0.9999050971E+00  0.4216045545E+01  0.9995998047E+00
  0.9999084865E+00  0.4216106174E+01  0.9996140946E+00
  0.9999118759E+00  0.4216166803E+01  0.9996283847E+00
  0.9999152653E+00  0.4216227432E+01  0.9996426750E+00
  0.9999186547E+00  0.4216288061E+01  0.9996569656E+00
  0.9999220441E+00  0.4216348691E+01  0.9996712563E+00
  0.9999254335E+00  0.4216409321E+01  0.9996855472E+00
  0.9999288229E+00  0.4216469952E+01  0.9996998384E+00
  0.9999322122E+00  0.4216530582E+01  0.9997141297E+00
  0.9999356016E+00  0.4216591214E+01  0.9997284213E+00
  0.9999389910E+00  0.4216651845E+01  0.9997427131E+00
  0.9999423804E+00  0.4216712477E+01  0.9997570050E+00
  0.9999457698E+00  0.4216773109E+01  0.9997712972E+00
  0.9999491592E+00  0.4216833742E+01  0.9997855896E+00
  0.9999525486E+00  0.4216894375E+01  0.9997998822E+00
  0.9999559380E+00  0.4216955008E+01  0.9998141750E+00
  0.9999593273E+00  0.4217015641E+01  0.9998284680E+00
  0.9999627167E+00  0.4217076275E+01  0.9998427612E+00
  0.9999661061E+00  0.4217136909E+01  0.9998570546E+00
  0.9999694955E+00  0.4217197544E+01  0.9998713482E+00
  0.9999728849E+00  0.4217258179E+01  0.9998856420E+00
  0.9999762743E+00  0.4217318814E+01  0.9998999361E+00
  0.9999796637E+00  0.4217379449E+01  0.9999142303E+00
  0.9999830531E+00  0.4217440085E+01  0.9999285247E+00
  0.9999864424E+00  0.4217500721E+01  0.9999428194E+00
  0.9999898318E+00  0.4217561358E+01  0.9999571142E+00
  0.9999932212E+00  0.4217621994E+01  0.9999714093E+00
  0.9999966106E+00  0.4217682631E+01  0.9999857045E+00
  0.1000000000E+01  0.4217742742E+01  0.1000000000E+01
  0.1000000000E+01  0.4217742742E+01  0.1000000000E+01
