  0.0000000000E+00  0.4217743141E+01 -0.1000000000E+01
  0.6996492144E-18  0.4217743141E+01 -0.1000000000E+01
  0.3389387958E-05  0.4217739923E+01 -0.9999857044E+00
  0.6778775916E-05  0.4217736706E+01 -0.9999714089E+00
  0.1016816387E-04  0.4217733488E+01 -0.9999571133E+00
  0.1355755183E-04  0.4217730271E+01 -0.9999428178E+00
  0.1694693979E-04  0.4217727055E+01 -0.9999285223E+00
  0.2033632775E-04  0.4217723838E+01 -0.9999142268E+00
  0.2372571571E-04  0.4217720622E+01 -0.9998999313E+00
  0.2711510367E-04  0.4217717406E+01 -0.9998856358E+00
  0.3050449162E-04  0.4217714191E+01 -0.9998713403E+00
  0.3389387958E-04  0.4217710975E+01 -0.9998570449E+00
  0.3728326754E-04  0.4217707760E+01 -0.9998427494E+00
  0.4067265550E-04  0.4217704545E+01 -0.9998284540E+00
  0.4406204346E-04  0.4217701331E+01 -0.9998141585E+00
  0.4745143141E-04  0.4217698116E+01 -0.9997998631E+00
  0.5084081937E-04  0.4217694902E+01 -0.9997855677E+00
  0.5423020733E-04  0.4217691688E+01 -0.9997712723E+00
  0.5761959529E-04  0.4217688475E+01 -0.9997569769E+00
  0.6100898325E-04  0.4217685261E+01 -0.9997426815E+00
  0.6439837120E-04  0.4217682048E+01 -0.9997283862E+00
  0.6778775916E-04  0.4217678835E+01 -0.9997140908E+00
  0.7117714712E-04  0.4217675622E+01 -0.9996997955E+00
  0.7456653508E-04  0.4217672410E+01 -0.9996855001E+00
  0.7795592304E-04  0.4217669197E+01 -0.9996712048E+00
  0.8134531100E-04  0.4217665985E+01 -0.9996569095E+00
  0.8473469895E-04  0.4217662773E+01 -0.9996426142E+00
  0.8812408691E-04  0.4217659561E+01 -0.9996283189E+00
  0.9151347487E-04  0.4217656349E+01 -0.9996140236E+00
  0.9490286283E-04  0.4217653138E+01 -0.9995997284E+00
  0.9829225079E-04  0.4217649927E+01 -0.9995854331E+00
  0.1016816387E-03  0.4217646716E+01 -0.9995711379E+00
  0.1050710267E-03  0.4217643505E+01 -0.9995568426E+00
  0.1084604147E-03  0.4217640294E+01 -0.9995425474E+00
  0.1118498026E-03  0.4217637083E+01 -0.9995282522E+00
  0.1152391906E-03  0.4217633872E+01 -0.9995139570E+00
  0.1186285785E-03  0.4217630662E+01 -0.9994996618E+00
  0.1220179665E-03  0.4217627452E+01 -0.9994853666E+00
  0.1254073545E-03  0.4217624242E+01 -0.9994710714E+00
  0.1287967424E-03  0.4217621032E+01 -0.9994567763E+00
  0.1321861304E-03  0.4217617822E+01 -0.9994424811E+00
  0.1355755183E-03  0.4217614612E+01 -0.9994281860E+00
  0.1389649063E-03  0.4217611402E+01 -0.9994138909E+00
  0.1423542942E-03  0.4217608193E+01 -0.9993995958E+00
  0.1457436822E-03  0.4217604983E+01 -0.9993853007E+00
  0.1491330702E-03  0.4217601774E+01 -0.9993710056E+00
  0.1525224581E-03  0.4217598565E+01 -0.9993567105E+00
  0.1559118461E-03  0.4217595355E+01 -0.9993424154E+00
  0.1593012340E-03  0.4217592146E+01 -0.9993281203E+00
  0.1626906220E-03  0.4217588937E+01 -0.9993138253E+00
  0.1660800099E-03  0.4217585728E+01 -0.9992995303E+00
  0.1694693979E-03  0.4217582519E+01 -0.9992852352E+00
  0.1728587859E-03  0.4217579310E+01 -0.9992709402E+00
  0.1762481738E-03  0.4217576102E+01 -0.9992566452E+00
  0.1796375618E-03  0.4217572893E+01 -0.9992423502E+00
  0.1830269497E-03  0.4217569684E+01 -0.9992280552E+00
  0.1864163377E-03  0.4217566475E+01 -0.9992137602E+00
  0.1898057257E-03  0.4217563267E+01 -0.9991994653E+00
  0.1931951136E-03  0.4217560058E+01 -0.9991851703E+00
  0.1965845016E-03  0.4217556850E+01 -0.9991708754E+00
  0.1999738895E-03  0.4217553641E+01 -0.9991565805E+00
  0.2033632775E-03  0.4217550433E+01 -0.9991422855E+00
  0.2067526654E-03  0.4217547224E+01 -0.9991279906E+00
  0.2101420534E-03  0.4217544016E+01 -0.9991136957E+00
  0.2135314414E-03  0.4217540807E+01 -0.9990994008E+00
  0.2169208293E-03  0.4217537599E+01 -0.9990851060E+00
  0.2203102173E-03  0.4217534390E+01 -0.9990708111E+00
  0.2236996052E-03  0.4217531182E+01 -0.9990565162E+00
  0.2270889932E-03  0.4217527973E+01 -0.9990422214E+00
  0.2304783812E-03  0.4217524764E+01 -0.9990279266E+00
  0.2338677691E-03  0.4217521556E+01 -0.9990136317E+00
  0.2372571571E-03  0.4217518347E+01 -0.9989993369E+00
  0.2406465450E-03  0.4217515139E+01 -0.9989850421E+00
  0.2440359330E-03  0.4217511930E+01 -0.9989707473E+00
  0.2474253209E-03  0.4217508721E+01 -0.9989564526E+00
  0.2508147089E-03  0.4217505512E+01 -0.9989421578E+00
  0.2542040969E-03  0.4217502303E+01 -0.9989278630E+00
  0.2575934848E-03  0.4217499094E+01 -0.9989135683E+00
  0.2609828728E-03  0.4217495885E+01 -0.9988992736E+00
  0.2643722607E-03  0.4217492676E+01 -0.9988849788E+00
  0.2677616487E-03  0.4217489467E+01 -0.9988706841E+00
  0.2711510367E-03  0.4217486258E+01 -0.9988563894E+00
  0.2745404246E-03  0.4217483049E+01 -0.9988420947E+00
  0.2779298126E-03  0.4217479839E+01 -0.9988278000E+00
  0.2813192005E-03  0.4217476630E+01 -0.9988135054E+00
  0.2847085885E-03  0.4217473420E+01 -0.9987992107E+00
  0.2880979764E-03  0.4217470210E+01 -0.9987849161E+00
  0.2914873644E-03  0.4217467001E+01 -0.9987706214E+00
  0.2948767524E-03  0.4217463791E+01 -0.9987563268E+00
  0.2982661403E-03  0.4217460581E+01 -0.9987420322E+00
  0.3016555283E-03  0.4217457370E+01 -0.9987277376E+00
  0.3050449162E-03  0.4217454160E+01 -0.9987134430E+00
  0.3084343042E-03  0.4217450950E+01 -0.9986991484E+00
  0.3118236921E-03  0.4217447739E+01 -0.9986848538E+00
  0.3152130801E-03  0.4217444528E+01 -0.9986705593E+00
  0.3186024681E-03  0.4217441317E+01 -0.9986562647E+00
  0.3219918560E-03  0.4217438106E+01 -0.9986419702E+00
  0.3253812440E-03  0.4217434895E+01 -0.9986276757E+00
  0.3287706319E-03  0.4217431684E+01 -0.9986133811E+00
  0.3321600199E-03  0.4217428472E+01 -0.9985990866E+00
  0.3355494079E-03  0.4217425261E+01 -0.9985847921E+00
  0.3389387958E-03  0.4217422049E+01 -0.9985704977E+00
  0.3423624200E-03  0.4217418804E+01 -0.9985560588E+00
  0.3458206263E-03  0.4217415527E+01 -0.9985414741E+00
  0.3493137639E-03  0.4217412216E+01 -0.9985267421E+00
  0.3528421858E-03  0.4217408871E+01 -0.9985118613E+00
  0.3564062483E-03  0.4217405493E+01 -0.9984968302E+00
  0.3600063114E-03  0.4217402080E+01 -0.9984816473E+00
  0.3636427388E-03  0.4217398633E+01 -0.9984663110E+00
  0.3673158977E-03  0.4217395150E+01 -0.9984508198E+00
  0.3710261593E-03  0.4217391632E+01 -0.9984351722E+00
  0.3747738983E-03  0.4217388078E+01 -0.9984193665E+00
  0.3785594932E-03  0.4217384488E+01 -0.9984034012E+00
  0.3823833265E-03  0.4217380861E+01 -0.9983872746E+00
  0.3862457844E-03  0.4217377198E+01 -0.9983709852E+00
  0.3901472569E-03  0.4217373497E+01 -0.9983545312E+00
  0.3940881383E-03  0.4217369758E+01 -0.9983379110E+00
  0.3980688266E-03  0.4217365981E+01 -0.9983211230E+00
  0.4020897238E-03  0.4217362166E+01 -0.9983041654E+00
  0.4061512362E-03  0.4217358312E+01 -0.9982870366E+00
  0.4102537739E-03  0.4217354418E+01 -0.9982697347E+00
  0.4143977514E-03  0.4217350485E+01 -0.9982522581E+00
  0.4185835873E-03  0.4217346511E+01 -0.9982346050E+00
  0.4228117043E-03  0.4217342497E+01 -0.9982167735E+00
  0.4270825296E-03  0.4217338442E+01 -0.9981987620E+00
  0.4313964946E-03  0.4217334345E+01 -0.9981805686E+00
  0.4357540349E-03  0.4217330207E+01 -0.9981621914E+00
  0.4401555908E-03  0.4217326026E+01 -0.9981436286E+00
  0.4446016069E-03  0.4217321802E+01 -0.9981248783E+00
  0.4490925322E-03  0.4217317535E+01 -0.9981059386E+00
  0.4536288204E-03  0.4217313224E+01 -0.9980868077E+00
  0.4582109297E-03  0.4217308870E+01 -0.9980674835E+00
  0.4628393230E-03  0.4217304470E+01 -0.9980479641E+00
  0.4675144676E-03  0.4217300025E+01 -0.9980282476E+00
  0.4722368360E-03  0.4217295535E+01 -0.9980083320E+00
  0.4770069051E-03  0.4217290999E+01 -0.9979882152E+00
  0.4818251566E-03  0.4217286416E+01 -0.9979678952E+00
  0.4866920774E-03  0.4217281786E+01 -0.9979473701E+00
  0.4916081590E-03  0.4217277108E+01 -0.9979266376E+00
  0.4965738980E-03  0.4217272383E+01 -0.9979056957E+00
  0.5015897959E-03  0.4217267608E+01 -0.9978845423E+00
  0.5066563595E-03  0.4217262785E+01 -0.9978631752E+00
  0.5117741005E-03  0.4217257912E+01 -0.9978415924E+00
  0.5169435359E-03  0.4217252988E+01 -0.9978197916E+00
  0.5221651878E-03  0.4217248014E+01 -0.9977977706E+00
  0.5274395836E-03  0.4217242988E+01 -0.9977755271E+00
  0.5327672562E-03  0.4217237911E+01 -0.9977530591E+00
  0.5381487436E-03  0.4217232781E+01 -0.9977303641E+00
  0.5435845895E-03  0.4217227598E+01 -0.9977074398E+00
  0.5490753429E-03  0.4217222362E+01 -0.9976842841E+00
  0.5546215585E-03  0.4217217071E+01 -0.9976608945E+00
  0.5602237965E-03  0.4217211726E+01 -0.9976372687E+00
  0.5658826227E-03  0.4217206325E+01 -0.9976134042E+00
  0.5715986088E-03  0.4217200868E+01 -0.9975892987E+00
  0.5773723321E-03  0.4217195354E+01 -0.9975649498E+00
  0.5832043759E-03  0.4217189784E+01 -0.9975403549E+00
  0.5890953291E-03  0.4217184155E+01 -0.9975155117E+00
  0.5950457870E-03  0.4217178468E+01 -0.9974904175E+00
  0.6010563505E-03  0.4217172722E+01 -0.9974650699E+00
  0.6071276268E-03  0.4217166915E+01 -0.9974394663E+00
  0.6132602291E-03  0.4217161049E+01 -0.9974136041E+00
  0.6194547769E-03  0.4217155121E+01 -0.9973874807E+00
  0.6257118958E-03  0.4217149131E+01 -0.9973610935E+00
  0.6320322180E-03  0.4217143079E+01 -0.9973344398E+00
  0.6384163818E-03  0.4217136963E+01 -0.9973075169E+00
  0.6448650321E-03  0.4217130784E+01 -0.9972803221E+00
  0.6513788203E-03  0.4217124539E+01 -0.9972528526E+00
  0.6579584044E-03  0.4217118229E+01 -0.9972251057E+00
  0.6646044489E-03  0.4217111853E+01 -0.9971970786E+00
  0.6713176251E-03  0.4217105411E+01 -0.9971687684E+00
  0.6780986112E-03  0.4217098900E+01 -0.9971401722E+00
  0.6849480921E-03  0.4217092321E+01 -0.9971112873E+00
  0.6918667597E-03  0.4217085672E+01 -0.9970821107E+00
  0.6988553129E-03  0.4217078954E+01 -0.9970526394E+00
  0.7059144575E-03  0.4217072164E+01 -0.9970228704E+00
  0.7130449065E-03  0.4217065303E+01 -0.9969928008E+00
  0.7202473803E-03  0.4217058369E+01 -0.9969624276E+00
  0.7275226064E-03  0.4217051362E+01 -0.9969317475E+00
  0.7348713196E-03  0.4217044281E+01 -0.9969007577E+00
  0.7422942622E-03  0.4217037124E+01 -0.9968694548E+00
  0.7497921840E-03  0.4217029892E+01 -0.9968378358E+00
  0.7573658425E-03  0.4217022583E+01 -0.9968058975E+00
  0.7650160025E-03  0.4217015195E+01 -0.9967736366E+00
  0.7727434369E-03  0.4217007729E+01 -0.9967410500E+00
  0.7805489261E-03  0.4217000184E+01 -0.9967081342E+00
  0.7884332587E-03  0.4216992557E+01 -0.9966748860E+00
  0.7963972310E-03  0.4216984849E+01 -0.9966413020E+00
  0.8044416475E-03  0.4216977059E+01 -0.9966073789E+00
  0.8125673207E-03  0.4216969185E+01 -0.9965731131E+00
  0.8207750714E-03  0.4216961226E+01 -0.9965385013E+00
  0.8290657287E-03  0.4216953182E+01 -0.9965035400E+00
  0.8374401300E-03  0.4216945051E+01 -0.9964682255E+00
  0.8458991212E-03  0.4216936832E+01 -0.9964325545E+00
  0.8544435568E-03  0.4216928524E+01 -0.9963965232E+00
  0.8630742998E-03  0.4216920127E+01 -0.9963601280E+00
  0.8717922220E-03  0.4216911639E+01 -0.9963233652E+00
  0.8805982040E-03  0.4216903058E+01 -0.9962862312E+00
  0.8894931354E-03  0.4216894384E+01 -0.9962487222E+00
  0.8984779145E-03  0.4216885616E+01 -0.9962108344E+00
  0.9075534490E-03  0.4216876752E+01 -0.9961725639E+00
  0.9167206556E-03  0.4216867792E+01 -0.9961339070E+00
  0.9259804602E-03  0.4216858733E+01 -0.9960948596E+00
  0.9353337982E-03  0.4216849575E+01 -0.9960554180E+00
  0.9447816143E-03  0.4216840316E+01 -0.9960155780E+00
  0.9543248629E-03  0.4216830956E+01 -0.9959753357E+00
  0.9639645080E-03  0.4216821492E+01 -0.9959346870E+00
  0.9737015233E-03  0.4216811924E+01 -0.9958936278E+00
  0.9835368922E-03  0.4216802250E+01 -0.9958521539E+00
  0.9934716083E-03  0.4216792469E+01 -0.9958102612E+00
  0.1003506675E-02  0.4216782579E+01 -0.9957679455E+00
  0.1013643106E-02  0.4216772579E+01 -0.9957252024E+00
  0.1023881925E-02  0.4216762468E+01 -0.9956820277E+00
  0.1034224167E-02  0.4216752243E+01 -0.9956384170E+00
  0.1044670876E-02  0.4216741905E+01 -0.9955943659E+00
  0.1055223107E-02  0.4216731450E+01 -0.9955498699E+00
  0.1065881926E-02  0.4216720878E+01 -0.9955049245E+00
  0.1076648410E-02  0.4216710186E+01 -0.9954595253E+00
  0.1087523647E-02  0.4216699374E+01 -0.9954136677E+00
  0.1098508734E-02  0.4216688440E+01 -0.9953673469E+00
  0.1109604782E-02  0.4216677381E+01 -0.9953205584E+00
  0.1120812911E-02  0.4216666197E+01 -0.9952732974E+00
  0.1132134253E-02  0.4216654885E+01 -0.9952255592E+00
  0.1143569953E-02  0.4216643444E+01 -0.9951773388E+00
  0.1155121165E-02  0.4216631872E+01 -0.9951286316E+00
  0.1166789055E-02  0.4216620167E+01 -0.9950794324E+00
  0.1178574803E-02  0.4216608327E+01 -0.9950297365E+00
  0.1190479599E-02  0.4216596351E+01 -0.9949795387E+00
  0.1202504646E-02  0.4216584236E+01 -0.9949288340E+00
  0.1214651157E-02  0.4216571981E+01 -0.9948776173E+00
  0.1226920361E-02  0.4216559582E+01 -0.9948258834E+00
  0.1239313496E-02  0.4216547040E+01 -0.9947736271E+00
  0.1251831814E-02  0.4216534350E+01 -0.9947208431E+00
  0.1264476580E-02  0.4216521512E+01 -0.9946675260E+00
  0.1277249070E-02  0.4216508523E+01 -0.9946136706E+00
  0.1290150576E-02  0.4216495381E+01 -0.9945592714E+00
  0.1303182400E-02  0.4216482083E+01 -0.9945043229E+00
  0.1316345859E-02  0.4216468627E+01 -0.9944488195E+00
  0.1329642282E-02  0.4216455011E+01 -0.9943927556E+00
  0.1343073012E-02  0.4216441232E+01 -0.9943361256E+00
  0.1356639406E-02  0.4216427289E+01 -0.9942789238E+00
  0.1370342834E-02  0.4216413178E+01 -0.9942211444E+00
  0.1384184681E-02  0.4216398897E+01 -0.9941627816E+00
  0.1398166344E-02  0.4216384443E+01 -0.9941038294E+00
  0.1412289237E-02  0.4216369814E+01 -0.9940442820E+00
  0.1426554785E-02  0.4216355006E+01 -0.9939841333E+00
  0.1440964429E-02  0.4216340018E+01 -0.9939233772E+00
  0.1455519625E-02  0.4216324847E+01 -0.9938620076E+00
  0.1470221844E-02  0.4216309488E+01 -0.9938000184E+00
  0.1485072569E-02  0.4216293940E+01 -0.9937374033E+00
  0.1500073302E-02  0.4216278200E+01 -0.9936741559E+00
  0.1515225558E-02  0.4216262264E+01 -0.9936102699E+00
  0.1530530867E-02  0.4216246129E+01 -0.9935457388E+00
  0.1545990774E-02  0.4216229792E+01 -0.9934805562E+00
  0.1561606843E-02  0.4216213250E+01 -0.9934147154E+00
  0.1577380649E-02  0.4216196500E+01 -0.9933482098E+00
  0.1593313787E-02  0.4216179537E+01 -0.9932810327E+00
  0.1609407866E-02  0.4216162358E+01 -0.9932131773E+00
  0.1625664511E-02  0.4216144961E+01 -0.9931446368E+00
  0.1642085364E-02  0.4216127340E+01 -0.9930754042E+00
  0.1658672085E-02  0.4216109493E+01 -0.9930054726E+00
  0.1675426349E-02  0.4216091416E+01 -0.9929348350E+00
  0.1692349847E-02  0.4216073104E+01 -0.9928634841E+00
  0.1709444290E-02  0.4216054554E+01 -0.9927914128E+00
  0.1726711404E-02  0.4216035761E+01 -0.9927186139E+00
  0.1744152934E-02  0.4216016722E+01 -0.9926450800E+00
  0.1761770640E-02  0.4215997431E+01 -0.9925708036E+00
  0.1779566303E-02  0.4215977885E+01 -0.9924957773E+00
  0.1797541720E-02  0.4215958080E+01 -0.9924199935E+00
  0.1815698707E-02  0.4215937915E+01 -0.9923434446E+00
  0.1834039098E-02  0.4215917333E+01 -0.9922661228E+00
  0.1852564746E-02  0.4215896467E+01 -0.9921880204E+00
  0.1871277521E-02  0.4215875313E+01 -0.9921091295E+00
  0.1890179314E-02  0.4215853864E+01 -0.9920294421E+00
  0.1909272034E-02  0.4215832115E+01 -0.9919489502E+00
  0.1928557610E-02  0.4215810061E+01 -0.9918676457E+00
  0.1948037990E-02  0.4215787695E+01 -0.9917855203E+00
  0.1967715142E-02  0.4215765013E+01 -0.9917025658E+00
  0.1987591052E-02  0.4215742006E+01 -0.9916187739E+00
  0.2007667730E-02  0.4215718671E+01 -0.9915341360E+00
  0.2027947202E-02  0.4215694999E+01 -0.9914486437E+00
  0.2048431517E-02  0.4215670985E+01 -0.9913622883E+00
  0.2069122744E-02  0.4215646622E+01 -0.9912750612E+00
  0.2090022974E-02  0.4215621903E+01 -0.9911869535E+00
  0.2111134317E-02  0.4215596821E+01 -0.9910979563E+00
  0.2132458906E-02  0.4215571369E+01 -0.9910080607E+00
  0.2153998895E-02  0.4215545539E+01 -0.9909172576E+00
  0.2175756460E-02  0.4215519324E+01 -0.9908255379E+00
  0.2197733798E-02  0.4215492717E+01 -0.9907328923E+00
  0.2219933129E-02  0.4215465708E+01 -0.9906393115E+00
  0.2242356696E-02  0.4215438291E+01 -0.9905447860E+00
  0.2265006764E-02  0.4215410456E+01 -0.9904493064E+00
  0.2287885620E-02  0.4215382196E+01 -0.9903528629E+00
  0.2310995576E-02  0.4215353500E+01 -0.9902554459E+00
  0.2334338965E-02  0.4215324361E+01 -0.9901570456E+00
  0.2357918147E-02  0.4215294769E+01 -0.9900576521E+00
  0.2381735502E-02  0.4215264715E+01 -0.9899572553E+00
  0.2405793436E-02  0.4215234180E+01 -0.9898558451E+00
  0.2430094380E-02  0.4215203154E+01 -0.9897534113E+00
  0.2454640788E-02  0.4215171634E+01 -0.9896499436E+00
  0.2479435139E-02  0.4215139611E+01 -0.9895454315E+00
  0.2504479939E-02  0.4215107073E+01 -0.9894398646E+00
  0.2529777716E-02  0.4215074010E+01 -0.9893332322E+00
  0.2555331026E-02  0.4215040410E+01 -0.9892255235E+00
  0.2581142450E-02  0.4215006261E+01 -0.9891167278E+00
  0.2607214596E-02  0.4214971552E+01 -0.9890068340E+00
  0.2633550097E-02  0.4214936271E+01 -0.9888958310E+00
  0.2660151614E-02  0.4214900404E+01 -0.9887837078E+00
  0.2687021832E-02  0.4214863938E+01 -0.9886704530E+00
  0.2714163467E-02  0.4214826668E+01 -0.9885560552E+00
  0.2741579259E-02  0.4214788460E+01 -0.9884405029E+00
  0.2769271979E-02  0.4214749594E+01 -0.9883237845E+00
  0.2797244423E-02  0.4214710053E+01 -0.9882058882E+00
  0.2825499417E-02  0.4214669823E+01 -0.9880868022E+00
  0.2854039815E-02  0.4214628888E+01 -0.9879665144E+00
  0.2882868500E-02  0.4214587231E+01 -0.9878450128E+00
  0.2911988384E-02  0.4214544836E+01 -0.9877222851E+00
  0.2941402408E-02  0.4214501686E+01 -0.9875983190E+00
  0.2971113544E-02  0.4214457763E+01 -0.9874731021E+00
  0.3001124792E-02  0.4214413050E+01 -0.9873466216E+00
  0.3031439184E-02  0.4214367527E+01 -0.9872188649E+00
  0.3062059781E-02  0.4214321175E+01 -0.9870898192E+00
  0.3092989678E-02  0.4214273976E+01 -0.9869594714E+00
  0.3124231998E-02  0.4214225910E+01 -0.9868278084E+00
  0.3155789897E-02  0.4214176955E+01 -0.9866948171E+00
  0.3187666563E-02  0.4214127090E+01 -0.9865604840E+00
  0.3219865215E-02  0.4214076295E+01 -0.9864247956E+00
  0.3252389106E-02  0.4214024546E+01 -0.9862877383E+00
  0.3285241521E-02  0.4213971821E+01 -0.9861492983E+00
  0.3318425779E-02  0.4213918097E+01 -0.9860094616E+00
  0.3351945231E-02  0.4213863348E+01 -0.9858682143E+00
  0.3385803264E-02  0.4213807552E+01 -0.9857255421E+00
  0.3420003297E-02  0.4213750681E+01 -0.9855814308E+00
  0.3454548785E-02  0.4213692711E+01 -0.9854358657E+00
  0.3489443217E-02  0.4213633614E+01 -0.9852888323E+00
  0.3524690118E-02  0.4213573363E+01 -0.9851403158E+00
  0.3560293049E-02  0.4213511929E+01 -0.9849903014E+00
  0.3596255605E-02  0.4213449284E+01 -0.9848387738E+00
  0.3632581419E-02  0.4213385397E+01 -0.9846857180E+00
  0.3669274160E-02  0.4213320239E+01 -0.9845311185E+00
  0.3706337536E-02  0.4213253778E+01 -0.9843749599E+00
  0.3743775289E-02  0.4213185981E+01 -0.9842172264E+00
  0.3781591201E-02  0.4213116816E+01 -0.9840579023E+00
  0.3819789092E-02  0.4213046248E+01 -0.9838969714E+00
  0.3858372820E-02  0.4212974243E+01 -0.9837344178E+00
  0.3897346283E-02  0.4212901705E+01 -0.9835702250E+00
  0.3936713417E-02  0.4212829274E+01 -0.9834043766E+00
  0.3976478199E-02  0.4212755396E+01 -0.9832368558E+00
  0.4016644645E-02  0.4212680035E+01 -0.9830676459E+00
  0.4057216813E-02  0.4212602801E+01 -0.9828967299E+00
  0.4098198801E-02  0.4212522980E+01 -0.9827240907E+00
  0.4139594749E-02  0.4212441508E+01 -0.9825497110E+00
  0.4181408837E-02  0.4212358346E+01 -0.9823735733E+00
  0.4223645290E-02  0.4212273450E+01 -0.9821956601E+00
  0.4266308374E-02  0.4212186777E+01 -0.9820159533E+00
  0.4309402398E-02  0.4212098810E+01 -0.9818344352E+00
  0.4352931715E-02  0.4212009755E+01 -0.9816510873E+00
  0.4396900722E-02  0.4211918837E+01 -0.9814658914E+00
  0.4441313861E-02  0.4211826008E+01 -0.9812788289E+00
  0.4486175617E-02  0.4211731222E+01 -0.9810898812E+00
  0.4531490522E-02  0.4211634429E+01 -0.9808990292E+00
  0.4577263154E-02  0.4211535578E+01 -0.9807062538E+00
  0.4623498135E-02  0.4211434618E+01 -0.9805115359E+00
  0.4670200136E-02  0.4211331496E+01 -0.9803148559E+00
  0.4717373875E-02  0.4211226157E+01 -0.9801161941E+00
  0.4765024116E-02  0.4211118545E+01 -0.9799155307E+00
  0.4813155673E-02  0.4211008603E+01 -0.9797128457E+00
  0.4861773407E-02  0.4210896272E+01 -0.9795081187E+00
  0.4910882230E-02  0.4210781492E+01 -0.9793013294E+00
  0.4960487101E-02  0.4210664200E+01 -0.9790924570E+00
  0.5010593031E-02  0.4210544333E+01 -0.9788814808E+00
  0.5061205082E-02  0.4210421827E+01 -0.9786683796E+00
  0.5112328365E-02  0.4210296551E+01 -0.9784531322E+00
  0.5163968046E-02  0.4210168418E+01 -0.9782357171E+00
  0.5216129339E-02  0.4210037434E+01 -0.9780161127E+00
  0.5268817514E-02  0.4209903526E+01 -0.9777942971E+00
  0.5322037893E-02  0.4209766621E+01 -0.9775702480E+00
  0.5375795852E-02  0.4209626642E+01 -0.9773439433E+00
  0.5430096820E-02  0.4209483512E+01 -0.9771153604E+00
  0.5484946283E-02  0.4209337151E+01 -0.9768844765E+00
  0.5540349781E-02  0.4209187477E+01 -0.9766512687E+00
  0.5596312910E-02  0.4209034405E+01 -0.9764157137E+00
  0.5652841323E-02  0.4208877852E+01 -0.9761777881E+00
  0.5709940730E-02  0.4208717727E+01 -0.9759374682E+00
  0.5767616899E-02  0.4208553941E+01 -0.9756947302E+00
  0.5825875656E-02  0.4208386402E+01 -0.9754495500E+00
  0.5884722885E-02  0.4208215014E+01 -0.9752019031E+00
  0.5944164530E-02  0.4208039681E+01 -0.9749517651E+00
  0.6004206596E-02  0.4207860304E+01 -0.9746991111E+00
  0.6064855147E-02  0.4207676780E+01 -0.9744439160E+00
  0.6126116310E-02  0.4207489005E+01 -0.9741861546E+00
  0.6187996273E-02  0.4207296873E+01 -0.9739258013E+00
  0.6250501286E-02  0.4207100275E+01 -0.9736628303E+00
  0.6313637663E-02  0.4206899098E+01 -0.9733972156E+00
  0.6377411780E-02  0.4206693228E+01 -0.9731289309E+00
  0.6441830081E-02  0.4206482549E+01 -0.9728579496E+00
  0.6506899072E-02  0.4206266939E+01 -0.9725842451E+00
  0.6572625325E-02  0.4206046277E+01 -0.9723077901E+00
  0.6639015480E-02  0.4205820437E+01 -0.9720285576E+00
  0.6706076242E-02  0.4205589290E+01 -0.9717465198E+00
  0.6773814386E-02  0.4205352706E+01 -0.9714616490E+00
  0.6842236754E-02  0.4205110550E+01 -0.9711739171E+00
  0.6911350256E-02  0.4204862685E+01 -0.9708832957E+00
  0.6981161875E-02  0.4204608971E+01 -0.9705897563E+00
  0.7051678662E-02  0.4204349265E+01 -0.9702932700E+00
  0.7122907739E-02  0.4204083419E+01 -0.9699938075E+00
  0.7194856302E-02  0.4203812220E+01 -0.9696913395E+00
  0.7267531618E-02  0.4203538412E+01 -0.9693858361E+00
  0.7340941029E-02  0.4203258170E+01 -0.9690772671E+00
  0.7415091948E-02  0.4202971339E+01 -0.9687656023E+00
  0.7489991867E-02  0.4202677760E+01 -0.9684508111E+00
  0.7565648350E-02  0.4202377270E+01 -0.9681328626E+00
  0.7642069041E-02  0.4202072414E+01 -0.9678117257E+00
  0.7719261657E-02  0.4201762368E+01 -0.9674873687E+00
  0.7797233997E-02  0.4201454638E+01 -0.9671597594E+00
  0.7875993937E-02  0.4201139842E+01 -0.9668288655E+00
  0.7955549431E-02  0.4200817815E+01 -0.9664946546E+00
  0.8035908516E-02  0.4200484155E+01 -0.9661570941E+00
  0.8117079309E-02  0.4200121426E+01 -0.9658161522E+00
  0.8199070009E-02  0.4199750014E+01 -0.9654717965E+00
  0.8281888898E-02  0.4199369197E+01 -0.9651239937E+00
  0.8365544342E-02  0.4198976040E+01 -0.9647727100E+00
  0.8450044790E-02  0.4198574598E+01 -0.9644179116E+00
  0.8535398777E-02  0.4198174544E+01 -0.9640595636E+00
  0.8621614927E-02  0.4197772730E+01 -0.9636976305E+00
  0.8708701946E-02  0.4197369923E+01 -0.9633320765E+00
  0.8796668632E-02  0.4196957780E+01 -0.9629628659E+00
  0.8885523871E-02  0.4196536091E+01 -0.9625899630E+00
  0.8975276638E-02  0.4196104640E+01 -0.9622133316E+00
  0.9065935997E-02  0.4195663210E+01 -0.9618329355E+00
  0.9157511109E-02  0.4195211578E+01 -0.9614487378E+00
  0.9250011221E-02  0.4194756039E+01 -0.9610607013E+00
  0.9343445678E-02  0.4194295559E+01 -0.9606687881E+00
  0.9437823917E-02  0.4193824642E+01 -0.9602729601E+00
  0.9533155471E-02  0.4193343065E+01 -0.9598731792E+00
  0.9629449971E-02  0.4192850600E+01 -0.9594694071E+00
  0.9726717143E-02  0.4192347018E+01 -0.9590616048E+00
  0.9824966811E-02  0.4191832084E+01 -0.9586497334E+00
  0.9924208900E-02  0.4191301497E+01 -0.9582337536E+00
  0.1002445343E-01  0.4190750744E+01 -0.9578136261E+00
  0.1012571054E-01  0.4190187500E+01 -0.9573893113E+00
  0.1022799044E-01  0.4189611510E+01 -0.9569607688E+00
  0.1033130348E-01  0.4189022516E+01 -0.9565279578E+00
  0.1043566008E-01  0.4188420258E+01 -0.9560908370E+00
  0.1054107079E-01  0.4187804471E+01 -0.9556493652E+00
  0.1064754625E-01  0.4187174890E+01 -0.9552035003E+00
  0.1075509722E-01  0.4186531247E+01 -0.9547532001E+00
  0.1086373457E-01  0.4185882723E+01 -0.9542984217E+00
  0.1097346926E-01  0.4185239244E+01 -0.9538391205E+00
  0.1108431238E-01  0.4184581723E+01 -0.9533752519E+00
  0.1119627514E-01  0.4183939650E+01 -0.9529067706E+00
  0.1130936882E-01  0.4183287952E+01 -0.9524336303E+00
  0.1142360487E-01  0.4182622449E+01 -0.9519557860E+00
  0.1153899482E-01  0.4181942885E+01 -0.9514731926E+00
  0.1165555032E-01  0.4181249004E+01 -0.9509858046E+00
  0.1177328316E-01  0.4180540548E+01 -0.9504935760E+00
  0.1189220521E-01  0.4179830266E+01 -0.9499964598E+00
  0.1201232849E-01  0.4179133013E+01 -0.9494944067E+00
  0.1213366514E-01  0.4178432288E+01 -0.9489873672E+00
  0.1225622742E-01  0.4177716085E+01 -0.9484752930E+00
  0.1238002770E-01  0.4176980116E+01 -0.9479581361E+00
  0.1250507848E-01  0.4176221444E+01 -0.9474358489E+00
  0.1263139240E-01  0.4175447175E+01 -0.9469083829E+00
  0.1275898223E-01  0.4174693525E+01 -0.9463756864E+00
  0.1288786083E-01  0.4173945443E+01 -0.9458377059E+00
  0.1301804125E-01  0.4173182994E+01 -0.9452943896E+00
  0.1314953661E-01  0.4172405949E+01 -0.9447456865E+00
  0.1328236022E-01  0.4171614080E+01 -0.9441915451E+00
  0.1341652547E-01  0.4170807158E+01 -0.9436319135E+00
  0.1355204593E-01  0.4169984956E+01 -0.9430667395E+00
  0.1368893528E-01  0.4169147247E+01 -0.9424959703E+00
  0.1382720736E-01  0.4168293804E+01 -0.9419195527E+00
  0.1396687612E-01  0.4167424402E+01 -0.9413374330E+00
  0.1410795567E-01  0.4166538819E+01 -0.9407495571E+00
  0.1425046028E-01  0.4165636832E+01 -0.9401558704E+00
  0.1439440432E-01  0.4164728875E+01 -0.9395563171E+00
  0.1453980234E-01  0.4163816741E+01 -0.9389508401E+00
  0.1468666903E-01  0.4162881946E+01 -0.9383393827E+00
  0.1483501923E-01  0.4161930165E+01 -0.9377218890E+00
  0.1498486790E-01  0.4160962753E+01 -0.9370983017E+00
  0.1513623021E-01  0.4159990615E+01 -0.9364685624E+00
  0.1528912142E-01  0.4158985299E+01 -0.9358326133E+00
  0.1544355699E-01  0.4157931304E+01 -0.9351903994E+00
  0.1559955252E-01  0.4156835500E+01 -0.9345418662E+00
  0.1575712375E-01  0.4155718557E+01 -0.9338869565E+00
  0.1591628662E-01  0.4154561281E+01 -0.9332256125E+00
  0.1607705719E-01  0.4153372113E+01 -0.9325577769E+00
  0.1623945171E-01  0.4152161369E+01 -0.9318833903E+00
  0.1640348657E-01  0.4150928832E+01 -0.9312023922E+00
  0.1656917836E-01  0.4149674295E+01 -0.9305147213E+00
  0.1673654380E-01  0.4148397554E+01 -0.9298203161E+00
  0.1690559979E-01  0.4147098417E+01 -0.9291191144E+00
  0.1707636343E-01  0.4145776700E+01 -0.9284110537E+00
  0.1724885195E-01  0.4144443378E+01 -0.9276960698E+00
  0.1742308278E-01  0.4143096684E+01 -0.9269740973E+00
  0.1759907351E-01  0.4141694687E+01 -0.9262450740E+00
  0.1777684193E-01  0.4140269684E+01 -0.9255089382E+00
  0.1795640599E-01  0.4138821574E+01 -0.9247656246E+00
  0.1813778383E-01  0.4137395727E+01 -0.9240150634E+00
  0.1832099377E-01  0.4135978048E+01 -0.9232571812E+00
  0.1850605431E-01  0.4134537636E+01 -0.9224919082E+00
  0.1869298415E-01  0.4132982410E+01 -0.9217191850E+00
  0.1888180217E-01  0.4131437101E+01 -0.9209389494E+00
  0.1907252745E-01  0.4129883056E+01 -0.9201511281E+00
  0.1926517924E-01  0.4128315051E+01 -0.9193556498E+00
  0.1945977701E-01  0.4126780613E+01 -0.9185524382E+00
  0.1965634041E-01  0.4125163219E+01 -0.9177414231E+00
  0.1985488931E-01  0.4123482393E+01 -0.9169225433E+00
  0.2005544374E-01  0.4121776894E+01 -0.9160957317E+00
  0.2025802398E-01  0.4120046727E+01 -0.9152609164E+00
  0.2046265049E-01  0.4118291914E+01 -0.9144180252E+00
  0.2066934393E-01  0.4116512493E+01 -0.9135669851E+00
  0.2087812518E-01  0.4114708515E+01 -0.9127077228E+00
  0.2108901533E-01  0.4112880050E+01 -0.9118401641E+00
  0.2130203569E-01  0.4110980320E+01 -0.9109642393E+00
  0.2151720777E-01  0.4108892690E+01 -0.9100798957E+00
  0.2173455330E-01  0.4106775596E+01 -0.9091870763E+00
  0.2195409424E-01  0.4104739275E+01 -0.9082856944E+00
  0.2217585277E-01  0.4102715378E+01 -0.9073756579E+00
  0.2239985128E-01  0.4100639296E+01 -0.9064568883E+00
  0.2262611241E-01  0.4098535086E+01 -0.9055293111E+00
  0.2285465900E-01  0.4096402731E+01 -0.9045928485E+00
  0.2308551414E-01  0.4094242222E+01 -0.9036474223E+00
  0.2331870115E-01  0.4092053553E+01 -0.9026929534E+00
  0.2355424359E-01  0.4089836721E+01 -0.9017293622E+00
  0.2379216524E-01  0.4087610244E+01 -0.9007565663E+00
  0.2403249014E-01  0.4085341497E+01 -0.8997744844E+00
  0.2427524257E-01  0.4083045157E+01 -0.8987830366E+00
  0.2452044704E-01  0.4080721230E+01 -0.8977821406E+00
  0.2476812832E-01  0.4078369718E+01 -0.8967717135E+00
  0.2501831143E-01  0.4075990615E+01 -0.8957516719E+00
  0.2527102165E-01  0.4073583911E+01 -0.8947219315E+00
  0.2552628449E-01  0.4071149584E+01 -0.8936824076E+00
  0.2578412575E-01  0.4068687601E+01 -0.8926330147E+00
  0.2604457147E-01  0.4066197919E+01 -0.8915736666E+00
  0.2630764795E-01  0.4063680478E+01 -0.8905042767E+00
  0.2657338176E-01  0.4061140151E+01 -0.8894247569E+00
  0.2684179976E-01  0.4058488759E+01 -0.8883350297E+00
  0.2711292905E-01  0.4055807741E+01 -0.8872350179E+00
  0.2738679702E-01  0.4053144846E+01 -0.8861246267E+00
  0.2766343134E-01  0.4050476098E+01 -0.8850037569E+00
  0.2794285993E-01  0.4047780563E+01 -0.8838723147E+00
  0.2822511105E-01  0.4045058042E+01 -0.8827302083E+00
  0.2851021318E-01  0.4042308303E+01 -0.8815773457E+00
  0.2879819513E-01  0.4039531079E+01 -0.8804136337E+00
  0.2908908599E-01  0.4036726067E+01 -0.8792389790E+00
  0.2938291514E-01  0.4033892927E+01 -0.8780532875E+00
  0.2967971226E-01  0.4031031283E+01 -0.8768564643E+00
  0.2997950734E-01  0.4028096286E+01 -0.8756484209E+00
  0.3028233064E-01  0.4025107424E+01 -0.8744290720E+00
  0.3058821277E-01  0.4021701394E+01 -0.8731983845E+00
  0.3089718462E-01  0.4018168795E+01 -0.8719563378E+00
  0.3120927739E-01  0.4014573056E+01 -0.8707028574E+00
  0.3152452262E-01  0.4011001067E+01 -0.8694378455E+00
  0.3184295214E-01  0.4007502775E+01 -0.8681611813E+00
  0.3216459812E-01  0.4004091495E+01 -0.8668727328E+00
  0.3248949305E-01  0.4000650886E+01 -0.8655723826E+00
  0.3281766975E-01  0.3997181050E+01 -0.8642600316E+00
  0.3314916136E-01  0.3993576095E+01 -0.8629355971E+00
  0.3348400137E-01  0.3989913998E+01 -0.8615990011E+00
  0.3382222361E-01  0.3986096825E+01 -0.8602501690E+00
  0.3416386223E-01  0.3981839143E+01 -0.8588890917E+00
  0.3450895175E-01  0.3977367919E+01 -0.8575157722E+00
  0.3485752702E-01  0.3972947770E+01 -0.8561301305E+00
  0.3520962325E-01  0.3968484282E+01 -0.8547320564E+00
  0.3556527601E-01  0.3964008672E+01 -0.8533214499E+00
  0.3592452122E-01  0.3959777561E+01 -0.8518981587E+00
  0.3628739518E-01  0.3955505970E+01 -0.8504620336E+00
  0.3665393452E-01  0.3951193878E+01 -0.8490129753E+00
  0.3702417628E-01  0.3946877576E+01 -0.8475508774E+00
  0.3739815786E-01  0.3942529994E+01 -0.8460756308E+00
  0.3777591703E-01  0.3938144797E+01 -0.8445871322E+00
  0.3815749195E-01  0.3933804055E+01 -0.8430852631E+00
  0.3854292116E-01  0.3929589930E+01 -0.8415698723E+00
  0.3893224360E-01  0.3925347479E+01 -0.8400408206E+00
  0.3932549859E-01  0.3921052493E+01 -0.8384980026E+00
  0.3972272585E-01  0.3916660281E+01 -0.8369413260E+00
  0.4012396550E-01  0.3912216141E+01 -0.8353706982E+00
  0.4052925808E-01  0.3907740307E+01 -0.8337860130E+00
  0.4093864453E-01  0.3903192545E+01 -0.8321871680E+00
  0.4135216619E-01  0.3898625929E+01 -0.8305740575E+00
  0.4176986484E-01  0.3894043578E+01 -0.8289465638E+00
  0.4219178266E-01  0.3889435859E+01 -0.8273045694E+00
  0.4261796229E-01  0.3884939848E+01 -0.8256479292E+00
  0.4304844675E-01  0.3880546390E+01 -0.8239764686E+00
  0.4348327955E-01  0.3876263751E+01 -0.8222900108E+00
  0.4392250460E-01  0.3872002891E+01 -0.8205883945E+00
  0.4436616626E-01  0.3867773303E+01 -0.8188714735E+00
  0.4481430935E-01  0.3863419072E+01 -0.8171391332E+00
  0.4526697914E-01  0.3859179308E+01 -0.8153912397E+00
  0.4572422136E-01  0.3854974019E+01 -0.8136276215E+00
  0.4618608218E-01  0.3850680072E+01 -0.8118481516E+00
  0.4665260826E-01  0.3845856943E+01 -0.8100528340E+00
  0.4712384673E-01  0.3841053378E+01 -0.8082416500E+00
  0.4759984518E-01  0.3836392942E+01 -0.8064144238E+00
  0.4808065170E-01  0.3831823195E+01 -0.8045709596E+00
  0.4856631485E-01  0.3827290362E+01 -0.8027110850E+00
  0.4905688368E-01  0.3823142385E+01 -0.8008345531E+00
  0.4955240776E-01  0.3819019845E+01 -0.7989411154E+00
  0.5005293713E-01  0.3814847973E+01 -0.7970306278E+00
  0.5055852235E-01  0.3810886643E+01 -0.7951028985E+00
  0.5106921450E-01  0.3807167500E+01 -0.7931576583E+00
  0.5158506515E-01  0.3803741578E+01 -0.7911946121E+00
  0.5210612641E-01  0.3800070656E+01 -0.7892135861E+00
  0.5263245092E-01  0.3796224533E+01 -0.7872145279E+00
  0.5316409184E-01  0.3792495245E+01 -0.7851972909E+00
  0.5370110287E-01  0.3788962276E+01 -0.7831616278E+00
  0.5424353825E-01  0.3785367316E+01 -0.7811073356E+00
  0.5479145278E-01  0.3781539834E+01 -0.7790343264E+00
  0.5534490180E-01  0.3778085851E+01 -0.7769423927E+00
  0.5590394121E-01  0.3774346774E+01 -0.7748313389E+00
  0.5646862749E-01  0.3770693685E+01 -0.7727010486E+00
  0.5703901766E-01  0.3767033517E+01 -0.7705513258E+00
  0.5761516936E-01  0.3762921273E+01 -0.7683821277E+00
  0.5819714076E-01  0.3758510189E+01 -0.7661934986E+00
  0.5878499067E-01  0.3753750628E+01 -0.7639854577E+00
  0.5937877846E-01  0.3748836416E+01 -0.7617579855E+00
  0.5997856410E-01  0.3743837701E+01 -0.7595109863E+00
  0.6058440818E-01  0.3738728716E+01 -0.7572443520E+00
  0.6119637190E-01  0.3733256756E+01 -0.7549580600E+00
  0.6181451707E-01  0.3727536624E+01 -0.7526521333E+00
  0.6243890613E-01  0.3721234644E+01 -0.7503266676E+00
  0.6306960215E-01  0.3714602281E+01 -0.7479817913E+00
  0.6370666884E-01  0.3707800651E+01 -0.7456175084E+00
  0.6435017054E-01  0.3700824848E+01 -0.7432337769E+00
  0.6500017227E-01  0.3693996383E+01 -0.7408304536E+00
  0.6565673966E-01  0.3686810765E+01 -0.7384074549E+00
  0.6631993905E-01  0.3679771495E+01 -0.7359646985E+00
  0.6698983743E-01  0.3672422189E+01 -0.7335020872E+00
  0.6766650245E-01  0.3664780900E+01 -0.7310196728E+00
  0.6835000248E-01  0.3657119488E+01 -0.7285174133E+00
  0.6904040654E-01  0.3649652403E+01 -0.7259951008E+00
  0.6973778439E-01  0.3641886350E+01 -0.7234526220E+00
  0.7044220645E-01  0.3633969435E+01 -0.7208899853E+00
  0.7115374389E-01  0.3625719983E+01 -0.7183072149E+00
  0.7187246858E-01  0.3617437308E+01 -0.7157042969E+00
  0.7259845311E-01  0.3609201159E+01 -0.7130810831E+00
  0.7333177082E-01  0.3600843833E+01 -0.7104374562E+00
  0.7407249577E-01  0.3592378034E+01 -0.7077733568E+00
  0.7482070280E-01  0.3583818372E+01 -0.7050887165E+00
  0.7557646748E-01  0.3575264076E+01 -0.7023834256E+00
  0.7633986614E-01  0.3566642057E+01 -0.6996573649E+00
  0.7711097590E-01  0.3557965026E+01 -0.6969104378E+00
  0.7788987464E-01  0.3549045418E+01 -0.6941426171E+00
  0.7867664105E-01  0.3539778897E+01 -0.6913539926E+00
  0.7947135460E-01  0.3530277603E+01 -0.6885446578E+00
  0.8027409556E-01  0.3520937099E+01 -0.6857145084E+00
  0.8108494501E-01  0.3511601944E+01 -0.6828633432E+00
  0.8190398485E-01  0.3502310179E+01 -0.6799910064E+00
  0.8273129783E-01  0.3493068155E+01 -0.6770973228E+00
  0.8356696751E-01  0.3483777630E+01 -0.6741821536E+00
  0.8441107829E-01  0.3474721033E+01 -0.6712452817E+00
  0.8526371544E-01  0.3465673604E+01 -0.6682864625E+00
  0.8612496510E-01  0.3455742932E+01 -0.6653059287E+00
  0.8699491424E-01  0.3446273736E+01 -0.6623037270E+00
  0.8787365075E-01  0.3437142011E+01 -0.6592793726E+00
  0.8876126338E-01  0.3427677905E+01 -0.6562327222E+00
  0.8965784180E-01  0.3418688450E+01 -0.6531635700E+00
  0.9056347656E-01  0.3410283271E+01 -0.6500712929E+00
  0.9147825915E-01  0.3401632932E+01 -0.6469555817E+00
  0.9240228197E-01  0.3392108764E+01 -0.6438167956E+00
  0.9333563836E-01  0.3383062024E+01 -0.6406549711E+00
  0.9427842258E-01  0.3374728224E+01 -0.6374694021E+00
  0.9523072988E-01  0.3365472444E+01 -0.6342600309E+00
  0.9619265645E-01  0.3355538094E+01 -0.6310274717E+00
  0.9716429944E-01  0.3345872732E+01 -0.6277717822E+00
  0.9814575701E-01  0.3336708963E+01 -0.6244924470E+00
  0.9913712829E-01  0.3327330807E+01 -0.6211891782E+00
  0.1001385134E+00  0.3317593399E+01 -0.6178621140E+00
  0.1011500136E+00  0.3307499517E+01 -0.6145114728E+00
  0.1021717309E+00  0.3296383390E+01 -0.6111378221E+00
  0.1032037686E+00  0.3284813180E+01 -0.6077418007E+00
  0.1042462309E+00  0.3272092031E+01 -0.6043241374E+00
  0.1052992231E+00  0.3258961717E+01 -0.6008855630E+00
  0.1063628516E+00  0.3246222791E+01 -0.5974260131E+00
  0.1074372239E+00  0.3233446672E+01 -0.5939452246E+00
  0.1085224483E+00  0.3220447759E+01 -0.5904432625E+00
  0.1096186347E+00  0.3207257999E+01 -0.5869202808E+00
  0.1107258936E+00  0.3193919983E+01 -0.5833764001E+00
  0.1118443370E+00  0.3180486588E+01 -0.5798116937E+00
  0.1129740778E+00  0.3167339540E+01 -0.5762259947E+00
  0.1141152301E+00  0.3154754262E+01 -0.5726187587E+00
  0.1152679092E+00  0.3142165093E+01 -0.5689895951E+00
  0.1164322315E+00  0.3129842873E+01 -0.5653382757E+00
  0.1176083146E+00  0.3118896555E+01 -0.5616637571E+00
  0.1187962774E+00  0.3108248044E+01 -0.5579649491E+00
  0.1199962398E+00  0.3097159647E+01 -0.5542418212E+00
  0.1212083230E+00  0.3086279623E+01 -0.5504943997E+00
  0.1224326495E+00  0.3075802657E+01 -0.5467221994E+00
  0.1236693429E+00  0.3065720014E+01 -0.5429246090E+00
  0.1249185282E+00  0.3056255529E+01 -0.5391008681E+00
  0.1261803315E+00  0.3047272265E+01 -0.5352501423E+00
  0.1274548803E+00  0.3038032324E+01 -0.5313721335E+00
  0.1287423034E+00  0.3028710834E+01 -0.5274669010E+00
  0.1300427307E+00  0.3016962251E+01 -0.5235359218E+00
  0.1313562936E+00  0.3004774922E+01 -0.5195809565E+00
  0.1326831249E+00  0.2993358931E+01 -0.5156017007E+00
  0.1340233585E+00  0.2982628515E+01 -0.5115970912E+00
  0.1353771298E+00  0.2972062154E+01 -0.5075664466E+00
  0.1367445755E+00  0.2961217277E+01 -0.5035097277E+00
  0.1381258338E+00  0.2949261306E+01 -0.4994277788E+00
  0.1395210443E+00  0.2936165304E+01 -0.4953220744E+00
  0.1409303478E+00  0.2922788345E+01 -0.4911935525E+00
  0.1423538866E+00  0.2908406837E+01 -0.4870430861E+00
  0.1437918047E+00  0.2894107986E+01 -0.4828713157E+00
  0.1452442472E+00  0.2880804227E+01 -0.4786774518E+00
  0.1467113608E+00  0.2868236652E+01 -0.4744602037E+00
  0.1481932937E+00  0.2856399915E+01 -0.4702184400E+00
  0.1496901957E+00  0.2845123318E+01 -0.4659511293E+00
  0.1512022178E+00  0.2835043379E+01 -0.4616568603E+00
  0.1527295130E+00  0.2828599709E+01 -0.4573318331E+00
  0.1542722353E+00  0.2825506054E+01 -0.4529704754E+00
  0.1558305407E+00  0.2823992869E+01 -0.4485686530E+00
  0.1574045866E+00  0.2823102764E+01 -0.4441242593E+00
  0.1589945319E+00  0.2822385334E+01 -0.4396362506E+00
  0.1606005373E+00  0.2822074800E+01 -0.4351037339E+00
  0.1622227649E+00  0.2821646973E+01 -0.4305260332E+00
  0.1638613787E+00  0.2820539250E+01 -0.4259033511E+00
  0.1655165442E+00  0.2818692693E+01 -0.4212364202E+00
  0.1671884284E+00  0.2816141631E+01 -0.4165260247E+00
  0.1688772004E+00  0.2812297223E+01 -0.4117734497E+00
  0.1705830308E+00  0.2807042839E+01 -0.4069806294E+00
  0.1723060917E+00  0.2799608129E+01 -0.4021503289E+00
  0.1740465572E+00  0.2791618388E+01 -0.3972846602E+00
  0.1758046033E+00  0.2779101759E+01 -0.3923878690E+00
  0.1775804074E+00  0.2766343974E+01 -0.3874640565E+00
  0.1793741488E+00  0.2752789617E+01 -0.3825141070E+00
  0.1811860089E+00  0.2738359179E+01 -0.3775395103E+00
  0.1830161706E+00  0.2723868235E+01 -0.3725411306E+00
  0.1848648188E+00  0.2710157947E+01 -0.3675183293E+00
  0.1867321402E+00  0.2697889998E+01 -0.3624690474E+00
  0.1886183235E+00  0.2685870642E+01 -0.3573916679E+00
  0.1905235591E+00  0.2674605373E+01 -0.3522851831E+00
  0.1924480394E+00  0.2662512255E+01 -0.3471495939E+00
  0.1943919590E+00  0.2647154704E+01 -0.3419888111E+00
  0.1963555142E+00  0.2627949204E+01 -0.3368098324E+00
  0.1983389032E+00  0.2606389287E+01 -0.3316189677E+00
  0.2003423265E+00  0.2582098048E+01 -0.3264215995E+00
  0.2023659863E+00  0.2553592855E+01 -0.3212251538E+00
  0.2044100872E+00  0.2521354414E+01 -0.3160383017E+00
  0.2064748356E+00  0.2487453924E+01 -0.3108673373E+00
  0.2085604400E+00  0.2451467732E+01 -0.3057170189E+00
  0.2106671111E+00  0.2412057645E+01 -0.3005940947E+00
  0.2127950617E+00  0.2367463124E+01 -0.2955088027E+00
  0.2149445068E+00  0.2322121378E+01 -0.2904688005E+00
  0.2171156634E+00  0.2278146619E+01 -0.2854748493E+00
  0.2193087509E+00  0.2238026605E+01 -0.2805226678E+00
  0.2215239908E+00  0.2197663478E+01 -0.2756096089E+00
  0.2237616069E+00  0.2157681382E+01 -0.2707368141E+00
  0.2260218251E+00  0.2126439680E+01 -0.2658952898E+00
  0.2283048739E+00  0.2101458009E+01 -0.2610690416E+00
  0.2306109837E+00  0.2081331485E+01 -0.2562460556E+00
  0.2329403876E+00  0.2060470723E+01 -0.2514220905E+00
  0.2352933208E+00  0.2033429520E+01 -0.2466057536E+00
  0.2376700210E+00  0.1997448699E+01 -0.2418156590E+00
  0.2400707283E+00  0.1958027607E+01 -0.2370676887E+00
  0.2424956851E+00  0.1917189112E+01 -0.2323690720E+00
  0.2449451365E+00  0.1877344241E+01 -0.2277218095E+00
  0.2474193298E+00  0.1837921387E+01 -0.2231256669E+00
  0.2499185149E+00  0.1797256561E+01 -0.2185831755E+00
  0.2524429444E+00  0.1759212132E+01 -0.2140941484E+00
  0.2549928731E+00  0.1723961450E+01 -0.2096532262E+00
  0.2575685587E+00  0.1691564918E+01 -0.2052545651E+00
  0.2601702613E+00  0.1659910469E+01 -0.2008947940E+00
  0.2627982438E+00  0.1627419649E+01 -0.1965752711E+00
  0.2654527715E+00  0.1592612655E+01 -0.1923014386E+00
  0.2681341126E+00  0.1555731557E+01 -0.1880805462E+00
  0.2708425380E+00  0.1520706932E+01 -0.1839143942E+00
  0.2735783212E+00  0.1490938468E+01 -0.1797947897E+00
  0.2763417386E+00  0.1465500219E+01 -0.1757098527E+00
  0.2791330693E+00  0.1447937952E+01 -0.1716436680E+00
  0.2819525952E+00  0.1436482367E+01 -0.1675773190E+00
  0.2848006012E+00  0.1431457795E+01 -0.1634933636E+00
  0.2876773750E+00  0.1431225061E+01 -0.1593757181E+00
  0.2905832071E+00  0.1425458731E+01 -0.1552251964E+00
  0.2935183910E+00  0.1418947030E+01 -0.1510507694E+00
  0.2964832232E+00  0.1415535238E+01 -0.1468488872E+00
  0.2994780032E+00  0.1413571314E+01 -0.1426126113E+00
  0.3025030336E+00  0.1412416572E+01 -0.1383382618E+00
  0.3055586198E+00  0.1408847210E+01 -0.1340279544E+00
  0.3086450705E+00  0.1411710661E+01 -0.1296751980E+00
  0.3117626974E+00  0.1418420115E+01 -0.1252635520E+00
  0.3149118156E+00  0.1425164085E+01 -0.1207861607E+00
  0.3180927430E+00  0.1427215677E+01 -0.1162495542E+00
  0.3213058010E+00  0.1426349431E+01 -0.1116652191E+00
  0.3245513142E+00  0.1423535485E+01 -0.1070405496E+00
  0.3278296103E+00  0.1417671186E+01 -0.1023833912E+00
  0.3311410205E+00  0.1415657153E+01 -0.9769223502E-01
  0.3344858793E+00  0.1414903994E+01 -0.9295832135E-01
  0.3378645245E+00  0.1413560049E+01 -0.8818013305E-01
  0.3412772975E+00  0.1408340475E+01 -0.8336488013E-01
  0.3447245429E+00  0.1402253257E+01 -0.7852047693E-01
  0.3482066090E+00  0.1396931578E+01 -0.7364700363E-01
  0.3517238475E+00  0.1390113031E+01 -0.6874565337E-01
  0.3552766136E+00  0.1388237415E+01 -0.6381023868E-01
  0.3588652663E+00  0.1392902478E+01 -0.5881996614E-01
  0.3624901680E+00  0.1402521999E+01 -0.5375339670E-01
  0.3661516848E+00  0.1414926852E+01 -0.4859532848E-01
  0.3698501867E+00  0.1423356389E+01 -0.4334663055E-01
  0.3735860472E+00  0.1430758206E+01 -0.3801534360E-01
  0.3773596436E+00  0.1435948485E+01 -0.3260644652E-01
  0.3811713572E+00  0.1436259444E+01 -0.2713242955E-01
  0.3850215729E+00  0.1438791567E+01 -0.2159764624E-01
  0.3889106797E+00  0.1442081128E+01 -0.1599563545E-01
  0.3928390704E+00  0.1442277553E+01 -0.1033019153E-01
  0.3968071418E+00  0.1436459003E+01 -0.4618675410E-02
  0.4008152948E+00  0.1430138257E+01  0.1126204719E-02
  0.4048639341E+00  0.1429179475E+01  0.6914377847E-02
  0.4089534688E+00  0.1428551296E+01  0.1275777241E-01
  0.4130843119E+00  0.1429930550E+01  0.1866174244E-01
  0.4172568807E+00  0.1431419742E+01  0.2463133293E-01
  0.4214715967E+00  0.1428837708E+01  0.3065891930E-01
  0.4257288855E+00  0.1422765003E+01  0.3672896752E-01
  0.4300291773E+00  0.1417332486E+01  0.4283559145E-01
  0.4343729064E+00  0.1416911901E+01  0.4899118631E-01
  0.4387605115E+00  0.1419090617E+01  0.5521281589E-01
  0.4431924359E+00  0.1415388260E+01  0.6149391388E-01
  0.4476691271E+00  0.1408191518E+01  0.6781406135E-01
  0.4521910375E+00  0.1394971430E+01  0.7415188716E-01
  0.4567586237E+00  0.1384159113E+01  0.8049884637E-01
  0.4613723472E+00  0.1372523804E+01  0.8685813271E-01
  0.4660326740E+00  0.1360402757E+01  0.9322629808E-01
  0.4707400747E+00  0.1345558252E+01  0.9959531951E-01
  0.4754950250E+00  0.1327232159E+01  0.1059498122E+00
  0.4802980050E+00  0.1301733503E+01  0.1122632470E+00
  0.4851495000E+00  0.1273196794E+01  0.1185093778E+00
  0.4900500000E+00  0.1246750834E+01  0.1246838794E+00
  0.4950000000E+00  0.1227144551E+01  0.1308067705E+00
  0.5000000000E+00  0.1209011485E+01  0.1368498255E+00
  0.5050000000E+00  0.1184975672E+01  0.1428347934E+00
  0.5099500000E+00  0.1154950107E+01  0.1486261097E+00
  0.5148505000E+00  0.1126583458E+01  0.1542164373E+00
  0.5197019950E+00  0.1105440100E+01  0.1596307629E+00
  0.5245049750E+00  0.1086596296E+01  0.1648949164E+00
  0.5292599253E+00  0.1065854051E+01  0.1700123136E+00
  0.5339673260E+00  0.1038393821E+01  0.1749650826E+00
  0.5386276528E+00  0.1009101291E+01  0.1797360807E+00
  0.5432413763E+00  0.9758547347E+00  0.1843150998E+00
  0.5478089625E+00  0.9382455703E+00  0.1886865089E+00
  0.5523308729E+00  0.8968292279E+00  0.1928355308E+00
  0.5568075641E+00  0.8653893205E+00  0.1967799850E+00
  0.5612394885E+00  0.8468171261E+00  0.2005741697E+00
  0.5656270936E+00  0.8362684988E+00  0.2042665273E+00
  0.5699708227E+00  0.8332976821E+00  0.2078925988E+00
  0.5742711145E+00  0.8358986725E+00  0.2114816145E+00
  0.5785284033E+00  0.8363918908E+00  0.2150413265E+00
  0.5827431193E+00  0.8390206382E+00  0.2185720205E+00
  0.5869156881E+00  0.8488988536E+00  0.2220935006E+00
  0.5910465312E+00  0.8594487117E+00  0.2256219585E+00
  0.5951360659E+00  0.8674180908E+00  0.2291529993E+00
  0.5991847052E+00  0.8766758537E+00  0.2326836030E+00
  0.6031928582E+00  0.8865437798E+00  0.2362172300E+00
  0.6071609296E+00  0.8867984453E+00  0.2397356043E+00
  0.6110893203E+00  0.8895174482E+00  0.2432246357E+00
  0.6149784271E+00  0.8921635416E+00  0.2466892095E+00
  0.6188286428E+00  0.8940552320E+00  0.2501278733E+00
  0.6226403564E+00  0.9033621247E+00  0.2535534934E+00
  0.6264139528E+00  0.9131882259E+00  0.2569809574E+00
  0.6301498133E+00  0.9149142237E+00  0.2603957252E+00
  0.6338483152E+00  0.9087126442E+00  0.2637680689E+00
  0.6375098320E+00  0.9011679637E+00  0.2670815231E+00
  0.6411347337E+00  0.8961724149E+00  0.2703391141E+00
  0.6447233864E+00  0.8938198566E+00  0.2735509444E+00
  0.6482761525E+00  0.8895445933E+00  0.2767188828E+00
  0.6517933910E+00  0.8883515801E+00  0.2798455252E+00
  0.6552754571E+00  0.8893021560E+00  0.2829404791E+00
  0.6587227025E+00  0.8906803202E+00  0.2860084974E+00
  0.6621354755E+00  0.8936170833E+00  0.2890531983E+00
  0.6655141207E+00  0.8984342821E+00  0.2920805513E+00
  0.6688589795E+00  0.9095442806E+00  0.2951042677E+00
  0.6721703897E+00  0.9223588149E+00  0.2981373591E+00
  0.6754486858E+00  0.9406654613E+00  0.3011911317E+00
  0.6786941990E+00  0.9633919119E+00  0.3042809533E+00
  0.6819072570E+00  0.9866265802E+00  0.3074137145E+00
  0.6850881844E+00  0.1010912003E+01  0.3105907272E+00
  0.6882373026E+00  0.1035356716E+01  0.3138126982E+00
  0.6913549295E+00  0.1058158550E+01  0.3170760980E+00
  0.6944413802E+00  0.1088863087E+01  0.3203894362E+00
  0.6974969664E+00  0.1121054885E+01  0.3237657337E+00
  0.7005219968E+00  0.1145871949E+01  0.3271944949E+00
  0.7035167768E+00  0.1171911477E+01  0.3306651206E+00
  0.7064816090E+00  0.1202160070E+01  0.3341844826E+00
  0.7094167929E+00  0.1233618830E+01  0.3377592121E+00
  0.7123226250E+00  0.1266193867E+01  0.3413912300E+00
  0.7151993988E+00  0.1294475418E+01  0.3450744631E+00
  0.7180474048E+00  0.1323310929E+01  0.3488021987E+00
  0.7208669307E+00  0.1352783806E+01  0.3525748580E+00
  0.7236582614E+00  0.1380247264E+01  0.3563892548E+00
  0.7264216788E+00  0.1403858498E+01  0.3602360779E+00
  0.7291574620E+00  0.1424689523E+01  0.3641052250E+00
  0.7318658874E+00  0.1436757262E+01  0.3679802326E+00
  0.7345472285E+00  0.1442108809E+01  0.3718398436E+00
  0.7372017562E+00  0.1449152675E+01  0.3756773104E+00
  0.7398297387E+00  0.1458920578E+01  0.3794984931E+00
  0.7424314413E+00  0.1470377796E+01  0.3833090748E+00
  0.7450071269E+00  0.1487122409E+01  0.3871178701E+00
  0.7475570556E+00  0.1502746923E+01  0.3909298469E+00
  0.7500814851E+00  0.1516454499E+01  0.3947407274E+00
  0.7525806702E+00  0.1534074505E+01  0.3985526458E+00
  0.7550548635E+00  0.1551976285E+01  0.4023703889E+00
  0.7575043149E+00  0.1566861053E+01  0.4061901091E+00
  0.7599292717E+00  0.1585130622E+01  0.4100118310E+00
  0.7623299790E+00  0.1601779193E+01  0.4138372498E+00
  0.7647066792E+00  0.1615164590E+01  0.4176601053E+00
  0.7670596124E+00  0.1627451822E+01  0.4214749352E+00
  0.7693890163E+00  0.1641354621E+01  0.4252821204E+00
  0.7716951261E+00  0.1655197807E+01  0.4290832264E+00
  0.7739781749E+00  0.1670387825E+01  0.4328794634E+00
  0.7762383931E+00  0.1684052263E+01  0.4366703468E+00
  0.7784760092E+00  0.1695262076E+01  0.4404511508E+00
  0.7806912491E+00  0.1704801209E+01  0.4442171288E+00
  0.7828843366E+00  0.1713204203E+01  0.4479651212E+00
  0.7850554932E+00  0.1723778963E+01  0.4516962356E+00
  0.7872049383E+00  0.1736326977E+01  0.4554148895E+00
  0.7893328889E+00  0.1750324459E+01  0.4591246005E+00
  0.7914395600E+00  0.1765466672E+01  0.4628279083E+00
  0.7935251644E+00  0.1782085736E+01  0.4665273038E+00
  0.7955899128E+00  0.1800392830E+01  0.4702257621E+00
  0.7976340137E+00  0.1817541181E+01  0.4739234732E+00
  0.7996576735E+00  0.1829774047E+01  0.4776139359E+00
  0.8016610968E+00  0.1844864315E+01  0.4812948639E+00
  0.8036444858E+00  0.1860512719E+01  0.4849694660E+00
  0.8056080410E+00  0.1871898676E+01  0.4886338638E+00
  0.8075519606E+00  0.1880099615E+01  0.4922806552E+00
  0.8094764409E+00  0.1888454981E+01  0.4959069100E+00
  0.8113816765E+00  0.1899616347E+01  0.4995154941E+00
  0.8132678598E+00  0.1909789711E+01  0.5031081130E+00
  0.8151351812E+00  0.1915723822E+01  0.5066798447E+00
  0.8169838294E+00  0.1923219577E+01  0.5102282726E+00
  0.8188139911E+00  0.1928964014E+01  0.5137533320E+00
  0.8206258512E+00  0.1931808641E+01  0.5172509220E+00
  0.8224195926E+00  0.1934189567E+01  0.5207182226E+00
  0.8241953967E+00  0.1937816633E+01  0.5241561848E+00
  0.8259534428E+00  0.1941939177E+01  0.5275665795E+00
  0.8276939083E+00  0.1947002876E+01  0.5309508644E+00
  0.8294169692E+00  0.1951663107E+01  0.5343096839E+00
  0.8311227996E+00  0.1956012984E+01  0.5376426000E+00
  0.8328115716E+00  0.1959184380E+01  0.5409485379E+00
  0.8344834558E+00  0.1960789116E+01  0.5442254089E+00
  0.8361386213E+00  0.1962634199E+01  0.5474723663E+00
  0.8377772351E+00  0.1965902213E+01  0.5506910432E+00
  0.8393994627E+00  0.1971159198E+01  0.5538844482E+00
  0.8410054681E+00  0.1977638338E+01  0.5570553432E+00
  0.8425954134E+00  0.1985875427E+01  0.5602062283E+00
  0.8441694593E+00  0.1995468127E+01  0.5633396369E+00
  0.8457277647E+00  0.2005647932E+01  0.5664571173E+00
  0.8472704870E+00  0.2017543356E+01  0.5695604509E+00
  0.8487977822E+00  0.2030701569E+01  0.5726518833E+00
  0.8503098043E+00  0.2043308930E+01  0.5757318804E+00
  0.8518067063E+00  0.2056318464E+01  0.5788002505E+00
  0.8532886392E+00  0.2066713379E+01  0.5818552789E+00
  0.8547557528E+00  0.2079316708E+01  0.5848966275E+00
  0.8562081953E+00  0.2091912375E+01  0.5879258626E+00
  0.8576461134E+00  0.2103073182E+01  0.5909418853E+00
  0.8590696522E+00  0.2114370283E+01  0.5939437327E+00
  0.8604789557E+00  0.2123491438E+01  0.5969299493E+00
  0.8618741662E+00  0.2129770769E+01  0.5998970472E+00
  0.8632554245E+00  0.2134016889E+01  0.6028417433E+00
  0.8646228702E+00  0.2136592126E+01  0.6057616564E+00
  0.8659766415E+00  0.2137115399E+01  0.6086544677E+00
  0.8673168751E+00  0.2136679106E+01  0.6115184092E+00
  0.8686437064E+00  0.2137196789E+01  0.6143537652E+00
  0.8699572693E+00  0.2136850727E+01  0.6171608804E+00
  0.8712576966E+00  0.2137336835E+01  0.6199400155E+00
  0.8725451197E+00  0.2136075678E+01  0.6226908604E+00
  0.8738196685E+00  0.2136769907E+01  0.6254138355E+00
  0.8750814718E+00  0.2138697561E+01  0.6281112350E+00
  0.8763306571E+00  0.2140548602E+01  0.6307840207E+00
  0.8775673505E+00  0.2142834608E+01  0.6334326366E+00
  0.8787916770E+00  0.2145750669E+01  0.6360579509E+00
  0.8800037602E+00  0.2150403805E+01  0.6386615993E+00
  0.8812037226E+00  0.2154150962E+01  0.6412442512E+00
  0.8823916854E+00  0.2157879906E+01  0.6438055173E+00
  0.8835677685E+00  0.2162511477E+01  0.6463460871E+00
  0.8847320908E+00  0.2166653260E+01  0.6488663586E+00
  0.8858847699E+00  0.2170939591E+01  0.6513662849E+00
  0.8870259222E+00  0.2175345145E+01  0.6538461713E+00
  0.8881556630E+00  0.2179511482E+01  0.6563061009E+00
  0.8892741064E+00  0.2184047465E+01  0.6587462977E+00
  0.8903813653E+00  0.2188990834E+01  0.6611673405E+00
  0.8914775517E+00  0.2194631680E+01  0.6635699741E+00
  0.8925627761E+00  0.2200921845E+01  0.6659550553E+00
  0.8936371484E+00  0.2207822533E+01  0.6683233715E+00
  0.8947007769E+00  0.2215267428E+01  0.6706756338E+00
  0.8957537691E+00  0.2223990402E+01  0.6730128858E+00
  0.8967962314E+00  0.2234947904E+01  0.6753370234E+00
  0.8978282691E+00  0.2247254495E+01  0.6776499243E+00
  0.8988499864E+00  0.2260118856E+01  0.6799525550E+00
  0.8998614866E+00  0.2273496647E+01  0.6822454313E+00
  0.9008628717E+00  0.2287131558E+01  0.6845289040E+00
  0.9018542430E+00  0.2301277344E+01  0.6868033124E+00
  0.9028357006E+00  0.2316631892E+01  0.6890694534E+00
  0.9038073436E+00  0.2332291302E+01  0.6913280002E+00
  0.9047692701E+00  0.2347167778E+01  0.6935786482E+00
  0.9057215774E+00  0.2361932219E+01  0.6958209034E+00
  0.9066643616E+00  0.2376490652E+01  0.6980545585E+00
  0.9075977180E+00  0.2391578417E+01  0.7002797124E+00
  0.9085217408E+00  0.2406832033E+01  0.7024966327E+00
  0.9094365234E+00  0.2420818218E+01  0.7047047580E+00
  0.9103421582E+00  0.2435097530E+01  0.7069036010E+00
  0.9112387366E+00  0.2449474617E+01  0.7090933020E+00
  0.9121263493E+00  0.2463765127E+01  0.7112738288E+00
  0.9130050858E+00  0.2478522600E+01  0.7134453132E+00
  0.9138750349E+00  0.2493277525E+01  0.7156079198E+00
  0.9147362846E+00  0.2508305426E+01  0.7177617256E+00
  0.9155889217E+00  0.2522822747E+01  0.7199065890E+00
  0.9164330325E+00  0.2536953077E+01  0.7220420946E+00
  0.9172687022E+00  0.2550819262E+01  0.7241679432E+00
  0.9180960151E+00  0.2564900575E+01  0.7262840939E+00
  0.9189150550E+00  0.2579360771E+01  0.7283907714E+00
  0.9197259044E+00  0.2593799059E+01  0.7304880983E+00
  0.9205286454E+00  0.2608339106E+01  0.7325760830E+00
  0.9213233589E+00  0.2622786902E+01  0.7346547063E+00
  0.9221101254E+00  0.2637152565E+01  0.7367238782E+00
  0.9228890241E+00  0.2651443930E+01  0.7387835188E+00
  0.9236601339E+00  0.2665595024E+01  0.7408335291E+00
  0.9244235325E+00  0.2679449857E+01  0.7428737291E+00
  0.9251792972E+00  0.2693136686E+01  0.7449039347E+00
  0.9259275042E+00  0.2706881584E+01  0.7469241005E+00
  0.9266682292E+00  0.2720482598E+01  0.7489341926E+00
  0.9274015469E+00  0.2733829464E+01  0.7509340644E+00
  0.9281275314E+00  0.2746682481E+01  0.7529234478E+00
  0.9288462561E+00  0.2759169129E+01  0.7549020435E+00
  0.9295577935E+00  0.2771523757E+01  0.7568696911E+00
  0.9302622156E+00  0.2784145635E+01  0.7588264591E+00
  0.9309595935E+00  0.2796849785E+01  0.7607724904E+00
  0.9316499975E+00  0.2809214535E+01  0.7627077152E+00
  0.9323334975E+00  0.2822165133E+01  0.7646322393E+00
  0.9330101626E+00  0.2835155568E+01  0.7665462948E+00
  0.9336800609E+00  0.2847967937E+01  0.7684498524E+00
  0.9343432603E+00  0.2860551593E+01  0.7703427957E+00
  0.9349998277E+00  0.2873128738E+01  0.7722250695E+00
  0.9356498295E+00  0.2886028573E+01  0.7740968006E+00
  0.9362933312E+00  0.2898707168E+01  0.7759580443E+00
  0.9369303978E+00  0.2911079684E+01  0.7778086551E+00
  0.9375610939E+00  0.2923194547E+01  0.7796484819E+00
  0.9381854829E+00  0.2935067619E+01  0.7814773993E+00
  0.9388036281E+00  0.2946629618E+01  0.7832952706E+00
  0.9394155918E+00  0.2957471973E+01  0.7851018186E+00
  0.9400214359E+00  0.2968219993E+01  0.7868968413E+00
  0.9406212215E+00  0.2978808750E+01  0.7886803126E+00
  0.9412150093E+00  0.2989459326E+01  0.7904522549E+00
  0.9418028592E+00  0.3000279348E+01  0.7922127886E+00
  0.9423848306E+00  0.3010153197E+01  0.7939617385E+00
  0.9429609823E+00  0.3019794190E+01  0.7956988207E+00
  0.9435313725E+00  0.3029097614E+01  0.7974239349E+00
  0.9440960588E+00  0.3038285937E+01  0.7991370190E+00
  0.9446550982E+00  0.3047383889E+01  0.8008380837E+00
  0.9452085472E+00  0.3056375657E+01  0.8025271435E+00
  0.9457564617E+00  0.3065248565E+01  0.8042042070E+00
  0.9462988971E+00  0.3074053561E+01  0.8058692943E+00
  0.9468359082E+00  0.3082936068E+01  0.8075224800E+00
  0.9473675491E+00  0.3092300809E+01  0.8091639843E+00
  0.9478938736E+00  0.3101645408E+01  0.8107939971E+00
  0.9484149348E+00  0.3110963303E+01  0.8124125720E+00
  0.9489307855E+00  0.3120277937E+01  0.8140197669E+00
  0.9494414776E+00  0.3129677695E+01  0.8156156686E+00
  0.9499470629E+00  0.3139258992E+01  0.8172004094E+00
  0.9504475922E+00  0.3148510343E+01  0.8187740161E+00
  0.9509431163E+00  0.3157794339E+01  0.8203364790E+00
  0.9514336852E+00  0.3167393798E+01  0.8218879491E+00
  0.9519193483E+00  0.3176969256E+01  0.8234285607E+00
  0.9524001548E+00  0.3186587835E+01  0.8249583806E+00
  0.9528761533E+00  0.3196404224E+01  0.8264775278E+00
  0.9533473917E+00  0.3205990056E+01  0.8279860550E+00
  0.9538139178E+00  0.3215331922E+01  0.8294839121E+00
  0.9542757786E+00  0.3224621367E+01  0.8309710931E+00
  0.9547330209E+00  0.3233692797E+01  0.8324476001E+00
  0.9551856906E+00  0.3242598595E+01  0.8339134108E+00
  0.9556338337E+00  0.3251559399E+01  0.8353685668E+00
  0.9560774954E+00  0.3260679054E+01  0.8368131821E+00
  0.9565167205E+00  0.3269730317E+01  0.8382473418E+00
  0.9569515532E+00  0.3278708141E+01  0.8396710797E+00
  0.9573820377E+00  0.3287663191E+01  0.8410844401E+00
  0.9578082173E+00  0.3296156207E+01  0.8424873849E+00
  0.9582301352E+00  0.3304644870E+01  0.8438798828E+00
  0.9586478338E+00  0.3313033866E+01  0.8452619805E+00
  0.9590613555E+00  0.3321263410E+01  0.8466336933E+00
  0.9594707419E+00  0.3329646408E+01  0.8479950895E+00
  0.9598760345E+00  0.3338142257E+01  0.8493462921E+00
  0.9602772742E+00  0.3346620385E+01  0.8506873881E+00
  0.9606745014E+00  0.3355205930E+01  0.8520184621E+00
  0.9610677564E+00  0.3363733834E+01  0.8533395904E+00
  0.9614570788E+00  0.3372247801E+01  0.8546508248E+00
  0.9618425080E+00  0.3380696312E+01  0.8559522157E+00
  0.9622240830E+00  0.3389016330E+01  0.8572437920E+00
  0.9626018421E+00  0.3397206721E+01  0.8585255710E+00
  0.9629758237E+00  0.3405266763E+01  0.8597975709E+00
  0.9633460655E+00  0.3413196120E+01  0.8610598107E+00
  0.9637126048E+00  0.3420994826E+01  0.8623123107E+00
  0.9640754788E+00  0.3428663265E+01  0.8635550919E+00
  0.9644347240E+00  0.3436202141E+01  0.8647881770E+00
  0.9647903767E+00  0.3443682455E+01  0.8660116019E+00
  0.9651424730E+00  0.3451171809E+01  0.8672254280E+00
  0.9654910483E+00  0.3458538384E+01  0.8684297051E+00
  0.9658361378E+00  0.3465768118E+01  0.8696244579E+00
  0.9661777764E+00  0.3472926139E+01  0.8708097208E+00
  0.9665159986E+00  0.3480059087E+01  0.8719855480E+00
  0.9668508386E+00  0.3487109678E+01  0.8731519914E+00
  0.9671823303E+00  0.3494064277E+01  0.8743090917E+00
  0.9675105070E+00  0.3500956822E+01  0.8754568932E+00
  0.9678354019E+00  0.3507766405E+01  0.8765954425E+00
  0.9681570479E+00  0.3514555065E+01  0.8777247932E+00
  0.9684754774E+00  0.3521260644E+01  0.8788449989E+00
  0.9687907226E+00  0.3527867156E+01  0.8799561009E+00
  0.9691028154E+00  0.3534402687E+01  0.8810581426E+00
  0.9694117872E+00  0.3540814990E+01  0.8821511641E+00
  0.9697176694E+00  0.3547108011E+01  0.8832351986E+00
  0.9700204927E+00  0.3553195891E+01  0.8843102673E+00
  0.9703202877E+00  0.3559161392E+01  0.8853763922E+00
  0.9706170849E+00  0.3565015207E+01  0.8864336097E+00
  0.9709109140E+00  0.3570760885E+01  0.8874819593E+00
  0.9712018049E+00  0.3576365529E+01  0.8885214761E+00
  0.9714897868E+00  0.3581875951E+01  0.8895521983E+00
  0.9717748890E+00  0.3587338188E+01  0.8905741774E+00
  0.9720571401E+00  0.3592709089E+01  0.8915874656E+00
  0.9723365687E+00  0.3597988772E+01  0.8925921089E+00
  0.9726132030E+00  0.3603178476E+01  0.8935881539E+00
  0.9728870709E+00  0.3608316957E+01  0.8945756527E+00
  0.9731582002E+00  0.3613518043E+01  0.8955546782E+00
  0.9734266182E+00  0.3618775581E+01  0.8965253171E+00
  0.9736923521E+00  0.3623937728E+01  0.8974876340E+00
  0.9739554285E+00  0.3629009482E+01  0.8984416739E+00
  0.9742158742E+00  0.3634076630E+01  0.8993874937E+00
  0.9744737155E+00  0.3639075750E+01  0.9003251531E+00
  0.9747289784E+00  0.3643997567E+01  0.9012547021E+00
  0.9749816886E+00  0.3648862563E+01  0.9021761923E+00
  0.9752318717E+00  0.3653661285E+01  0.9030896763E+00
  0.9754795530E+00  0.3658495307E+01  0.9039952185E+00
  0.9757247574E+00  0.3663289950E+01  0.9048928857E+00
  0.9759675099E+00  0.3668038747E+01  0.9057827346E+00
  0.9762078348E+00  0.3672726245E+01  0.9066648190E+00
  0.9764457564E+00  0.3677407193E+01  0.9075391969E+00
  0.9766812989E+00  0.3682074612E+01  0.9084059320E+00
  0.9769144859E+00  0.3686682999E+01  0.9092650813E+00
  0.9771453410E+00  0.3691234230E+01  0.9101166964E+00
  0.9773738876E+00  0.3695730119E+01  0.9109608291E+00
  0.9776001487E+00  0.3700107299E+01  0.9117975244E+00
  0.9778241472E+00  0.3704446332E+01  0.9126268289E+00
  0.9780459058E+00  0.3708748954E+01  0.9134487985E+00
  0.9782654467E+00  0.3713003628E+01  0.9142634878E+00
  0.9784827922E+00  0.3717211441E+01  0.9150709498E+00
  0.9786979643E+00  0.3721259377E+01  0.9158712254E+00
  0.9789109847E+00  0.3725156678E+01  0.9166643445E+00
  0.9791218748E+00  0.3728968783E+01  0.9174503454E+00
  0.9793306561E+00  0.3732716416E+01  0.9182292754E+00
  0.9795373495E+00  0.3736434997E+01  0.9190011877E+00
  0.9797419760E+00  0.3740125479E+01  0.9197661389E+00
  0.9799445563E+00  0.3743788763E+01  0.9205241854E+00
  0.9801451107E+00  0.3747399577E+01  0.9212753810E+00
  0.9803436596E+00  0.3750972882E+01  0.9220197778E+00
  0.9805402230E+00  0.3754521904E+01  0.9227574306E+00
  0.9807348208E+00  0.3758047355E+01  0.9234883952E+00
  0.9809274726E+00  0.3761549904E+01  0.9242127271E+00
  0.9811181978E+00  0.3765030176E+01  0.9249304816E+00
  0.9813070158E+00  0.3768519849E+01  0.9256417166E+00
  0.9814939457E+00  0.3771994774E+01  0.9263464902E+00
  0.9816790062E+00  0.3775449180E+01  0.9270448573E+00
  0.9818622162E+00  0.3778883502E+01  0.9277368717E+00
  0.9820435940E+00  0.3782299192E+01  0.9284225872E+00
  0.9822231581E+00  0.3785669159E+01  0.9291020547E+00
  0.9824009265E+00  0.3789021018E+01  0.9297753251E+00
  0.9825769172E+00  0.3792352200E+01  0.9304424508E+00
  0.9827511481E+00  0.3795633612E+01  0.9311034813E+00
  0.9829236366E+00  0.3798989954E+01  0.9317584740E+00
  0.9830944002E+00  0.3802349526E+01  0.9324074902E+00
  0.9832634562E+00  0.3805715528E+01  0.9330505847E+00
  0.9834308216E+00  0.3809064807E+01  0.9336878102E+00
  0.9835965134E+00  0.3812397361E+01  0.9343192171E+00
  0.9837605483E+00  0.3815729379E+01  0.9349448564E+00
  0.9839229428E+00  0.3819053545E+01  0.9355647799E+00
  0.9840837134E+00  0.3822380116E+01  0.9361790387E+00
  0.9842428762E+00  0.3825687807E+01  0.9367876829E+00
  0.9844004475E+00  0.3828965779E+01  0.9373907595E+00
  0.9845564430E+00  0.3832137287E+01  0.9379883084E+00
  0.9847108786E+00  0.3835290895E+01  0.9385803703E+00
  0.9848637698E+00  0.3838430001E+01  0.9391669925E+00
  0.9850151321E+00  0.3841611594E+01  0.9397482269E+00
  0.9851649808E+00  0.3844773538E+01  0.9403241242E+00
  0.9853133310E+00  0.3847915794E+01  0.9408947302E+00
  0.9854601977E+00  0.3850987600E+01  0.9414600864E+00
  0.9856055957E+00  0.3854047761E+01  0.9420202349E+00
  0.9857495397E+00  0.3857092682E+01  0.9425752213E+00
  0.9858920443E+00  0.3860119165E+01  0.9431250904E+00
  0.9860331239E+00  0.3863127264E+01  0.9436698865E+00
  0.9861727926E+00  0.3866117026E+01  0.9442096534E+00
  0.9863110647E+00  0.3869088496E+01  0.9447444349E+00
  0.9864479541E+00  0.3872041713E+01  0.9452742740E+00
  0.9865834745E+00  0.3874976713E+01  0.9457992138E+00
  0.9867176398E+00  0.3877893527E+01  0.9463192967E+00
  0.9868504634E+00  0.3880792185E+01  0.9468345650E+00
  0.9869819588E+00  0.3883672714E+01  0.9473450606E+00
  0.9871121392E+00  0.3886535136E+01  0.9478508250E+00
  0.9872410178E+00  0.3889379475E+01  0.9483518995E+00
  0.9873686076E+00  0.3892205750E+01  0.9488483251E+00
  0.9874949215E+00  0.3895013980E+01  0.9493401422E+00
  0.9876199723E+00  0.3897804183E+01  0.9498273912E+00
  0.9877437726E+00  0.3900570009E+01  0.9503101117E+00
  0.9878663349E+00  0.3903313972E+01  0.9507883425E+00
  0.9879876715E+00  0.3906040347E+01  0.9512621230E+00
  0.9881077948E+00  0.3908749138E+01  0.9517314921E+00
  0.9882267168E+00  0.3911440349E+01  0.9521964886E+00
  0.9883444497E+00  0.3914113984E+01  0.9526571509E+00
  0.9884610052E+00  0.3916770048E+01  0.9531135172E+00
  0.9885763951E+00  0.3919408547E+01  0.9535656253E+00
  0.9886906312E+00  0.3922029487E+01  0.9540135128E+00
  0.9888037249E+00  0.3924632875E+01  0.9544572168E+00
  0.9889156876E+00  0.3927218718E+01  0.9548967742E+00
  0.9890265307E+00  0.3929787027E+01  0.9553322218E+00
  0.9891362654E+00  0.3932344979E+01  0.9557635961E+00
  0.9892449028E+00  0.3934912288E+01  0.9561909351E+00
  0.9893524538E+00  0.3937461035E+01  0.9566142758E+00
  0.9894589292E+00  0.3939991256E+01  0.9570336535E+00
  0.9895643399E+00  0.3942502987E+01  0.9574491031E+00
  0.9896686965E+00  0.3945006001E+01  0.9578606599E+00
  0.9897720096E+00  0.3947501556E+01  0.9582683594E+00
  0.9898742895E+00  0.3949978061E+01  0.9586722361E+00
  0.9899755466E+00  0.3952435576E+01  0.9590723239E+00
  0.9900757911E+00  0.3954874158E+01  0.9594686562E+00
  0.9901750332E+00  0.3957293868E+01  0.9598612662E+00
  0.9902732829E+00  0.3959694768E+01  0.9602501870E+00
  0.9903705500E+00  0.3962081793E+01  0.9606354514E+00
  0.9904668445E+00  0.3964466430E+01  0.9610170929E+00
  0.9905621761E+00  0.3966831790E+01  0.9613951443E+00
  0.9906565543E+00  0.3969177952E+01  0.9617696377E+00
  0.9907499888E+00  0.3971504999E+01  0.9621406044E+00
  0.9908424889E+00  0.3973826743E+01  0.9625080764E+00
  0.9909340640E+00  0.3976134267E+01  0.9628720857E+00
  0.9910247234E+00  0.3978422301E+01  0.9632326632E+00
  0.9911144761E+00  0.3980690945E+01  0.9635898394E+00
  0.9912033314E+00  0.3982940302E+01  0.9639436446E+00
  0.9912912981E+00  0.3985170478E+01  0.9642941087E+00
  0.9913783851E+00  0.3987381577E+01  0.9646412616E+00
  0.9914646012E+00  0.3989573704E+01  0.9649851328E+00
  0.9915499552E+00  0.3991746968E+01  0.9653257516E+00
  0.9916344557E+00  0.3993901477E+01  0.9656631470E+00
  0.9917181111E+00  0.3996042876E+01  0.9659973482E+00
  0.9918009300E+00  0.3998175140E+01  0.9663283843E+00
  0.9918829207E+00  0.4000295258E+01  0.9666562844E+00
  0.9919640915E+00  0.4002396199E+01  0.9669810768E+00
  0.9920444506E+00  0.4004474182E+01  0.9673027892E+00
  0.9921240061E+00  0.4006533672E+01  0.9676214490E+00
  0.9922027660E+00  0.4008575427E+01  0.9679370838E+00
  0.9922807383E+00  0.4010598737E+01  0.9682497207E+00
  0.9923579310E+00  0.4012593309E+01  0.9685593863E+00
  0.9924343516E+00  0.4014566442E+01  0.9688661068E+00
  0.9925100081E+00  0.4016522032E+01  0.9691699088E+00
  0.9925849081E+00  0.4018460193E+01  0.9694708185E+00
  0.9926590590E+00  0.4020382701E+01  0.9697688623E+00
  0.9927324684E+00  0.4022289042E+01  0.9700640662E+00
  0.9928051437E+00  0.4024178194E+01  0.9703564560E+00
  0.9928770923E+00  0.4026050277E+01  0.9706460572E+00
  0.9929483213E+00  0.4027905413E+01  0.9709328951E+00
  0.9930188381E+00  0.4029743721E+01  0.9712169949E+00
  0.9930886497E+00  0.4031565324E+01  0.9714983814E+00
  0.9931577632E+00  0.4033370340E+01  0.9717770794E+00
  0.9932261856E+00  0.4035158892E+01  0.9720531133E+00
  0.9932939238E+00  0.4036931101E+01  0.9723265075E+00
  0.9933609845E+00  0.4038687086E+01  0.9725972861E+00
  0.9934273747E+00  0.4040426969E+01  0.9728654729E+00
  0.9934931009E+00  0.4042150870E+01  0.9731310916E+00
  0.9935581699E+00  0.4043858911E+01  0.9733941659E+00
  0.9936225882E+00  0.4045551210E+01  0.9736547189E+00
  0.9936863623E+00  0.4047227889E+01  0.9739127738E+00
  0.9937494987E+00  0.4048889067E+01  0.9741683536E+00
  0.9938120037E+00  0.4050534864E+01  0.9744214809E+00
  0.9938738837E+00  0.4052165400E+01  0.9746721783E+00
  0.9939351449E+00  0.4053780794E+01  0.9749204681E+00
  0.9939957934E+00  0.4055381956E+01  0.9751663726E+00
  0.9940558355E+00  0.4056968216E+01  0.9754099138E+00
  0.9941152771E+00  0.4058539667E+01  0.9756511133E+00
  0.9941741243E+00  0.4060096427E+01  0.9758899929E+00
  0.9942323831E+00  0.4061638613E+01  0.9761265740E+00
  0.9942900593E+00  0.4063166344E+01  0.9763608778E+00
  0.9943471587E+00  0.4064679736E+01  0.9765929254E+00
  0.9944036871E+00  0.4066178907E+01  0.9768227377E+00
  0.9944596502E+00  0.4067663972E+01  0.9770503354E+00
  0.9945150537E+00  0.4069135048E+01  0.9772757389E+00
  0.9945699032E+00  0.4070592251E+01  0.9774989688E+00
  0.9946242041E+00  0.4072035694E+01  0.9777200450E+00
  0.9946779621E+00  0.4073465493E+01  0.9779389878E+00
  0.9947311825E+00  0.4074881762E+01  0.9781558169E+00
  0.9947838707E+00  0.4076284614E+01  0.9783705519E+00
  0.9948360320E+00  0.4077674163E+01  0.9785832124E+00
  0.9948876716E+00  0.4079050520E+01  0.9787938178E+00
  0.9949387949E+00  0.4080413798E+01  0.9790023871E+00
  0.9949894070E+00  0.4081764108E+01  0.9792089393E+00
  0.9950395129E+00  0.4083101561E+01  0.9794134934E+00
  0.9950891178E+00  0.4084426267E+01  0.9796160680E+00
  0.9951382266E+00  0.4085738337E+01  0.9798166816E+00
  0.9951868443E+00  0.4087037878E+01  0.9800153525E+00
  0.9952349759E+00  0.4088324999E+01  0.9802120990E+00
  0.9952826261E+00  0.4089599809E+01  0.9804069390E+00
  0.9953297999E+00  0.4090862414E+01  0.9805998905E+00
  0.9953765019E+00  0.4092112921E+01  0.9807909712E+00
  0.9954227368E+00  0.4093351437E+01  0.9809801986E+00
  0.9954685095E+00  0.4094577674E+01  0.9811675901E+00
  0.9955138244E+00  0.4095790723E+01  0.9813531630E+00
  0.9955586861E+00  0.4096992164E+01  0.9815369343E+00
  0.9956030993E+00  0.4098182099E+01  0.9817189210E+00
  0.9956470683E+00  0.4099360629E+01  0.9818991399E+00
  0.9956905976E+00  0.4100527853E+01  0.9820776077E+00
  0.9957336916E+00  0.4101683871E+01  0.9822543409E+00
  0.9957763547E+00  0.4102828781E+01  0.9824293558E+00
  0.9958185912E+00  0.4103962683E+01  0.9826026687E+00
  0.9958604053E+00  0.4105085673E+01  0.9827742956E+00
  0.9959018012E+00  0.4106197849E+01  0.9829442525E+00
  0.9959427832E+00  0.4107299306E+01  0.9831125552E+00
  0.9959833554E+00  0.4108390142E+01  0.9832792194E+00
  0.9960235218E+00  0.4109470450E+01  0.9834442605E+00
  0.9960632866E+00  0.4110540325E+01  0.9836076940E+00
  0.9961026537E+00  0.4111598784E+01  0.9837695350E+00
  0.9961416272E+00  0.4112645654E+01  0.9839297987E+00
  0.9961802109E+00  0.4113682465E+01  0.9840884999E+00
  0.9962184088E+00  0.4114709304E+01  0.9842456535E+00
  0.9962562247E+00  0.4115726261E+01  0.9844012742E+00
  0.9962936625E+00  0.4116733423E+01  0.9845553766E+00
  0.9963307258E+00  0.4117730877E+01  0.9847079751E+00
  0.9963674186E+00  0.4118718711E+01  0.9848590841E+00
  0.9964037444E+00  0.4119697011E+01  0.9850087177E+00
  0.9964397070E+00  0.4120665862E+01  0.9851568899E+00
  0.9964753099E+00  0.4121625349E+01  0.9853036148E+00
  0.9965105568E+00  0.4122575557E+01  0.9854489060E+00
  0.9965454512E+00  0.4123516570E+01  0.9855927774E+00
  0.9965799967E+00  0.4124448472E+01  0.9857352424E+00
  0.9966141967E+00  0.4125371344E+01  0.9858763144E+00
  0.9966480548E+00  0.4126285269E+01  0.9860160069E+00
  0.9966815742E+00  0.4127190328E+01  0.9861543329E+00
  0.9967147585E+00  0.4128086603E+01  0.9862913055E+00
  0.9967476109E+00  0.4128974173E+01  0.9864269377E+00
  0.9967801348E+00  0.4129853119E+01  0.9865612423E+00
  0.9968123334E+00  0.4130723520E+01  0.9866942320E+00
  0.9968442101E+00  0.4131585454E+01  0.9868259194E+00
  0.9968757680E+00  0.4132438999E+01  0.9869563170E+00
  0.9969070103E+00  0.4133284233E+01  0.9870854372E+00
  0.9969379402E+00  0.4134121233E+01  0.9872132922E+00
  0.9969685608E+00  0.4134950074E+01  0.9873398942E+00
  0.9969988752E+00  0.4135770832E+01  0.9874652551E+00
  0.9970288865E+00  0.4136583582E+01  0.9875893869E+00
  0.9970585976E+00  0.4137388399E+01  0.9877123015E+00
  0.9970880116E+00  0.4138185357E+01  0.9878340105E+00
  0.9971171315E+00  0.4138974529E+01  0.9879545254E+00
  0.9971459602E+00  0.4139755987E+01  0.9880738579E+00
  0.9971745006E+00  0.4140529804E+01  0.9881920192E+00
  0.9972027556E+00  0.4141296051E+01  0.9883090207E+00
  0.9972307280E+00  0.4142054800E+01  0.9884248735E+00
  0.9972584207E+00  0.4142806119E+01  0.9885395886E+00
  0.9972858365E+00  0.4143550081E+01  0.9886531771E+00
  0.9973129782E+00  0.4144286752E+01  0.9887656499E+00
  0.9973398484E+00  0.4145016203E+01  0.9888770176E+00
  0.9973664499E+00  0.4145738502E+01  0.9889872909E+00
  0.9973927854E+00  0.4146454372E+01  0.9890964804E+00
  0.9974188575E+00  0.4147164231E+01  0.9892045966E+00
  0.9974446690E+00  0.4147867072E+01  0.9893116499E+00
  0.9974702223E+00  0.4148562965E+01  0.9894176505E+00
  0.9974955201E+00  0.4149251976E+01  0.9895226087E+00
  0.9975205649E+00  0.4149934172E+01  0.9896265344E+00
  0.9975453592E+00  0.4150609618E+01  0.9897294377E+00
  0.9975699056E+00  0.4151278382E+01  0.9898313285E+00
  0.9975942066E+00  0.4151940526E+01  0.9899322165E+00
  0.9976182645E+00  0.4152596116E+01  0.9900321115E+00
  0.9976420819E+00  0.4153245216E+01  0.9901310231E+00
  0.9976656610E+00  0.4153887888E+01  0.9902289608E+00
  0.9976890044E+00  0.4154524194E+01  0.9903259340E+00
  0.9977121144E+00  0.4155154198E+01  0.9904219522E+00
  0.9977349932E+00  0.4155777960E+01  0.9905170245E+00
  0.9977576433E+00  0.4156395541E+01  0.9906111601E+00
  0.9977800669E+00  0.4157007001E+01  0.9907043682E+00
  0.9978022662E+00  0.4157612401E+01  0.9907966577E+00
  0.9978242435E+00  0.4158211798E+01  0.9908880375E+00
  0.9978460011E+00  0.4158805253E+01  0.9909785166E+00
  0.9978675411E+00  0.4159392822E+01  0.9910681035E+00
  0.9978888657E+00  0.4159974563E+01  0.9911568070E+00
  0.9979099770E+00  0.4160550534E+01  0.9912446358E+00
  0.9979308773E+00  0.4161120791E+01  0.9913315982E+00
  0.9979515685E+00  0.4161685389E+01  0.9914177027E+00
  0.9979720528E+00  0.4162244384E+01  0.9915029577E+00
  0.9979923323E+00  0.4162797831E+01  0.9915873715E+00
  0.9980124089E+00  0.4163345784E+01  0.9916709521E+00
  0.9980322849E+00  0.4163888297E+01  0.9917537078E+00
  0.9980519620E+00  0.4164425423E+01  0.9918356465E+00
  0.9980714424E+00  0.4164957216E+01  0.9919167763E+00
  0.9980907280E+00  0.4165483727E+01  0.9919971050E+00
  0.9981098207E+00  0.4166005008E+01  0.9920766404E+00
  0.9981287225E+00  0.4166521111E+01  0.9921553902E+00
  0.9981474353E+00  0.4167032087E+01  0.9922333622E+00
  0.9981659609E+00  0.4167537985E+01  0.9923105638E+00
  0.9981843013E+00  0.4168038857E+01  0.9923870027E+00
  0.9982024583E+00  0.4168534750E+01  0.9924626862E+00
  0.9982204337E+00  0.4169025714E+01  0.9925376218E+00
  0.9982382294E+00  0.4169511799E+01  0.9926118167E+00
  0.9982558471E+00  0.4169993050E+01  0.9926852782E+00
  0.9982732886E+00  0.4170469517E+01  0.9927580134E+00
  0.9982905557E+00  0.4170941246E+01  0.9928300294E+00
  0.9983076502E+00  0.4171408284E+01  0.9929013333E+00
  0.9983245737E+00  0.4171870678E+01  0.9929719321E+00
  0.9983413279E+00  0.4172328472E+01  0.9930418325E+00
  0.9983579146E+00  0.4172781712E+01  0.9931110415E+00
  0.9983743355E+00  0.4173230443E+01  0.9931795659E+00
  0.9983905921E+00  0.4173674710E+01  0.9932474122E+00
  0.9984066862E+00  0.4174114557E+01  0.9933145872E+00
  0.9984226194E+00  0.4174550027E+01  0.9933810974E+00
  0.9984383932E+00  0.4174981163E+01  0.9934469493E+00
  0.9984540092E+00  0.4175408009E+01  0.9935121495E+00
  0.9984694691E+00  0.4175830606E+01  0.9935767041E+00
  0.9984847744E+00  0.4176248996E+01  0.9936406197E+00
  0.9984999267E+00  0.4176663222E+01  0.9937039025E+00
  0.9985149274E+00  0.4177073323E+01  0.9937665585E+00
  0.9985297782E+00  0.4177479342E+01  0.9938285941E+00
  0.9985444804E+00  0.4177881318E+01  0.9938900153E+00
  0.9985590356E+00  0.4178279291E+01  0.9939508281E+00
  0.9985734452E+00  0.4178673301E+01  0.9940110384E+00
  0.9985877108E+00  0.4179063387E+01  0.9940706523E+00
  0.9986018337E+00  0.4179449588E+01  0.9941296755E+00
  0.9986158153E+00  0.4179831942E+01  0.9941881138E+00
  0.9986296572E+00  0.4180210487E+01  0.9942459730E+00
  0.9986433606E+00  0.4180585262E+01  0.9943032588E+00
  0.9986569270E+00  0.4180956303E+01  0.9943599768E+00
  0.9986703577E+00  0.4181323647E+01  0.9944161325E+00
  0.9986836541E+00  0.4181687331E+01  0.9944717316E+00
  0.9986968176E+00  0.4182047391E+01  0.9945267794E+00
  0.9987098494E+00  0.4182403863E+01  0.9945812815E+00
  0.9987227509E+00  0.4182756783E+01  0.9946352431E+00
  0.9987355234E+00  0.4183106186E+01  0.9946886695E+00
  0.9987481682E+00  0.4183452106E+01  0.9947415661E+00
  0.9987606865E+00  0.4183794579E+01  0.9947939380E+00
  0.9987730796E+00  0.4184133638E+01  0.9948457905E+00
  0.9987853488E+00  0.4184469317E+01  0.9948971285E+00
  0.9987974954E+00  0.4184801650E+01  0.9949479572E+00
  0.9988095204E+00  0.4185130670E+01  0.9949982816E+00
  0.9988214252E+00  0.4185456410E+01  0.9950481067E+00
  0.9988332109E+00  0.4185778902E+01  0.9950974373E+00
  0.9988448788E+00  0.4186098179E+01  0.9951462784E+00
  0.9988564300E+00  0.4186414272E+01  0.9951946347E+00
  0.9988678657E+00  0.4186727213E+01  0.9952425111E+00
  0.9988791871E+00  0.4187037033E+01  0.9952899122E+00
  0.9988903952E+00  0.4187343764E+01  0.9953368428E+00
  0.9989014913E+00  0.4187647436E+01  0.9953833075E+00
  0.9989124764E+00  0.4187948079E+01  0.9954293108E+00
  0.9989233516E+00  0.4188245724E+01  0.9954748573E+00
  0.9989341181E+00  0.4188540399E+01  0.9955199516E+00
  0.9989447769E+00  0.4188832136E+01  0.9955645980E+00
  0.9989553291E+00  0.4189120962E+01  0.9956088011E+00
  0.9989657758E+00  0.4189406908E+01  0.9956525651E+00
  0.9989761181E+00  0.4189690001E+01  0.9956958944E+00
  0.9989863569E+00  0.4189970269E+01  0.9957387933E+00
  0.9989964933E+00  0.4190247742E+01  0.9957812661E+00
  0.9990065284E+00  0.4190522446E+01  0.9958233169E+00
  0.9990164631E+00  0.4190794409E+01  0.9958649499E+00
  0.9990262985E+00  0.4191063659E+01  0.9959061692E+00
  0.9990360355E+00  0.4191330222E+01  0.9959469790E+00
  0.9990456751E+00  0.4191594126E+01  0.9959873832E+00
  0.9990552184E+00  0.4191855396E+01  0.9960273859E+00
  0.9990646662E+00  0.4192114059E+01  0.9960669910E+00
  0.9990740195E+00  0.4192370140E+01  0.9961062024E+00
  0.9990832793E+00  0.4192623666E+01  0.9961450241E+00
  0.9990924466E+00  0.4192874662E+01  0.9961834599E+00
  0.9991015221E+00  0.4193123152E+01  0.9962215136E+00
  0.9991105069E+00  0.4193369163E+01  0.9962591890E+00
  0.9991194018E+00  0.4193612718E+01  0.9962964898E+00
  0.9991282078E+00  0.4193853842E+01  0.9963334198E+00
  0.9991369257E+00  0.4194092560E+01  0.9963699825E+00
  0.9991455564E+00  0.4194328894E+01  0.9964061816E+00
  0.9991541009E+00  0.4194562870E+01  0.9964420208E+00
  0.9991625599E+00  0.4194794510E+01  0.9964775036E+00
  0.9991709343E+00  0.4195023837E+01  0.9965126334E+00
  0.9991792249E+00  0.4195250875E+01  0.9965474139E+00
  0.9991874327E+00  0.4195475647E+01  0.9965818484E+00
  0.9991955584E+00  0.4195698175E+01  0.9966159403E+00
  0.9992036028E+00  0.4195918481E+01  0.9966496932E+00
  0.9992115667E+00  0.4196136587E+01  0.9966831102E+00
  0.9992194511E+00  0.4196352516E+01  0.9967161948E+00
  0.9992272566E+00  0.4196566289E+01  0.9967489502E+00
  0.9992349840E+00  0.4196777927E+01  0.9967813797E+00
  0.9992426342E+00  0.4196987453E+01  0.9968134866E+00
  0.9992502078E+00  0.4197194886E+01  0.9968452739E+00
  0.9992577057E+00  0.4197400248E+01  0.9968767449E+00
  0.9992651287E+00  0.4197603559E+01  0.9969079027E+00
  0.9992724774E+00  0.4197804840E+01  0.9969387504E+00
  0.9992797526E+00  0.4198004112E+01  0.9969692911E+00
  0.9992869551E+00  0.4198201393E+01  0.9969995279E+00
  0.9992940855E+00  0.4198396704E+01  0.9970294636E+00
  0.9993011447E+00  0.4198590064E+01  0.9970591014E+00
  0.9993081332E+00  0.4198781494E+01  0.9970884441E+00
  0.9993150519E+00  0.4198971011E+01  0.9971174948E+00
  0.9993219014E+00  0.4199158636E+01  0.9971462562E+00
  0.9993286824E+00  0.4199344387E+01  0.9971747312E+00
  0.9993353956E+00  0.4199528283E+01  0.9972029228E+00
  0.9993420416E+00  0.4199710342E+01  0.9972308337E+00
  0.9993486212E+00  0.4199890583E+01  0.9972584666E+00
  0.9993551350E+00  0.4200069024E+01  0.9972858244E+00
  0.9993615836E+00  0.4200245682E+01  0.9973129097E+00
  0.9993679678E+00  0.4200420576E+01  0.9973397253E+00
  0.9993742881E+00  0.4200593722E+01  0.9973662739E+00
  0.9993805452E+00  0.4200765140E+01  0.9973925580E+00
  0.9993867398E+00  0.4200934845E+01  0.9974185804E+00
  0.9993928724E+00  0.4201102854E+01  0.9974443436E+00
  0.9993989436E+00  0.4201269186E+01  0.9974698501E+00
  0.9994049542E+00  0.4201433856E+01  0.9974951026E+00
  0.9994109047E+00  0.4201596881E+01  0.9975201036E+00
  0.9994167956E+00  0.4201758277E+01  0.9975448555E+00
  0.9994226277E+00  0.4201918061E+01  0.9975693608E+00
  0.9994284014E+00  0.4202076249E+01  0.9975936219E+00
  0.9994341174E+00  0.4202232856E+01  0.9976176414E+00
  0.9994397762E+00  0.4202387899E+01  0.9976414215E+00
  0.9994453784E+00  0.4202541393E+01  0.9976649647E+00
  0.9994509247E+00  0.4202693353E+01  0.9976882734E+00
  0.9994564154E+00  0.4202843796E+01  0.9977113497E+00
  0.9994618513E+00  0.4202992735E+01  0.9977341962E+00
  0.9994672327E+00  0.4203140186E+01  0.9977568149E+00
  0.9994725604E+00  0.4203286164E+01  0.9977792082E+00
  0.9994778348E+00  0.4203430684E+01  0.9978013784E+00
  0.9994830565E+00  0.4203573759E+01  0.9978233276E+00
  0.9994882259E+00  0.4203715405E+01  0.9978450581E+00
  0.9994933436E+00  0.4203855636E+01  0.9978665720E+00
  0.9994984102E+00  0.4203994465E+01  0.9978878715E+00
  0.9995034261E+00  0.4204131908E+01  0.9979089586E+00
  0.9995083918E+00  0.4204267977E+01  0.9979298356E+00
  0.9995133079E+00  0.4204402687E+01  0.9979505044E+00
  0.9995181748E+00  0.4204536050E+01  0.9979709672E+00
  0.9995229931E+00  0.4204668081E+01  0.9979912261E+00
  0.9995277632E+00  0.4204798792E+01  0.9980112829E+00
  0.9995324855E+00  0.4204928198E+01  0.9980311399E+00
  0.9995371607E+00  0.4205056310E+01  0.9980507988E+00
  0.9995417891E+00  0.4205183142E+01  0.9980702617E+00
  0.9995463712E+00  0.4205308707E+01  0.9980895306E+00
  0.9995509075E+00  0.4205433017E+01  0.9981086074E+00
  0.9995553984E+00  0.4205556085E+01  0.9981274940E+00
  0.9995598444E+00  0.4205677923E+01  0.9981461922E+00
  0.9995642460E+00  0.4205798543E+01  0.9981647040E+00
  0.9995686035E+00  0.4205917958E+01  0.9981830312E+00
  0.9995729175E+00  0.4206036180E+01  0.9982011756E+00
  0.9995771883E+00  0.4206153220E+01  0.9982191391E+00
  0.9995814164E+00  0.4206269091E+01  0.9982369235E+00
  0.9995856022E+00  0.4206383803E+01  0.9982545305E+00
  0.9995897462E+00  0.4206497369E+01  0.9982719619E+00
  0.9995938488E+00  0.4206609800E+01  0.9982892194E+00
  0.9995979103E+00  0.4206721108E+01  0.9983063049E+00
  0.9996019312E+00  0.4206831303E+01  0.9983232199E+00
  0.9996059119E+00  0.4206940397E+01  0.9983399662E+00
  0.9996098527E+00  0.4207048401E+01  0.9983565454E+00
  0.9996137542E+00  0.4207155325E+01  0.9983729593E+00
  0.9996176167E+00  0.4207261180E+01  0.9983892095E+00
  0.9996214405E+00  0.4207365978E+01  0.9984052976E+00
  0.9996252261E+00  0.4207469728E+01  0.9984212251E+00
  0.9996289738E+00  0.4207572441E+01  0.9984369938E+00
  0.9996326841E+00  0.4207674128E+01  0.9984526052E+00
  0.9996363573E+00  0.4207774798E+01  0.9984680609E+00
  0.9996399937E+00  0.4207874463E+01  0.9984833623E+00
  0.9996435938E+00  0.4207973131E+01  0.9984985111E+00
  0.9996471578E+00  0.4208070813E+01  0.9985135087E+00
  0.9996506862E+00  0.4208167518E+01  0.9985283568E+00
  0.9996541794E+00  0.4208263257E+01  0.9985430566E+00
  0.9996576376E+00  0.4208358039E+01  0.9985576098E+00
  0.9996610612E+00  0.4208451874E+01  0.9985720178E+00
  0.9996644506E+00  0.4208544771E+01  0.9985862821E+00
  0.9996678400E+00  0.4208637668E+01  0.9986005466E+00
  0.9996712294E+00  0.4208730566E+01  0.9986148115E+00
  0.9996746188E+00  0.4208823464E+01  0.9986290767E+00
  0.9996780081E+00  0.4208916362E+01  0.9986433422E+00
  0.9996813975E+00  0.4209009261E+01  0.9986576080E+00
  0.9996847869E+00  0.4209102161E+01  0.9986718741E+00
  0.9996881763E+00  0.4209195061E+01  0.9986861405E+00
  0.9996915657E+00  0.4209287961E+01  0.9987004073E+00
  0.9996949551E+00  0.4209380862E+01  0.9987146743E+00
  0.9996983445E+00  0.4209473763E+01  0.9987289417E+00
  0.9997017339E+00  0.4209566665E+01  0.9987432094E+00
  0.9997051232E+00  0.4209659567E+01  0.9987574774E+00
  0.9997085126E+00  0.4209752469E+01  0.9987717458E+00
  0.9997119020E+00  0.4209845372E+01  0.9987860144E+00
  0.9997152914E+00  0.4209938276E+01  0.9988002834E+00
  0.9997186808E+00  0.4210031179E+01  0.9988145526E+00
  0.9997220702E+00  0.4210124084E+01  0.9988288222E+00
  0.9997254596E+00  0.4210216988E+01  0.9988430921E+00
  0.9997288490E+00  0.4210309893E+01  0.9988573623E+00
  0.9997322384E+00  0.4210402799E+01  0.9988716329E+00
  0.9997356277E+00  0.4210495705E+01  0.9988859037E+00
  0.9997390171E+00  0.4210588611E+01  0.9989001749E+00
  0.9997424065E+00  0.4210681518E+01  0.9989144464E+00
  0.9997457959E+00  0.4210774425E+01  0.9989287181E+00
  0.9997491853E+00  0.4210867332E+01  0.9989429902E+00
  0.9997525747E+00  0.4210960240E+01  0.9989572627E+00
  0.9997559641E+00  0.4211053148E+01  0.9989715354E+00
  0.9997593535E+00  0.4211146057E+01  0.9989858085E+00
  0.9997627428E+00  0.4211238966E+01  0.9990000818E+00
  0.9997661322E+00  0.4211331876E+01  0.9990143555E+00
  0.9997695216E+00  0.4211424786E+01  0.9990286295E+00
  0.9997729110E+00  0.4211517696E+01  0.9990429038E+00
  0.9997763004E+00  0.4211610607E+01  0.9990571784E+00
  0.9997796898E+00  0.4211703518E+01  0.9990714534E+00
  0.9997830792E+00  0.4211796430E+01  0.9990857286E+00
  0.9997864686E+00  0.4211889342E+01  0.9991000042E+00
  0.9997898579E+00  0.4211982254E+01  0.9991142801E+00
  0.9997932473E+00  0.4212075167E+01  0.9991285563E+00
  0.9997966367E+00  0.4212168080E+01  0.9991428328E+00
  0.9998000261E+00  0.4212260994E+01  0.9991571096E+00
  0.9998034155E+00  0.4212353908E+01  0.9991713868E+00
  0.9998068049E+00  0.4212446822E+01  0.9991856642E+00
  0.9998101943E+00  0.4212539737E+01  0.9991999420E+00
  0.9998135837E+00  0.4212632652E+01  0.9992142201E+00
  0.9998169731E+00  0.4212725567E+01  0.9992284985E+00
  0.9998203624E+00  0.4212818483E+01  0.9992427772E+00
  0.9998237518E+00  0.4212911399E+01  0.9992570562E+00
  0.9998271412E+00  0.4213004316E+01  0.9992713356E+00
  0.9998305306E+00  0.4213097233E+01  0.9992856153E+00
  0.9998339200E+00  0.4213190150E+01  0.9992998952E+00
  0.9998373094E+00  0.4213283068E+01  0.9993141755E+00
  0.9998406988E+00  0.4213375986E+01  0.9993284561E+00
  0.9998440882E+00  0.4213468905E+01  0.9993427371E+00
  0.9998474775E+00  0.4213561824E+01  0.9993570183E+00
  0.9998508669E+00  0.4213654743E+01  0.9993712999E+00
  0.9998542563E+00  0.4213747663E+01  0.9993855817E+00
  0.9998576457E+00  0.4213840582E+01  0.9993998639E+00
  0.9998610351E+00  0.4213933503E+01  0.9994141464E+00
  0.9998644245E+00  0.4214026424E+01  0.9994284292E+00
  0.9998678139E+00  0.4214119345E+01  0.9994427123E+00
  0.9998712033E+00  0.4214212266E+01  0.9994569958E+00
  0.9998745926E+00  0.4214305188E+01  0.9994712795E+00
  0.9998779820E+00  0.4214398110E+01  0.9994855636E+00
  0.9998813714E+00  0.4214491032E+01  0.9994998480E+00
  0.9998847608E+00  0.4214583955E+01  0.9995141327E+00
  0.9998881502E+00  0.4214676879E+01  0.9995284177E+00
  0.9998915396E+00  0.4214769802E+01  0.9995427031E+00
  0.9998949290E+00  0.4214862726E+01  0.9995569887E+00
  0.9998983184E+00  0.4214955650E+01  0.9995712747E+00
  0.9999017077E+00  0.4215048575E+01  0.9995855609E+00
  0.9999050971E+00  0.4215141500E+01  0.9995998475E+00
  0.9999084865E+00  0.4215234425E+01  0.9996141344E+00
  0.9999118759E+00  0.4215327351E+01  0.9996284217E+00
  0.9999152653E+00  0.4215420277E+01  0.9996427092E+00
  0.9999186547E+00  0.4215513203E+01  0.9996569971E+00
  0.9999220441E+00  0.4215606130E+01  0.9996712852E+00
  0.9999254335E+00  0.4215699057E+01  0.9996855737E+00
  0.9999288229E+00  0.4215791984E+01  0.9996998625E+00
  0.9999322122E+00  0.4215884912E+01  0.9997141516E+00
  0.9999356016E+00  0.4215977840E+01  0.9997284410E+00
  0.9999389910E+00  0.4216070768E+01  0.9997427308E+00
  0.9999423804E+00  0.4216163697E+01  0.9997570208E+00
  0.9999457698E+00  0.4216256626E+01  0.9997713112E+00
  0.9999491592E+00  0.4216349555E+01  0.9997856019E+00
  0.9999525486E+00  0.4216442485E+01  0.9997998929E+00
  0.9999559380E+00  0.4216535415E+01  0.9998141842E+00
  0.9999593273E+00  0.4216628345E+01  0.9998284758E+00
  0.9999627167E+00  0.4216721276E+01  0.9998427678E+00
  0.9999661061E+00  0.4216814207E+01  0.9998570601E+00
  0.9999694955E+00  0.4216907138E+01  0.9998713526E+00
  0.9999728849E+00  0.4217000070E+01  0.9998856455E+00
  0.9999762743E+00  0.4217093002E+01  0.9998999387E+00
  0.9999796637E+00  0.4217185934E+01  0.9999142323E+00
  0.9999830531E+00  0.4217278866E+01  0.9999285261E+00
  0.9999864424E+00  0.4217371799E+01  0.9999428202E+00
  0.9999898318E+00  0.4217464732E+01  0.9999571147E+00
  0.9999932212E+00  0.4217557666E+01  0.9999714095E+00
  0.9999966106E+00  0.4217650600E+01  0.9999857046E+00
  0.1000000000E+01  0.4217744024E+01  0.1000000000E+01
  0.1000000000E+01  0.4217744024E+01  0.1000000000E+01
