  0.0000000000E+00  0.4217743141E+01 -0.1000000000E+01
  0.6996492144E-18  0.4217743141E+01 -0.1000000000E+01
  0.3389387958E-05  0.4217659117E+01 -0.9999857046E+00
  0.6778775916E-05  0.4217575094E+01 -0.9999714094E+00
  0.1016816387E-04  0.4217491071E+01 -0.9999571146E+00
  0.1355755183E-04  0.4217407048E+01 -0.9999428200E+00
  0.1694693979E-04  0.4217323026E+01 -0.9999285257E+00
  0.2033632775E-04  0.4217239004E+01 -0.9999142317E+00
  0.2372571571E-04  0.4217154982E+01 -0.9998999380E+00
  0.2711510367E-04  0.4217070960E+01 -0.9998856446E+00
  0.3050449162E-04  0.4216986939E+01 -0.9998713514E+00
  0.3389387958E-04  0.4216902918E+01 -0.9998570586E+00
  0.3728326754E-04  0.4216818898E+01 -0.9998427660E+00
  0.4067265550E-04  0.4216734878E+01 -0.9998284737E+00
  0.4406204346E-04  0.4216650858E+01 -0.9998141817E+00
  0.4745143141E-04  0.4216566838E+01 -0.9997998900E+00
  0.5084081937E-04  0.4216482819E+01 -0.9997855985E+00
  0.5423020733E-04  0.4216398800E+01 -0.9997713074E+00
  0.5761959529E-04  0.4216314782E+01 -0.9997570165E+00
  0.6100898325E-04  0.4216230764E+01 -0.9997427259E+00
  0.6439837120E-04  0.4216146746E+01 -0.9997284356E+00
  0.6778775916E-04  0.4216062728E+01 -0.9997141456E+00
  0.7117714712E-04  0.4215978711E+01 -0.9996998559E+00
  0.7456653508E-04  0.4215894694E+01 -0.9996855664E+00
  0.7795592304E-04  0.4215810678E+01 -0.9996712773E+00
  0.8134531100E-04  0.4215726662E+01 -0.9996569884E+00
  0.8473469895E-04  0.4215642646E+01 -0.9996426998E+00
  0.8812408691E-04  0.4215558631E+01 -0.9996284115E+00
  0.9151347487E-04  0.4215474616E+01 -0.9996141235E+00
  0.9490286283E-04  0.4215390601E+01 -0.9995998357E+00
  0.9829225079E-04  0.4215306587E+01 -0.9995855483E+00
  0.1016816387E-03  0.4215222573E+01 -0.9995712611E+00
  0.1050710267E-03  0.4215138560E+01 -0.9995569742E+00
  0.1084604147E-03  0.4215054546E+01 -0.9995426876E+00
  0.1118498026E-03  0.4214970534E+01 -0.9995284013E+00
  0.1152391906E-03  0.4214886521E+01 -0.9995141153E+00
  0.1186285785E-03  0.4214802509E+01 -0.9994998296E+00
  0.1220179665E-03  0.4214718498E+01 -0.9994855441E+00
  0.1254073545E-03  0.4214634486E+01 -0.9994712589E+00
  0.1287967424E-03  0.4214550475E+01 -0.9994569740E+00
  0.1321861304E-03  0.4214466465E+01 -0.9994426894E+00
  0.1355755183E-03  0.4214382455E+01 -0.9994284051E+00
  0.1389649063E-03  0.4214298445E+01 -0.9994141211E+00
  0.1423542942E-03  0.4214214436E+01 -0.9993998373E+00
  0.1457436822E-03  0.4214130427E+01 -0.9993855539E+00
  0.1491330702E-03  0.4214046418E+01 -0.9993712707E+00
  0.1525224581E-03  0.4213962410E+01 -0.9993569878E+00
  0.1559118461E-03  0.4213878402E+01 -0.9993427052E+00
  0.1593012340E-03  0.4213794395E+01 -0.9993284228E+00
  0.1626906220E-03  0.4213710388E+01 -0.9993141408E+00
  0.1660800099E-03  0.4213626381E+01 -0.9992998590E+00
  0.1694693979E-03  0.4213542375E+01 -0.9992855776E+00
  0.1728587859E-03  0.4213458369E+01 -0.9992712964E+00
  0.1762481738E-03  0.4213374364E+01 -0.9992570155E+00
  0.1796375618E-03  0.4213290359E+01 -0.9992427349E+00
  0.1830269497E-03  0.4213206355E+01 -0.9992284545E+00
  0.1864163377E-03  0.4213122351E+01 -0.9992141745E+00
  0.1898057257E-03  0.4213038347E+01 -0.9991998947E+00
  0.1931951136E-03  0.4212954344E+01 -0.9991856152E+00
  0.1965845016E-03  0.4212870341E+01 -0.9991713360E+00
  0.1999738895E-03  0.4212786339E+01 -0.9991570571E+00
  0.2033632775E-03  0.4212702337E+01 -0.9991427785E+00
  0.2067526654E-03  0.4212618335E+01 -0.9991285002E+00
  0.2101420534E-03  0.4212534334E+01 -0.9991142221E+00
  0.2135314414E-03  0.4212450334E+01 -0.9990999443E+00
  0.2169208293E-03  0.4212366333E+01 -0.9990856669E+00
  0.2203102173E-03  0.4212282334E+01 -0.9990713897E+00
  0.2236996052E-03  0.4212198334E+01 -0.9990571127E+00
  0.2270889932E-03  0.4212114335E+01 -0.9990428361E+00
  0.2304783812E-03  0.4212030337E+01 -0.9990285598E+00
  0.2338677691E-03  0.4211946339E+01 -0.9990142837E+00
  0.2372571571E-03  0.4211862341E+01 -0.9990000079E+00
  0.2406465450E-03  0.4211778344E+01 -0.9989857324E+00
  0.2440359330E-03  0.4211694348E+01 -0.9989714572E+00
  0.2474253209E-03  0.4211610352E+01 -0.9989571823E+00
  0.2508147089E-03  0.4211526356E+01 -0.9989429077E+00
  0.2542040969E-03  0.4211442361E+01 -0.9989286333E+00
  0.2575934848E-03  0.4211358366E+01 -0.9989143592E+00
  0.2609828728E-03  0.4211274372E+01 -0.9989000854E+00
  0.2643722607E-03  0.4211190378E+01 -0.9988858119E+00
  0.2677616487E-03  0.4211106384E+01 -0.9988715387E+00
  0.2711510367E-03  0.4211022391E+01 -0.9988572658E+00
  0.2745404246E-03  0.4210938399E+01 -0.9988429932E+00
  0.2779298126E-03  0.4210854407E+01 -0.9988287208E+00
  0.2813192005E-03  0.4210770415E+01 -0.9988144487E+00
  0.2847085885E-03  0.4210686424E+01 -0.9988001769E+00
  0.2880979764E-03  0.4210602434E+01 -0.9987859054E+00
  0.2914873644E-03  0.4210518444E+01 -0.9987716342E+00
  0.2948767524E-03  0.4210434454E+01 -0.9987573633E+00
  0.2982661403E-03  0.4210350465E+01 -0.9987430926E+00
  0.3016555283E-03  0.4210266477E+01 -0.9987288222E+00
  0.3050449162E-03  0.4210182489E+01 -0.9987145521E+00
  0.3084343042E-03  0.4210098501E+01 -0.9987002823E+00
  0.3118236921E-03  0.4210014514E+01 -0.9986860128E+00
  0.3152130801E-03  0.4209930527E+01 -0.9986717436E+00
  0.3186024681E-03  0.4209846541E+01 -0.9986574747E+00
  0.3219918560E-03  0.4209762556E+01 -0.9986432060E+00
  0.3253812440E-03  0.4209678571E+01 -0.9986289376E+00
  0.3287706319E-03  0.4209594586E+01 -0.9986146695E+00
  0.3321600199E-03  0.4209510602E+01 -0.9986004017E+00
  0.3355494079E-03  0.4209426618E+01 -0.9985861342E+00
  0.3389387958E-03  0.4209342635E+01 -0.9985718670E+00
  0.3423624200E-03  0.4209257804E+01 -0.9985574559E+00
  0.3458206263E-03  0.4209172117E+01 -0.9985428996E+00
  0.3493137639E-03  0.4209085565E+01 -0.9985281965E+00
  0.3528421858E-03  0.4208998139E+01 -0.9985133452E+00
  0.3564062483E-03  0.4208909831E+01 -0.9984983443E+00
  0.3600063114E-03  0.4208820631E+01 -0.9984831921E+00
  0.3636427388E-03  0.4208730531E+01 -0.9984678872E+00
  0.3673158977E-03  0.4208639521E+01 -0.9984524280E+00
  0.3710261593E-03  0.4208547593E+01 -0.9984368130E+00
  0.3747738983E-03  0.4208454737E+01 -0.9984210406E+00
  0.3785594932E-03  0.4208360943E+01 -0.9984051093E+00
  0.3823833265E-03  0.4208266203E+01 -0.9983890174E+00
  0.3862457844E-03  0.4208170506E+01 -0.9983727634E+00
  0.3901472569E-03  0.4208073844E+01 -0.9983563455E+00
  0.3940881383E-03  0.4207976206E+01 -0.9983397622E+00
  0.3980688266E-03  0.4207877582E+01 -0.9983230117E+00
  0.4020897238E-03  0.4207777963E+01 -0.9983060925E+00
  0.4061512362E-03  0.4207677339E+01 -0.9982890027E+00
  0.4102537739E-03  0.4207575699E+01 -0.9982717408E+00
  0.4143977514E-03  0.4207473033E+01 -0.9982543049E+00
  0.4185835873E-03  0.4207369331E+01 -0.9982366933E+00
  0.4228117043E-03  0.4207264582E+01 -0.9982189043E+00
  0.4270825296E-03  0.4207158776E+01 -0.9982009360E+00
  0.4313964946E-03  0.4207051902E+01 -0.9981827867E+00
  0.4357540349E-03  0.4206943950E+01 -0.9981644546E+00
  0.4401555908E-03  0.4206834908E+01 -0.9981459377E+00
  0.4446016069E-03  0.4206724766E+01 -0.9981272343E+00
  0.4490925322E-03  0.4206613513E+01 -0.9981083425E+00
  0.4536288204E-03  0.4206501136E+01 -0.9980892603E+00
  0.4582109297E-03  0.4206387626E+01 -0.9980699859E+00
  0.4628393230E-03  0.4206272970E+01 -0.9980505174E+00
  0.4675144676E-03  0.4206157157E+01 -0.9980308527E+00
  0.4722368360E-03  0.4206040175E+01 -0.9980109900E+00
  0.4770069051E-03  0.4205922013E+01 -0.9979909271E+00
  0.4818251566E-03  0.4205802658E+01 -0.9979706622E+00
  0.4866920774E-03  0.4205682099E+01 -0.9979501932E+00
  0.4916081590E-03  0.4205560324E+01 -0.9979295180E+00
  0.4965738980E-03  0.4205437320E+01 -0.9979086346E+00
  0.5015897959E-03  0.4205313075E+01 -0.9978875409E+00
  0.5066563595E-03  0.4205187576E+01 -0.9978662347E+00
  0.5117741005E-03  0.4205060811E+01 -0.9978447140E+00
  0.5169435359E-03  0.4204932766E+01 -0.9978229765E+00
  0.5221651878E-03  0.4204803430E+01 -0.9978010202E+00
  0.5274395836E-03  0.4204672789E+01 -0.9977788427E+00
  0.5327672562E-03  0.4204540830E+01 -0.9977564420E+00
  0.5381487436E-03  0.4204407540E+01 -0.9977338156E+00
  0.5435845895E-03  0.4204272905E+01 -0.9977109615E+00
  0.5490753429E-03  0.4204136912E+01 -0.9976878772E+00
  0.5546215585E-03  0.4203999546E+01 -0.9976645606E+00
  0.5602237965E-03  0.4203860795E+01 -0.9976410091E+00
  0.5658826227E-03  0.4203720644E+01 -0.9976172206E+00
  0.5715986088E-03  0.4203579080E+01 -0.9975931926E+00
  0.5773723321E-03  0.4203436087E+01 -0.9975689227E+00
  0.5832043759E-03  0.4203291652E+01 -0.9975444085E+00
  0.5890953291E-03  0.4203145760E+01 -0.9975196476E+00
  0.5950457870E-03  0.4202998397E+01 -0.9974946374E+00
  0.6010563505E-03  0.4202849547E+01 -0.9974693754E+00
  0.6071276268E-03  0.4202699195E+01 -0.9974438592E+00
  0.6132602291E-03  0.4202547327E+01 -0.9974180862E+00
  0.6194547769E-03  0.4202393928E+01 -0.9973920538E+00
  0.6257118958E-03  0.4202238981E+01 -0.9973657594E+00
  0.6320322180E-03  0.4202082471E+01 -0.9973392004E+00
  0.6384163818E-03  0.4201924383E+01 -0.9973123741E+00
  0.6448650321E-03  0.4201764701E+01 -0.9972852779E+00
  0.6513788203E-03  0.4201603409E+01 -0.9972579090E+00
  0.6579584044E-03  0.4201440489E+01 -0.9972302647E+00
  0.6646044489E-03  0.4201275927E+01 -0.9972023423E+00
  0.6713176251E-03  0.4201109706E+01 -0.9971741390E+00
  0.6780986112E-03  0.4200941808E+01 -0.9971456519E+00
  0.6849480921E-03  0.4200772217E+01 -0.9971168782E+00
  0.6918667597E-03  0.4200600917E+01 -0.9970878150E+00
  0.6988553129E-03  0.4200427889E+01 -0.9970584595E+00
  0.7059144575E-03  0.4200253116E+01 -0.9970288087E+00
  0.7130449065E-03  0.4200076582E+01 -0.9969988596E+00
  0.7202473803E-03  0.4199898267E+01 -0.9969686093E+00
  0.7275226064E-03  0.4199718155E+01 -0.9969380548E+00
  0.7348713196E-03  0.4199536227E+01 -0.9969071929E+00
  0.7422942622E-03  0.4199352465E+01 -0.9968760207E+00
  0.7497921840E-03  0.4199166851E+01 -0.9968445350E+00
  0.7573658425E-03  0.4198979365E+01 -0.9968127326E+00
  0.7650160025E-03  0.4198789990E+01 -0.9967806105E+00
  0.7727434369E-03  0.4198598706E+01 -0.9967481654E+00
  0.7805489261E-03  0.4198405493E+01 -0.9967153940E+00
  0.7884332587E-03  0.4198210334E+01 -0.9966822931E+00
  0.7963972310E-03  0.4198013207E+01 -0.9966488595E+00
  0.8044416475E-03  0.4197814094E+01 -0.9966150897E+00
  0.8125673207E-03  0.4197612974E+01 -0.9965809805E+00
  0.8207750714E-03  0.4197409827E+01 -0.9965465284E+00
  0.8290657287E-03  0.4197204633E+01 -0.9965117299E+00
  0.8374401300E-03  0.4196997371E+01 -0.9964765817E+00
  0.8458991212E-03  0.4196788021E+01 -0.9964410802E+00
  0.8544435568E-03  0.4196576562E+01 -0.9964052220E+00
  0.8630742998E-03  0.4196362972E+01 -0.9963690033E+00
  0.8717922220E-03  0.4196147230E+01 -0.9963324207E+00
  0.8805982040E-03  0.4195929314E+01 -0.9962954704E+00
  0.8894931354E-03  0.4195709203E+01 -0.9962581489E+00
  0.8984779145E-03  0.4195486875E+01 -0.9962204524E+00
  0.9075534490E-03  0.4195262307E+01 -0.9961823771E+00
  0.9167206556E-03  0.4195035477E+01 -0.9961439193E+00
  0.9259804602E-03  0.4194806363E+01 -0.9961050752E+00
  0.9353337982E-03  0.4194574941E+01 -0.9960658408E+00
  0.9447816143E-03  0.4194341187E+01 -0.9960262123E+00
  0.9543248629E-03  0.4194105080E+01 -0.9959861858E+00
  0.9639645080E-03  0.4193866595E+01 -0.9959457573E+00
  0.9737015233E-03  0.4193625709E+01 -0.9959049227E+00
  0.9835368922E-03  0.4193382397E+01 -0.9958636781E+00
  0.9934716083E-03  0.4193136635E+01 -0.9958220192E+00
  0.1003506675E-02  0.4192888399E+01 -0.9957799421E+00
  0.1013643106E-02  0.4192637663E+01 -0.9957374424E+00
  0.1023881925E-02  0.4192384403E+01 -0.9956945161E+00
  0.1034224167E-02  0.4192128594E+01 -0.9956511587E+00
  0.1044670876E-02  0.4191870210E+01 -0.9956073661E+00
  0.1055223107E-02  0.4191609225E+01 -0.9955631339E+00
  0.1065881926E-02  0.4191345613E+01 -0.9955184577E+00
  0.1076648410E-02  0.4191079348E+01 -0.9954733331E+00
  0.1087523647E-02  0.4190810404E+01 -0.9954277556E+00
  0.1098508734E-02  0.4190538753E+01 -0.9953817207E+00
  0.1109604782E-02  0.4190264369E+01 -0.9953352238E+00
  0.1120812911E-02  0.4189987224E+01 -0.9952882603E+00
  0.1132134253E-02  0.4189707290E+01 -0.9952408256E+00
  0.1143569953E-02  0.4189424534E+01 -0.9951929150E+00
  0.1155121165E-02  0.4189138931E+01 -0.9951445237E+00
  0.1166789055E-02  0.4188850455E+01 -0.9950956470E+00
  0.1178574803E-02  0.4188559078E+01 -0.9950462799E+00
  0.1190479599E-02  0.4188264769E+01 -0.9949964178E+00
  0.1202504646E-02  0.4187967501E+01 -0.9949460555E+00
  0.1214651157E-02  0.4187667242E+01 -0.9948951881E+00
  0.1226920361E-02  0.4187363965E+01 -0.9948438106E+00
  0.1239313496E-02  0.4187057638E+01 -0.9947919179E+00
  0.1251831814E-02  0.4186748230E+01 -0.9947395050E+00
  0.1264476580E-02  0.4186435712E+01 -0.9946865665E+00
  0.1277249070E-02  0.4186120053E+01 -0.9946330973E+00
  0.1290150576E-02  0.4185801220E+01 -0.9945790921E+00
  0.1303182400E-02  0.4185479183E+01 -0.9945245456E+00
  0.1316345859E-02  0.4185153909E+01 -0.9944694523E+00
  0.1329642282E-02  0.4184825366E+01 -0.9944138069E+00
  0.1343073012E-02  0.4184493522E+01 -0.9943576039E+00
  0.1356639406E-02  0.4184158343E+01 -0.9943008377E+00
  0.1370342834E-02  0.4183819797E+01 -0.9942435027E+00
  0.1384184681E-02  0.4183477850E+01 -0.9941855933E+00
  0.1398166344E-02  0.4183132468E+01 -0.9941271037E+00
  0.1412289237E-02  0.4182783618E+01 -0.9940680282E+00
  0.1426554785E-02  0.4182431264E+01 -0.9940083610E+00
  0.1440964429E-02  0.4182075371E+01 -0.9939480963E+00
  0.1455519625E-02  0.4181715905E+01 -0.9938872280E+00
  0.1470221844E-02  0.4181352830E+01 -0.9938257501E+00
  0.1485072569E-02  0.4180986111E+01 -0.9937636567E+00
  0.1500073302E-02  0.4180615710E+01 -0.9937009416E+00
  0.1515225558E-02  0.4180241592E+01 -0.9936375987E+00
  0.1530530867E-02  0.4179863720E+01 -0.9935736217E+00
  0.1545990774E-02  0.4179482056E+01 -0.9935090044E+00
  0.1561606843E-02  0.4179096563E+01 -0.9934437403E+00
  0.1577380649E-02  0.4178707202E+01 -0.9933778231E+00
  0.1593313787E-02  0.4178313937E+01 -0.9933112463E+00
  0.1609407866E-02  0.4177916727E+01 -0.9932440034E+00
  0.1625664511E-02  0.4177515534E+01 -0.9931760878E+00
  0.1642085364E-02  0.4177110318E+01 -0.9931074927E+00
  0.1658672085E-02  0.4176701040E+01 -0.9930382115E+00
  0.1675426349E-02  0.4176287660E+01 -0.9929682375E+00
  0.1692349847E-02  0.4175870136E+01 -0.9928975636E+00
  0.1709444290E-02  0.4175448428E+01 -0.9928261830E+00
  0.1726711404E-02  0.4175022495E+01 -0.9927540888E+00
  0.1744152934E-02  0.4174592295E+01 -0.9926812737E+00
  0.1761770640E-02  0.4174157786E+01 -0.9926077308E+00
  0.1779566303E-02  0.4173718925E+01 -0.9925334528E+00
  0.1797541720E-02  0.4173275670E+01 -0.9924584325E+00
  0.1815698707E-02  0.4172827977E+01 -0.9923826624E+00
  0.1834039098E-02  0.4172375802E+01 -0.9923061353E+00
  0.1852564746E-02  0.4171919101E+01 -0.9922288435E+00
  0.1871277521E-02  0.4171457831E+01 -0.9921507797E+00
  0.1890179314E-02  0.4170991945E+01 -0.9920719360E+00
  0.1909272034E-02  0.4170521398E+01 -0.9919923049E+00
  0.1928557610E-02  0.4170046146E+01 -0.9919118786E+00
  0.1948037990E-02  0.4169566140E+01 -0.9918306492E+00
  0.1967715142E-02  0.4169081336E+01 -0.9917486088E+00
  0.1987591052E-02  0.4168591685E+01 -0.9916657494E+00
  0.2007667730E-02  0.4168097141E+01 -0.9915820629E+00
  0.2027947202E-02  0.4167597655E+01 -0.9914975411E+00
  0.2048431517E-02  0.4167093179E+01 -0.9914121759E+00
  0.2069122744E-02  0.4166583664E+01 -0.9913259589E+00
  0.2090022974E-02  0.4166069061E+01 -0.9912388817E+00
  0.2111134317E-02  0.4165549320E+01 -0.9911509359E+00
  0.2132458906E-02  0.4165024391E+01 -0.9910621129E+00
  0.2153998895E-02  0.4164494224E+01 -0.9909724040E+00
  0.2175756460E-02  0.4163958766E+01 -0.9908818006E+00
  0.2197733798E-02  0.4163417968E+01 -0.9907902938E+00
  0.2219933129E-02  0.4162871775E+01 -0.9906978748E+00
  0.2242356696E-02  0.4162320138E+01 -0.9906045345E+00
  0.2265006764E-02  0.4161763001E+01 -0.9905102640E+00
  0.2287885620E-02  0.4161200312E+01 -0.9904150540E+00
  0.2310995576E-02  0.4160632017E+01 -0.9903188955E+00
  0.2334338965E-02  0.4160058061E+01 -0.9902217789E+00
  0.2357918147E-02  0.4159478390E+01 -0.9901236950E+00
  0.2381735502E-02  0.4158892948E+01 -0.9900246342E+00
  0.2405793436E-02  0.4158301679E+01 -0.9899245869E+00
  0.2430094380E-02  0.4157704528E+01 -0.9898235435E+00
  0.2454640788E-02  0.4157101436E+01 -0.9897214942E+00
  0.2479435139E-02  0.4156492348E+01 -0.9896184291E+00
  0.2504479939E-02  0.4155877204E+01 -0.9895143383E+00
  0.2529777716E-02  0.4155255947E+01 -0.9894092117E+00
  0.2555331026E-02  0.4154628518E+01 -0.9893030392E+00
  0.2581142450E-02  0.4153994857E+01 -0.9891958105E+00
  0.2607214596E-02  0.4153354904E+01 -0.9890875153E+00
  0.2633550097E-02  0.4152708600E+01 -0.9889781431E+00
  0.2660151614E-02  0.4152055883E+01 -0.9888676834E+00
  0.2687021832E-02  0.4151396692E+01 -0.9887561256E+00
  0.2714163467E-02  0.4150730964E+01 -0.9886434590E+00
  0.2741579259E-02  0.4150058638E+01 -0.9885296726E+00
  0.2769271979E-02  0.4149379650E+01 -0.9884147556E+00
  0.2797244423E-02  0.4148693937E+01 -0.9882986969E+00
  0.2825499417E-02  0.4148001435E+01 -0.9881814854E+00
  0.2854039815E-02  0.4147302079E+01 -0.9880631097E+00
  0.2882868500E-02  0.4146595804E+01 -0.9879435586E+00
  0.2911988384E-02  0.4145882545E+01 -0.9878228206E+00
  0.2941402408E-02  0.4145162234E+01 -0.9877008841E+00
  0.2971113544E-02  0.4144434806E+01 -0.9875777375E+00
  0.3001124792E-02  0.4143700194E+01 -0.9874533688E+00
  0.3031439184E-02  0.4142958328E+01 -0.9873277663E+00
  0.3062059781E-02  0.4142209142E+01 -0.9872009179E+00
  0.3092989678E-02  0.4141452565E+01 -0.9870728115E+00
  0.3124231998E-02  0.4140688530E+01 -0.9869434349E+00
  0.3155789897E-02  0.4139916964E+01 -0.9868127756E+00
  0.3187666563E-02  0.4139137799E+01 -0.9866808213E+00
  0.3219865215E-02  0.4138350963E+01 -0.9865475593E+00
  0.3252389106E-02  0.4137556384E+01 -0.9864129770E+00
  0.3285241521E-02  0.4136753990E+01 -0.9862770614E+00
  0.3318425779E-02  0.4135943708E+01 -0.9861397997E+00
  0.3351945231E-02  0.4135125466E+01 -0.9860011789E+00
  0.3385803264E-02  0.4134299188E+01 -0.9858611857E+00
  0.3420003297E-02  0.4133464801E+01 -0.9857198068E+00
  0.3454548785E-02  0.4132622230E+01 -0.9855770288E+00
  0.3489443217E-02  0.4131771399E+01 -0.9854328381E+00
  0.3524690118E-02  0.4130912232E+01 -0.9852872211E+00
  0.3560293049E-02  0.4130044652E+01 -0.9851401640E+00
  0.3596255605E-02  0.4129168583E+01 -0.9849916528E+00
  0.3632581419E-02  0.4128283947E+01 -0.9848416734E+00
  0.3669274160E-02  0.4127390665E+01 -0.9846902117E+00
  0.3706337536E-02  0.4126488659E+01 -0.9845372534E+00
  0.3743775289E-02  0.4125577848E+01 -0.9843827840E+00
  0.3781591201E-02  0.4124658155E+01 -0.9842267889E+00
  0.3819789092E-02  0.4123729497E+01 -0.9840692534E+00
  0.3858372820E-02  0.4122791794E+01 -0.9839101626E+00
  0.3897346283E-02  0.4121844964E+01 -0.9837495016E+00
  0.3936713417E-02  0.4120888926E+01 -0.9835872552E+00
  0.3976478199E-02  0.4119924797E+01 -0.9834234081E+00
  0.4016644645E-02  0.4118951789E+01 -0.9832579449E+00
  0.4057216813E-02  0.4117969389E+01 -0.9830908501E+00
  0.4098198801E-02  0.4116977513E+01 -0.9829221078E+00
  0.4139594749E-02  0.4115976081E+01 -0.9827517024E+00
  0.4181408837E-02  0.4114965171E+01 -0.9825796177E+00
  0.4223645290E-02  0.4113945811E+01 -0.9824058377E+00
  0.4266308374E-02  0.4112916700E+01 -0.9822303460E+00
  0.4309402398E-02  0.4111877755E+01 -0.9820531263E+00
  0.4352931715E-02  0.4110828894E+01 -0.9818741619E+00
  0.4396900722E-02  0.4109770033E+01 -0.9816934361E+00
  0.4441313861E-02  0.4108701089E+01 -0.9815109321E+00
  0.4486175617E-02  0.4107620336E+01 -0.9813266328E+00
  0.4531490522E-02  0.4106529227E+01 -0.9811405210E+00
  0.4577263154E-02  0.4105427718E+01 -0.9809525796E+00
  0.4623498135E-02  0.4104315719E+01 -0.9807627909E+00
  0.4670200136E-02  0.4103193145E+01 -0.9805711374E+00
  0.4717373875E-02  0.4102059908E+01 -0.9803776012E+00
  0.4765024116E-02  0.4100915919E+01 -0.9801821643E+00
  0.4813155673E-02  0.4099761092E+01 -0.9799848086E+00
  0.4861773407E-02  0.4098595337E+01 -0.9797855158E+00
  0.4910882230E-02  0.4097417027E+01 -0.9795842676E+00
  0.4960487101E-02  0.4096228049E+01 -0.9793810452E+00
  0.5010593031E-02  0.4095027834E+01 -0.9791758300E+00
  0.5061205082E-02  0.4093816291E+01 -0.9789686029E+00
  0.5112328365E-02  0.4092593328E+01 -0.9787593448E+00
  0.5163968046E-02  0.4091358856E+01 -0.9785480365E+00
  0.5216129339E-02  0.4090112783E+01 -0.9783346584E+00
  0.5268817514E-02  0.4088855016E+01 -0.9781191910E+00
  0.5322037893E-02  0.4087585464E+01 -0.9779016143E+00
  0.5375795852E-02  0.4086304036E+01 -0.9776819085E+00
  0.5430096820E-02  0.4085010639E+01 -0.9774600534E+00
  0.5484946283E-02  0.4083705181E+01 -0.9772360285E+00
  0.5540349781E-02  0.4082387569E+01 -0.9770098135E+00
  0.5596312910E-02  0.4081057713E+01 -0.9767813875E+00
  0.5652841323E-02  0.4079715518E+01 -0.9765507297E+00
  0.5709940730E-02  0.4078360893E+01 -0.9763178191E+00
  0.5767616899E-02  0.4076993745E+01 -0.9760826343E+00
  0.5825875656E-02  0.4075613983E+01 -0.9758451539E+00
  0.5884722885E-02  0.4074221513E+01 -0.9756053563E+00
  0.5944164530E-02  0.4072816244E+01 -0.9753632196E+00
  0.6004206596E-02  0.4071398084E+01 -0.9751187219E+00
  0.6064855147E-02  0.4069966941E+01 -0.9748718409E+00
  0.6126116310E-02  0.4068522722E+01 -0.9746225542E+00
  0.6187996273E-02  0.4067065338E+01 -0.9743708393E+00
  0.6250501286E-02  0.4065594695E+01 -0.9741166732E+00
  0.6313637663E-02  0.4064110366E+01 -0.9738600332E+00
  0.6377411780E-02  0.4062611497E+01 -0.9736008959E+00
  0.6441830081E-02  0.4061099040E+01 -0.9733392381E+00
  0.6506899072E-02  0.4059572902E+01 -0.9730750361E+00
  0.6572625325E-02  0.4058032992E+01 -0.9728082662E+00
  0.6639015480E-02  0.4056479219E+01 -0.9725389044E+00
  0.6706076242E-02  0.4054911494E+01 -0.9722669264E+00
  0.6773814386E-02  0.4053331193E+01 -0.9719923077E+00
  0.6842236754E-02  0.4051739222E+01 -0.9717150236E+00
  0.6911350256E-02  0.4050133182E+01 -0.9714350493E+00
  0.6981161875E-02  0.4048512991E+01 -0.9711523595E+00
  0.7051678662E-02  0.4046878564E+01 -0.9708669290E+00
  0.7122907739E-02  0.4045229821E+01 -0.9705787322E+00
  0.7194856302E-02  0.4043566679E+01 -0.9702877436E+00
  0.7267531618E-02  0.4041889060E+01 -0.9699939371E+00
  0.7340941029E-02  0.4040196885E+01 -0.9696972865E+00
  0.7415091948E-02  0.4038490074E+01 -0.9693977655E+00
  0.7489991867E-02  0.4036768552E+01 -0.9690953474E+00
  0.7565648350E-02  0.4035032244E+01 -0.9687900053E+00
  0.7642069041E-02  0.4033281074E+01 -0.9684817123E+00
  0.7719261657E-02  0.4031514970E+01 -0.9681704409E+00
  0.7797233997E-02  0.4029733860E+01 -0.9678561637E+00
  0.7875993937E-02  0.4027937674E+01 -0.9675388529E+00
  0.7955549431E-02  0.4026126345E+01 -0.9672184803E+00
  0.8035908516E-02  0.4024299804E+01 -0.9668950179E+00
  0.8117079309E-02  0.4022457986E+01 -0.9665684370E+00
  0.8199070009E-02  0.4020600829E+01 -0.9662387090E+00
  0.8281888898E-02  0.4018728269E+01 -0.9659058049E+00
  0.8365544342E-02  0.4016840248E+01 -0.9655696954E+00
  0.8450044790E-02  0.4014936700E+01 -0.9652303510E+00
  0.8535398777E-02  0.4013017361E+01 -0.9648877420E+00
  0.8621614927E-02  0.4011082383E+01 -0.9645418385E+00
  0.8708701946E-02  0.4009131717E+01 -0.9641926103E+00
  0.8796668632E-02  0.4007165311E+01 -0.9638400267E+00
  0.8885523871E-02  0.4005183120E+01 -0.9634840572E+00
  0.8975276638E-02  0.4003185098E+01 -0.9631246706E+00
  0.9065935997E-02  0.4001166648E+01 -0.9627618359E+00
  0.9157511109E-02  0.3999120183E+01 -0.9623955223E+00
  0.9250011221E-02  0.3997057161E+01 -0.9620256986E+00
  0.9343445678E-02  0.3994977532E+01 -0.9616523329E+00
  0.9437823917E-02  0.3992881248E+01 -0.9612753929E+00
  0.9533155471E-02  0.3990768264E+01 -0.9608948460E+00
  0.9629449971E-02  0.3988638538E+01 -0.9605106595E+00
  0.9726717143E-02  0.3986492028E+01 -0.9601228003E+00
  0.9824966811E-02  0.3984328700E+01 -0.9597312351E+00
  0.9924208900E-02  0.3982148518E+01 -0.9593359302E+00
  0.1002445343E-01  0.3979951453E+01 -0.9589368517E+00
  0.1012571054E-01  0.3977737475E+01 -0.9585339654E+00
  0.1022799044E-01  0.3975509082E+01 -0.9581272368E+00
  0.1033130348E-01  0.3973267832E+01 -0.9577166306E+00
  0.1043566008E-01  0.3971009642E+01 -0.9573021117E+00
  0.1054107079E-01  0.3968734486E+01 -0.9568836447E+00
  0.1064754625E-01  0.3966444848E+01 -0.9564611938E+00
  0.1075509722E-01  0.3964151299E+01 -0.9560347221E+00
  0.1086373457E-01  0.3961840697E+01 -0.9556041927E+00
  0.1097346926E-01  0.3959494789E+01 -0.9551695701E+00
  0.1108431238E-01  0.3957131833E+01 -0.9547308183E+00
  0.1119627514E-01  0.3954750826E+01 -0.9542879002E+00
  0.1130936882E-01  0.3952329846E+01 -0.9538407797E+00
  0.1142360487E-01  0.3949885888E+01 -0.9533894208E+00
  0.1153899482E-01  0.3947423929E+01 -0.9529337857E+00
  0.1165555032E-01  0.3944943964E+01 -0.9524738362E+00
  0.1177328316E-01  0.3942445989E+01 -0.9520095339E+00
  0.1189220521E-01  0.3939930005E+01 -0.9515408397E+00
  0.1201232849E-01  0.3937396016E+01 -0.9510677146E+00
  0.1213366514E-01  0.3934844031E+01 -0.9505901189E+00
  0.1225622742E-01  0.3932274060E+01 -0.9501080130E+00
  0.1238002770E-01  0.3929686121E+01 -0.9496213566E+00
  0.1250507848E-01  0.3927080232E+01 -0.9491301092E+00
  0.1263139240E-01  0.3924456416E+01 -0.9486342300E+00
  0.1275898223E-01  0.3921814700E+01 -0.9481336778E+00
  0.1288786083E-01  0.3919209714E+01 -0.9476284076E+00
  0.1301804125E-01  0.3916588950E+01 -0.9471183739E+00
  0.1314953661E-01  0.3913943402E+01 -0.9466035345E+00
  0.1328236022E-01  0.3911258431E+01 -0.9460838488E+00
  0.1341652547E-01  0.3908556568E+01 -0.9455592750E+00
  0.1355204593E-01  0.3905837875E+01 -0.9450297699E+00
  0.1368893528E-01  0.3903102421E+01 -0.9444952895E+00
  0.1382720736E-01  0.3900350276E+01 -0.9439557897E+00
  0.1396687612E-01  0.3897581515E+01 -0.9434112260E+00
  0.1410795567E-01  0.3894796214E+01 -0.9428615534E+00
  0.1425046028E-01  0.3891994454E+01 -0.9423067266E+00
  0.1439440432E-01  0.3889176318E+01 -0.9417467000E+00
  0.1453980234E-01  0.3886341894E+01 -0.9411814275E+00
  0.1468666903E-01  0.3883510378E+01 -0.9406108613E+00
  0.1483501923E-01  0.3880690049E+01 -0.9400349510E+00
  0.1498486790E-01  0.3877854848E+01 -0.9394536471E+00
  0.1513623021E-01  0.3875004875E+01 -0.9388669018E+00
  0.1528912142E-01  0.3872140227E+01 -0.9382746666E+00
  0.1544355699E-01  0.3869261005E+01 -0.9376768927E+00
  0.1559955252E-01  0.3866353671E+01 -0.9370735321E+00
  0.1575712375E-01  0.3863397465E+01 -0.9364645388E+00
  0.1591628662E-01  0.3860425712E+01 -0.9358498659E+00
  0.1607705719E-01  0.3857438492E+01 -0.9352294632E+00
  0.1623945171E-01  0.3854435879E+01 -0.9346032801E+00
  0.1640348657E-01  0.3851430964E+01 -0.9339712647E+00
  0.1656917836E-01  0.3848448615E+01 -0.9333333613E+00
  0.1673654380E-01  0.3845491166E+01 -0.9326895115E+00
  0.1690559979E-01  0.3842584724E+01 -0.9320396539E+00
  0.1707636343E-01  0.3839668010E+01 -0.9313837292E+00
  0.1724885195E-01  0.3836741137E+01 -0.9307216829E+00
  0.1742308278E-01  0.3833804207E+01 -0.9300534602E+00
  0.1759907351E-01  0.3830857310E+01 -0.9293790055E+00
  0.1777684193E-01  0.3827900525E+01 -0.9286982629E+00
  0.1795640599E-01  0.3824918176E+01 -0.9280111773E+00
  0.1813778383E-01  0.3821915687E+01 -0.9273176942E+00
  0.1832099377E-01  0.3818939382E+01 -0.9266177539E+00
  0.1850605431E-01  0.3815952976E+01 -0.9259112952E+00
  0.1869298415E-01  0.3812956451E+01 -0.9251982598E+00
  0.1888180217E-01  0.3809949771E+01 -0.9244785888E+00
  0.1907252745E-01  0.3806932879E+01 -0.9237522227E+00
  0.1926517924E-01  0.3803905696E+01 -0.9230191019E+00
  0.1945977701E-01  0.3800868121E+01 -0.9222791659E+00
  0.1965634041E-01  0.3797820028E+01 -0.9215323539E+00
  0.1985488931E-01  0.3794761263E+01 -0.9207786046E+00
  0.2005544374E-01  0.3791691647E+01 -0.9200178562E+00
  0.2025802398E-01  0.3788610970E+01 -0.9192500464E+00
  0.2046265049E-01  0.3785513372E+01 -0.9184751131E+00
  0.2066934393E-01  0.3782389203E+01 -0.9176929952E+00
  0.2087812518E-01  0.3779252840E+01 -0.9169036307E+00
  0.2108901533E-01  0.3776139032E+01 -0.9161069518E+00
  0.2130203569E-01  0.3773118359E+01 -0.9153028790E+00
  0.2151720777E-01  0.3769963220E+01 -0.9144913488E+00
  0.2173455330E-01  0.3766866939E+01 -0.9136723006E+00
  0.2195409424E-01  0.3763758266E+01 -0.9128456603E+00
  0.2217585277E-01  0.3760648538E+01 -0.9120113596E+00
  0.2239985128E-01  0.3757495535E+01 -0.9111693331E+00
  0.2262611241E-01  0.3754310828E+01 -0.9103195182E+00
  0.2285465900E-01  0.3751079162E+01 -0.9094618526E+00
  0.2308551414E-01  0.3747756068E+01 -0.9085962802E+00
  0.2331870115E-01  0.3744477654E+01 -0.9077227344E+00
  0.2355424359E-01  0.3741169913E+01 -0.9068411406E+00
  0.2379216524E-01  0.3737753392E+01 -0.9059514417E+00
  0.2403249014E-01  0.3734261671E+01 -0.9050535861E+00
  0.2427524257E-01  0.3730741004E+01 -0.9041475123E+00
  0.2452044704E-01  0.3727190285E+01 -0.9032331533E+00
  0.2476812832E-01  0.3723608365E+01 -0.9023104416E+00
  0.2501831143E-01  0.3719994056E+01 -0.9013793098E+00
  0.2527102165E-01  0.3716392635E+01 -0.9004396843E+00
  0.2552628449E-01  0.3712761598E+01 -0.8994914908E+00
  0.2578412575E-01  0.3709099151E+01 -0.8985346598E+00
  0.2604457147E-01  0.3705410992E+01 -0.8975691211E+00
  0.2630764795E-01  0.3701685968E+01 -0.8965948046E+00
  0.2657338176E-01  0.3697922683E+01 -0.8956116415E+00
  0.2684179976E-01  0.3694119705E+01 -0.8946195629E+00
  0.2711292905E-01  0.3690257376E+01 -0.8936185025E+00
  0.2738679702E-01  0.3686230140E+01 -0.8926084106E+00
  0.2766343134E-01  0.3682158687E+01 -0.8915892360E+00
  0.2794285993E-01  0.3678041727E+01 -0.8905609108E+00
  0.2822511105E-01  0.3673877956E+01 -0.8895233670E+00
  0.2851021318E-01  0.3669666058E+01 -0.8884765370E+00
  0.2879819513E-01  0.3665404707E+01 -0.8874203530E+00
  0.2908908599E-01  0.3661092570E+01 -0.8863547475E+00
  0.2938291514E-01  0.3656831562E+01 -0.8852796377E+00
  0.2967971226E-01  0.3652668887E+01 -0.8841949184E+00
  0.2997950734E-01  0.3648457594E+01 -0.8831004975E+00
  0.3028233064E-01  0.3644310816E+01 -0.8819962874E+00
  0.3058821277E-01  0.3640174185E+01 -0.8808821905E+00
  0.3089718462E-01  0.3635876241E+01 -0.8797581432E+00
  0.3120927739E-01  0.3631707623E+01 -0.8786240629E+00
  0.3152452262E-01  0.3627561445E+01 -0.8774798380E+00
  0.3184295214E-01  0.3623361716E+01 -0.8763253840E+00
  0.3216459812E-01  0.3619106943E+01 -0.8751606285E+00
  0.3248949305E-01  0.3614795669E+01 -0.8739854994E+00
  0.3281766975E-01  0.3610426477E+01 -0.8727999246E+00
  0.3314916136E-01  0.3605997998E+01 -0.8716038325E+00
  0.3348400137E-01  0.3601485669E+01 -0.8703971555E+00
  0.3382222361E-01  0.3596863814E+01 -0.8691798346E+00
  0.3416386223E-01  0.3592181209E+01 -0.8679518069E+00
  0.3450895175E-01  0.3587436975E+01 -0.8667130014E+00
  0.3485752702E-01  0.3582630307E+01 -0.8654633473E+00
  0.3520962325E-01  0.3577760477E+01 -0.8642027740E+00
  0.3556527601E-01  0.3572573757E+01 -0.8629312560E+00
  0.3592452122E-01  0.3567251297E+01 -0.8616487820E+00
  0.3628739518E-01  0.3561856918E+01 -0.8603552982E+00
  0.3665393452E-01  0.3556390204E+01 -0.8590507393E+00
  0.3702417628E-01  0.3550850840E+01 -0.8577350406E+00
  0.3739815786E-01  0.3545238613E+01 -0.8564081372E+00
  0.3777591703E-01  0.3539553414E+01 -0.8550699647E+00
  0.3815749195E-01  0.3533769675E+01 -0.8537204633E+00
  0.3854292116E-01  0.3527902033E+01 -0.8523595760E+00
  0.3893224360E-01  0.3522127282E+01 -0.8509872087E+00
  0.3932549859E-01  0.3516265904E+01 -0.8496032671E+00
  0.3972272585E-01  0.3510338242E+01 -0.8482076878E+00
  0.4012396550E-01  0.3504344799E+01 -0.8468004033E+00
  0.4052925808E-01  0.3498236298E+01 -0.8453813562E+00
  0.4093864453E-01  0.3492051882E+01 -0.8439504916E+00
  0.4135216619E-01  0.3485839811E+01 -0.8425077369E+00
  0.4176986484E-01  0.3479563262E+01 -0.8410530172E+00
  0.4219178266E-01  0.3473216112E+01 -0.8395862664E+00
  0.4261796229E-01  0.3466839525E+01 -0.8381074113E+00
  0.4304844675E-01  0.3460496066E+01 -0.8366163561E+00
  0.4348327955E-01  0.3454095699E+01 -0.8351130104E+00
  0.4392250460E-01  0.3447282215E+01 -0.8335973814E+00
  0.4436616626E-01  0.3439937955E+01 -0.8320695836E+00
  0.4481430935E-01  0.3432500225E+01 -0.8305296658E+00
  0.4526697914E-01  0.3424988689E+01 -0.8289775768E+00
  0.4572422136E-01  0.3417167261E+01 -0.8274133155E+00
  0.4618608218E-01  0.3409194937E+01 -0.8258369009E+00
  0.4665260826E-01  0.3401149604E+01 -0.8242482992E+00
  0.4712384673E-01  0.3393141323E+01 -0.8226474336E+00
  0.4759984518E-01  0.3385347582E+01 -0.8210341584E+00
  0.4808065170E-01  0.3377886216E+01 -0.8194082550E+00
  0.4856631485E-01  0.3370295533E+01 -0.8177695834E+00
  0.4905688368E-01  0.3362647490E+01 -0.8161180974E+00
  0.4955240776E-01  0.3354942880E+01 -0.8144537335E+00
  0.5005293713E-01  0.3347029887E+01 -0.8127764664E+00
  0.5055852235E-01  0.3338971244E+01 -0.8110862947E+00
  0.5106921450E-01  0.3330920690E+01 -0.8093831640E+00
  0.5158506515E-01  0.3323070484E+01 -0.8076669312E+00
  0.5210612641E-01  0.3315216172E+01 -0.8059374541E+00
  0.5263245092E-01  0.3307767836E+01 -0.8041945347E+00
  0.5316409184E-01  0.3300640521E+01 -0.8024378846E+00
  0.5370110287E-01  0.3293520755E+01 -0.8006673159E+00
  0.5424353825E-01  0.3286451432E+01 -0.7988827111E+00
  0.5479145278E-01  0.3278938347E+01 -0.7970840748E+00
  0.5534490180E-01  0.3271317575E+01 -0.7952714585E+00
  0.5590394121E-01  0.3263650163E+01 -0.7934448062E+00
  0.5646862749E-01  0.3255937252E+01 -0.7916040455E+00
  0.5703901766E-01  0.3248179846E+01 -0.7897491032E+00
  0.5761516936E-01  0.3240378788E+01 -0.7878799062E+00
  0.5819714076E-01  0.3232597714E+01 -0.7859963626E+00
  0.5878499067E-01  0.3225626689E+01 -0.7840981293E+00
  0.5937877846E-01  0.3219138481E+01 -0.7821847178E+00
  0.5997856410E-01  0.3212873146E+01 -0.7802558037E+00
  0.6058440818E-01  0.3206053919E+01 -0.7783113692E+00
  0.6119637190E-01  0.3199249762E+01 -0.7763514625E+00
  0.6181451707E-01  0.3192407533E+01 -0.7743759765E+00
  0.6243890613E-01  0.3186060340E+01 -0.7723846537E+00
  0.6306960215E-01  0.3179736279E+01 -0.7703772124E+00
  0.6370666884E-01  0.3173544491E+01 -0.7683534806E+00
  0.6435017054E-01  0.3167453273E+01 -0.7663132592E+00
  0.6500017227E-01  0.3161321961E+01 -0.7642564018E+00
  0.6565673966E-01  0.3154956914E+01 -0.7621828704E+00
  0.6631993905E-01  0.3147742168E+01 -0.7600928973E+00
  0.6698983743E-01  0.3140487184E+01 -0.7579866600E+00
  0.6766650245E-01  0.3133180133E+01 -0.7558640744E+00
  0.6835000248E-01  0.3125831439E+01 -0.7537250571E+00
  0.6904040654E-01  0.3118435861E+01 -0.7515695233E+00
  0.6973778439E-01  0.3110987693E+01 -0.7493973923E+00
  0.7044220645E-01  0.3103480754E+01 -0.7472085880E+00
  0.7115374389E-01  0.3095908369E+01 -0.7450030393E+00
  0.7187246858E-01  0.3088561834E+01 -0.7427805736E+00
  0.7259845311E-01  0.3081357517E+01 -0.7405409405E+00
  0.7333177082E-01  0.3074071259E+01 -0.7382839981E+00
  0.7407249577E-01  0.3066690016E+01 -0.7360096905E+00
  0.7482070280E-01  0.3059199831E+01 -0.7337179736E+00
  0.7557646748E-01  0.3051435669E+01 -0.7314088724E+00
  0.7633986614E-01  0.3043445675E+01 -0.7290824602E+00
  0.7711097590E-01  0.3035748077E+01 -0.7267385974E+00
  0.7788987464E-01  0.3027903032E+01 -0.7243771123E+00
  0.7867664105E-01  0.3019803289E+01 -0.7219980462E+00
  0.7947135460E-01  0.3011460933E+01 -0.7196014825E+00
  0.8027409556E-01  0.3002313548E+01 -0.7171877310E+00
  0.8108494501E-01  0.2992501699E+01 -0.7147572847E+00
  0.8190398485E-01  0.2982401655E+01 -0.7123104427E+00
  0.8273129783E-01  0.2970729302E+01 -0.7098478914E+00
  0.8356696751E-01  0.2958682037E+01 -0.7073703768E+00
  0.8441107829E-01  0.2945642149E+01 -0.7048784250E+00
  0.8526371544E-01  0.2932515959E+01 -0.7023724570E+00
  0.8612496510E-01  0.2919048749E+01 -0.6998526279E+00
  0.8699491424E-01  0.2905235357E+01 -0.6973192124E+00
  0.8787365075E-01  0.2891072079E+01 -0.6947724990E+00
  0.8876126338E-01  0.2876543579E+01 -0.6922127947E+00
  0.8965784180E-01  0.2861661944E+01 -0.6896404191E+00
  0.9056347656E-01  0.2846433751E+01 -0.6870556941E+00
  0.9147825915E-01  0.2831227808E+01 -0.6844587812E+00
  0.9240228197E-01  0.2816418922E+01 -0.6818495039E+00
  0.9333563836E-01  0.2801090586E+01 -0.6792279348E+00
  0.9427842258E-01  0.2785753723E+01 -0.6765943404E+00
  0.9523072988E-01  0.2771198110E+01 -0.6739483775E+00
  0.9619265645E-01  0.2757779130E+01 -0.6712891425E+00
  0.9716429944E-01  0.2745265785E+01 -0.6686156450E+00
  0.9814575701E-01  0.2732725134E+01 -0.6659274371E+00
  0.9913712829E-01  0.2720152538E+01 -0.6632245240E+00
  0.1001385134E+00  0.2708126374E+01 -0.6605066251E+00
  0.1011500136E+00  0.2697320724E+01 -0.6577728198E+00
  0.1021717309E+00  0.2686735072E+01 -0.6550223283E+00
  0.1032037686E+00  0.2676365282E+01 -0.6522548675E+00
  0.1042462309E+00  0.2665276528E+01 -0.6494706374E+00
  0.1052992231E+00  0.2654631694E+01 -0.6466697263E+00
  0.1063628516E+00  0.2645737712E+01 -0.6438509143E+00
  0.1074372239E+00  0.2637679814E+01 -0.6410127358E+00
  0.1085224483E+00  0.2631926807E+01 -0.6381533827E+00
  0.1096186347E+00  0.2627204478E+01 -0.6352708887E+00
  0.1107258936E+00  0.2623349810E+01 -0.6323640272E+00
  0.1118443370E+00  0.2620038633E+01 -0.6294318106E+00
  0.1129740778E+00  0.2619031255E+01 -0.6264724152E+00
  0.1141152301E+00  0.2619361349E+01 -0.6234835133E+00
  0.1152679092E+00  0.2620497099E+01 -0.6204635757E+00
  0.1164322315E+00  0.2622384067E+01 -0.6174113739E+00
  0.1176083146E+00  0.2625120757E+01 -0.6143256229E+00
  0.1187962774E+00  0.2629517327E+01 -0.6112044657E+00
  0.1199962398E+00  0.2633293966E+01 -0.6080468779E+00
  0.1212083230E+00  0.2635529983E+01 -0.6048537513E+00
  0.1224326495E+00  0.2638571109E+01 -0.6016251404E+00
  0.1236693429E+00  0.2641676212E+01 -0.5983601169E+00
  0.1249185282E+00  0.2642270741E+01 -0.5950598025E+00
  0.1261803315E+00  0.2642962951E+01 -0.5917253398E+00
  0.1274548803E+00  0.2643429896E+01 -0.5883564569E+00
  0.1287423034E+00  0.2643704199E+01 -0.5849530678E+00
  0.1300427307E+00  0.2645086923E+01 -0.5815142236E+00
  0.1313562936E+00  0.2646377919E+01 -0.5780388876E+00
  0.1326831249E+00  0.2647101106E+01 -0.5745271109E+00
  0.1340233585E+00  0.2648589792E+01 -0.5709783795E+00
  0.1353771298E+00  0.2651073688E+01 -0.5673911133E+00
  0.1367445755E+00  0.2653871472E+01 -0.5637640010E+00
  0.1381258338E+00  0.2657578517E+01 -0.5600957587E+00
  0.1395210443E+00  0.2661139374E+01 -0.5563853933E+00
  0.1409303478E+00  0.2663980493E+01 -0.5526330383E+00
  0.1423538866E+00  0.2663128499E+01 -0.5488413650E+00
  0.1437918047E+00  0.2658975704E+01 -0.5450149902E+00
  0.1452442472E+00  0.2653697183E+01 -0.5411568143E+00
  0.1467113608E+00  0.2647439840E+01 -0.5372681291E+00
  0.1481932937E+00  0.2639547971E+01 -0.5333506485E+00
  0.1496901957E+00  0.2631279682E+01 -0.5294056923E+00
  0.1512022178E+00  0.2621597742E+01 -0.5254344588E+00
  0.1527295130E+00  0.2610275854E+01 -0.5214391512E+00
  0.1542722353E+00  0.2597611476E+01 -0.5174219891E+00
  0.1558305407E+00  0.2583907491E+01 -0.5133847946E+00
  0.1574045866E+00  0.2569169957E+01 -0.5093292045E+00
  0.1589945319E+00  0.2554128564E+01 -0.5052563222E+00
  0.1606005373E+00  0.2540243088E+01 -0.5011655281E+00
  0.1622227649E+00  0.2528434136E+01 -0.4970542540E+00
  0.1638613787E+00  0.2517865917E+01 -0.4929197855E+00
  0.1655165442E+00  0.2505432682E+01 -0.4887625904E+00
  0.1671884284E+00  0.2493961618E+01 -0.4845833860E+00
  0.1688772004E+00  0.2484073521E+01 -0.4803800028E+00
  0.1705830308E+00  0.2474834188E+01 -0.4761504753E+00
  0.1723060917E+00  0.2467180248E+01 -0.4718927794E+00
  0.1740465572E+00  0.2461191435E+01 -0.4676039487E+00
  0.1758046033E+00  0.2455962834E+01 -0.4632816570E+00
  0.1775804074E+00  0.2448148464E+01 -0.4589272865E+00
  0.1793741488E+00  0.2435923883E+01 -0.4545469049E+00
  0.1811860089E+00  0.2421029933E+01 -0.4501468446E+00
  0.1830161706E+00  0.2404537858E+01 -0.4457310599E+00
  0.1848648188E+00  0.2386319258E+01 -0.4413027552E+00
  0.1867321402E+00  0.2365641888E+01 -0.4368660358E+00
  0.1886183235E+00  0.2341998683E+01 -0.4324262995E+00
  0.1905235591E+00  0.2315426214E+01 -0.4279895536E+00
  0.1924480394E+00  0.2288687721E+01 -0.4235592901E+00
  0.1943919590E+00  0.2262374552E+01 -0.4191358406E+00
  0.1963555142E+00  0.2237018841E+01 -0.4147184371E+00
  0.1983389032E+00  0.2211453984E+01 -0.4103069109E+00
  0.2003423265E+00  0.2184626339E+01 -0.4059033062E+00
  0.2023659863E+00  0.2157155728E+01 -0.4015101611E+00
  0.2044100872E+00  0.2127292174E+01 -0.3971312393E+00
  0.2064748356E+00  0.2097281536E+01 -0.3927698984E+00
  0.2085604400E+00  0.2067144616E+01 -0.3884272257E+00
  0.2106671111E+00  0.2037791932E+01 -0.3841033501E+00
  0.2127950617E+00  0.2011508440E+01 -0.3797949945E+00
  0.2149445068E+00  0.1989905161E+01 -0.3754945851E+00
  0.2171156634E+00  0.1970870574E+01 -0.3711948528E+00
  0.2193087509E+00  0.1951264532E+01 -0.3668940601E+00
  0.2215239908E+00  0.1934279718E+01 -0.3625903537E+00
  0.2237616069E+00  0.1920014178E+01 -0.3582781388E+00
  0.2260218251E+00  0.1906161686E+01 -0.3539541425E+00
  0.2283048739E+00  0.1892380763E+01 -0.3496180137E+00
  0.2306109837E+00  0.1880715732E+01 -0.3452674263E+00
  0.2329403876E+00  0.1872847160E+01 -0.3408956443E+00
  0.2352933208E+00  0.1859069922E+01 -0.3365051685E+00
  0.2376700210E+00  0.1843732494E+01 -0.3321049428E+00
  0.2400707283E+00  0.1829146755E+01 -0.3276961888E+00
  0.2424956851E+00  0.1817536131E+01 -0.3232746645E+00
  0.2449451365E+00  0.1808357915E+01 -0.3188339390E+00
  0.2474193298E+00  0.1796479341E+01 -0.3143744069E+00
  0.2499185149E+00  0.1787927287E+01 -0.3098953590E+00
  0.2524429444E+00  0.1780072590E+01 -0.3053917770E+00
  0.2549928731E+00  0.1771463799E+01 -0.3008636947E+00
  0.2575685587E+00  0.1761674355E+01 -0.2963135681E+00
  0.2601702613E+00  0.1751353145E+01 -0.2917436417E+00
  0.2627982438E+00  0.1742019069E+01 -0.2871533813E+00
  0.2654527715E+00  0.1740834315E+01 -0.2825307159E+00
  0.2681341126E+00  0.1743231167E+01 -0.2778597319E+00
  0.2708425380E+00  0.1746060246E+01 -0.2731344892E+00
  0.2735783212E+00  0.1746472630E+01 -0.2683570828E+00
  0.2763417386E+00  0.1743338306E+01 -0.2635351806E+00
  0.2791330693E+00  0.1735537481E+01 -0.2586798343E+00
  0.2819525952E+00  0.1722478285E+01 -0.2538048517E+00
  0.2848006012E+00  0.1695868792E+01 -0.2489371152E+00
  0.2876773750E+00  0.1664898184E+01 -0.2441030320E+00
  0.2905832071E+00  0.1632673873E+01 -0.2393119367E+00
  0.2935183910E+00  0.1595434164E+01 -0.2345743913E+00
  0.2964832232E+00  0.1559179453E+01 -0.2298979413E+00
  0.2994780032E+00  0.1526037914E+01 -0.2252781676E+00
  0.3025030336E+00  0.1493002349E+01 -0.2207118234E+00
  0.3055586198E+00  0.1457819604E+01 -0.2162035780E+00
  0.3086450705E+00  0.1419791467E+01 -0.2117627756E+00
  0.3117626974E+00  0.1377201430E+01 -0.2074027854E+00
  0.3149118156E+00  0.1330114725E+01 -0.2031399562E+00
  0.3180927430E+00  0.1286175880E+01 -0.1989788409E+00
  0.3213058010E+00  0.1243486915E+01 -0.1949148642E+00
  0.3245513142E+00  0.1203974439E+01 -0.1909432302E+00
  0.3278296103E+00  0.1167980916E+01 -0.1870552442E+00
  0.3311410205E+00  0.1132040207E+01 -0.1832470875E+00
  0.3344858793E+00  0.1095498022E+01 -0.1795216871E+00
  0.3378645245E+00  0.1056759186E+01 -0.1758858303E+00
  0.3412772975E+00  0.1017772777E+01 -0.1723458770E+00
  0.3447245429E+00  0.9799647748E+00 -0.1689025312E+00
  0.3482066090E+00  0.9452463556E+00 -0.1655506750E+00
  0.3517238475E+00  0.9130594206E+00 -0.1622826227E+00
  0.3552766136E+00  0.8824958777E+00 -0.1590930287E+00
  0.3588652663E+00  0.8637592135E+00 -0.1559596772E+00
  0.3624901680E+00  0.8550475768E+00 -0.1528444244E+00
  0.3661516848E+00  0.8515230370E+00 -0.1497201058E+00
  0.3698501867E+00  0.8499832290E+00 -0.1465735938E+00
  0.3735860472E+00  0.8487908521E+00 -0.1434004023E+00
  0.3773596436E+00  0.8624725567E+00 -0.1401715936E+00
  0.3811713572E+00  0.8753046604E+00 -0.1368596391E+00
  0.3850215729E+00  0.8864732534E+00 -0.1334680266E+00
  0.3889106797E+00  0.8883820703E+00 -0.1300167256E+00
  0.3928390704E+00  0.8805726407E+00 -0.1265421530E+00
  0.3968071418E+00  0.8719132189E+00 -0.1230651585E+00
  0.4008152948E+00  0.8674638674E+00 -0.1195793138E+00
  0.4048639341E+00  0.8702979436E+00 -0.1160615283E+00
  0.4089534688E+00  0.8811898400E+00 -0.1124801433E+00
  0.4130843119E+00  0.9035520193E+00 -0.1087938990E+00
  0.4172568807E+00  0.9251270011E+00 -0.1049787545E+00
  0.4214715967E+00  0.9430111751E+00 -0.1010419186E+00
  0.4257288855E+00  0.9636271695E+00 -0.9698336350E-01
  0.4300291773E+00  0.9919564662E+00 -0.9277857339E-01
  0.4343729064E+00  0.1024211977E+01 -0.8839972866E-01
  0.4387605115E+00  0.1056857093E+01 -0.8383427401E-01
  0.4431924359E+00  0.1087323998E+01 -0.7908284980E-01
  0.4476691271E+00  0.1116207498E+01 -0.7415058470E-01
  0.4521910375E+00  0.1134327553E+01 -0.6906222580E-01
  0.4567586237E+00  0.1151397850E+01 -0.6384210185E-01
  0.4613723472E+00  0.1167140643E+01 -0.5849355412E-01
  0.4660326740E+00  0.1185985440E+01 -0.5301038592E-01
  0.4707400747E+00  0.1205930286E+01 -0.4738053298E-01
  0.4754950250E+00  0.1225836165E+01 -0.4159906873E-01
  0.4802980050E+00  0.1243021812E+01 -0.3567013093E-01
  0.4851495000E+00  0.1252328148E+01 -0.2961704200E-01
  0.4900500000E+00  0.1258096387E+01 -0.2346587428E-01
  0.4950000000E+00  0.1261744334E+01 -0.1722926850E-01
  0.5000000000E+00  0.1264680405E+01 -0.1091277150E-01
  0.5050000000E+00  0.1268510172E+01 -0.4579795062E-02
  0.5099500000E+00  0.1267920513E+01  0.1697870885E-02
  0.5148505000E+00  0.1260529576E+01  0.7893205716E-02
  0.5197019950E+00  0.1249081242E+01  0.1398088788E-01
  0.5245049750E+00  0.1237427552E+01  0.1995221395E-01
  0.5292599253E+00  0.1226460758E+01  0.2581004712E-01
  0.5339673260E+00  0.1214537251E+01  0.3155542504E-01
  0.5386276528E+00  0.1202914250E+01  0.3718848198E-01
  0.5432413763E+00  0.1200009736E+01  0.4273169537E-01
  0.5478089625E+00  0.1203474946E+01  0.4822075715E-01
  0.5523308729E+00  0.1210837775E+01  0.5367941002E-01
  0.5568075641E+00  0.1215796160E+01  0.5911105550E-01
  0.5612394885E+00  0.1218738068E+01  0.6450589127E-01
  0.5656270936E+00  0.1211217129E+01  0.6983673320E-01
  0.5699708227E+00  0.1203405049E+01  0.7508096546E-01
  0.5742711145E+00  0.1194936890E+01  0.8023775052E-01
  0.5785284033E+00  0.1191952406E+01  0.8531858911E-01
  0.5827431193E+00  0.1192697586E+01  0.9034390031E-01
  0.5869156881E+00  0.1194230104E+01  0.9532371032E-01
  0.5910465312E+00  0.1186636149E+01  0.1002412028E+00
  0.5951360659E+00  0.1174950517E+01  0.1050700981E+00
  0.5991847052E+00  0.1165345931E+01  0.1098076062E+00
  0.6031928582E+00  0.1158806808E+01  0.1144653861E+00
  0.6071609296E+00  0.1162335927E+01  0.1190706161E+00
  0.6110893203E+00  0.1169156825E+01  0.1236501234E+00
  0.6149784271E+00  0.1171782983E+01  0.1282022058E+00
  0.6188286428E+00  0.1172895241E+01  0.1327159643E+00
  0.6226403564E+00  0.1171234506E+01  0.1371835399E+00
  0.6264139528E+00  0.1170564937E+01  0.1416020429E+00
  0.6301498133E+00  0.1168984533E+01  0.1459721581E+00
  0.6338483152E+00  0.1172025474E+01  0.1503012731E+00
  0.6375098320E+00  0.1165497391E+01  0.1545807127E+00
  0.6411347337E+00  0.1155758061E+01  0.1587878741E+00
  0.6447233864E+00  0.1146360545E+01  0.1629186262E+00
  0.6482761525E+00  0.1135806384E+01  0.1669726288E+00
  0.6517933910E+00  0.1133618221E+01  0.1709636826E+00
  0.6552754571E+00  0.1131579727E+01  0.1749074671E+00
  0.6587227025E+00  0.1133110819E+01  0.1788109392E+00
  0.6621354755E+00  0.1134997676E+01  0.1826812089E+00
  0.6655141207E+00  0.1141945356E+01  0.1865277002E+00
  0.6688589795E+00  0.1156149291E+01  0.1903711013E+00
  0.6721703897E+00  0.1170766613E+01  0.1942237878E+00
  0.6754486858E+00  0.1192316337E+01  0.1980972306E+00
  0.6786941990E+00  0.1220440641E+01  0.2020125479E+00
  0.6819072570E+00  0.1254379660E+01  0.2059884185E+00
  0.6850881844E+00  0.1289869743E+01  0.2100349548E+00
  0.6882373026E+00  0.1319339537E+01  0.2141433090E+00
  0.6913549295E+00  0.1345692583E+01  0.2182975970E+00
  0.6944413802E+00  0.1367242977E+01  0.2224842679E+00
  0.6974969664E+00  0.1387218762E+01  0.2266925156E+00
  0.7005219968E+00  0.1408163970E+01  0.2309205743E+00
  0.7035167768E+00  0.1428093677E+01  0.2351675582E+00
  0.7064816090E+00  0.1446543145E+01  0.2394289662E+00
  0.7094167929E+00  0.1460849110E+01  0.2436958317E+00
  0.7123226250E+00  0.1469427637E+01  0.2479532777E+00
  0.7151993988E+00  0.1475577813E+01  0.2521893349E+00
  0.7180474048E+00  0.1473891234E+01  0.2563893877E+00
  0.7208669307E+00  0.1470357850E+01  0.2605400811E+00
  0.7236582614E+00  0.1466073763E+01  0.2646383569E+00
  0.7264216788E+00  0.1467420779E+01  0.2686915918E+00
  0.7291574620E+00  0.1480104364E+01  0.2727234867E+00
  0.7318658874E+00  0.1498889568E+01  0.2767576781E+00
  0.7345472285E+00  0.1528474477E+01  0.2808163760E+00
  0.7372017562E+00  0.1556259384E+01  0.2849106317E+00
  0.7398297387E+00  0.1586267222E+01  0.2890398841E+00
  0.7424314413E+00  0.1616851781E+01  0.2932066656E+00
  0.7450071269E+00  0.1648633739E+01  0.2974120976E+00
  0.7475570556E+00  0.1680954819E+01  0.3016572044E+00
  0.7500814851E+00  0.1709092458E+01  0.3059361720E+00
  0.7525806702E+00  0.1733148567E+01  0.3102375708E+00
  0.7550548635E+00  0.1754300382E+01  0.3145518822E+00
  0.7575043149E+00  0.1774523851E+01  0.3188737239E+00
  0.7599292717E+00  0.1797561462E+01  0.3232048002E+00
  0.7623299790E+00  0.1817894040E+01  0.3275446254E+00
  0.7647066792E+00  0.1839503948E+01  0.3318908947E+00
  0.7670596124E+00  0.1863150680E+01  0.3362469442E+00
  0.7693890163E+00  0.1887488725E+01  0.3406153212E+00
  0.7716951261E+00  0.1911864616E+01  0.3449961843E+00
  0.7739781749E+00  0.1937527276E+01  0.3493903589E+00
  0.7762383931E+00  0.1961048733E+01  0.3537961752E+00
  0.7784760092E+00  0.1979950638E+01  0.3582053970E+00
  0.7806912491E+00  0.1996386869E+01  0.3626096678E+00
  0.7828843366E+00  0.2008157052E+01  0.3670008254E+00
  0.7850554932E+00  0.2017726901E+01  0.3713712377E+00
  0.7872049383E+00  0.2021819915E+01  0.3757126297E+00
  0.7893328889E+00  0.2025721034E+01  0.3800191133E+00
  0.7914395600E+00  0.2032538251E+01  0.3842938221E+00
  0.7935251644E+00  0.2042297890E+01  0.3885430702E+00
  0.7955899128E+00  0.2054833687E+01  0.3927728431E+00
  0.7976340137E+00  0.2070322812E+01  0.3969889611E+00
  0.7996576735E+00  0.2085216728E+01  0.4011936604E+00
  0.8016610968E+00  0.2098390577E+01  0.4053844285E+00
  0.8036444858E+00  0.2112789008E+01  0.4095606322E+00
  0.8056080410E+00  0.2129805136E+01  0.4137259159E+00
  0.8075519606E+00  0.2148426218E+01  0.4178841848E+00
  0.8094764409E+00  0.2164205781E+01  0.4220339727E+00
  0.8113816765E+00  0.2180472278E+01  0.4261727903E+00
  0.8132678598E+00  0.2195344503E+01  0.4302995864E+00
  0.8151351812E+00  0.2209243703E+01  0.4344119773E+00
  0.8169838294E+00  0.2223245465E+01  0.4385090339E+00
  0.8188139911E+00  0.2238621698E+01  0.4425920031E+00
  0.8206258512E+00  0.2253144590E+01  0.4466612291E+00
  0.8224195926E+00  0.2267829851E+01  0.4507159588E+00
  0.8241953967E+00  0.2283565323E+01  0.4547571519E+00
  0.8259534428E+00  0.2299309642E+01  0.4587856045E+00
  0.8276939083E+00  0.2316368634E+01  0.4628023190E+00
  0.8294169692E+00  0.2333695153E+01  0.4668084906E+00
  0.8311227996E+00  0.2347007490E+01  0.4708007328E+00
  0.8328115716E+00  0.2359763778E+01  0.4747750646E+00
  0.8344834558E+00  0.2371365939E+01  0.4787300153E+00
  0.8361386213E+00  0.2382459559E+01  0.4826641991E+00
  0.8377772351E+00  0.2391308271E+01  0.4865753800E+00
  0.8393994627E+00  0.2397660040E+01  0.4904597784E+00
  0.8410054681E+00  0.2403058333E+01  0.4943147682E+00
  0.8425954134E+00  0.2410149332E+01  0.4981411367E+00
  0.8441694593E+00  0.2416722255E+01  0.5019399953E+00
  0.8457277647E+00  0.2422923779E+01  0.5057108186E+00
  0.8472704870E+00  0.2430503602E+01  0.5094545641E+00
  0.8487977822E+00  0.2438216683E+01  0.5131725505E+00
  0.8503098043E+00  0.2447552744E+01  0.5168662463E+00
  0.8518067063E+00  0.2457090788E+01  0.5205371316E+00
  0.8532886392E+00  0.2468114672E+01  0.5241865437E+00
  0.8547557528E+00  0.2480924614E+01  0.5278169451E+00
  0.8562081953E+00  0.2495164972E+01  0.5314306870E+00
  0.8576461134E+00  0.2510168665E+01  0.5350293168E+00
  0.8590696522E+00  0.2526758602E+01  0.5386144477E+00
  0.8604789557E+00  0.2544935815E+01  0.5421882260E+00
  0.8618741662E+00  0.2564194622E+01  0.5457523820E+00
  0.8632554245E+00  0.2584096085E+01  0.5493079418E+00
  0.8646228702E+00  0.2604534992E+01  0.5528555275E+00
  0.8659766415E+00  0.2624863153E+01  0.5563952321E+00
  0.8673168751E+00  0.2643303161E+01  0.5599255188E+00
  0.8686437064E+00  0.2661012241E+01  0.5634444845E+00
  0.8699572693E+00  0.2678000874E+01  0.5669510494E+00
  0.8712576966E+00  0.2694015551E+01  0.5704440078E+00
  0.8725451197E+00  0.2709223830E+01  0.5739221352E+00
  0.8738196685E+00  0.2722740778E+01  0.5773837872E+00
  0.8750814718E+00  0.2733344431E+01  0.5808260404E+00
  0.8763306571E+00  0.2742782499E+01  0.5842463890E+00
  0.8775673505E+00  0.2749894195E+01  0.5876427676E+00
  0.8787916770E+00  0.2756052830E+01  0.5910133060E+00
  0.8800037602E+00  0.2761490978E+01  0.5943571672E+00
  0.8812037226E+00  0.2767093740E+01  0.5976742141E+00
  0.8823916854E+00  0.2773131685E+01  0.6009650049E+00
  0.8835677685E+00  0.2779966007E+01  0.6042304572E+00
  0.8847320908E+00  0.2786842766E+01  0.6074712370E+00
  0.8858847699E+00  0.2794150420E+01  0.6106877841E+00
  0.8870259222E+00  0.2801657606E+01  0.6138806187E+00
  0.8881556630E+00  0.2810649253E+01  0.6170508446E+00
  0.8892741064E+00  0.2820164305E+01  0.6201997177E+00
  0.8903813653E+00  0.2829761553E+01  0.6233276831E+00
  0.8914775517E+00  0.2839461328E+01  0.6264349455E+00
  0.8925627761E+00  0.2848985056E+01  0.6295215661E+00
  0.8936371484E+00  0.2858355392E+01  0.6325874702E+00
  0.8947007769E+00  0.2867550720E+01  0.6356325887E+00
  0.8957537691E+00  0.2876052466E+01  0.6386565735E+00
  0.8967962314E+00  0.2884488125E+01  0.6416591467E+00
  0.8978282691E+00  0.2892061263E+01  0.6446399550E+00
  0.8988499864E+00  0.2899587902E+01  0.6475986691E+00
  0.8998614866E+00  0.2906183111E+01  0.6505349382E+00
  0.9008628717E+00  0.2912295402E+01  0.6534482072E+00
  0.9018542430E+00  0.2918624938E+01  0.6563385106E+00
  0.9028357006E+00  0.2925225709E+01  0.6592062564E+00
  0.9038073436E+00  0.2931354399E+01  0.6620515089E+00
  0.9047692701E+00  0.2937582574E+01  0.6648742521E+00
  0.9057215774E+00  0.2944402035E+01  0.6676749805E+00
  0.9066643616E+00  0.2951671322E+01  0.6704543430E+00
  0.9075977180E+00  0.2958874108E+01  0.6732126656E+00
  0.9085217408E+00  0.2965863628E+01  0.6759499621E+00
  0.9094365234E+00  0.2973489323E+01  0.6786665704E+00
  0.9103421582E+00  0.2981572984E+01  0.6813631262E+00
  0.9112387366E+00  0.2990126475E+01  0.6840401746E+00
  0.9121263493E+00  0.3000273333E+01  0.6866987519E+00
  0.9130050858E+00  0.3010768659E+01  0.6893398129E+00
  0.9138750349E+00  0.3021445388E+01  0.6919636726E+00
  0.9147362846E+00  0.3032702786E+01  0.6945707391E+00
  0.9155889217E+00  0.3044554055E+01  0.6971615866E+00
  0.9164330325E+00  0.3055959946E+01  0.6997363414E+00
  0.9172687022E+00  0.3067700512E+01  0.7022950201E+00
  0.9180960151E+00  0.3080067461E+01  0.7048380842E+00
  0.9189150550E+00  0.3092656441E+01  0.7073659376E+00
  0.9197259044E+00  0.3105401951E+01  0.7098787837E+00
  0.9205286454E+00  0.3118138538E+01  0.7123767292E+00
  0.9213233589E+00  0.3130883256E+01  0.7148598203E+00
  0.9221101254E+00  0.3143653775E+01  0.7173281178E+00
  0.9228890241E+00  0.3156407191E+01  0.7197816726E+00
  0.9236601339E+00  0.3169104610E+01  0.7222205045E+00
  0.9244235325E+00  0.3181756051E+01  0.7246446238E+00
  0.9251792972E+00  0.3194378423E+01  0.7270540524E+00
  0.9259275042E+00  0.3207275304E+01  0.7294489335E+00
  0.9266682292E+00  0.3220075008E+01  0.7318293829E+00
  0.9274015469E+00  0.3232594017E+01  0.7341953112E+00
  0.9281275314E+00  0.3244565412E+01  0.7365464699E+00
  0.9288462561E+00  0.3255755333E+01  0.7388824404E+00
  0.9295577935E+00  0.3266072315E+01  0.7412027027E+00
  0.9302622156E+00  0.3276682750E+01  0.7435071332E+00
  0.9309595935E+00  0.3287201925E+01  0.7457958871E+00
  0.9316499975E+00  0.3296237891E+01  0.7480685039E+00
  0.9323334975E+00  0.3304467379E+01  0.7503242950E+00
  0.9330101626E+00  0.3311998072E+01  0.7525628604E+00
  0.9336800609E+00  0.3319337003E+01  0.7547840207E+00
  0.9343432603E+00  0.3326621342E+01  0.7569878184E+00
  0.9349998277E+00  0.3333766507E+01  0.7591743152E+00
  0.9356498295E+00  0.3340789458E+01  0.7613435516E+00
  0.9362933312E+00  0.3347628950E+01  0.7634955560E+00
  0.9369303978E+00  0.3354262982E+01  0.7656303320E+00
  0.9375610939E+00  0.3360817348E+01  0.7677479192E+00
  0.9381854829E+00  0.3367303021E+01  0.7698484016E+00
  0.9388036281E+00  0.3373745748E+01  0.7719318750E+00
  0.9394155918E+00  0.3380327099E+01  0.7739984987E+00
  0.9400214359E+00  0.3386860631E+01  0.7760484291E+00
  0.9406212215E+00  0.3393349542E+01  0.7780817654E+00
  0.9412150093E+00  0.3399794912E+01  0.7800986085E+00
  0.9418028592E+00  0.3406195860E+01  0.7820990590E+00
  0.9423848306E+00  0.3412421746E+01  0.7840831793E+00
  0.9429609823E+00  0.3418531591E+01  0.7860510119E+00
  0.9435313725E+00  0.3424639671E+01  0.7880026508E+00
  0.9440960588E+00  0.3431110987E+01  0.7899383249E+00
  0.9446550982E+00  0.3437761963E+01  0.7918583103E+00
  0.9452085472E+00  0.3444242734E+01  0.7937627296E+00
  0.9457564617E+00  0.3450597254E+01  0.7956516211E+00
  0.9462988971E+00  0.3456839011E+01  0.7975250401E+00
  0.9468359082E+00  0.3463187479E+01  0.7993831053E+00
  0.9473675491E+00  0.3469515017E+01  0.8012259595E+00
  0.9478938736E+00  0.3475882792E+01  0.8030537260E+00
  0.9484149348E+00  0.3482001240E+01  0.8048664680E+00
  0.9489307855E+00  0.3487838995E+01  0.8066641663E+00
  0.9494414776E+00  0.3493559970E+01  0.8084468391E+00
  0.9499470629E+00  0.3499266266E+01  0.8102145739E+00
  0.9504475922E+00  0.3504827804E+01  0.8119674513E+00
  0.9509431163E+00  0.3510397946E+01  0.8137055579E+00
  0.9514336852E+00  0.3515819782E+01  0.8154289797E+00
  0.9519193483E+00  0.3521005939E+01  0.8171377431E+00
  0.9524001548E+00  0.3526058036E+01  0.8188318803E+00
  0.9528761533E+00  0.3530931176E+01  0.8205114382E+00
  0.9533473917E+00  0.3535672436E+01  0.8221764660E+00
  0.9538139178E+00  0.3540293297E+01  0.8238270273E+00
  0.9542757786E+00  0.3544589942E+01  0.8254631422E+00
  0.9547330209E+00  0.3548852859E+01  0.8270848530E+00
  0.9551856906E+00  0.3552619488E+01  0.8286921640E+00
  0.9556338337E+00  0.3556381815E+01  0.8302850889E+00
  0.9560774954E+00  0.3560334535E+01  0.8318637960E+00
  0.9565167205E+00  0.3564191114E+01  0.8334284311E+00
  0.9569515532E+00  0.3567959196E+01  0.8349790775E+00
  0.9573820377E+00  0.3571646580E+01  0.8365158222E+00
  0.9578082173E+00  0.3575357792E+01  0.8380387760E+00
  0.9582301352E+00  0.3579111393E+01  0.8395480751E+00
  0.9586478338E+00  0.3582792446E+01  0.8410438338E+00
  0.9590613555E+00  0.3586265563E+01  0.8425261142E+00
  0.9594707419E+00  0.3589639370E+01  0.8439949733E+00
  0.9598760345E+00  0.3593086332E+01  0.8454505260E+00
  0.9602772742E+00  0.3596482605E+01  0.8468928961E+00
  0.9606745014E+00  0.3599789066E+01  0.8483221738E+00
  0.9610677564E+00  0.3603071475E+01  0.8497384542E+00
  0.9614570788E+00  0.3606328452E+01  0.8511418447E+00
  0.9618425080E+00  0.3609488276E+01  0.8525324380E+00
  0.9622240830E+00  0.3612539723E+01  0.8539103104E+00
  0.9626018421E+00  0.3615581871E+01  0.8552755550E+00
  0.9629758237E+00  0.3618628648E+01  0.8566282857E+00
  0.9633460655E+00  0.3621684546E+01  0.8579686189E+00
  0.9637126048E+00  0.3624753552E+01  0.8592966712E+00
  0.9640754788E+00  0.3627839149E+01  0.8606125597E+00
  0.9644347240E+00  0.3630944325E+01  0.8619164013E+00
  0.9647903767E+00  0.3634071590E+01  0.8632083128E+00
  0.9651424730E+00  0.3637222991E+01  0.8644884105E+00
  0.9654910483E+00  0.3640400134E+01  0.8657568102E+00
  0.9658361378E+00  0.3643604200E+01  0.8670136270E+00
  0.9661777764E+00  0.3646873656E+01  0.8682589814E+00
  0.9665159986E+00  0.3650294560E+01  0.8694930137E+00
  0.9668508386E+00  0.3653682306E+01  0.8707158456E+00
  0.9671823303E+00  0.3657084593E+01  0.8719275745E+00
  0.9675105070E+00  0.3660505254E+01  0.8731283057E+00
  0.9678354019E+00  0.3663943784E+01  0.8743181439E+00
  0.9681570479E+00  0.3667399464E+01  0.8754971925E+00
  0.9684754774E+00  0.3670871383E+01  0.8766655535E+00
  0.9687907226E+00  0.3674358459E+01  0.8778233278E+00
  0.9691028154E+00  0.3677950199E+01  0.8789706290E+00
  0.9694117872E+00  0.3681587641E+01  0.8801075740E+00
  0.9697176694E+00  0.3685308904E+01  0.8812342750E+00
  0.9700204927E+00  0.3689149390E+01  0.8823508539E+00
  0.9703202877E+00  0.3692983784E+01  0.8834574175E+00
  0.9706170849E+00  0.3696676506E+01  0.8845540325E+00
  0.9709109140E+00  0.3700427917E+01  0.8856407749E+00
  0.9712018049E+00  0.3704179223E+01  0.8867177412E+00
  0.9714897868E+00  0.3707924077E+01  0.8877850172E+00
  0.9717748890E+00  0.3711659736E+01  0.8888426868E+00
  0.9720571401E+00  0.3715368905E+01  0.8898908303E+00
  0.9723365687E+00  0.3719055686E+01  0.8909295257E+00
  0.9726132030E+00  0.3722731096E+01  0.8919588525E+00
  0.9728870709E+00  0.3726393543E+01  0.8929788909E+00
  0.9731582002E+00  0.3730041503E+01  0.8939897198E+00
  0.9734266182E+00  0.3733673521E+01  0.8949914175E+00
  0.9736923521E+00  0.3737318028E+01  0.8959840651E+00
  0.9739554285E+00  0.3740955552E+01  0.8969677440E+00
  0.9742158742E+00  0.3744571120E+01  0.8979425307E+00
  0.9744737155E+00  0.3748202310E+01  0.8989085038E+00
  0.9747289784E+00  0.3751843899E+01  0.8998657453E+00
  0.9749816886E+00  0.3755465591E+01  0.9008143322E+00
  0.9752318717E+00  0.3759058881E+01  0.9017543358E+00
  0.9754795530E+00  0.3762622988E+01  0.9026858257E+00
  0.9757247574E+00  0.3766157231E+01  0.9036088710E+00
  0.9759675099E+00  0.3769661021E+01  0.9045235401E+00
  0.9762078348E+00  0.3773133859E+01  0.9054299008E+00
  0.9764457564E+00  0.3776575338E+01  0.9063280204E+00
  0.9766812989E+00  0.3779985134E+01  0.9072179658E+00
  0.9769144859E+00  0.3783385376E+01  0.9080998057E+00
  0.9771453410E+00  0.3786788058E+01  0.9089736124E+00
  0.9773738876E+00  0.3790234653E+01  0.9098394637E+00
  0.9776001487E+00  0.3793742062E+01  0.9106974433E+00
  0.9778241472E+00  0.3797245386E+01  0.9115476282E+00
  0.9780459058E+00  0.3800704401E+01  0.9123900833E+00
  0.9782654467E+00  0.3804121617E+01  0.9132248686E+00
  0.9784827922E+00  0.3807503779E+01  0.9140520450E+00
  0.9786979643E+00  0.3810842910E+01  0.9148716728E+00
  0.9789109847E+00  0.3814160793E+01  0.9156838133E+00
  0.9791218748E+00  0.3817447880E+01  0.9164885288E+00
  0.9793306561E+00  0.3820694590E+01  0.9172858793E+00
  0.9795373495E+00  0.3823895255E+01  0.9180759226E+00
  0.9797419760E+00  0.3827058576E+01  0.9188587166E+00
  0.9799445563E+00  0.3830207663E+01  0.9196343220E+00
  0.9801451107E+00  0.3833385456E+01  0.9204028058E+00
  0.9803436596E+00  0.3836579799E+01  0.9211642374E+00
  0.9805402230E+00  0.3839738663E+01  0.9219186790E+00
  0.9807348208E+00  0.3842890028E+01  0.9226661902E+00
  0.9809274726E+00  0.3846010056E+01  0.9234068304E+00
  0.9811181978E+00  0.3849090505E+01  0.9241406555E+00
  0.9813070158E+00  0.3852130921E+01  0.9248677202E+00
  0.9814939457E+00  0.3855090763E+01  0.9255880750E+00
  0.9816790062E+00  0.3858019317E+01  0.9263017712E+00
  0.9818622162E+00  0.3860917337E+01  0.9270088642E+00
  0.9820435940E+00  0.3863785569E+01  0.9277094091E+00
  0.9822231581E+00  0.3866624749E+01  0.9284034610E+00
  0.9824009265E+00  0.3869435603E+01  0.9290910747E+00
  0.9825769172E+00  0.3872212676E+01  0.9297723038E+00
  0.9827511481E+00  0.3874947782E+01  0.9304472009E+00
  0.9829236366E+00  0.3877657948E+01  0.9311158187E+00
  0.9830944002E+00  0.3880343797E+01  0.9317782110E+00
  0.9832634562E+00  0.3883005933E+01  0.9324344314E+00
  0.9834308216E+00  0.3885644947E+01  0.9330845332E+00
  0.9835965134E+00  0.3888261411E+01  0.9337285694E+00
  0.9837605483E+00  0.3890855881E+01  0.9343665926E+00
  0.9839229428E+00  0.3893428896E+01  0.9349986552E+00
  0.9840837134E+00  0.3895971205E+01  0.9356248084E+00
  0.9842428762E+00  0.3898451030E+01  0.9362450997E+00
  0.9844004475E+00  0.3900917368E+01  0.9368595777E+00
  0.9845564430E+00  0.3903399607E+01  0.9374682970E+00
  0.9847108786E+00  0.3905897620E+01  0.9380713136E+00
  0.9848637698E+00  0.3908377288E+01  0.9386686806E+00
  0.9850151321E+00  0.3910844056E+01  0.9392604483E+00
  0.9851649808E+00  0.3913307648E+01  0.9398466677E+00
  0.9853133310E+00  0.3915753929E+01  0.9404273891E+00
  0.9854601977E+00  0.3918202127E+01  0.9410026627E+00
  0.9856055957E+00  0.3920647390E+01  0.9415725393E+00
  0.9857495397E+00  0.3923075972E+01  0.9421370679E+00
  0.9858920443E+00  0.3925485141E+01  0.9426962960E+00
  0.9860331239E+00  0.3927877384E+01  0.9432502704E+00
  0.9861727926E+00  0.3930252943E+01  0.9437990381E+00
  0.9863110647E+00  0.3932612052E+01  0.9443426454E+00
  0.9864479541E+00  0.3934979945E+01  0.9448811402E+00
  0.9865834745E+00  0.3937319088E+01  0.9454145690E+00
  0.9867176398E+00  0.3939616389E+01  0.9459429745E+00
  0.9868504634E+00  0.3941898720E+01  0.9464664001E+00
  0.9869819588E+00  0.3944166240E+01  0.9469848906E+00
  0.9871121392E+00  0.3946402879E+01  0.9474984894E+00
  0.9872410178E+00  0.3948611675E+01  0.9480072386E+00
  0.9873686076E+00  0.3950801623E+01  0.9485111810E+00
  0.9874949215E+00  0.3952946183E+01  0.9490103577E+00
  0.9876199723E+00  0.3955074577E+01  0.9495048098E+00
  0.9877437726E+00  0.3957190934E+01  0.9499945801E+00
  0.9878663349E+00  0.3959295327E+01  0.9504797114E+00
  0.9879876715E+00  0.3961387826E+01  0.9509602460E+00
  0.9881077948E+00  0.3963468491E+01  0.9514362259E+00
  0.9882267168E+00  0.3965537381E+01  0.9519076927E+00
  0.9883444497E+00  0.3967594545E+01  0.9523746878E+00
  0.9884610052E+00  0.3969646715E+01  0.9528372523E+00
  0.9885763951E+00  0.3971689784E+01  0.9532954275E+00
  0.9886906312E+00  0.3973721057E+01  0.9537492537E+00
  0.9888037249E+00  0.3975738566E+01  0.9541987706E+00
  0.9889156876E+00  0.3977743055E+01  0.9546440174E+00
  0.9890265307E+00  0.3979735788E+01  0.9550850333E+00
  0.9891362654E+00  0.3981704096E+01  0.9555218564E+00
  0.9892449028E+00  0.3983661238E+01  0.9559545245E+00
  0.9893524538E+00  0.3985607277E+01  0.9563830758E+00
  0.9894589292E+00  0.3987543099E+01  0.9568075482E+00
  0.9895643399E+00  0.3989467455E+01  0.9572279794E+00
  0.9896686965E+00  0.3991380591E+01  0.9576444064E+00
  0.9897720096E+00  0.3993282551E+01  0.9580568663E+00
  0.9898742895E+00  0.3995178158E+01  0.9584653958E+00
  0.9899755466E+00  0.3997062439E+01  0.9588700314E+00
  0.9900757911E+00  0.3998935393E+01  0.9592708089E+00
  0.9901750332E+00  0.4000797016E+01  0.9596677640E+00
  0.9902732829E+00  0.4002647305E+01  0.9600609319E+00
  0.9903705500E+00  0.4004486255E+01  0.9604503475E+00
  0.9904668445E+00  0.4006306855E+01  0.9608360452E+00
  0.9905621761E+00  0.4008116036E+01  0.9612180589E+00
  0.9906565543E+00  0.4009956728E+01  0.9615964247E+00
  0.9907499888E+00  0.4011786889E+01  0.9619711783E+00
  0.9908424889E+00  0.4013598639E+01  0.9623423528E+00
  0.9909340640E+00  0.4015384823E+01  0.9627099804E+00
  0.9910247234E+00  0.4017147492E+01  0.9630740925E+00
  0.9911144761E+00  0.4018898706E+01  0.9634347212E+00
  0.9912033314E+00  0.4020638463E+01  0.9637918987E+00
  0.9912912981E+00  0.4022366760E+01  0.9641456569E+00
  0.9913783851E+00  0.4024083596E+01  0.9644960276E+00
  0.9914646012E+00  0.4025788971E+01  0.9648430421E+00
  0.9915499552E+00  0.4027482887E+01  0.9651867315E+00
  0.9916344557E+00  0.4029168499E+01  0.9655271269E+00
  0.9917181111E+00  0.4030855413E+01  0.9658642593E+00
  0.9918009300E+00  0.4032532248E+01  0.9661981597E+00
  0.9918829207E+00  0.4034197041E+01  0.9665288581E+00
  0.9919640915E+00  0.4035849815E+01  0.9668563842E+00
  0.9920444506E+00  0.4037490591E+01  0.9671807673E+00
  0.9921240061E+00  0.4039119393E+01  0.9675020366E+00
  0.9922027660E+00  0.4040736245E+01  0.9678202211E+00
  0.9922807383E+00  0.4042341172E+01  0.9681353493E+00
  0.9923579310E+00  0.4043934201E+01  0.9684474497E+00
  0.9924343516E+00  0.4045515360E+01  0.9687565504E+00
  0.9925100081E+00  0.4047084677E+01  0.9690626792E+00
  0.9925849081E+00  0.4048642182E+01  0.9693658638E+00
  0.9926590590E+00  0.4050187906E+01  0.9696661317E+00
  0.9927324684E+00  0.4051721881E+01  0.9699635099E+00
  0.9928051437E+00  0.4053244140E+01  0.9702580254E+00
  0.9928770923E+00  0.4054754718E+01  0.9705497048E+00
  0.9929483213E+00  0.4056253648E+01  0.9708385746E+00
  0.9930188381E+00  0.4057740968E+01  0.9711246610E+00
  0.9930886497E+00  0.4059216716E+01  0.9714079900E+00
  0.9931577632E+00  0.4060683415E+01  0.9716885874E+00
  0.9932261856E+00  0.4062149101E+01  0.9719664791E+00
  0.9932939238E+00  0.4063602868E+01  0.9722416908E+00
  0.9933609845E+00  0.4065044771E+01  0.9725142474E+00
  0.9934273747E+00  0.4066474864E+01  0.9727841739E+00
  0.9934931009E+00  0.4067893201E+01  0.9730514946E+00
  0.9935581699E+00  0.4069299839E+01  0.9733162341E+00
  0.9936225882E+00  0.4070694834E+01  0.9735784164E+00
  0.9936863623E+00  0.4072078242E+01  0.9738380655E+00
  0.9937494987E+00  0.4073450123E+01  0.9740952051E+00
  0.9938120037E+00  0.4074810534E+01  0.9743498586E+00
  0.9938738837E+00  0.4076159534E+01  0.9746020495E+00
  0.9939351449E+00  0.4077497182E+01  0.9748518008E+00
  0.9939957934E+00  0.4078823540E+01  0.9750991353E+00
  0.9940558355E+00  0.4080138534E+01  0.9753440757E+00
  0.9941152771E+00  0.4081440620E+01  0.9755866446E+00
  0.9941741243E+00  0.4082731668E+01  0.9758268640E+00
  0.9942323831E+00  0.4084011738E+01  0.9760647562E+00
  0.9942900593E+00  0.4085280890E+01  0.9763003430E+00
  0.9943471587E+00  0.4086539186E+01  0.9765336460E+00
  0.9944036871E+00  0.4087784607E+01  0.9767646868E+00
  0.9944596502E+00  0.4089019094E+01  0.9769934865E+00
  0.9945150537E+00  0.4090242996E+01  0.9772200664E+00
  0.9945699032E+00  0.4091456373E+01  0.9774444473E+00
  0.9946242041E+00  0.4092659287E+01  0.9776666500E+00
  0.9946779621E+00  0.4093851799E+01  0.9778866951E+00
  0.9947311825E+00  0.4095033970E+01  0.9781046029E+00
  0.9947838707E+00  0.4096205864E+01  0.9783203936E+00
  0.9948360320E+00  0.4097367543E+01  0.9785340873E+00
  0.9948876716E+00  0.4098519070E+01  0.9787457038E+00
  0.9949387949E+00  0.4099660507E+01  0.9789552627E+00
  0.9949894070E+00  0.4100791919E+01  0.9791627836E+00
  0.9950395129E+00  0.4101913370E+01  0.9793682857E+00
  0.9950891178E+00  0.4103024922E+01  0.9795717881E+00
  0.9951382266E+00  0.4104126641E+01  0.9797733099E+00
  0.9951868443E+00  0.4105218591E+01  0.9799728698E+00
  0.9952349759E+00  0.4106301228E+01  0.9801704864E+00
  0.9952826261E+00  0.4107375034E+01  0.9803661782E+00
  0.9953297999E+00  0.4108439220E+01  0.9805599636E+00
  0.9953765019E+00  0.4109493852E+01  0.9807518605E+00
  0.9954227368E+00  0.4110538995E+01  0.9809418870E+00
  0.9954685095E+00  0.4111574718E+01  0.9811300609E+00
  0.9955138244E+00  0.4112601086E+01  0.9813163998E+00
  0.9955586861E+00  0.4113618166E+01  0.9815009211E+00
  0.9956030993E+00  0.4114626026E+01  0.9816836422E+00
  0.9956470683E+00  0.4115624730E+01  0.9818645802E+00
  0.9956905976E+00  0.4116614347E+01  0.9820437521E+00
  0.9957336916E+00  0.4117594942E+01  0.9822211747E+00
  0.9957763547E+00  0.4118566582E+01  0.9823968647E+00
  0.9958185912E+00  0.4119529334E+01  0.9825708387E+00
  0.9958604053E+00  0.4120483264E+01  0.9827431130E+00
  0.9959018012E+00  0.4121428439E+01  0.9829137038E+00
  0.9959427832E+00  0.4122364924E+01  0.9830826274E+00
  0.9959833554E+00  0.4123292786E+01  0.9832498995E+00
  0.9960235218E+00  0.4124212091E+01  0.9834155359E+00
  0.9960632866E+00  0.4125122905E+01  0.9835795525E+00
  0.9961026537E+00  0.4126025293E+01  0.9837419645E+00
  0.9961416272E+00  0.4126919321E+01  0.9839027874E+00
  0.9961802109E+00  0.4127805055E+01  0.9840620364E+00
  0.9962184088E+00  0.4128682559E+01  0.9842197266E+00
  0.9962562247E+00  0.4129551687E+01  0.9843758730E+00
  0.9962936625E+00  0.4130412571E+01  0.9845304902E+00
  0.9963307258E+00  0.4131265434E+01  0.9846835930E+00
  0.9963674186E+00  0.4132110339E+01  0.9848351960E+00
  0.9964037444E+00  0.4132947351E+01  0.9849853135E+00
  0.9964397070E+00  0.4133776532E+01  0.9851339597E+00
  0.9964753099E+00  0.4134597947E+01  0.9852811489E+00
  0.9965105568E+00  0.4135411659E+01  0.9854268950E+00
  0.9965454512E+00  0.4136217730E+01  0.9855712119E+00
  0.9965799967E+00  0.4137016222E+01  0.9857141134E+00
  0.9966141967E+00  0.4137807200E+01  0.9858556130E+00
  0.9966480548E+00  0.4138590724E+01  0.9859957243E+00
  0.9966815742E+00  0.4139366857E+01  0.9861344606E+00
  0.9967147585E+00  0.4140135660E+01  0.9862718351E+00
  0.9967476109E+00  0.4140897194E+01  0.9864078611E+00
  0.9967801348E+00  0.4141651521E+01  0.9865425515E+00
  0.9968123334E+00  0.4142398701E+01  0.9866759191E+00
  0.9968442101E+00  0.4143138794E+01  0.9868079767E+00
  0.9968757680E+00  0.4143871862E+01  0.9869387371E+00
  0.9969070103E+00  0.4144597963E+01  0.9870682126E+00
  0.9969379402E+00  0.4145317157E+01  0.9871964157E+00
  0.9969685608E+00  0.4146029503E+01  0.9873233587E+00
  0.9969988752E+00  0.4146735061E+01  0.9874490537E+00
  0.9970288865E+00  0.4147433888E+01  0.9875735129E+00
  0.9970585976E+00  0.4148126043E+01  0.9876967482E+00
  0.9970880116E+00  0.4148811584E+01  0.9878187713E+00
  0.9971171315E+00  0.4149490568E+01  0.9879395941E+00
  0.9971459602E+00  0.4150163053E+01  0.9880592282E+00
  0.9971745006E+00  0.4150828882E+01  0.9881776850E+00
  0.9972027556E+00  0.4151487779E+01  0.9882949759E+00
  0.9972307280E+00  0.4152140376E+01  0.9884111123E+00
  0.9972584207E+00  0.4152786728E+01  0.9885261053E+00
  0.9972858365E+00  0.4153426889E+01  0.9886399661E+00
  0.9973129782E+00  0.4154060913E+01  0.9887527055E+00
  0.9973398484E+00  0.4154688854E+01  0.9888643344E+00
  0.9973664499E+00  0.4155310766E+01  0.9889748637E+00
  0.9973927854E+00  0.4155926703E+01  0.9890843040E+00
  0.9974188575E+00  0.4156536716E+01  0.9891926659E+00
  0.9974446690E+00  0.4157140859E+01  0.9892999598E+00
  0.9974702223E+00  0.4157739183E+01  0.9894061962E+00
  0.9974955201E+00  0.4158331742E+01  0.9895113852E+00
  0.9975205649E+00  0.4158918585E+01  0.9896155372E+00
  0.9975453592E+00  0.4159499765E+01  0.9897186621E+00
  0.9975699056E+00  0.4160075333E+01  0.9898207699E+00
  0.9975942066E+00  0.4160645338E+01  0.9899218706E+00
  0.9976182645E+00  0.4161209831E+01  0.9900219739E+00
  0.9976420819E+00  0.4161768862E+01  0.9901210896E+00
  0.9976656610E+00  0.4162322481E+01  0.9902192272E+00
  0.9976890044E+00  0.4162870735E+01  0.9903163963E+00
  0.9977121144E+00  0.4163413675E+01  0.9904126064E+00
  0.9977349932E+00  0.4163951349E+01  0.9905078666E+00
  0.9977576433E+00  0.4164483804E+01  0.9906021865E+00
  0.9977800669E+00  0.4165011088E+01  0.9906955750E+00
  0.9978022662E+00  0.4165533249E+01  0.9907880412E+00
  0.9978242435E+00  0.4166050334E+01  0.9908795942E+00
  0.9978460011E+00  0.4166562389E+01  0.9909702429E+00
  0.9978675411E+00  0.4167069461E+01  0.9910599961E+00
  0.9978888657E+00  0.4167571595E+01  0.9911488625E+00
  0.9979099770E+00  0.4168068838E+01  0.9912368508E+00
  0.9979308773E+00  0.4168561234E+01  0.9913239695E+00
  0.9979515685E+00  0.4169048828E+01  0.9914102272E+00
  0.9979720528E+00  0.4169531665E+01  0.9914956322E+00
  0.9979923323E+00  0.4170009790E+01  0.9915801930E+00
  0.9980124089E+00  0.4170483245E+01  0.9916639177E+00
  0.9980322849E+00  0.4170952075E+01  0.9917468145E+00
  0.9980519620E+00  0.4171416323E+01  0.9918288915E+00
  0.9980714424E+00  0.4171876031E+01  0.9919101568E+00
  0.9980907280E+00  0.4172331242E+01  0.9919906182E+00
  0.9981098207E+00  0.4172781998E+01  0.9920702836E+00
  0.9981287225E+00  0.4173228341E+01  0.9921491609E+00
  0.9981474353E+00  0.4173670313E+01  0.9922272577E+00
  0.9981659609E+00  0.4174107954E+01  0.9923045817E+00
  0.9981843013E+00  0.4174541305E+01  0.9923811405E+00
  0.9982024583E+00  0.4174970407E+01  0.9924569415E+00
  0.9982204337E+00  0.4175395299E+01  0.9925319921E+00
  0.9982382294E+00  0.4175816023E+01  0.9926062998E+00
  0.9982558471E+00  0.4176232616E+01  0.9926798718E+00
  0.9982732886E+00  0.4176645119E+01  0.9927527153E+00
  0.9982905557E+00  0.4177053569E+01  0.9928248374E+00
  0.9983076502E+00  0.4177458006E+01  0.9928962453E+00
  0.9983245737E+00  0.4177858467E+01  0.9929669458E+00
  0.9983413279E+00  0.4178254991E+01  0.9930369461E+00
  0.9983579146E+00  0.4178647615E+01  0.9931062529E+00
  0.9983743355E+00  0.4179036375E+01  0.9931748731E+00
  0.9983905921E+00  0.4179421310E+01  0.9932428133E+00
  0.9984066862E+00  0.4179802454E+01  0.9933100803E+00
  0.9984226194E+00  0.4180179845E+01  0.9933766807E+00
  0.9984383932E+00  0.4180553519E+01  0.9934426210E+00
  0.9984540092E+00  0.4180923511E+01  0.9935079077E+00
  0.9984694691E+00  0.4181289856E+01  0.9935725472E+00
  0.9984847744E+00  0.4181652589E+01  0.9936365459E+00
  0.9984999267E+00  0.4182011745E+01  0.9936999101E+00
  0.9985149274E+00  0.4182367359E+01  0.9937626460E+00
  0.9985297782E+00  0.4182719463E+01  0.9938247598E+00
  0.9985444804E+00  0.4183068093E+01  0.9938862576E+00
  0.9985590356E+00  0.4183413282E+01  0.9939471455E+00
  0.9985734452E+00  0.4183755062E+01  0.9940074295E+00
  0.9985877108E+00  0.4184093466E+01  0.9940671155E+00
  0.9986018337E+00  0.4184428528E+01  0.9941262093E+00
  0.9986158153E+00  0.4184760279E+01  0.9941847169E+00
  0.9986296572E+00  0.4185088751E+01  0.9942426440E+00
  0.9986433606E+00  0.4185413976E+01  0.9942999963E+00
  0.9986569270E+00  0.4185735986E+01  0.9943567794E+00
  0.9986703577E+00  0.4186054811E+01  0.9944129991E+00
  0.9986836541E+00  0.4186370483E+01  0.9944686607E+00
  0.9986968176E+00  0.4186683031E+01  0.9945237699E+00
  0.9987098494E+00  0.4186992487E+01  0.9945783320E+00
  0.9987227509E+00  0.4187298880E+01  0.9946323525E+00
  0.9987355234E+00  0.4187602240E+01  0.9946858367E+00
  0.9987481682E+00  0.4187902597E+01  0.9947387898E+00
  0.9987606865E+00  0.4188199979E+01  0.9947912172E+00
  0.9987730796E+00  0.4188494415E+01  0.9948431240E+00
  0.9987853488E+00  0.4188785935E+01  0.9948945152E+00
  0.9987974954E+00  0.4189074567E+01  0.9949453961E+00
  0.9988095204E+00  0.4189360338E+01  0.9949957717E+00
  0.9988214252E+00  0.4189643276E+01  0.9950456468E+00
  0.9988332109E+00  0.4189923410E+01  0.9950950265E+00
  0.9988448788E+00  0.4190200767E+01  0.9951439157E+00
  0.9988564300E+00  0.4190475373E+01  0.9951923192E+00
  0.9988678657E+00  0.4190747256E+01  0.9952402418E+00
  0.9988791871E+00  0.4191016442E+01  0.9952876882E+00
  0.9988903952E+00  0.4191282957E+01  0.9953346631E+00
  0.9989014913E+00  0.4191546828E+01  0.9953811713E+00
  0.9989124764E+00  0.4191808080E+01  0.9954272172E+00
  0.9989233516E+00  0.4192066740E+01  0.9954728055E+00
  0.9989341181E+00  0.4192322831E+01  0.9955179407E+00
  0.9989447769E+00  0.4192576381E+01  0.9955626273E+00
  0.9989553291E+00  0.4192827413E+01  0.9956068697E+00
  0.9989657758E+00  0.4193075952E+01  0.9956506722E+00
  0.9989761181E+00  0.4193322023E+01  0.9956940393E+00
  0.9989863569E+00  0.4193565649E+01  0.9957369752E+00
  0.9989964933E+00  0.4193806855E+01  0.9957794842E+00
  0.9990065284E+00  0.4194045665E+01  0.9958215705E+00
  0.9990164631E+00  0.4194282102E+01  0.9958632384E+00
  0.9990262985E+00  0.4194516190E+01  0.9959044918E+00
  0.9990360355E+00  0.4194747950E+01  0.9959453350E+00
  0.9990456751E+00  0.4194977408E+01  0.9959857720E+00
  0.9990552184E+00  0.4195204584E+01  0.9960258068E+00
  0.9990646662E+00  0.4195429501E+01  0.9960654434E+00
  0.9990740195E+00  0.4195652182E+01  0.9961046857E+00
  0.9990832793E+00  0.4195872649E+01  0.9961435376E+00
  0.9990924466E+00  0.4196090924E+01  0.9961820031E+00
  0.9991015221E+00  0.4196307027E+01  0.9962200858E+00
  0.9991105069E+00  0.4196520981E+01  0.9962577897E+00
  0.9991194018E+00  0.4196732806E+01  0.9962951184E+00
  0.9991282078E+00  0.4196942524E+01  0.9963320757E+00
  0.9991369257E+00  0.4197150155E+01  0.9963686652E+00
  0.9991455564E+00  0.4197355720E+01  0.9964048906E+00
  0.9991541009E+00  0.4197559240E+01  0.9964407555E+00
  0.9991625599E+00  0.4197760733E+01  0.9964762635E+00
  0.9991709343E+00  0.4197960222E+01  0.9965114180E+00
  0.9991792249E+00  0.4198157724E+01  0.9965462227E+00
  0.9991874327E+00  0.4198353261E+01  0.9965806809E+00
  0.9991955584E+00  0.4198546851E+01  0.9966147962E+00
  0.9992036028E+00  0.4198738513E+01  0.9966485718E+00
  0.9992115667E+00  0.4198928267E+01  0.9966820112E+00
  0.9992194511E+00  0.4199116131E+01  0.9967151177E+00
  0.9992272566E+00  0.4199302124E+01  0.9967478946E+00
  0.9992349840E+00  0.4199486265E+01  0.9967803451E+00
  0.9992426342E+00  0.4199668572E+01  0.9968124725E+00
  0.9992502078E+00  0.4199849063E+01  0.9968442801E+00
  0.9992577057E+00  0.4200027756E+01  0.9968757709E+00
  0.9992651287E+00  0.4200204668E+01  0.9969069481E+00
  0.9992724774E+00  0.4200379818E+01  0.9969378149E+00
  0.9992797526E+00  0.4200553223E+01  0.9969683742E+00
  0.9992869551E+00  0.4200724900E+01  0.9969986292E+00
  0.9992940855E+00  0.4200894866E+01  0.9970285829E+00
  0.9993011447E+00  0.4201063139E+01  0.9970582382E+00
  0.9993081332E+00  0.4201229734E+01  0.9970875981E+00
  0.9993150519E+00  0.4201394669E+01  0.9971166656E+00
  0.9993219014E+00  0.4201557960E+01  0.9971454435E+00
  0.9993286824E+00  0.4201719623E+01  0.9971739348E+00
  0.9993353956E+00  0.4201879675E+01  0.9972021422E+00
  0.9993420416E+00  0.4202038131E+01  0.9972300686E+00
  0.9993486212E+00  0.4202195008E+01  0.9972577168E+00
  0.9993551350E+00  0.4202350320E+01  0.9972850895E+00
  0.9993615836E+00  0.4202504084E+01  0.9973121895E+00
  0.9993679678E+00  0.4202656315E+01  0.9973390194E+00
  0.9993742881E+00  0.4202807027E+01  0.9973655821E+00
  0.9993805452E+00  0.4202956237E+01  0.9973918800E+00
  0.9993867398E+00  0.4203103958E+01  0.9974179159E+00
  0.9993928724E+00  0.4203250207E+01  0.9974436923E+00
  0.9993989436E+00  0.4203394997E+01  0.9974692118E+00
  0.9994049542E+00  0.4203538342E+01  0.9974944770E+00
  0.9994109047E+00  0.4203680258E+01  0.9975194904E+00
  0.9994167956E+00  0.4203820758E+01  0.9975442545E+00
  0.9994226277E+00  0.4203959857E+01  0.9975687718E+00
  0.9994284014E+00  0.4204097568E+01  0.9975930447E+00
  0.9994341174E+00  0.4204233905E+01  0.9976170756E+00
  0.9994397762E+00  0.4204368882E+01  0.9976408670E+00
  0.9994453784E+00  0.4204502513E+01  0.9976644213E+00
  0.9994509247E+00  0.4204634810E+01  0.9976877407E+00
  0.9994564154E+00  0.4204765787E+01  0.9977108277E+00
  0.9994618513E+00  0.4204895457E+01  0.9977336845E+00
  0.9994672327E+00  0.4205023833E+01  0.9977563135E+00
  0.9994725604E+00  0.4205150928E+01  0.9977787168E+00
  0.9994778348E+00  0.4205276755E+01  0.9978008968E+00
  0.9994830565E+00  0.4205401326E+01  0.9978228556E+00
  0.9994882259E+00  0.4205524654E+01  0.9978445954E+00
  0.9994933436E+00  0.4205646751E+01  0.9978661185E+00
  0.9994984102E+00  0.4205767629E+01  0.9978874270E+00
  0.9995034261E+00  0.4205887301E+01  0.9979085230E+00
  0.9995083918E+00  0.4206005779E+01  0.9979294087E+00
  0.9995133079E+00  0.4206123073E+01  0.9979500860E+00
  0.9995181748E+00  0.4206239197E+01  0.9979705572E+00
  0.9995229931E+00  0.4206354162E+01  0.9979908242E+00
  0.9995277632E+00  0.4206467979E+01  0.9980108890E+00
  0.9995324855E+00  0.4206580660E+01  0.9980307538E+00
  0.9995371607E+00  0.4206692216E+01  0.9980504204E+00
  0.9995417891E+00  0.4206802659E+01  0.9980698909E+00
  0.9995463712E+00  0.4206911998E+01  0.9980891672E+00
  0.9995509075E+00  0.4207020246E+01  0.9981082512E+00
  0.9995553984E+00  0.4207127414E+01  0.9981271448E+00
  0.9995598444E+00  0.4207233511E+01  0.9981458500E+00
  0.9995642460E+00  0.4207338549E+01  0.9981643686E+00
  0.9995686035E+00  0.4207442538E+01  0.9981827025E+00
  0.9995729175E+00  0.4207545489E+01  0.9982008535E+00
  0.9995771883E+00  0.4207647411E+01  0.9982188234E+00
  0.9995814164E+00  0.4207748316E+01  0.9982366140E+00
  0.9995856022E+00  0.4207848214E+01  0.9982542272E+00
  0.9995897462E+00  0.4207947113E+01  0.9982716646E+00
  0.9995938488E+00  0.4208045025E+01  0.9982889281E+00
  0.9995979103E+00  0.4208141960E+01  0.9983060193E+00
  0.9996019312E+00  0.4208237926E+01  0.9983229400E+00
  0.9996059119E+00  0.4208332933E+01  0.9983396919E+00
  0.9996098527E+00  0.4208426992E+01  0.9983562766E+00
  0.9996137542E+00  0.4208520112E+01  0.9983726959E+00
  0.9996176167E+00  0.4208612301E+01  0.9983889513E+00
  0.9996214405E+00  0.4208703570E+01  0.9984050445E+00
  0.9996252261E+00  0.4208793927E+01  0.9984209771E+00
  0.9996289738E+00  0.4208883381E+01  0.9984367507E+00
  0.9996326841E+00  0.4208971942E+01  0.9984523669E+00
  0.9996363573E+00  0.4209059618E+01  0.9984678273E+00
  0.9996399937E+00  0.4209146419E+01  0.9984831334E+00
  0.9996435938E+00  0.4209232352E+01  0.9984982868E+00
  0.9996471578E+00  0.4209317427E+01  0.9985132889E+00
  0.9996506862E+00  0.4209401653E+01  0.9985281413E+00
  0.9996541794E+00  0.4209485037E+01  0.9985428455E+00
  0.9996576376E+00  0.4209567587E+01  0.9985574029E+00
  0.9996610612E+00  0.4209649314E+01  0.9985718150E+00
  0.9996644506E+00  0.4209730223E+01  0.9985860833E+00
  0.9996678400E+00  0.4209811134E+01  0.9986003518E+00
  0.9996712294E+00  0.4209892045E+01  0.9986146206E+00
  0.9996746188E+00  0.4209972957E+01  0.9986288897E+00
  0.9996780081E+00  0.4210053870E+01  0.9986431591E+00
  0.9996813975E+00  0.4210134784E+01  0.9986574287E+00
  0.9996847869E+00  0.4210215698E+01  0.9986716986E+00
  0.9996881763E+00  0.4210296613E+01  0.9986859688E+00
  0.9996915657E+00  0.4210377529E+01  0.9987002393E+00
  0.9996949551E+00  0.4210458446E+01  0.9987145100E+00
  0.9996983445E+00  0.4210539364E+01  0.9987287811E+00
  0.9997017339E+00  0.4210620282E+01  0.9987430523E+00
  0.9997051232E+00  0.4210701201E+01  0.9987573239E+00
  0.9997085126E+00  0.4210782121E+01  0.9987715957E+00
  0.9997119020E+00  0.4210863041E+01  0.9987858679E+00
  0.9997152914E+00  0.4210943962E+01  0.9988001402E+00
  0.9997186808E+00  0.4211024884E+01  0.9988144129E+00
  0.9997220702E+00  0.4211105807E+01  0.9988286858E+00
  0.9997254596E+00  0.4211186730E+01  0.9988429590E+00
  0.9997288490E+00  0.4211267654E+01  0.9988572325E+00
  0.9997322384E+00  0.4211348579E+01  0.9988715063E+00
  0.9997356277E+00  0.4211429504E+01  0.9988857803E+00
  0.9997390171E+00  0.4211510431E+01  0.9989000546E+00
  0.9997424065E+00  0.4211591357E+01  0.9989143292E+00
  0.9997457959E+00  0.4211672285E+01  0.9989286041E+00
  0.9997491853E+00  0.4211753213E+01  0.9989428792E+00
  0.9997525747E+00  0.4211834142E+01  0.9989571546E+00
  0.9997559641E+00  0.4211915072E+01  0.9989714303E+00
  0.9997593535E+00  0.4211996002E+01  0.9989857062E+00
  0.9997627428E+00  0.4212076933E+01  0.9989999824E+00
  0.9997661322E+00  0.4212157864E+01  0.9990142589E+00
  0.9997695216E+00  0.4212238796E+01  0.9990285357E+00
  0.9997729110E+00  0.4212319729E+01  0.9990428128E+00
  0.9997763004E+00  0.4212400663E+01  0.9990570901E+00
  0.9997796898E+00  0.4212481597E+01  0.9990713677E+00
  0.9997830792E+00  0.4212562531E+01  0.9990856456E+00
  0.9997864686E+00  0.4212643467E+01  0.9990999237E+00
  0.9997898579E+00  0.4212724403E+01  0.9991142021E+00
  0.9997932473E+00  0.4212805339E+01  0.9991284808E+00
  0.9997966367E+00  0.4212886277E+01  0.9991427598E+00
  0.9998000261E+00  0.4212967214E+01  0.9991570390E+00
  0.9998034155E+00  0.4213048153E+01  0.9991713185E+00
  0.9998068049E+00  0.4213129092E+01  0.9991855983E+00
  0.9998101943E+00  0.4213210031E+01  0.9991998784E+00
  0.9998135837E+00  0.4213290971E+01  0.9992141587E+00
  0.9998169731E+00  0.4213371912E+01  0.9992284394E+00
  0.9998203624E+00  0.4213452854E+01  0.9992427202E+00
  0.9998237518E+00  0.4213533795E+01  0.9992570014E+00
  0.9998271412E+00  0.4213614738E+01  0.9992712828E+00
  0.9998305306E+00  0.4213695681E+01  0.9992855646E+00
  0.9998339200E+00  0.4213776624E+01  0.9992998465E+00
  0.9998373094E+00  0.4213857569E+01  0.9993141288E+00
  0.9998406988E+00  0.4213938513E+01  0.9993284113E+00
  0.9998440882E+00  0.4214019458E+01  0.9993426942E+00
  0.9998474775E+00  0.4214100404E+01  0.9993569772E+00
  0.9998508669E+00  0.4214181351E+01  0.9993712606E+00
  0.9998542563E+00  0.4214262297E+01  0.9993855442E+00
  0.9998576457E+00  0.4214343245E+01  0.9993998281E+00
  0.9998610351E+00  0.4214424192E+01  0.9994141123E+00
  0.9998644245E+00  0.4214505141E+01  0.9994283968E+00
  0.9998678139E+00  0.4214586090E+01  0.9994426815E+00
  0.9998712033E+00  0.4214667039E+01  0.9994569665E+00
  0.9998745926E+00  0.4214747989E+01  0.9994712518E+00
  0.9998779820E+00  0.4214828939E+01  0.9994855373E+00
  0.9998813714E+00  0.4214909890E+01  0.9994998232E+00
  0.9998847608E+00  0.4214990841E+01  0.9995141093E+00
  0.9998881502E+00  0.4215071793E+01  0.9995283956E+00
  0.9998915396E+00  0.4215152745E+01  0.9995426823E+00
  0.9998949290E+00  0.4215233698E+01  0.9995569692E+00
  0.9998983184E+00  0.4215314651E+01  0.9995712564E+00
  0.9999017077E+00  0.4215395605E+01  0.9995855439E+00
  0.9999050971E+00  0.4215476559E+01  0.9995998316E+00
  0.9999084865E+00  0.4215557513E+01  0.9996141197E+00
  0.9999118759E+00  0.4215638468E+01  0.9996284080E+00
  0.9999152653E+00  0.4215719424E+01  0.9996426965E+00
  0.9999186547E+00  0.4215800380E+01  0.9996569854E+00
  0.9999220441E+00  0.4215881336E+01  0.9996712745E+00
  0.9999254335E+00  0.4215962293E+01  0.9996855639E+00
  0.9999288229E+00  0.4216043250E+01  0.9996998536E+00
  0.9999322122E+00  0.4216124207E+01  0.9997141435E+00
  0.9999356016E+00  0.4216205165E+01  0.9997284337E+00
  0.9999389910E+00  0.4216286123E+01  0.9997427242E+00
  0.9999423804E+00  0.4216367082E+01  0.9997570150E+00
  0.9999457698E+00  0.4216448041E+01  0.9997713060E+00
  0.9999491592E+00  0.4216529001E+01  0.9997855973E+00
  0.9999525486E+00  0.4216609960E+01  0.9997998889E+00
  0.9999559380E+00  0.4216690921E+01  0.9998141808E+00
  0.9999593273E+00  0.4216771881E+01  0.9998284729E+00
  0.9999627167E+00  0.4216852842E+01  0.9998427653E+00
  0.9999661061E+00  0.4216933804E+01  0.9998570580E+00
  0.9999694955E+00  0.4217014765E+01  0.9998713510E+00
  0.9999728849E+00  0.4217095727E+01  0.9998856442E+00
  0.9999762743E+00  0.4217176690E+01  0.9998999377E+00
  0.9999796637E+00  0.4217257652E+01  0.9999142315E+00
  0.9999830531E+00  0.4217338615E+01  0.9999285256E+00
  0.9999864424E+00  0.4217419579E+01  0.9999428199E+00
  0.9999898318E+00  0.4217500543E+01  0.9999571145E+00
  0.9999932212E+00  0.4217581507E+01  0.9999714094E+00
  0.9999966106E+00  0.4217662471E+01  0.9999857046E+00
  0.1000000000E+01  0.4217742932E+01  0.1000000000E+01
  0.1000000000E+01  0.4217742932E+01  0.1000000000E+01
