  0.0000000000E+00  0.4217743141E+01 -0.1000000000E+01
  0.6996492144E-18  0.4217743141E+01 -0.1000000000E+01
  0.3389387958E-05  0.4217670096E+01 -0.9999857046E+00
  0.6778775916E-05  0.4217597051E+01 -0.9999714094E+00
  0.1016816387E-04  0.4217524006E+01 -0.9999571144E+00
  0.1355755183E-04  0.4217450962E+01 -0.9999428197E+00
  0.1694693979E-04  0.4217377918E+01 -0.9999285253E+00
  0.2033632775E-04  0.4217304874E+01 -0.9999142310E+00
  0.2372571571E-04  0.4217231831E+01 -0.9998999371E+00
  0.2711510367E-04  0.4217158788E+01 -0.9998856434E+00
  0.3050449162E-04  0.4217085745E+01 -0.9998713499E+00
  0.3389387958E-04  0.4217012703E+01 -0.9998570567E+00
  0.3728326754E-04  0.4216939661E+01 -0.9998427637E+00
  0.4067265550E-04  0.4216866620E+01 -0.9998284710E+00
  0.4406204346E-04  0.4216793578E+01 -0.9998141785E+00
  0.4745143141E-04  0.4216720538E+01 -0.9997998863E+00
  0.5084081937E-04  0.4216647497E+01 -0.9997855943E+00
  0.5423020733E-04  0.4216574457E+01 -0.9997713026E+00
  0.5761959529E-04  0.4216501418E+01 -0.9997570111E+00
  0.6100898325E-04  0.4216428378E+01 -0.9997427199E+00
  0.6439837120E-04  0.4216355339E+01 -0.9997284289E+00
  0.6778775916E-04  0.4216282301E+01 -0.9997141382E+00
  0.7117714712E-04  0.4216209263E+01 -0.9996998477E+00
  0.7456653508E-04  0.4216136225E+01 -0.9996855574E+00
  0.7795592304E-04  0.4216063188E+01 -0.9996712674E+00
  0.8134531100E-04  0.4215990151E+01 -0.9996569777E+00
  0.8473469895E-04  0.4215917115E+01 -0.9996426882E+00
  0.8812408691E-04  0.4215844079E+01 -0.9996283989E+00
  0.9151347487E-04  0.4215771044E+01 -0.9996141099E+00
  0.9490286283E-04  0.4215698009E+01 -0.9995998211E+00
  0.9829225079E-04  0.4215624974E+01 -0.9995855326E+00
  0.1016816387E-03  0.4215551940E+01 -0.9995712444E+00
  0.1050710267E-03  0.4215478906E+01 -0.9995569564E+00
  0.1084604147E-03  0.4215405873E+01 -0.9995426686E+00
  0.1118498026E-03  0.4215332841E+01 -0.9995283811E+00
  0.1152391906E-03  0.4215259808E+01 -0.9995140938E+00
  0.1186285785E-03  0.4215186777E+01 -0.9994998068E+00
  0.1220179665E-03  0.4215113745E+01 -0.9994855200E+00
  0.1254073545E-03  0.4215040715E+01 -0.9994712334E+00
  0.1287967424E-03  0.4214967684E+01 -0.9994569472E+00
  0.1321861304E-03  0.4214894655E+01 -0.9994426611E+00
  0.1355755183E-03  0.4214821625E+01 -0.9994283753E+00
  0.1389649063E-03  0.4214748597E+01 -0.9994140898E+00
  0.1423542942E-03  0.4214675569E+01 -0.9993998045E+00
  0.1457436822E-03  0.4214602541E+01 -0.9993855195E+00
  0.1491330702E-03  0.4214529514E+01 -0.9993712347E+00
  0.1525224581E-03  0.4214456487E+01 -0.9993569501E+00
  0.1559118461E-03  0.4214383461E+01 -0.9993426658E+00
  0.1593012340E-03  0.4214310436E+01 -0.9993283817E+00
  0.1626906220E-03  0.4214237411E+01 -0.9993140979E+00
  0.1660800099E-03  0.4214164386E+01 -0.9992998144E+00
  0.1694693979E-03  0.4214091363E+01 -0.9992855311E+00
  0.1728587859E-03  0.4214018339E+01 -0.9992712480E+00
  0.1762481738E-03  0.4213945317E+01 -0.9992569652E+00
  0.1796375618E-03  0.4213872295E+01 -0.9992426826E+00
  0.1830269497E-03  0.4213799273E+01 -0.9992284003E+00
  0.1864163377E-03  0.4213726252E+01 -0.9992141182E+00
  0.1898057257E-03  0.4213653232E+01 -0.9991998364E+00
  0.1931951136E-03  0.4213580212E+01 -0.9991855548E+00
  0.1965845016E-03  0.4213507193E+01 -0.9991712735E+00
  0.1999738895E-03  0.4213434175E+01 -0.9991569924E+00
  0.2033632775E-03  0.4213361157E+01 -0.9991427115E+00
  0.2067526654E-03  0.4213288139E+01 -0.9991284309E+00
  0.2101420534E-03  0.4213215123E+01 -0.9991141506E+00
  0.2135314414E-03  0.4213142107E+01 -0.9990998705E+00
  0.2169208293E-03  0.4213069091E+01 -0.9990855906E+00
  0.2203102173E-03  0.4212996077E+01 -0.9990713110E+00
  0.2236996052E-03  0.4212923063E+01 -0.9990570317E+00
  0.2270889932E-03  0.4212850049E+01 -0.9990427526E+00
  0.2304783812E-03  0.4212777036E+01 -0.9990284737E+00
  0.2338677691E-03  0.4212704024E+01 -0.9990141951E+00
  0.2372571571E-03  0.4212631013E+01 -0.9989999167E+00
  0.2406465450E-03  0.4212558002E+01 -0.9989856386E+00
  0.2440359330E-03  0.4212484992E+01 -0.9989713608E+00
  0.2474253209E-03  0.4212411983E+01 -0.9989570831E+00
  0.2508147089E-03  0.4212338974E+01 -0.9989428058E+00
  0.2542040969E-03  0.4212265966E+01 -0.9989285286E+00
  0.2575934848E-03  0.4212192959E+01 -0.9989142518E+00
  0.2609828728E-03  0.4212119952E+01 -0.9988999751E+00
  0.2643722607E-03  0.4212046946E+01 -0.9988856987E+00
  0.2677616487E-03  0.4211973941E+01 -0.9988714226E+00
  0.2711510367E-03  0.4211900937E+01 -0.9988571467E+00
  0.2745404246E-03  0.4211827933E+01 -0.9988428711E+00
  0.2779298126E-03  0.4211754930E+01 -0.9988285957E+00
  0.2813192005E-03  0.4211681928E+01 -0.9988143205E+00
  0.2847085885E-03  0.4211608927E+01 -0.9988000456E+00
  0.2880979764E-03  0.4211535926E+01 -0.9987857710E+00
  0.2914873644E-03  0.4211462926E+01 -0.9987714966E+00
  0.2948767524E-03  0.4211389927E+01 -0.9987572224E+00
  0.2982661403E-03  0.4211316928E+01 -0.9987429485E+00
  0.3016555283E-03  0.4211243931E+01 -0.9987286748E+00
  0.3050449162E-03  0.4211170934E+01 -0.9987144014E+00
  0.3084343042E-03  0.4211097937E+01 -0.9987001282E+00
  0.3118236921E-03  0.4211024942E+01 -0.9986858553E+00
  0.3152130801E-03  0.4210951948E+01 -0.9986715827E+00
  0.3186024681E-03  0.4210878954E+01 -0.9986573102E+00
  0.3219918560E-03  0.4210805961E+01 -0.9986430381E+00
  0.3253812440E-03  0.4210732969E+01 -0.9986287661E+00
  0.3287706319E-03  0.4210659977E+01 -0.9986144944E+00
  0.3321600199E-03  0.4210586987E+01 -0.9986002230E+00
  0.3355494079E-03  0.4210513997E+01 -0.9985859518E+00
  0.3389387958E-03  0.4210441008E+01 -0.9985716809E+00
  0.3423624200E-03  0.4210367283E+01 -0.9985572660E+00
  0.3458206263E-03  0.4210292814E+01 -0.9985427058E+00
  0.3493137639E-03  0.4210217594E+01 -0.9985279988E+00
  0.3528421858E-03  0.4210141614E+01 -0.9985131435E+00
  0.3564062483E-03  0.4210064868E+01 -0.9984981385E+00
  0.3600063114E-03  0.4209987348E+01 -0.9984829821E+00
  0.3636427388E-03  0.4209909046E+01 -0.9984676729E+00
  0.3673158977E-03  0.4209829954E+01 -0.9984522094E+00
  0.3710261593E-03  0.4209750064E+01 -0.9984365900E+00
  0.3747738983E-03  0.4209669369E+01 -0.9984208131E+00
  0.3785594932E-03  0.4209587859E+01 -0.9984048772E+00
  0.3823833265E-03  0.4209505527E+01 -0.9983887806E+00
  0.3862457844E-03  0.4209422364E+01 -0.9983725217E+00
  0.3901472569E-03  0.4209338363E+01 -0.9983560989E+00
  0.3940881383E-03  0.4209253514E+01 -0.9983395106E+00
  0.3980688266E-03  0.4209167810E+01 -0.9983227550E+00
  0.4020897238E-03  0.4209081241E+01 -0.9983058305E+00
  0.4061512362E-03  0.4208993799E+01 -0.9982887355E+00
  0.4102537739E-03  0.4208905476E+01 -0.9982714681E+00
  0.4143977514E-03  0.4208816261E+01 -0.9982540267E+00
  0.4185835873E-03  0.4208726147E+01 -0.9982364095E+00
  0.4228117043E-03  0.4208635124E+01 -0.9982186147E+00
  0.4270825296E-03  0.4208543183E+01 -0.9982006405E+00
  0.4313964946E-03  0.4208450315E+01 -0.9981824852E+00
  0.4357540349E-03  0.4208356511E+01 -0.9981641469E+00
  0.4401555908E-03  0.4208261760E+01 -0.9981456238E+00
  0.4446016069E-03  0.4208166055E+01 -0.9981269140E+00
  0.4490925322E-03  0.4208069384E+01 -0.9981080157E+00
  0.4536288204E-03  0.4207971739E+01 -0.9980889269E+00
  0.4582109297E-03  0.4207873109E+01 -0.9980696457E+00
  0.4628393230E-03  0.4207773484E+01 -0.9980501703E+00
  0.4675144676E-03  0.4207672856E+01 -0.9980304986E+00
  0.4722368360E-03  0.4207571213E+01 -0.9980106286E+00
  0.4770069051E-03  0.4207468545E+01 -0.9979905585E+00
  0.4818251566E-03  0.4207364842E+01 -0.9979702861E+00
  0.4866920774E-03  0.4207260094E+01 -0.9979498094E+00
  0.4916081590E-03  0.4207154291E+01 -0.9979291264E+00
  0.4965738980E-03  0.4207047420E+01 -0.9979082351E+00
  0.5015897959E-03  0.4206939473E+01 -0.9978871332E+00
  0.5066563595E-03  0.4206830438E+01 -0.9978658188E+00
  0.5117741005E-03  0.4206720303E+01 -0.9978442896E+00
  0.5169435359E-03  0.4206609059E+01 -0.9978225435E+00
  0.5221651878E-03  0.4206496694E+01 -0.9978005783E+00
  0.5274395836E-03  0.4206383197E+01 -0.9977783919E+00
  0.5327672562E-03  0.4206268555E+01 -0.9977559820E+00
  0.5381487436E-03  0.4206152759E+01 -0.9977333463E+00
  0.5435845895E-03  0.4206035796E+01 -0.9977104826E+00
  0.5490753429E-03  0.4205917654E+01 -0.9976873887E+00
  0.5546215585E-03  0.4205798323E+01 -0.9976640621E+00
  0.5602237965E-03  0.4205677789E+01 -0.9976405005E+00
  0.5658826227E-03  0.4205556040E+01 -0.9976167017E+00
  0.5715986088E-03  0.4205433066E+01 -0.9975926631E+00
  0.5773723321E-03  0.4205308852E+01 -0.9975683825E+00
  0.5832043759E-03  0.4205183388E+01 -0.9975438573E+00
  0.5890953291E-03  0.4205056660E+01 -0.9975190851E+00
  0.5950457870E-03  0.4204928655E+01 -0.9974940635E+00
  0.6010563505E-03  0.4204799361E+01 -0.9974687899E+00
  0.6071276268E-03  0.4204668766E+01 -0.9974432618E+00
  0.6132602291E-03  0.4204536855E+01 -0.9974174766E+00
  0.6194547769E-03  0.4204403616E+01 -0.9973914318E+00
  0.6257118958E-03  0.4204269035E+01 -0.9973651248E+00
  0.6320322180E-03  0.4204133100E+01 -0.9973385529E+00
  0.6384163818E-03  0.4203995796E+01 -0.9973117135E+00
  0.6448650321E-03  0.4203857109E+01 -0.9972846038E+00
  0.6513788203E-03  0.4203717027E+01 -0.9972572212E+00
  0.6579584044E-03  0.4203575534E+01 -0.9972295630E+00
  0.6646044489E-03  0.4203432618E+01 -0.9972016263E+00
  0.6713176251E-03  0.4203288263E+01 -0.9971734084E+00
  0.6780986112E-03  0.4203142455E+01 -0.9971449065E+00
  0.6849480921E-03  0.4202995180E+01 -0.9971161176E+00
  0.6918667597E-03  0.4202846423E+01 -0.9970870390E+00
  0.6988553129E-03  0.4202696169E+01 -0.9970576677E+00
  0.7059144575E-03  0.4202544404E+01 -0.9970280008E+00
  0.7130449065E-03  0.4202391112E+01 -0.9969980353E+00
  0.7202473803E-03  0.4202236277E+01 -0.9969677683E+00
  0.7275226064E-03  0.4202079886E+01 -0.9969371966E+00
  0.7348713196E-03  0.4201921921E+01 -0.9969063173E+00
  0.7422942622E-03  0.4201762367E+01 -0.9968751273E+00
  0.7497921840E-03  0.4201601209E+01 -0.9968436234E+00
  0.7573658425E-03  0.4201438431E+01 -0.9968118025E+00
  0.7650160025E-03  0.4201274015E+01 -0.9967796615E+00
  0.7727434369E-03  0.4201107947E+01 -0.9967471971E+00
  0.7805489261E-03  0.4200940209E+01 -0.9967144060E+00
  0.7884332587E-03  0.4200770785E+01 -0.9966812851E+00
  0.7963972310E-03  0.4200599658E+01 -0.9966478309E+00
  0.8044416475E-03  0.4200426811E+01 -0.9966140403E+00
  0.8125673207E-03  0.4200252227E+01 -0.9965799097E+00
  0.8207750714E-03  0.4200075888E+01 -0.9965454358E+00
  0.8290657287E-03  0.4199897778E+01 -0.9965106151E+00
  0.8374401300E-03  0.4199717878E+01 -0.9964754443E+00
  0.8458991212E-03  0.4199536172E+01 -0.9964399196E+00
  0.8544435568E-03  0.4199352639E+01 -0.9964040378E+00
  0.8630742998E-03  0.4199167264E+01 -0.9963677950E+00
  0.8717922220E-03  0.4198980027E+01 -0.9963311878E+00
  0.8805982040E-03  0.4198790910E+01 -0.9962942125E+00
  0.8894931354E-03  0.4198599893E+01 -0.9962568654E+00
  0.8984779145E-03  0.4198406960E+01 -0.9962191428E+00
  0.9075534490E-03  0.4198212089E+01 -0.9961810409E+00
  0.9167206556E-03  0.4198015263E+01 -0.9961425559E+00
  0.9259804602E-03  0.4197816461E+01 -0.9961036840E+00
  0.9353337982E-03  0.4197615664E+01 -0.9960644214E+00
  0.9447816143E-03  0.4197412852E+01 -0.9960247640E+00
  0.9543248629E-03  0.4197208006E+01 -0.9959847080E+00
  0.9639645080E-03  0.4197001105E+01 -0.9959442495E+00
  0.9737015233E-03  0.4196792129E+01 -0.9959033842E+00
  0.9835368922E-03  0.4196581057E+01 -0.9958621082E+00
  0.9934716083E-03  0.4196367869E+01 -0.9958204175E+00
  0.1003506675E-02  0.4196152543E+01 -0.9957783077E+00
  0.1013643106E-02  0.4195935059E+01 -0.9957357748E+00
  0.1023881925E-02  0.4195715395E+01 -0.9956928145E+00
  0.1034224167E-02  0.4195493529E+01 -0.9956494226E+00
  0.1044670876E-02  0.4195269441E+01 -0.9956055946E+00
  0.1055223107E-02  0.4195043107E+01 -0.9955613264E+00
  0.1065881926E-02  0.4194814507E+01 -0.9955166134E+00
  0.1076648410E-02  0.4194583617E+01 -0.9954714512E+00
  0.1087523647E-02  0.4194350414E+01 -0.9954258354E+00
  0.1098508734E-02  0.4194114877E+01 -0.9953797614E+00
  0.1109604782E-02  0.4193876982E+01 -0.9953332246E+00
  0.1120812911E-02  0.4193636706E+01 -0.9952862204E+00
  0.1132134253E-02  0.4193394025E+01 -0.9952387442E+00
  0.1143569953E-02  0.4193148917E+01 -0.9951907912E+00
  0.1155121165E-02  0.4192901356E+01 -0.9951423567E+00
  0.1166789055E-02  0.4192651319E+01 -0.9950934358E+00
  0.1178574803E-02  0.4192398782E+01 -0.9950440238E+00
  0.1190479599E-02  0.4192143720E+01 -0.9949941157E+00
  0.1202504646E-02  0.4191886108E+01 -0.9949437065E+00
  0.1214651157E-02  0.4191625922E+01 -0.9948927913E+00
  0.1226920361E-02  0.4191363136E+01 -0.9948413650E+00
  0.1239313496E-02  0.4191097725E+01 -0.9947894225E+00
  0.1251831814E-02  0.4190829663E+01 -0.9947369587E+00
  0.1264476580E-02  0.4190558924E+01 -0.9946839683E+00
  0.1277249070E-02  0.4190285481E+01 -0.9946304462E+00
  0.1290150576E-02  0.4190009310E+01 -0.9945763870E+00
  0.1303182400E-02  0.4189730382E+01 -0.9945217853E+00
  0.1316345859E-02  0.4189448672E+01 -0.9944666359E+00
  0.1329642282E-02  0.4189164152E+01 -0.9944109331E+00
  0.1343073012E-02  0.4188876794E+01 -0.9943546715E+00
  0.1356639406E-02  0.4188586571E+01 -0.9942978455E+00
  0.1370342834E-02  0.4188293456E+01 -0.9942404495E+00
  0.1384184681E-02  0.4187997420E+01 -0.9941824778E+00
  0.1398166344E-02  0.4187698457E+01 -0.9941239247E+00
  0.1412289237E-02  0.4187396524E+01 -0.9940647845E+00
  0.1426554785E-02  0.4187091585E+01 -0.9940050511E+00
  0.1440964429E-02  0.4186783612E+01 -0.9939447188E+00
  0.1455519625E-02  0.4186472575E+01 -0.9938837817E+00
  0.1470221844E-02  0.4186158445E+01 -0.9938222335E+00
  0.1485072569E-02  0.4185841192E+01 -0.9937600684E+00
  0.1500073302E-02  0.4185520785E+01 -0.9936972801E+00
  0.1515225558E-02  0.4185197194E+01 -0.9936338625E+00
  0.1530530867E-02  0.4184870389E+01 -0.9935698092E+00
  0.1545990774E-02  0.4184540338E+01 -0.9935051141E+00
  0.1561606843E-02  0.4184207012E+01 -0.9934397706E+00
  0.1577380649E-02  0.4183870377E+01 -0.9933737724E+00
  0.1593313787E-02  0.4183530402E+01 -0.9933071129E+00
  0.1609407866E-02  0.4183187056E+01 -0.9932397856E+00
  0.1625664511E-02  0.4182840307E+01 -0.9931717839E+00
  0.1642085364E-02  0.4182490121E+01 -0.9931031009E+00
  0.1658672085E-02  0.4182136466E+01 -0.9930337301E+00
  0.1675426349E-02  0.4181779308E+01 -0.9929636644E+00
  0.1692349847E-02  0.4181418616E+01 -0.9928928972E+00
  0.1709444290E-02  0.4181054354E+01 -0.9928214212E+00
  0.1726711404E-02  0.4180686489E+01 -0.9927492297E+00
  0.1744152934E-02  0.4180314987E+01 -0.9926763154E+00
  0.1761770640E-02  0.4179939813E+01 -0.9926026711E+00
  0.1779566303E-02  0.4179560933E+01 -0.9925282897E+00
  0.1797541720E-02  0.4179178311E+01 -0.9924531638E+00
  0.1815698707E-02  0.4178791913E+01 -0.9923772860E+00
  0.1834039098E-02  0.4178401702E+01 -0.9923006489E+00
  0.1852564746E-02  0.4178007643E+01 -0.9922232449E+00
  0.1871277521E-02  0.4177609700E+01 -0.9921450665E+00
  0.1890179314E-02  0.4177207836E+01 -0.9920661060E+00
  0.1909272034E-02  0.4176802014E+01 -0.9919863556E+00
  0.1928557610E-02  0.4176392198E+01 -0.9919058075E+00
  0.1948037990E-02  0.4175978350E+01 -0.9918244539E+00
  0.1967715142E-02  0.4175560432E+01 -0.9917422866E+00
  0.1987591052E-02  0.4175138407E+01 -0.9916592978E+00
  0.2007667730E-02  0.4174712237E+01 -0.9915754791E+00
  0.2027947202E-02  0.4174281882E+01 -0.9914908225E+00
  0.2048431517E-02  0.4173847304E+01 -0.9914053197E+00
  0.2069122744E-02  0.4173408465E+01 -0.9913189622E+00
  0.2090022974E-02  0.4172965324E+01 -0.9912317416E+00
  0.2111134317E-02  0.4172517842E+01 -0.9911436494E+00
  0.2132458906E-02  0.4172065979E+01 -0.9910546770E+00
  0.2153998895E-02  0.4171609695E+01 -0.9909648157E+00
  0.2175756460E-02  0.4171148950E+01 -0.9908740566E+00
  0.2197733798E-02  0.4170683702E+01 -0.9907823910E+00
  0.2219933129E-02  0.4170213911E+01 -0.9906898098E+00
  0.2242356696E-02  0.4169739534E+01 -0.9905963041E+00
  0.2265006764E-02  0.4169260531E+01 -0.9905018646E+00
  0.2287885620E-02  0.4168776860E+01 -0.9904064822E+00
  0.2310995576E-02  0.4168288477E+01 -0.9903101476E+00
  0.2334338965E-02  0.4167795341E+01 -0.9902128514E+00
  0.2357918147E-02  0.4167297409E+01 -0.9901145841E+00
  0.2381735502E-02  0.4166794637E+01 -0.9900153361E+00
  0.2405793436E-02  0.4166286983E+01 -0.9899150977E+00
  0.2430094380E-02  0.4165774402E+01 -0.9898138592E+00
  0.2454640788E-02  0.4165256850E+01 -0.9897116108E+00
  0.2479435139E-02  0.4164734284E+01 -0.9896083424E+00
  0.2504479939E-02  0.4164206658E+01 -0.9895040441E+00
  0.2529777716E-02  0.4163673928E+01 -0.9893987056E+00
  0.2555331026E-02  0.4163136049E+01 -0.9892923169E+00
  0.2581142450E-02  0.4162592975E+01 -0.9891848674E+00
  0.2607214596E-02  0.4162044661E+01 -0.9890763468E+00
  0.2633550097E-02  0.4161491061E+01 -0.9889667446E+00
  0.2660151614E-02  0.4160932128E+01 -0.9888560500E+00
  0.2687021832E-02  0.4160367817E+01 -0.9887442525E+00
  0.2714163467E-02  0.4159798080E+01 -0.9886313410E+00
  0.2741579259E-02  0.4159222870E+01 -0.9885173047E+00
  0.2769271979E-02  0.4158642141E+01 -0.9884021326E+00
  0.2797244423E-02  0.4158055844E+01 -0.9882858134E+00
  0.2825499417E-02  0.4157463933E+01 -0.9881683359E+00
  0.2854039815E-02  0.4156866358E+01 -0.9880496888E+00
  0.2882868500E-02  0.4156263072E+01 -0.9879298605E+00
  0.2911988384E-02  0.4155654026E+01 -0.9878088394E+00
  0.2941402408E-02  0.4155039172E+01 -0.9876866140E+00
  0.2971113544E-02  0.4154418460E+01 -0.9875631723E+00
  0.3001124792E-02  0.4153791841E+01 -0.9874385024E+00
  0.3031439184E-02  0.4153159267E+01 -0.9873125923E+00
  0.3062059781E-02  0.4152520687E+01 -0.9871854299E+00
  0.3092989678E-02  0.4151876051E+01 -0.9870570028E+00
  0.3124231998E-02  0.4151225309E+01 -0.9869272987E+00
  0.3155789897E-02  0.4150568412E+01 -0.9867963051E+00
  0.3187666563E-02  0.4149905308E+01 -0.9866640094E+00
  0.3219865215E-02  0.4149235948E+01 -0.9865303988E+00
  0.3252389106E-02  0.4148560279E+01 -0.9863954605E+00
  0.3285241521E-02  0.4147878143E+01 -0.9862591815E+00
  0.3318425779E-02  0.4147189254E+01 -0.9861215487E+00
  0.3351945231E-02  0.4146493885E+01 -0.9859825488E+00
  0.3385803264E-02  0.4145791984E+01 -0.9858421686E+00
  0.3420003297E-02  0.4145083499E+01 -0.9857003945E+00
  0.3454548785E-02  0.4144368378E+01 -0.9855572129E+00
  0.3489443217E-02  0.4143646568E+01 -0.9854126101E+00
  0.3524690118E-02  0.4142918016E+01 -0.9852665723E+00
  0.3560293049E-02  0.4142182669E+01 -0.9851190853E+00
  0.3596255605E-02  0.4141440474E+01 -0.9849701352E+00
  0.3632581419E-02  0.4140690401E+01 -0.9848197076E+00
  0.3669274160E-02  0.4139933210E+01 -0.9846677882E+00
  0.3706337536E-02  0.4139168966E+01 -0.9845143625E+00
  0.3743775289E-02  0.4138397615E+01 -0.9843594157E+00
  0.3781591201E-02  0.4137619100E+01 -0.9842029332E+00
  0.3819789092E-02  0.4136833366E+01 -0.9840448999E+00
  0.3858372820E-02  0.4136040359E+01 -0.9838853007E+00
  0.3897346283E-02  0.4135240022E+01 -0.9837241205E+00
  0.3936713417E-02  0.4134432300E+01 -0.9835613438E+00
  0.3976478199E-02  0.4133617137E+01 -0.9833969552E+00
  0.4016644645E-02  0.4132794477E+01 -0.9832309391E+00
  0.4057216813E-02  0.4131964264E+01 -0.9830632795E+00
  0.4098198801E-02  0.4131126442E+01 -0.9828939605E+00
  0.4139594749E-02  0.4130280954E+01 -0.9827229661E+00
  0.4181408837E-02  0.4129427745E+01 -0.9825502800E+00
  0.4223645290E-02  0.4128566758E+01 -0.9823758858E+00
  0.4266308374E-02  0.4127697937E+01 -0.9821997670E+00
  0.4309402398E-02  0.4126821225E+01 -0.9820219068E+00
  0.4352931715E-02  0.4125936566E+01 -0.9818422883E+00
  0.4396900722E-02  0.4125043902E+01 -0.9816608946E+00
  0.4441313861E-02  0.4124143179E+01 -0.9814777085E+00
  0.4486175617E-02  0.4123234338E+01 -0.9812927125E+00
  0.4531490522E-02  0.4122317324E+01 -0.9811058893E+00
  0.4577263154E-02  0.4121392080E+01 -0.9809172212E+00
  0.4623498135E-02  0.4120458549E+01 -0.9807266903E+00
  0.4670200136E-02  0.4119516674E+01 -0.9805342786E+00
  0.4717373875E-02  0.4118566399E+01 -0.9803399680E+00
  0.4765024116E-02  0.4117607668E+01 -0.9801437402E+00
  0.4813155673E-02  0.4116640424E+01 -0.9799455766E+00
  0.4861773407E-02  0.4115664610E+01 -0.9797454586E+00
  0.4910882230E-02  0.4114680170E+01 -0.9795433673E+00
  0.4960487101E-02  0.4113687047E+01 -0.9793392838E+00
  0.5010593031E-02  0.4112685186E+01 -0.9791331888E+00
  0.5061205082E-02  0.4111674529E+01 -0.9789250629E+00
  0.5112328365E-02  0.4110655021E+01 -0.9787148867E+00
  0.5163968046E-02  0.4109626605E+01 -0.9785026403E+00
  0.5216129339E-02  0.4108589226E+01 -0.9782883039E+00
  0.5268817514E-02  0.4107542826E+01 -0.9780718574E+00
  0.5322037893E-02  0.4106487351E+01 -0.9778532805E+00
  0.5375795852E-02  0.4105422744E+01 -0.9776325528E+00
  0.5430096820E-02  0.4104348950E+01 -0.9774096535E+00
  0.5484946283E-02  0.4103265912E+01 -0.9771845619E+00
  0.5540349781E-02  0.4102173575E+01 -0.9769572568E+00
  0.5596312910E-02  0.4101071884E+01 -0.9767277172E+00
  0.5652841323E-02  0.4099960783E+01 -0.9764959215E+00
  0.5709940730E-02  0.4098840216E+01 -0.9762618482E+00
  0.5767616899E-02  0.4097710128E+01 -0.9760254754E+00
  0.5825875656E-02  0.4096567872E+01 -0.9757867811E+00
  0.5884722885E-02  0.4095412021E+01 -0.9755457435E+00
  0.5944164530E-02  0.4094246235E+01 -0.9753023401E+00
  0.6004206596E-02  0.4093070452E+01 -0.9750565484E+00
  0.6064855147E-02  0.4091884608E+01 -0.9748083456E+00
  0.6126116310E-02  0.4090688642E+01 -0.9745577086E+00
  0.6187996273E-02  0.4089482490E+01 -0.9743046142E+00
  0.6250501286E-02  0.4088266090E+01 -0.9740490391E+00
  0.6313637663E-02  0.4087040052E+01 -0.9737909595E+00
  0.6377411780E-02  0.4085808658E+01 -0.9735303514E+00
  0.6441830081E-02  0.4084567045E+01 -0.9732671905E+00
  0.6506899072E-02  0.4083315154E+01 -0.9730014526E+00
  0.6572625325E-02  0.4082052929E+01 -0.9727331131E+00
  0.6639015480E-02  0.4080780310E+01 -0.9724621472E+00
  0.6706076242E-02  0.4079497239E+01 -0.9721885300E+00
  0.6773814386E-02  0.4078203658E+01 -0.9719122362E+00
  0.6842236754E-02  0.4076899508E+01 -0.9716332405E+00
  0.6911350256E-02  0.4075594618E+01 -0.9713515168E+00
  0.6981161875E-02  0.4074287312E+01 -0.9710670385E+00
  0.7051678662E-02  0.4072972112E+01 -0.9707797793E+00
  0.7122907739E-02  0.4071646863E+01 -0.9704897124E+00
  0.7194856302E-02  0.4070319409E+01 -0.9701968110E+00
  0.7267531618E-02  0.4068986824E+01 -0.9699010477E+00
  0.7340941029E-02  0.4067644545E+01 -0.9696023951E+00
  0.7415091948E-02  0.4066292542E+01 -0.9693008256E+00
  0.7489991867E-02  0.4064930786E+01 -0.9689963116E+00
  0.7565648350E-02  0.4063559249E+01 -0.9686888251E+00
  0.7642069041E-02  0.4062177901E+01 -0.9683783379E+00
  0.7719261657E-02  0.4060786711E+01 -0.9680648215E+00
  0.7797233997E-02  0.4059385649E+01 -0.9677482470E+00
  0.7875993937E-02  0.4057974683E+01 -0.9674285856E+00
  0.7955549431E-02  0.4056553782E+01 -0.9671058080E+00
  0.8035908516E-02  0.4055122913E+01 -0.9667798845E+00
  0.8117079309E-02  0.4053682040E+01 -0.9664507854E+00
  0.8199070009E-02  0.4052231130E+01 -0.9661184807E+00
  0.8281888898E-02  0.4050770144E+01 -0.9657829399E+00
  0.8365544342E-02  0.4049299047E+01 -0.9654441325E+00
  0.8450044790E-02  0.4047817796E+01 -0.9651020275E+00
  0.8535398777E-02  0.4046326352E+01 -0.9647565937E+00
  0.8621614927E-02  0.4044809220E+01 -0.9644078005E+00
  0.8708701946E-02  0.4043276223E+01 -0.9640556168E+00
  0.8796668632E-02  0.4041732473E+01 -0.9637000111E+00
  0.8885523871E-02  0.4040169977E+01 -0.9633409514E+00
  0.8975276638E-02  0.4038596099E+01 -0.9629784056E+00
  0.9065935997E-02  0.4037021776E+01 -0.9626123405E+00
  0.9157511109E-02  0.4035446467E+01 -0.9622427219E+00
  0.9250011221E-02  0.4033860305E+01 -0.9618695160E+00
  0.9343445678E-02  0.4032263224E+01 -0.9614926890E+00
  0.9437823917E-02  0.4030655154E+01 -0.9611122070E+00
  0.9533155471E-02  0.4029036020E+01 -0.9607280356E+00
  0.9629449971E-02  0.4027405744E+01 -0.9603401401E+00
  0.9726717143E-02  0.4025761326E+01 -0.9599484857E+00
  0.9824966811E-02  0.4024104699E+01 -0.9595530373E+00
  0.9924208900E-02  0.4022436570E+01 -0.9591537596E+00
  0.1002445343E-01  0.4020756842E+01 -0.9587506165E+00
  0.1012571054E-01  0.4019065408E+01 -0.9583435719E+00
  0.1022799044E-01  0.4017362160E+01 -0.9579325894E+00
  0.1033130348E-01  0.4015646978E+01 -0.9575176321E+00
  0.1043566008E-01  0.4013919738E+01 -0.9570986630E+00
  0.1054107079E-01  0.4012189366E+01 -0.9566756440E+00
  0.1064754625E-01  0.4010450537E+01 -0.9562485369E+00
  0.1075509722E-01  0.4008699681E+01 -0.9558173032E+00
  0.1086373457E-01  0.4006936650E+01 -0.9553819045E+00
  0.1097346926E-01  0.4005174189E+01 -0.9549423012E+00
  0.1108431238E-01  0.4003402566E+01 -0.9544984534E+00
  0.1119627514E-01  0.4001616409E+01 -0.9540503214E+00
  0.1130936882E-01  0.3999817792E+01 -0.9535978656E+00
  0.1142360487E-01  0.3998014927E+01 -0.9531410451E+00
  0.1153899482E-01  0.3996203728E+01 -0.9526798189E+00
  0.1165555032E-01  0.3994379988E+01 -0.9522141457E+00
  0.1177328316E-01  0.3992543495E+01 -0.9517439841E+00
  0.1189220521E-01  0.3990694024E+01 -0.9512692926E+00
  0.1201232849E-01  0.3988817720E+01 -0.9507900300E+00
  0.1213366514E-01  0.3986914044E+01 -0.9503061557E+00
  0.1225622742E-01  0.3985001791E+01 -0.9498176277E+00
  0.1238002770E-01  0.3983077830E+01 -0.9493244024E+00
  0.1250507848E-01  0.3981138810E+01 -0.9488264367E+00
  0.1263139240E-01  0.3979184394E+01 -0.9483236868E+00
  0.1275898223E-01  0.3977214228E+01 -0.9478161091E+00
  0.1288786083E-01  0.3975227938E+01 -0.9473036592E+00
  0.1301804125E-01  0.3973217922E+01 -0.9467862933E+00
  0.1314953661E-01  0.3971184072E+01 -0.9462639672E+00
  0.1328236022E-01  0.3969132190E+01 -0.9457366365E+00
  0.1341652547E-01  0.3967061800E+01 -0.9452042558E+00
  0.1355204593E-01  0.3964972402E+01 -0.9446667793E+00
  0.1368893528E-01  0.3962863474E+01 -0.9441241612E+00
  0.1382720736E-01  0.3960734469E+01 -0.9435763550E+00
  0.1396687612E-01  0.3958563445E+01 -0.9430233157E+00
  0.1410795567E-01  0.3956364314E+01 -0.9424649985E+00
  0.1425046028E-01  0.3954142726E+01 -0.9419013567E+00
  0.1439440432E-01  0.3951898042E+01 -0.9413323429E+00
  0.1453980234E-01  0.3949629595E+01 -0.9407579097E+00
  0.1468666903E-01  0.3947336698E+01 -0.9401780090E+00
  0.1483501923E-01  0.3945018634E+01 -0.9395925928E+00
  0.1498486790E-01  0.3942674661E+01 -0.9390016126E+00
  0.1513623021E-01  0.3940304014E+01 -0.9384050197E+00
  0.1528912142E-01  0.3937896679E+01 -0.9378027659E+00
  0.1544355699E-01  0.3935434732E+01 -0.9371948047E+00
  0.1559955252E-01  0.3932942971E+01 -0.9365810888E+00
  0.1575712375E-01  0.3930420593E+01 -0.9359615688E+00
  0.1591628662E-01  0.3927819432E+01 -0.9353361988E+00
  0.1607705719E-01  0.3925211065E+01 -0.9347049307E+00
  0.1623945171E-01  0.3922588829E+01 -0.9340677109E+00
  0.1640348657E-01  0.3919947705E+01 -0.9334244862E+00
  0.1656917836E-01  0.3917271959E+01 -0.9327752047E+00
  0.1673654380E-01  0.3914560603E+01 -0.9321198157E+00
  0.1690559979E-01  0.3911812630E+01 -0.9314582680E+00
  0.1707636343E-01  0.3909027011E+01 -0.9307905105E+00
  0.1724885195E-01  0.3906202699E+01 -0.9301164918E+00
  0.1742308278E-01  0.3903338626E+01 -0.9294361604E+00
  0.1759907351E-01  0.3900480957E+01 -0.9287494604E+00
  0.1777684193E-01  0.3897534927E+01 -0.9280563399E+00
  0.1795640599E-01  0.3894546969E+01 -0.9273567510E+00
  0.1813778383E-01  0.3891516016E+01 -0.9266506414E+00
  0.1832099377E-01  0.3888504522E+01 -0.9259379528E+00
  0.1850605431E-01  0.3885473458E+01 -0.9252186245E+00
  0.1869298415E-01  0.3882396720E+01 -0.9244926012E+00
  0.1888180217E-01  0.3879273140E+01 -0.9237598296E+00
  0.1907252745E-01  0.3876101548E+01 -0.9230202566E+00
  0.1926517924E-01  0.3872880771E+01 -0.9222738289E+00
  0.1945977701E-01  0.3869609645E+01 -0.9215204933E+00
  0.1965634041E-01  0.3866323976E+01 -0.9207601925E+00
  0.1985488931E-01  0.3863010209E+01 -0.9199928672E+00
  0.2005544374E-01  0.3859641314E+01 -0.9192184611E+00
  0.2025802398E-01  0.3856200800E+01 -0.9184369226E+00
  0.2046265049E-01  0.3852704792E+01 -0.9176481994E+00
  0.2066934393E-01  0.3849152226E+01 -0.9168522377E+00
  0.2087812518E-01  0.3845542071E+01 -0.9160489838E+00
  0.2108901533E-01  0.3841873336E+01 -0.9152383837E+00
  0.2130203569E-01  0.3838145073E+01 -0.9144203835E+00
  0.2151720777E-01  0.3834352800E+01 -0.9135949299E+00
  0.2173455330E-01  0.3830515421E+01 -0.9127619674E+00
  0.2195409424E-01  0.3826635152E+01 -0.9119214384E+00
  0.2217585277E-01  0.3822666444E+01 -0.9110732895E+00
  0.2239985128E-01  0.3818564933E+01 -0.9102174772E+00
  0.2262611241E-01  0.3814310025E+01 -0.9093539658E+00
  0.2285465900E-01  0.3809913566E+01 -0.9084827207E+00
  0.2308551414E-01  0.3805443817E+01 -0.9076036985E+00
  0.2331870115E-01  0.3800900340E+01 -0.9067168481E+00
  0.2355424359E-01  0.3796274526E+01 -0.9058221196E+00
  0.2379216524E-01  0.3791564560E+01 -0.9049194640E+00
  0.2403249014E-01  0.3786782414E+01 -0.9040088312E+00
  0.2427524257E-01  0.3781942759E+01 -0.9030901680E+00
  0.2452044704E-01  0.3777014297E+01 -0.9021634230E+00
  0.2476812832E-01  0.3772007745E+01 -0.9012285473E+00
  0.2501831143E-01  0.3766929394E+01 -0.9002854899E+00
  0.2527102165E-01  0.3761779992E+01 -0.8993341990E+00
  0.2552628449E-01  0.3756560451E+01 -0.8983746225E+00
  0.2578412575E-01  0.3751274128E+01 -0.8974067078E+00
  0.2604457147E-01  0.3745917717E+01 -0.8964304020E+00
  0.2630764795E-01  0.3740422463E+01 -0.8954456620E+00
  0.2657338176E-01  0.3734830578E+01 -0.8944524482E+00
  0.2684179976E-01  0.3729214039E+01 -0.8934507063E+00
  0.2711292905E-01  0.3723560257E+01 -0.8924403736E+00
  0.2738679702E-01  0.3717843615E+01 -0.8914213925E+00
  0.2766343134E-01  0.3712066534E+01 -0.8903937085E+00
  0.2794285993E-01  0.3706160860E+01 -0.8893572760E+00
  0.2822511105E-01  0.3699957850E+01 -0.8883120834E+00
  0.2851021318E-01  0.3693677559E+01 -0.8872581128E+00
  0.2879819513E-01  0.3687326111E+01 -0.8861953149E+00
  0.2908908599E-01  0.3680933562E+01 -0.8851236352E+00
  0.2938291514E-01  0.3674586268E+01 -0.8840430021E+00
  0.2967971226E-01  0.3668031382E+01 -0.8829533682E+00
  0.2997950734E-01  0.3661436069E+01 -0.8818546991E+00
  0.3028233064E-01  0.3654827625E+01 -0.8807469315E+00
  0.3058821277E-01  0.3648296752E+01 -0.8796299839E+00
  0.3089718462E-01  0.3641739740E+01 -0.8785037759E+00
  0.3120927739E-01  0.3635160741E+01 -0.8773682418E+00
  0.3152452262E-01  0.3628563975E+01 -0.8762233146E+00
  0.3184295214E-01  0.3621898595E+01 -0.8750689339E+00
  0.3216459812E-01  0.3615067374E+01 -0.8739050634E+00
  0.3248949305E-01  0.3608224971E+01 -0.8727316579E+00
  0.3281766975E-01  0.3601375707E+01 -0.8715486464E+00
  0.3314916136E-01  0.3594514685E+01 -0.8703559577E+00
  0.3348400137E-01  0.3587550460E+01 -0.8691535363E+00
  0.3382222361E-01  0.3580591175E+01 -0.8679413239E+00
  0.3416386223E-01  0.3573640947E+01 -0.8667192429E+00
  0.3450895175E-01  0.3566703748E+01 -0.8654872138E+00
  0.3485752702E-01  0.3559783377E+01 -0.8642451553E+00
  0.3520962325E-01  0.3552883426E+01 -0.8629929837E+00
  0.3556527601E-01  0.3545994646E+01 -0.8617306159E+00
  0.3592452122E-01  0.3539123523E+01 -0.8604579685E+00
  0.3628739518E-01  0.3532281974E+01 -0.8591749541E+00
  0.3665393452E-01  0.3525716252E+01 -0.8578814370E+00
  0.3702417628E-01  0.3519238735E+01 -0.8565772688E+00
  0.3739815786E-01  0.3512805081E+01 -0.8552623413E+00
  0.3777591703E-01  0.3506416439E+01 -0.8539365537E+00
  0.3815749195E-01  0.3500073506E+01 -0.8525998033E+00
  0.3854292116E-01  0.3493776510E+01 -0.8512519862E+00
  0.3893224360E-01  0.3487436908E+01 -0.8498930147E+00
  0.3932549859E-01  0.3481157410E+01 -0.8485227975E+00
  0.3972272585E-01  0.3474918336E+01 -0.8471412260E+00
  0.4012396550E-01  0.3468748099E+01 -0.8457481889E+00
  0.4052925808E-01  0.3462598882E+01 -0.8443435771E+00
  0.4093864453E-01  0.3456408019E+01 -0.8429273033E+00
  0.4135216619E-01  0.3450252009E+01 -0.8414992765E+00
  0.4176986484E-01  0.3444060790E+01 -0.8400594040E+00
  0.4219178266E-01  0.3437858307E+01 -0.8386076018E+00
  0.4261796229E-01  0.3431597631E+01 -0.8371437907E+00
  0.4304844675E-01  0.3425707202E+01 -0.8356678091E+00
  0.4348327955E-01  0.3420065087E+01 -0.8341794259E+00
  0.4392250460E-01  0.3414509755E+01 -0.8326784677E+00
  0.4436616626E-01  0.3408978542E+01 -0.8311648076E+00
  0.4481430935E-01  0.3403464153E+01 -0.8296383331E+00
  0.4526697914E-01  0.3397930140E+01 -0.8280989402E+00
  0.4572422136E-01  0.3392410132E+01 -0.8265465251E+00
  0.4618608218E-01  0.3386830993E+01 -0.8249809922E+00
  0.4665260826E-01  0.3381589925E+01 -0.8234021697E+00
  0.4712384673E-01  0.3376531981E+01 -0.8218098262E+00
  0.4759984518E-01  0.3371472663E+01 -0.8202038063E+00
  0.4808065170E-01  0.3366383809E+01 -0.8185840037E+00
  0.4856631485E-01  0.3361165961E+01 -0.8169503422E+00
  0.4905688368E-01  0.3355760621E+01 -0.8153027847E+00
  0.4955240776E-01  0.3350335818E+01 -0.8136412686E+00
  0.5005293713E-01  0.3344889427E+01 -0.8119656902E+00
  0.5055852235E-01  0.3339419965E+01 -0.8102759461E+00
  0.5106921450E-01  0.3333926609E+01 -0.8085719333E+00
  0.5158506515E-01  0.3328409184E+01 -0.8068535482E+00
  0.5210612641E-01  0.3322749676E+01 -0.8051207176E+00
  0.5263245092E-01  0.3316820042E+01 -0.8033734334E+00
  0.5316409184E-01  0.3310866754E+01 -0.8016116587E+00
  0.5370110287E-01  0.3304670359E+01 -0.7998353505E+00
  0.5424353825E-01  0.3298289425E+01 -0.7980445110E+00
  0.5479145278E-01  0.3291796253E+01 -0.7962391091E+00
  0.5534490180E-01  0.3285209858E+01 -0.7944190903E+00
  0.5590394121E-01  0.3278637738E+01 -0.7925843656E+00
  0.5646862749E-01  0.3272175400E+01 -0.7907347885E+00
  0.5703901766E-01  0.3266044712E+01 -0.7888701202E+00
  0.5761516936E-01  0.3259950888E+01 -0.7869901385E+00
  0.5819714076E-01  0.3253896048E+01 -0.7850947021E+00
  0.5878499067E-01  0.3248039819E+01 -0.7831836209E+00
  0.5937877846E-01  0.3242264614E+01 -0.7812566892E+00
  0.5997856410E-01  0.3236325366E+01 -0.7793138066E+00
  0.6058440818E-01  0.3230290480E+01 -0.7773549261E+00
  0.6119637190E-01  0.3224272499E+01 -0.7753799469E+00
  0.6181451707E-01  0.3218264620E+01 -0.7733887353E+00
  0.6243890613E-01  0.3212257938E+01 -0.7713811614E+00
  0.6306960215E-01  0.3206250797E+01 -0.7693570974E+00
  0.6370666884E-01  0.3200198190E+01 -0.7673164298E+00
  0.6435017054E-01  0.3194103200E+01 -0.7652590578E+00
  0.6500017227E-01  0.3188141410E+01 -0.7631848229E+00
  0.6565673966E-01  0.3181834143E+01 -0.7610936637E+00
  0.6631993905E-01  0.3175747594E+01 -0.7589854916E+00
  0.6698983743E-01  0.3169594345E+01 -0.7568601244E+00
  0.6766650245E-01  0.3163227292E+01 -0.7547175250E+00
  0.6835000248E-01  0.3156810585E+01 -0.7525576520E+00
  0.6904040654E-01  0.3150248139E+01 -0.7503804425E+00
  0.6973778439E-01  0.3143505067E+01 -0.7481858804E+00
  0.7044220645E-01  0.3136723731E+01 -0.7459739146E+00
  0.7115374389E-01  0.3130156416E+01 -0.7437443546E+00
  0.7187246858E-01  0.3123393596E+01 -0.7414970643E+00
  0.7259845311E-01  0.3116431073E+01 -0.7392320562E+00
  0.7333177082E-01  0.3109169586E+01 -0.7369493846E+00
  0.7407249577E-01  0.3101111171E+01 -0.7346493296E+00
  0.7482070280E-01  0.3092736599E+01 -0.7323321894E+00
  0.7557646748E-01  0.3084397898E+01 -0.7299979594E+00
  0.7633986614E-01  0.3076225749E+01 -0.7276464534E+00
  0.7711097590E-01  0.3067660145E+01 -0.7252776482E+00
  0.7788987464E-01  0.3059094018E+01 -0.7228915877E+00
  0.7867664105E-01  0.3050850892E+01 -0.7204880380E+00
  0.7947135460E-01  0.3042199759E+01 -0.7180669230E+00
  0.8027409556E-01  0.3033324344E+01 -0.7156283870E+00
  0.8108494501E-01  0.3024530092E+01 -0.7131723830E+00
  0.8190398485E-01  0.3016225688E+01 -0.7106985732E+00
  0.8273129783E-01  0.3007530938E+01 -0.7082068072E+00
  0.8356696751E-01  0.2998639842E+01 -0.7056972198E+00
  0.8441107829E-01  0.2989765993E+01 -0.7031697808E+00
  0.8526371544E-01  0.2980801245E+01 -0.7006244171E+00
  0.8612496510E-01  0.2972505553E+01 -0.6980607754E+00
  0.8699491424E-01  0.2964655359E+01 -0.6954782614E+00
  0.8787365075E-01  0.2956705306E+01 -0.6928766035E+00
  0.8876126338E-01  0.2949430498E+01 -0.6902554231E+00
  0.8965784180E-01  0.2942315048E+01 -0.6876142171E+00
  0.9056347656E-01  0.2935394650E+01 -0.6849526880E+00
  0.9147825915E-01  0.2929235436E+01 -0.6822702573E+00
  0.9240228197E-01  0.2923117493E+01 -0.6795664034E+00
  0.9333563836E-01  0.2916974853E+01 -0.6768409597E+00
  0.9427842258E-01  0.2910794501E+01 -0.6740937952E+00
  0.9523072988E-01  0.2904171479E+01 -0.6713249779E+00
  0.9619265645E-01  0.2897048268E+01 -0.6685348042E+00
  0.9716429944E-01  0.2889793996E+01 -0.6657234318E+00
  0.9814575701E-01  0.2881295476E+01 -0.6628913921E+00
  0.9913712829E-01  0.2872888599E+01 -0.6600391257E+00
  0.1001385134E+00  0.2864084597E+01 -0.6571666659E+00
  0.1011500136E+00  0.2856373065E+01 -0.6542735440E+00
  0.1021717309E+00  0.2850020359E+01 -0.6513583835E+00
  0.1032037686E+00  0.2843893518E+01 -0.6484202167E+00
  0.1042462309E+00  0.2837505306E+01 -0.6454588946E+00
  0.1052992231E+00  0.2830882001E+01 -0.6424745107E+00
  0.1063628516E+00  0.2824384931E+01 -0.6394669591E+00
  0.1074372239E+00  0.2818659461E+01 -0.6364355940E+00
  0.1085224483E+00  0.2813049718E+01 -0.6333797597E+00
  0.1096186347E+00  0.2806697888E+01 -0.6302996144E+00
  0.1107258936E+00  0.2799634644E+01 -0.6271957835E+00
  0.1118443370E+00  0.2792413955E+01 -0.6240685886E+00
  0.1129740778E+00  0.2786608886E+01 -0.6209171638E+00
  0.1141152301E+00  0.2781572453E+01 -0.6177400924E+00
  0.1152679092E+00  0.2775992576E+01 -0.6145370479E+00
  0.1164322315E+00  0.2769504312E+01 -0.6113086750E+00
  0.1176083146E+00  0.2760800849E+01 -0.6080566256E+00
  0.1187962774E+00  0.2749852952E+01 -0.6047833998E+00
  0.1199962398E+00  0.2737040218E+01 -0.6014913671E+00
  0.1212083230E+00  0.2723492389E+01 -0.5981820571E+00
  0.1224326495E+00  0.2710832562E+01 -0.5948553631E+00
  0.1236693429E+00  0.2698277290E+01 -0.5915106578E+00
  0.1249185282E+00  0.2685814647E+01 -0.5881477936E+00
  0.1261803315E+00  0.2673664856E+01 -0.5847664891E+00
  0.1274548803E+00  0.2660790053E+01 -0.5813669775E+00
  0.1287423034E+00  0.2647760994E+01 -0.5779498021E+00
  0.1300427307E+00  0.2634418042E+01 -0.5745152571E+00
  0.1313562936E+00  0.2619947754E+01 -0.5710642871E+00
  0.1326831249E+00  0.2606631708E+01 -0.5675968926E+00
  0.1340233585E+00  0.2592260400E+01 -0.5641130277E+00
  0.1353771298E+00  0.2576971050E+01 -0.5606140491E+00
  0.1367445755E+00  0.2561653049E+01 -0.5571006542E+00
  0.1381258338E+00  0.2546216128E+01 -0.5535730108E+00
  0.1395210443E+00  0.2532270800E+01 -0.5500302318E+00
  0.1409303478E+00  0.2518273599E+01 -0.5464713569E+00
  0.1423538866E+00  0.2503356856E+01 -0.5428971138E+00
  0.1437918047E+00  0.2485060058E+01 -0.5393106465E+00
  0.1452442472E+00  0.2465001202E+01 -0.5357158069E+00
  0.1467113608E+00  0.2443217362E+01 -0.5321153498E+00
  0.1481932937E+00  0.2419537484E+01 -0.5285122115E+00
  0.1496901957E+00  0.2394711237E+01 -0.5249089823E+00
  0.1512022178E+00  0.2364139479E+01 -0.5213112384E+00
  0.1527295130E+00  0.2333128355E+01 -0.5177241812E+00
  0.1542722353E+00  0.2300969096E+01 -0.5141496184E+00
  0.1558305407E+00  0.2268857629E+01 -0.5105890255E+00
  0.1574045866E+00  0.2239949725E+01 -0.5070404908E+00
  0.1589945319E+00  0.2211750428E+01 -0.5035015108E+00
  0.1606005373E+00  0.2183994006E+01 -0.4999717163E+00
  0.1622227649E+00  0.2156555052E+01 -0.4964510369E+00
  0.1638613787E+00  0.2131575663E+01 -0.4929377418E+00
  0.1655165442E+00  0.2107884392E+01 -0.4894292380E+00
  0.1671884284E+00  0.2083751203E+01 -0.4859252731E+00
  0.1688772004E+00  0.2060916914E+01 -0.4824255734E+00
  0.1705830308E+00  0.2036065733E+01 -0.4789311948E+00
  0.1723060917E+00  0.2010199352E+01 -0.4754452142E+00
  0.1740465572E+00  0.1984096047E+01 -0.4719692474E+00
  0.1758046033E+00  0.1957892301E+01 -0.4685041489E+00
  0.1775804074E+00  0.1938420084E+01 -0.4650446052E+00
  0.1793741488E+00  0.1921435408E+01 -0.4615828137E+00
  0.1811860089E+00  0.1906757637E+01 -0.4581147386E+00
  0.1830161706E+00  0.1895009775E+01 -0.4546358140E+00
  0.1848648188E+00  0.1884726830E+01 -0.4511421124E+00
  0.1867321402E+00  0.1876005140E+01 -0.4476308648E+00
  0.1886183235E+00  0.1868184546E+01 -0.4440997509E+00
  0.1905235591E+00  0.1860739739E+01 -0.4405475112E+00
  0.1924480394E+00  0.1853525302E+01 -0.4369734961E+00
  0.1943919590E+00  0.1847280602E+01 -0.4333764616E+00
  0.1963555142E+00  0.1841730136E+01 -0.4297546736E+00
  0.1983389032E+00  0.1831028798E+01 -0.4261124187E+00
  0.2003423265E+00  0.1819404388E+01 -0.4224557373E+00
  0.2023659863E+00  0.1810686114E+01 -0.4187827031E+00
  0.2044100872E+00  0.1803304781E+01 -0.4150890221E+00
  0.2064748356E+00  0.1794337312E+01 -0.4113749093E+00
  0.2085604400E+00  0.1782754192E+01 -0.4076447104E+00
  0.2106671111E+00  0.1770851308E+01 -0.4039015714E+00
  0.2127950617E+00  0.1756654999E+01 -0.4001483918E+00
  0.2149445068E+00  0.1739046557E+01 -0.3963914825E+00
  0.2171156634E+00  0.1719476834E+01 -0.3926369845E+00
  0.2193087509E+00  0.1698870845E+01 -0.3888886167E+00
  0.2215239908E+00  0.1680174042E+01 -0.3851459192E+00
  0.2237616069E+00  0.1661675748E+01 -0.3814070308E+00
  0.2260218251E+00  0.1643875993E+01 -0.3776713966E+00
  0.2283048739E+00  0.1624749222E+01 -0.3739401813E+00
  0.2306109837E+00  0.1601909782E+01 -0.3702196662E+00
  0.2329403876E+00  0.1582431470E+01 -0.3665108578E+00
  0.2352933208E+00  0.1567426146E+01 -0.3628051555E+00
  0.2376700210E+00  0.1554393849E+01 -0.3590953404E+00
  0.2400707283E+00  0.1540697434E+01 -0.3553801363E+00
  0.2424956851E+00  0.1527086350E+01 -0.3516605147E+00
  0.2449451365E+00  0.1514141644E+01 -0.3479358446E+00
  0.2474193298E+00  0.1504648806E+01 -0.3442013091E+00
  0.2499185149E+00  0.1493554812E+01 -0.3404547761E+00
  0.2524429444E+00  0.1483095742E+01 -0.3366976040E+00
  0.2549928731E+00  0.1473532357E+01 -0.3329280085E+00
  0.2575685587E+00  0.1464911032E+01 -0.3291437553E+00
  0.2601702613E+00  0.1462500373E+01 -0.3253356284E+00
  0.2627982438E+00  0.1464423019E+01 -0.3214896768E+00
  0.2654527715E+00  0.1467552695E+01 -0.3175981714E+00
  0.2681341126E+00  0.1470329531E+01 -0.3136594391E+00
  0.2708425380E+00  0.1472995346E+01 -0.3096735512E+00
  0.2735783212E+00  0.1470911139E+01 -0.3056466063E+00
  0.2763417386E+00  0.1466552704E+01 -0.3015878869E+00
  0.2791330693E+00  0.1458187893E+01 -0.2975059278E+00
  0.2819525952E+00  0.1448937886E+01 -0.2934075696E+00
  0.2848006012E+00  0.1440615459E+01 -0.2892928369E+00
  0.2876773750E+00  0.1434751571E+01 -0.2851569467E+00
  0.2905832071E+00  0.1428293355E+01 -0.2809971828E+00
  0.2935183910E+00  0.1422777098E+01 -0.2768129748E+00
  0.2964832232E+00  0.1416567812E+01 -0.2726038841E+00
  0.2994780032E+00  0.1411208823E+01 -0.2683695996E+00
  0.3025030336E+00  0.1402033324E+01 -0.2641145282E+00
  0.3055586198E+00  0.1389195807E+01 -0.2598501076E+00
  0.3086450705E+00  0.1380208862E+01 -0.2555762921E+00
  0.3117626974E+00  0.1377429187E+01 -0.2512776487E+00
  0.3149118156E+00  0.1372970913E+01 -0.2469469813E+00
  0.3180927430E+00  0.1370744572E+01 -0.2425832013E+00
  0.3213058010E+00  0.1367442065E+01 -0.2381842251E+00
  0.3245513142E+00  0.1362511527E+01 -0.2337541750E+00
  0.3278296103E+00  0.1358054124E+01 -0.2292947651E+00
  0.3311410205E+00  0.1356567340E+01 -0.2248001525E+00
  0.3344858793E+00  0.1351575183E+01 -0.2202709753E+00
  0.3378645245E+00  0.1344746158E+01 -0.2157160187E+00
  0.3412772975E+00  0.1331875665E+01 -0.2111486673E+00
  0.3447245429E+00  0.1312062127E+01 -0.2065915161E+00
  0.3482066090E+00  0.1281712719E+01 -0.2020756684E+00
  0.3517238475E+00  0.1248150009E+01 -0.1976266031E+00
  0.3552766136E+00  0.1213292680E+01 -0.1932541380E+00
  0.3588652663E+00  0.1176869896E+01 -0.1889654064E+00
  0.3624901680E+00  0.1143683911E+01 -0.1847595167E+00
  0.3661516848E+00  0.1119266841E+01 -0.1806166005E+00
  0.3698501867E+00  0.1103240850E+01 -0.1765066261E+00
  0.3735860472E+00  0.1087884868E+01 -0.1724137561E+00
  0.3773596436E+00  0.1079484376E+01 -0.1683243677E+00
  0.3811713572E+00  0.1072207815E+01 -0.1642235505E+00
  0.3850215729E+00  0.1069001053E+01 -0.1601014925E+00
  0.3889106797E+00  0.1071432484E+01 -0.1559393052E+00
  0.3928390704E+00  0.1067612642E+01 -0.1517378027E+00
  0.3968071418E+00  0.1055181464E+01 -0.1475261034E+00
  0.4008152948E+00  0.1033428210E+01 -0.1433403699E+00
  0.4048639341E+00  0.1005451573E+01 -0.1392130254E+00
  0.4089534688E+00  0.9791684043E+00 -0.1351549393E+00
  0.4130843119E+00  0.9534903282E+00 -0.1311631843E+00
  0.4172568807E+00  0.9343670716E+00 -0.1272245768E+00
  0.4214715967E+00  0.9064458072E+00 -0.1233453251E+00
  0.4257288855E+00  0.8737528652E+00 -0.1195559151E+00
  0.4300291773E+00  0.8357840904E+00 -0.1158801613E+00
  0.4343729064E+00  0.7870613288E+00 -0.1123555609E+00
  0.4387605115E+00  0.7334904561E+00 -0.1090197705E+00
  0.4431924359E+00  0.6849303932E+00 -0.1058766035E+00
  0.4476691271E+00  0.6422439501E+00 -0.1029059286E+00
  0.4521910375E+00  0.6083078742E+00 -0.1000784870E+00
  0.4567586237E+00  0.5809497983E+00 -0.9736246850E-01
  0.4613723472E+00  0.5575990851E+00 -0.9473599365E-01
  0.4660326740E+00  0.5313473617E+00 -0.9219857053E-01
  0.4707400747E+00  0.5087945543E+00 -0.8975038811E-01
  0.4754950250E+00  0.4966844082E+00 -0.8735988689E-01
  0.4802980050E+00  0.4893727878E+00 -0.8499188037E-01
  0.4851495000E+00  0.4856436038E+00 -0.8262673679E-01
  0.4900500000E+00  0.4817992489E+00 -0.8025625994E-01
  0.4950000000E+00  0.4752484596E+00 -0.7788756686E-01
  0.5000000000E+00  0.4687185337E+00 -0.7557739138E-01
  0.5050000000E+00  0.4689964422E+00 -0.7323310394E-01
  0.5099500000E+00  0.4674103816E+00 -0.7091549705E-01
  0.5148505000E+00  0.4641650932E+00 -0.6863290424E-01
  0.5197019950E+00  0.4496679370E+00 -0.6641617605E-01
  0.5245049750E+00  0.4334260545E+00 -0.6429543464E-01
  0.5292599253E+00  0.4249557156E+00 -0.6225465334E-01
  0.5339673260E+00  0.4188084929E+00 -0.6026868520E-01
  0.5386276528E+00  0.4069921425E+00 -0.5834443481E-01
  0.5432413763E+00  0.3874571913E+00 -0.5651175004E-01
  0.5478089625E+00  0.3736747883E+00 -0.5477348207E-01
  0.5523308729E+00  0.3603268948E+00 -0.5311393715E-01
  0.5568075641E+00  0.3488150147E+00 -0.5152663246E-01
  0.5612394885E+00  0.3357264361E+00 -0.5000971449E-01
  0.5656270936E+00  0.3305807022E+00 -0.4854796819E-01
  0.5699708227E+00  0.3288988157E+00 -0.4711566801E-01
  0.5742711145E+00  0.3343723721E+00 -0.4568953820E-01
  0.5785284033E+00  0.3443550476E+00 -0.4424476886E-01
  0.5827431193E+00  0.3655817663E+00 -0.4274867784E-01
  0.5869156881E+00  0.3984133408E+00 -0.4115476677E-01
  0.5910465312E+00  0.4407687842E+00 -0.3942150191E-01
  0.5951360659E+00  0.4908581809E+00 -0.3751654152E-01
  0.5991847052E+00  0.5445232591E+00 -0.3542059850E-01
  0.6031928582E+00  0.5937057362E+00 -0.3313950055E-01
  0.6071609296E+00  0.6286513740E+00 -0.3071430040E-01
  0.6110893203E+00  0.6548556943E+00 -0.2819324178E-01
  0.6149784271E+00  0.6730595434E+00 -0.2561103969E-01
  0.6188286428E+00  0.6831050547E+00 -0.2300027656E-01
  0.6226403564E+00  0.6928274852E+00 -0.2037794619E-01
  0.6264139528E+00  0.7064105916E+00 -0.1773786628E-01
  0.6301498133E+00  0.7191684248E+00 -0.1507498413E-01
  0.6338483152E+00  0.7445068156E+00 -0.1236828133E-01
  0.6375098320E+00  0.7769306569E+00 -0.9582896856E-02
  0.6411347337E+00  0.8076994567E+00 -0.6710832675E-02
  0.6447233864E+00  0.8361219802E+00 -0.3761280587E-02
  0.6482761525E+00  0.8607331980E+00 -0.7470157790E-03
  0.6517933910E+00  0.8874365315E+00  0.2327349138E-02
  0.6552754571E+00  0.9196999412E+00  0.5473633454E-02
  0.6587227025E+00  0.9576451395E+00  0.8709468078E-02
  0.6621354755E+00  0.9949866221E+00  0.1204141253E-01
  0.6655141207E+00  0.1032052276E+01  0.1546573520E-01
  0.6688589795E+00  0.1068384173E+01  0.1897856686E-01
  0.6721703897E+00  0.1103273689E+01  0.2257419186E-01
  0.6754486858E+00  0.1132954671E+01  0.2623970122E-01
  0.6786941990E+00  0.1166384193E+01  0.2997096847E-01
  0.6819072570E+00  0.1206376615E+01  0.3378287753E-01
  0.6850881844E+00  0.1249052316E+01  0.3768814815E-01
  0.6882373026E+00  0.1291465736E+01  0.4168834391E-01
  0.6913549295E+00  0.1341457824E+01  0.4579258067E-01
  0.6944413802E+00  0.1389668071E+01  0.5000732339E-01
  0.6974969664E+00  0.1430940442E+01  0.5431662961E-01
  0.7005219968E+00  0.1469470333E+01  0.5870354490E-01
  0.7035167768E+00  0.1505422470E+01  0.6315811969E-01
  0.7064816090E+00  0.1541861756E+01  0.6767546293E-01
  0.7094167929E+00  0.1575417163E+01  0.7225035639E-01
  0.7123226250E+00  0.1607971387E+01  0.7687555267E-01
  0.7151993988E+00  0.1641140720E+01  0.8154903288E-01
  0.7180474048E+00  0.1680448339E+01  0.8627898568E-01
  0.7208669307E+00  0.1722617903E+01  0.9107650247E-01
  0.7236582614E+00  0.1766238673E+01  0.9594577870E-01
  0.7264216788E+00  0.1808156700E+01  0.1008845519E+00
  0.7291574620E+00  0.1851152826E+01  0.1058900906E+00
  0.7318658874E+00  0.1892653981E+01  0.1109600013E+00
  0.7345472285E+00  0.1932206582E+01  0.1160878793E+00
  0.7372017562E+00  0.1969355146E+01  0.1212662812E+00
  0.7398297387E+00  0.1997193293E+01  0.1264782910E+00
  0.7424314413E+00  0.2020429886E+01  0.1317046213E+00
  0.7450071269E+00  0.2041649555E+01  0.1369359411E+00
  0.7475570556E+00  0.2061892774E+01  0.1421678113E+00
  0.7500814851E+00  0.2086210151E+01  0.1474036079E+00
  0.7525806702E+00  0.2114139977E+01  0.1526523342E+00
  0.7550548635E+00  0.2144843199E+01  0.1579211080E+00
  0.7575043149E+00  0.2177710727E+01  0.1632150509E+00
  0.7599292717E+00  0.2211740163E+01  0.1685371654E+00
  0.7623299790E+00  0.2247540259E+01  0.1738898789E+00
  0.7647066792E+00  0.2283454607E+01  0.1792742871E+00
  0.7670596124E+00  0.2315837506E+01  0.1846852006E+00
  0.7693890163E+00  0.2346796526E+01  0.1901157795E+00
  0.7716951261E+00  0.2378538957E+01  0.1955643509E+00
  0.7739781749E+00  0.2406592788E+01  0.2010266954E+00
  0.7762383931E+00  0.2436222920E+01  0.2064996056E+00
  0.7784760092E+00  0.2468339381E+01  0.2119868693E+00
  0.7806912491E+00  0.2501197594E+01  0.2174912276E+00
  0.7828843366E+00  0.2532909269E+01  0.2230113461E+00
  0.7850554932E+00  0.2568540897E+01  0.2285493697E+00
  0.7872049383E+00  0.2604855103E+01  0.2341093350E+00
  0.7893328889E+00  0.2635246591E+01  0.2396846738E+00
  0.7914395600E+00  0.2665477218E+01  0.2452681147E+00
  0.7935251644E+00  0.2695853128E+01  0.2508589217E+00
  0.7955899128E+00  0.2726500070E+01  0.2564568192E+00
  0.7976340137E+00  0.2758655737E+01  0.2620629251E+00
  0.7996576735E+00  0.2784625382E+01  0.2676717828E+00
  0.8016610968E+00  0.2810173589E+01  0.2732761580E+00
  0.8036444858E+00  0.2836205766E+01  0.2788756415E+00
  0.8056080410E+00  0.2865227582E+01  0.2844731808E+00
  0.8075519606E+00  0.2894126969E+01  0.2900710419E+00
  0.8094764409E+00  0.2923806749E+01  0.2956692916E+00
  0.8113816765E+00  0.2954264432E+01  0.3012688468E+00
  0.8132678598E+00  0.2984710738E+01  0.3068698445E+00
  0.8151351812E+00  0.3015114852E+01  0.3124716459E+00
  0.8169838294E+00  0.3044759456E+01  0.3180729337E+00
  0.8188139911E+00  0.3077528441E+01  0.3236753221E+00
  0.8206258512E+00  0.3110449491E+01  0.3292811973E+00
  0.8224195926E+00  0.3142501993E+01  0.3348892865E+00
  0.8241953967E+00  0.3172903859E+01  0.3404967482E+00
  0.8259534428E+00  0.3200396794E+01  0.3460990262E+00
  0.8276939083E+00  0.3225836503E+01  0.3516913451E+00
  0.8294169692E+00  0.3249033549E+01  0.3572696429E+00
  0.8311227996E+00  0.3270890788E+01  0.3628305851E+00
  0.8328115716E+00  0.3292894557E+01  0.3683729536E+00
  0.8344834558E+00  0.3314495336E+01  0.3738963493E+00
  0.8361386213E+00  0.3336101911E+01  0.3794002686E+00
  0.8377772351E+00  0.3355656197E+01  0.3848828722E+00
  0.8393994627E+00  0.3372949505E+01  0.3903405373E+00
  0.8410054681E+00  0.3389453959E+01  0.3957707654E+00
  0.8425954134E+00  0.3406033406E+01  0.4011729921E+00
  0.8441694593E+00  0.3420644481E+01  0.4065457442E+00
  0.8457277647E+00  0.3433495959E+01  0.4118861662E+00
  0.8472704870E+00  0.3446777993E+01  0.4171933424E+00
  0.8487977822E+00  0.3459152879E+01  0.4224670397E+00
  0.8503098043E+00  0.3471367752E+01  0.4277065902E+00
  0.8518067063E+00  0.3483729938E+01  0.4329121398E+00
  0.8532886392E+00  0.3498268503E+01  0.4380855666E+00
  0.8547557528E+00  0.3514976187E+01  0.4432301799E+00
  0.8562081953E+00  0.3533004613E+01  0.4483485732E+00
  0.8576461134E+00  0.3551010636E+01  0.4534416899E+00
  0.8590696522E+00  0.3568345487E+01  0.4585090300E+00
  0.8604789557E+00  0.3585549598E+01  0.4635500346E+00
  0.8618741662E+00  0.3603250292E+01  0.4685649790E+00
  0.8632554245E+00  0.3620266209E+01  0.4735537502E+00
  0.8646228702E+00  0.3636981751E+01  0.4785156966E+00
  0.8659766415E+00  0.3653011768E+01  0.4834501886E+00
  0.8673168751E+00  0.3668659529E+01  0.4883565635E+00
  0.8686437064E+00  0.3683484985E+01  0.4932340910E+00
  0.8699572693E+00  0.3698225764E+01  0.4980822619E+00
  0.8712576966E+00  0.3712818476E+01  0.5029010240E+00
  0.8725451197E+00  0.3726236908E+01  0.5076896296E+00
  0.8738196685E+00  0.3738782508E+01  0.5124468954E+00
  0.8750814718E+00  0.3750892629E+01  0.5171721439E+00
  0.8763306571E+00  0.3761324952E+01  0.5218642197E+00
  0.8775673505E+00  0.3770796049E+01  0.5265216820E+00
  0.8787916770E+00  0.3778492655E+01  0.5311430791E+00
  0.8800037602E+00  0.3785479238E+01  0.5357271608E+00
  0.8812037226E+00  0.3792967413E+01  0.5402740863E+00
  0.8823916854E+00  0.3800671852E+01  0.5447845667E+00
  0.8835677685E+00  0.3807035809E+01  0.5492582151E+00
  0.8847320908E+00  0.3812422136E+01  0.5536939675E+00
  0.8858847699E+00  0.3816901529E+01  0.5580910485E+00
  0.8870259222E+00  0.3820538226E+01  0.5624487894E+00
  0.8881556630E+00  0.3823407599E+01  0.5667666281E+00
  0.8892741064E+00  0.3826049665E+01  0.5710443705E+00
  0.8903813653E+00  0.3828037558E+01  0.5752818987E+00
  0.8914775517E+00  0.3828780541E+01  0.5794785484E+00
  0.8925627761E+00  0.3828870392E+01  0.5836336836E+00
  0.8936371484E+00  0.3828350620E+01  0.5877470364E+00
  0.8947007769E+00  0.3827516716E+01  0.5918185358E+00
  0.8957537691E+00  0.3827020552E+01  0.5958486200E+00
  0.8967962314E+00  0.3826008402E+01  0.5998376171E+00
  0.8978282691E+00  0.3824269462E+01  0.6037853046E+00
  0.8988499864E+00  0.3821027831E+01  0.6076909709E+00
  0.8998614866E+00  0.3817063941E+01  0.6115539363E+00
  0.9008628717E+00  0.3811975908E+01  0.6153737399E+00
  0.9018542430E+00  0.3806432034E+01  0.6191500753E+00
  0.9028357006E+00  0.3801825423E+01  0.6228836662E+00
  0.9038073436E+00  0.3797444458E+01  0.6265755549E+00
  0.9047692701E+00  0.3792464043E+01  0.6302260222E+00
  0.9057215774E+00  0.3787567106E+01  0.6338352817E+00
  0.9066643616E+00  0.3782122880E+01  0.6374035739E+00
  0.9075977180E+00  0.3776498733E+01  0.6409310177E+00
  0.9085217408E+00  0.3770829325E+01  0.6444179694E+00
  0.9094365234E+00  0.3765487296E+01  0.6478650150E+00
  0.9103421582E+00  0.3760223906E+01  0.6512727879E+00
  0.9112387366E+00  0.3755460684E+01  0.6546419882E+00
  0.9121263493E+00  0.3750789466E+01  0.6579733094E+00
  0.9130050858E+00  0.3746525079E+01  0.6612673914E+00
  0.9138750349E+00  0.3742706396E+01  0.6645250167E+00
  0.9147362846E+00  0.3739546960E+01  0.6677470607E+00
  0.9155889217E+00  0.3737043666E+01  0.6709344702E+00
  0.9164330325E+00  0.3735184892E+01  0.6740881645E+00
  0.9172687022E+00  0.3734047973E+01  0.6772090702E+00
  0.9180960151E+00  0.3733506767E+01  0.6802980727E+00
  0.9189150550E+00  0.3732551848E+01  0.6833555725E+00
  0.9197259044E+00  0.3732156109E+01  0.6863819496E+00
  0.9205286454E+00  0.3732270394E+01  0.6893779501E+00
  0.9213233589E+00  0.3732841017E+01  0.6923442627E+00
  0.9221101254E+00  0.3733810917E+01  0.6952815181E+00
  0.9228890241E+00  0.3735122387E+01  0.6981902895E+00
  0.9236601339E+00  0.3736764254E+01  0.7010711119E+00
  0.9244235325E+00  0.3738625317E+01  0.7039244631E+00
  0.9251792972E+00  0.3740700186E+01  0.7067507681E+00
  0.9259275042E+00  0.3743032598E+01  0.7095504588E+00
  0.9266682292E+00  0.3745635121E+01  0.7123239803E+00
  0.9274015469E+00  0.3748186578E+01  0.7150716564E+00
  0.9281275314E+00  0.3750641785E+01  0.7177936731E+00
  0.9288462561E+00  0.3753125336E+01  0.7204902445E+00
  0.9295577935E+00  0.3755634388E+01  0.7231616263E+00
  0.9302622156E+00  0.3757948812E+01  0.7258079932E+00
  0.9309595935E+00  0.3760045796E+01  0.7284294346E+00
  0.9316499975E+00  0.3761908899E+01  0.7310260287E+00
  0.9323334975E+00  0.3763527901E+01  0.7335978468E+00
  0.9330101626E+00  0.3765340716E+01  0.7361451078E+00
  0.9336800609E+00  0.3767466595E+01  0.7386682155E+00
  0.9343432603E+00  0.3769166878E+01  0.7411673609E+00
  0.9349998277E+00  0.3770591446E+01  0.7436425406E+00
  0.9356498295E+00  0.3771693471E+01  0.7460937897E+00
  0.9362933312E+00  0.3772497667E+01  0.7485211396E+00
  0.9369303978E+00  0.3773085849E+01  0.7509246596E+00
  0.9375610939E+00  0.3773631671E+01  0.7533045019E+00
  0.9381854829E+00  0.3774197079E+01  0.7556608928E+00
  0.9388036281E+00  0.3774610180E+01  0.7579940222E+00
  0.9394155918E+00  0.3774660403E+01  0.7603039620E+00
  0.9400214359E+00  0.3774709760E+01  0.7625908326E+00
  0.9406212215E+00  0.3774675526E+01  0.7648548391E+00
  0.9412150093E+00  0.3774699091E+01  0.7670962023E+00
  0.9418028592E+00  0.3774058737E+01  0.7693149706E+00
  0.9423848306E+00  0.3773337854E+01  0.7715111551E+00
  0.9429609823E+00  0.3772691416E+01  0.7736849839E+00
  0.9435313725E+00  0.3771980278E+01  0.7758366872E+00
  0.9440960588E+00  0.3771297814E+01  0.7779664800E+00
  0.9446550982E+00  0.3770754718E+01  0.7800746323E+00
  0.9452085472E+00  0.3770328860E+01  0.7821614350E+00
  0.9457564617E+00  0.3769985354E+01  0.7842271588E+00
  0.9462988971E+00  0.3769834289E+01  0.7862720913E+00
  0.9468359082E+00  0.3769965746E+01  0.7882965692E+00
  0.9473675491E+00  0.3770343890E+01  0.7903009377E+00
  0.9478938736E+00  0.3770869911E+01  0.7922855006E+00
  0.9484149348E+00  0.3771513931E+01  0.7942505226E+00
  0.9489307855E+00  0.3772505646E+01  0.7961963163E+00
  0.9494414776E+00  0.3773854423E+01  0.7981232497E+00
  0.9499470629E+00  0.3775922640E+01  0.8000317776E+00
  0.9504475922E+00  0.3778178399E+01  0.8019223023E+00
  0.9509431163E+00  0.3780615006E+01  0.8037950844E+00
  0.9514336852E+00  0.3783224361E+01  0.8056503763E+00
  0.9519193483E+00  0.3786134738E+01  0.8074884557E+00
  0.9524001548E+00  0.3789385351E+01  0.8093096354E+00
  0.9528761533E+00  0.3792766964E+01  0.8111141818E+00
  0.9533473917E+00  0.3796267579E+01  0.8129023043E+00
  0.9538139178E+00  0.3799874745E+01  0.8146742035E+00
  0.9542757786E+00  0.3803596824E+01  0.8164300763E+00
  0.9547330209E+00  0.3807487279E+01  0.8181701308E+00
  0.9551856906E+00  0.3811447909E+01  0.8198945617E+00
  0.9556338337E+00  0.3815215637E+01  0.8216034800E+00
  0.9560774954E+00  0.3818954978E+01  0.8232969744E+00
  0.9565167205E+00  0.3822593282E+01  0.8249751541E+00
  0.9569515532E+00  0.3826257927E+01  0.8266381398E+00
  0.9573820377E+00  0.3829938140E+01  0.8282860765E+00
  0.9578082173E+00  0.3833623694E+01  0.8299191035E+00
  0.9582301352E+00  0.3837304961E+01  0.8315373543E+00
  0.9586478338E+00  0.3840929649E+01  0.8331409484E+00
  0.9590613555E+00  0.3844495593E+01  0.8347299933E+00
  0.9594707419E+00  0.3848090486E+01  0.8363046135E+00
  0.9598760345E+00  0.3851699948E+01  0.8378649475E+00
  0.9602772742E+00  0.3855338405E+01  0.8394111322E+00
  0.9606745014E+00  0.3859209458E+01  0.8409433465E+00
  0.9610677564E+00  0.3863179136E+01  0.8424617805E+00
  0.9614570788E+00  0.3867135091E+01  0.8439665728E+00
  0.9618425080E+00  0.3871017605E+01  0.8454578279E+00
  0.9622240830E+00  0.3874728502E+01  0.8469356191E+00
  0.9626018421E+00  0.3878347607E+01  0.8484000169E+00
  0.9629758237E+00  0.3881874398E+01  0.8498511069E+00
  0.9633460655E+00  0.3885308959E+01  0.8512889748E+00
  0.9637126048E+00  0.3888583946E+01  0.8527136936E+00
  0.9640754788E+00  0.3891682993E+01  0.8541253217E+00
  0.9644347240E+00  0.3894689571E+01  0.8555239302E+00
  0.9647903767E+00  0.3897582244E+01  0.8569096017E+00
  0.9651424730E+00  0.3900220756E+01  0.8582823902E+00
  0.9654910483E+00  0.3902812256E+01  0.8596423624E+00
  0.9658361378E+00  0.3905612604E+01  0.8609896652E+00
  0.9661777764E+00  0.3908529457E+01  0.8623244716E+00
  0.9665159986E+00  0.3911306242E+01  0.8636468927E+00
  0.9668508386E+00  0.3914010038E+01  0.8649570072E+00
  0.9671823303E+00  0.3916644955E+01  0.8662549054E+00
  0.9675105070E+00  0.3919215184E+01  0.8675406788E+00
  0.9678354019E+00  0.3921730715E+01  0.8688144206E+00
  0.9681570479E+00  0.3924334580E+01  0.8700762483E+00
  0.9684754774E+00  0.3926880154E+01  0.8713262775E+00
  0.9687907226E+00  0.3929391809E+01  0.8725646037E+00
  0.9691028154E+00  0.3931855608E+01  0.8737913229E+00
  0.9694117872E+00  0.3934280250E+01  0.8750065302E+00
  0.9697176694E+00  0.3936678737E+01  0.8762103230E+00
  0.9700204927E+00  0.3939059362E+01  0.8774028015E+00
  0.9703202877E+00  0.3941405411E+01  0.8785840638E+00
  0.9706170849E+00  0.3943724916E+01  0.8797542058E+00
  0.9709109140E+00  0.3946021141E+01  0.8809133245E+00
  0.9712018049E+00  0.3948297188E+01  0.8820615170E+00
  0.9714897868E+00  0.3950555996E+01  0.8831988806E+00
  0.9717748890E+00  0.3952800333E+01  0.8843255125E+00
  0.9720571401E+00  0.3955032790E+01  0.8854415098E+00
  0.9723365687E+00  0.3957367678E+01  0.8865469853E+00
  0.9726132030E+00  0.3959699436E+01  0.8876420515E+00
  0.9728870709E+00  0.3962022210E+01  0.8887268044E+00
  0.9731582002E+00  0.3964361504E+01  0.8898013418E+00
  0.9734266182E+00  0.3966798111E+01  0.8908657748E+00
  0.9736923521E+00  0.3969294316E+01  0.8919202189E+00
  0.9739554285E+00  0.3971782557E+01  0.8929647741E+00
  0.9742158742E+00  0.3974263999E+01  0.8939995310E+00
  0.9744737155E+00  0.3976723672E+01  0.8950245774E+00
  0.9747289784E+00  0.3979171982E+01  0.8960399996E+00
  0.9749816886E+00  0.3981490971E+01  0.8970458701E+00
  0.9752318717E+00  0.3983810339E+01  0.8980422620E+00
  0.9754795530E+00  0.3986130630E+01  0.8990292646E+00
  0.9757247574E+00  0.3988452266E+01  0.9000069663E+00
  0.9759675099E+00  0.3990915163E+01  0.9009754717E+00
  0.9762078348E+00  0.3993332938E+01  0.9019348785E+00
  0.9764457564E+00  0.3995693413E+01  0.9028852597E+00
  0.9766812989E+00  0.3998051863E+01  0.9038266928E+00
  0.9769144859E+00  0.4000408340E+01  0.9047592613E+00
  0.9771453410E+00  0.4002762810E+01  0.9056830479E+00
  0.9773738876E+00  0.4005115164E+01  0.9065981345E+00
  0.9776001487E+00  0.4007465218E+01  0.9075046023E+00
  0.9778241472E+00  0.4009812725E+01  0.9084025314E+00
  0.9780459058E+00  0.4012075180E+01  0.9092919925E+00
  0.9782654467E+00  0.4014291379E+01  0.9101730505E+00
  0.9784827922E+00  0.4016508033E+01  0.9110457797E+00
  0.9786979643E+00  0.4018732766E+01  0.9119102594E+00
  0.9789109847E+00  0.4020989816E+01  0.9127665717E+00
  0.9791218748E+00  0.4023269903E+01  0.9136147993E+00
  0.9793306561E+00  0.4025569532E+01  0.9144550227E+00
  0.9795373495E+00  0.4027887411E+01  0.9152873210E+00
  0.9797419760E+00  0.4030199355E+01  0.9161117701E+00
  0.9799445563E+00  0.4032504533E+01  0.9169284423E+00
  0.9801451107E+00  0.4034802291E+01  0.9177374094E+00
  0.9803436596E+00  0.4037169739E+01  0.9185387500E+00
  0.9805402230E+00  0.4039541564E+01  0.9193325429E+00
  0.9807348208E+00  0.4041967591E+01  0.9201188647E+00
  0.9809274726E+00  0.4044379916E+01  0.9208977894E+00
  0.9811181978E+00  0.4046777874E+01  0.9216693836E+00
  0.9813070158E+00  0.4049160810E+01  0.9224337131E+00
  0.9814939457E+00  0.4051528082E+01  0.9231908434E+00
  0.9816790062E+00  0.4053879065E+01  0.9239408389E+00
  0.9818622162E+00  0.4056213149E+01  0.9246837636E+00
  0.9820435940E+00  0.4058529741E+01  0.9254196809E+00
  0.9822231581E+00  0.4060828270E+01  0.9261486533E+00
  0.9824009265E+00  0.4063108183E+01  0.9268707430E+00
  0.9825769172E+00  0.4065366573E+01  0.9275860111E+00
  0.9827511481E+00  0.4067572521E+01  0.9282945155E+00
  0.9829236366E+00  0.4069758495E+01  0.9289963136E+00
  0.9830944002E+00  0.4071903837E+01  0.9296914635E+00
  0.9832634562E+00  0.4074023454E+01  0.9303800224E+00
  0.9834308216E+00  0.4076122651E+01  0.9310620488E+00
  0.9835965134E+00  0.4078201062E+01  0.9317376010E+00
  0.9837605483E+00  0.4080258340E+01  0.9324067369E+00
  0.9839229428E+00  0.4082294167E+01  0.9330695138E+00
  0.9840837134E+00  0.4084313298E+01  0.9337259889E+00
  0.9842428762E+00  0.4086259997E+01  0.9343762148E+00
  0.9844004475E+00  0.4088176399E+01  0.9350202429E+00
  0.9845564430E+00  0.4090071234E+01  0.9356581279E+00
  0.9847108786E+00  0.4091944316E+01  0.9362899250E+00
  0.9848637698E+00  0.4093795482E+01  0.9369156888E+00
  0.9850151321E+00  0.4095624592E+01  0.9375354736E+00
  0.9851649808E+00  0.4097433575E+01  0.9381493331E+00
  0.9853133310E+00  0.4099249089E+01  0.9387573228E+00
  0.9854601977E+00  0.4100994596E+01  0.9393594941E+00
  0.9856055957E+00  0.4102712661E+01  0.9399558955E+00
  0.9857495397E+00  0.4104408694E+01  0.9405465786E+00
  0.9858920443E+00  0.4106094615E+01  0.9411315959E+00
  0.9860331239E+00  0.4107817208E+01  0.9417110034E+00
  0.9861727926E+00  0.4109515533E+01  0.9422848557E+00
  0.9863110647E+00  0.4111172053E+01  0.9428532015E+00
  0.9864479541E+00  0.4112842789E+01  0.9434160915E+00
  0.9865834745E+00  0.4114489747E+01  0.9439735775E+00
  0.9867176398E+00  0.4116112980E+01  0.9445257079E+00
  0.9868504634E+00  0.4117748224E+01  0.9450725335E+00
  0.9869819588E+00  0.4119357707E+01  0.9456141041E+00
  0.9871121392E+00  0.4120942548E+01  0.9461504670E+00
  0.9872410178E+00  0.4122512425E+01  0.9466816695E+00
  0.9873686076E+00  0.4124068070E+01  0.9472077593E+00
  0.9874949215E+00  0.4125598149E+01  0.9477287832E+00
  0.9876199723E+00  0.4127083147E+01  0.9482447853E+00
  0.9877437726E+00  0.4128544452E+01  0.9487558098E+00
  0.9878663349E+00  0.4129982255E+01  0.9492619017E+00
  0.9879876715E+00  0.4131396761E+01  0.9497631058E+00
  0.9881077948E+00  0.4132788181E+01  0.9502594663E+00
  0.9882267168E+00  0.4134112124E+01  0.9507510247E+00
  0.9883444497E+00  0.4135410792E+01  0.9512378218E+00
  0.9884610052E+00  0.4136688276E+01  0.9517199012E+00
  0.9885763951E+00  0.4137940099E+01  0.9521973056E+00
  0.9886906312E+00  0.4139164813E+01  0.9526700775E+00
  0.9888037249E+00  0.4140369586E+01  0.9531382591E+00
  0.9889156876E+00  0.4141554644E+01  0.9536018926E+00
  0.9890265307E+00  0.4142720215E+01  0.9540610200E+00
  0.9891362654E+00  0.4143856067E+01  0.9545156825E+00
  0.9892449028E+00  0.4144962087E+01  0.9549659201E+00
  0.9893524538E+00  0.4146050056E+01  0.9554117733E+00
  0.9894589292E+00  0.4147120200E+01  0.9558532829E+00
  0.9895643399E+00  0.4148172747E+01  0.9562904892E+00
  0.9896686965E+00  0.4149207924E+01  0.9567234324E+00
  0.9897720096E+00  0.4150225965E+01  0.9571521523E+00
  0.9898742895E+00  0.4151227102E+01  0.9575766882E+00
  0.9899755466E+00  0.4152211568E+01  0.9579970793E+00
  0.9900757911E+00  0.4153179600E+01  0.9584133643E+00
  0.9901750332E+00  0.4154142561E+01  0.9588255823E+00
  0.9902732829E+00  0.4155099523E+01  0.9592337724E+00
  0.9903705500E+00  0.4156040049E+01  0.9596379730E+00
  0.9904668445E+00  0.4156964391E+01  0.9600382213E+00
  0.9905621761E+00  0.4157873816E+01  0.9604345545E+00
  0.9906565543E+00  0.4158784370E+01  0.9608270103E+00
  0.9907499888E+00  0.4159678794E+01  0.9612156258E+00
  0.9908424889E+00  0.4160550889E+01  0.9616004369E+00
  0.9909340640E+00  0.4161416377E+01  0.9619814794E+00
  0.9910247234E+00  0.4162266082E+01  0.9623587893E+00
  0.9911144761E+00  0.4163098845E+01  0.9627324016E+00
  0.9912033314E+00  0.4163916872E+01  0.9631023511E+00
  0.9912912981E+00  0.4164720418E+01  0.9634686724E+00
  0.9913783851E+00  0.4165509736E+01  0.9638313998E+00
  0.9914646012E+00  0.4166285181E+01  0.9641905675E+00
  0.9915499552E+00  0.4167059624E+01  0.9645462096E+00
  0.9916344557E+00  0.4167820192E+01  0.9648983601E+00
  0.9917181111E+00  0.4168567133E+01  0.9652470522E+00
  0.9918009300E+00  0.4169300693E+01  0.9655923187E+00
  0.9918829207E+00  0.4170021115E+01  0.9659341921E+00
  0.9919640915E+00  0.4170728640E+01  0.9662727047E+00
  0.9920444506E+00  0.4171423504E+01  0.9666078886E+00
  0.9921240061E+00  0.4172105942E+01  0.9669397754E+00
  0.9922027660E+00  0.4172776186E+01  0.9672683966E+00
  0.9922807383E+00  0.4173431003E+01  0.9675937832E+00
  0.9923579310E+00  0.4174066048E+01  0.9679159658E+00
  0.9924343516E+00  0.4174689991E+01  0.9682349747E+00
  0.9925100081E+00  0.4175303037E+01  0.9685508402E+00
  0.9925849081E+00  0.4175905392E+01  0.9688635926E+00
  0.9926590590E+00  0.4176497258E+01  0.9691732618E+00
  0.9927324684E+00  0.4177077216E+01  0.9694798773E+00
  0.9928051437E+00  0.4177640932E+01  0.9697834682E+00
  0.9928770923E+00  0.4178195019E+01  0.9700840634E+00
  0.9929483213E+00  0.4178739659E+01  0.9703816918E+00
  0.9930188381E+00  0.4179275031E+01  0.9706763819E+00
  0.9930886497E+00  0.4179801312E+01  0.9709681622E+00
  0.9931577632E+00  0.4180319427E+01  0.9712570609E+00
  0.9932261856E+00  0.4180830474E+01  0.9715431057E+00
  0.9932939238E+00  0.4181332849E+01  0.9718263244E+00
  0.9933609845E+00  0.4181826717E+01  0.9721067443E+00
  0.9934273747E+00  0.4182312246E+01  0.9723843926E+00
  0.9934931009E+00  0.4182789596E+01  0.9726592960E+00
  0.9935581699E+00  0.4183258927E+01  0.9729314811E+00
  0.9936225882E+00  0.4183720395E+01  0.9732009744E+00
  0.9936863623E+00  0.4184174153E+01  0.9734678020E+00
  0.9937494987E+00  0.4184617863E+01  0.9737319896E+00
  0.9938120037E+00  0.4185050357E+01  0.9739935627E+00
  0.9938738837E+00  0.4185475812E+01  0.9742525466E+00
  0.9939351449E+00  0.4185894366E+01  0.9745089666E+00
  0.9939957934E+00  0.4186306151E+01  0.9747628475E+00
  0.9940558355E+00  0.4186711298E+01  0.9750142141E+00
  0.9941152771E+00  0.4187109936E+01  0.9752630910E+00
  0.9941741243E+00  0.4187502190E+01  0.9755095023E+00
  0.9942323831E+00  0.4187888183E+01  0.9757534722E+00
  0.9942900593E+00  0.4188268037E+01  0.9759950245E+00
  0.9943471587E+00  0.4188641869E+01  0.9762341828E+00
  0.9944036871E+00  0.4189009796E+01  0.9764709705E+00
  0.9944596502E+00  0.4189371932E+01  0.9767054107E+00
  0.9945150537E+00  0.4189728388E+01  0.9769375265E+00
  0.9945699032E+00  0.4190079272E+01  0.9771673404E+00
  0.9946242041E+00  0.4190425373E+01  0.9773948752E+00
  0.9946779621E+00  0.4190768223E+01  0.9776201531E+00
  0.9947311825E+00  0.4191105715E+01  0.9778431964E+00
  0.9947838707E+00  0.4191437951E+01  0.9780640269E+00
  0.9948360320E+00  0.4191765032E+01  0.9782826662E+00
  0.9948876716E+00  0.4192087058E+01  0.9784991359E+00
  0.9949387949E+00  0.4192404596E+01  0.9787134573E+00
  0.9949894070E+00  0.4192717759E+01  0.9789256514E+00
  0.9950395129E+00  0.4193026116E+01  0.9791357392E+00
  0.9950891178E+00  0.4193329759E+01  0.9793437412E+00
  0.9951382266E+00  0.4193628779E+01  0.9795496780E+00
  0.9951868443E+00  0.4193923264E+01  0.9797535699E+00
  0.9952349759E+00  0.4194213299E+01  0.9799554370E+00
  0.9952826261E+00  0.4194498970E+01  0.9801552991E+00
  0.9953297999E+00  0.4194780359E+01  0.9803531759E+00
  0.9953765019E+00  0.4195057548E+01  0.9805490870E+00
  0.9954227368E+00  0.4195330615E+01  0.9807430517E+00
  0.9954685095E+00  0.4195599638E+01  0.9809350892E+00
  0.9955138244E+00  0.4195864692E+01  0.9811252184E+00
  0.9955586861E+00  0.4196125853E+01  0.9813134581E+00
  0.9956030993E+00  0.4196382705E+01  0.9814998269E+00
  0.9956470683E+00  0.4196635194E+01  0.9816843433E+00
  0.9956905976E+00  0.4196884045E+01  0.9818670254E+00
  0.9957336916E+00  0.4197129324E+01  0.9820478913E+00
  0.9957763547E+00  0.4197371028E+01  0.9822269589E+00
  0.9958185912E+00  0.4197608703E+01  0.9824042460E+00
  0.9958604053E+00  0.4197843023E+01  0.9825797701E+00
  0.9959018012E+00  0.4198074049E+01  0.9827535485E+00
  0.9959427832E+00  0.4198301839E+01  0.9829255986E+00
  0.9959833554E+00  0.4198526451E+01  0.9830959374E+00
  0.9960235218E+00  0.4198747943E+01  0.9832645817E+00
  0.9960632866E+00  0.4198966369E+01  0.9834315484E+00
  0.9961026537E+00  0.4199181785E+01  0.9835968539E+00
  0.9961416272E+00  0.4199394242E+01  0.9837605147E+00
  0.9961802109E+00  0.4199603794E+01  0.9839225470E+00
  0.9962184088E+00  0.4199810491E+01  0.9840829670E+00
  0.9962562247E+00  0.4200014383E+01  0.9842417905E+00
  0.9962936625E+00  0.4200215519E+01  0.9843990333E+00
  0.9963307258E+00  0.4200413946E+01  0.9845547112E+00
  0.9963674186E+00  0.4200609712E+01  0.9847088395E+00
  0.9964037444E+00  0.4200802861E+01  0.9848614335E+00
  0.9964397070E+00  0.4200993440E+01  0.9850125086E+00
  0.9964753099E+00  0.4201181491E+01  0.9851620796E+00
  0.9965105568E+00  0.4201367057E+01  0.9853101615E+00
  0.9965454512E+00  0.4201550182E+01  0.9854567690E+00
  0.9965799967E+00  0.4201730904E+01  0.9856019167E+00
  0.9966141967E+00  0.4201909266E+01  0.9857456191E+00
  0.9966480548E+00  0.4202085306E+01  0.9858878905E+00
  0.9966815742E+00  0.4202259063E+01  0.9860287450E+00
  0.9967147585E+00  0.4202430575E+01  0.9861681967E+00
  0.9967476109E+00  0.4202599878E+01  0.9863062595E+00
  0.9967801348E+00  0.4202767010E+01  0.9864429471E+00
  0.9968123334E+00  0.4202932004E+01  0.9865782732E+00
  0.9968442101E+00  0.4203094897E+01  0.9867122512E+00
  0.9968757680E+00  0.4203255722E+01  0.9868448946E+00
  0.9969070103E+00  0.4203414513E+01  0.9869762166E+00
  0.9969379402E+00  0.4203571301E+01  0.9871062302E+00
  0.9969685608E+00  0.4203726120E+01  0.9872349484E+00
  0.9969988752E+00  0.4203879000E+01  0.9873623841E+00
  0.9970288865E+00  0.4204029973E+01  0.9874885500E+00
  0.9970585976E+00  0.4204179068E+01  0.9876134587E+00
  0.9970880116E+00  0.4204326314E+01  0.9877371227E+00
  0.9971171315E+00  0.4204471741E+01  0.9878595544E+00
  0.9971459602E+00  0.4204615376E+01  0.9879807658E+00
  0.9971745006E+00  0.4204757249E+01  0.9881007692E+00
  0.9972027556E+00  0.4204897385E+01  0.9882195766E+00
  0.9972307280E+00  0.4205035811E+01  0.9883371998E+00
  0.9972584207E+00  0.4205172554E+01  0.9884536506E+00
  0.9972858365E+00  0.4205307639E+01  0.9885689406E+00
  0.9973129782E+00  0.4205441091E+01  0.9886830813E+00
  0.9973398484E+00  0.4205572935E+01  0.9887960842E+00
  0.9973664499E+00  0.4205703194E+01  0.9889079605E+00
  0.9973927854E+00  0.4205831893E+01  0.9890187215E+00
  0.9974188575E+00  0.4205959055E+01  0.9891283783E+00
  0.9974446690E+00  0.4206084702E+01  0.9892369417E+00
  0.9974702223E+00  0.4206208857E+01  0.9893444226E+00
  0.9974955201E+00  0.4206331541E+01  0.9894508319E+00
  0.9975205649E+00  0.4206452777E+01  0.9895561802E+00
  0.9975453592E+00  0.4206572584E+01  0.9896604779E+00
  0.9975699056E+00  0.4206690984E+01  0.9897637356E+00
  0.9975942066E+00  0.4206807998E+01  0.9898659636E+00
  0.9976182645E+00  0.4206923643E+01  0.9899671721E+00
  0.9976420819E+00  0.4207037942E+01  0.9900673713E+00
  0.9976656610E+00  0.4207150912E+01  0.9901665711E+00
  0.9976890044E+00  0.4207262572E+01  0.9902647816E+00
  0.9977121144E+00  0.4207372940E+01  0.9903620125E+00
  0.9977349932E+00  0.4207482036E+01  0.9904582736E+00
  0.9977576433E+00  0.4207589876E+01  0.9905535746E+00
  0.9977800669E+00  0.4207696479E+01  0.9906479250E+00
  0.9978022662E+00  0.4207801860E+01  0.9907413342E+00
  0.9978242435E+00  0.4207906037E+01  0.9908338116E+00
  0.9978460011E+00  0.4208009027E+01  0.9909253665E+00
  0.9978675411E+00  0.4208110846E+01  0.9910160081E+00
  0.9978888657E+00  0.4208211509E+01  0.9911057454E+00
  0.9979099770E+00  0.4208311033E+01  0.9911945875E+00
  0.9979308773E+00  0.4208409272E+01  0.9912825431E+00
  0.9979515685E+00  0.4208506241E+01  0.9913696213E+00
  0.9979720528E+00  0.4208602128E+01  0.9914558307E+00
  0.9979923323E+00  0.4208696770E+01  0.9915411798E+00
  0.9980124089E+00  0.4208790315E+01  0.9916256774E+00
  0.9980322849E+00  0.4208882829E+01  0.9917093319E+00
  0.9980519620E+00  0.4208974325E+01  0.9917921516E+00
  0.9980714424E+00  0.4209064816E+01  0.9918741449E+00
  0.9980907280E+00  0.4209154315E+01  0.9919553200E+00
  0.9981098207E+00  0.4209242834E+01  0.9920356851E+00
  0.9981287225E+00  0.4209330386E+01  0.9921152481E+00
  0.9981474353E+00  0.4209416984E+01  0.9921940172E+00
  0.9981659609E+00  0.4209502638E+01  0.9922720002E+00
  0.9981843013E+00  0.4209587361E+01  0.9923492049E+00
  0.9982024583E+00  0.4209671164E+01  0.9924256390E+00
  0.9982204337E+00  0.4209754059E+01  0.9925013104E+00
  0.9982382294E+00  0.4209836057E+01  0.9925762265E+00
  0.9982558471E+00  0.4209917168E+01  0.9926503949E+00
  0.9982732886E+00  0.4209997405E+01  0.9927238229E+00
  0.9982905557E+00  0.4210076777E+01  0.9927965181E+00
  0.9983076502E+00  0.4210155295E+01  0.9928684877E+00
  0.9983245737E+00  0.4210232970E+01  0.9929397389E+00
  0.9983413279E+00  0.4210309811E+01  0.9930102789E+00
  0.9983579146E+00  0.4210385829E+01  0.9930801148E+00
  0.9983743355E+00  0.4210461033E+01  0.9931492535E+00
  0.9983905921E+00  0.4210535434E+01  0.9932177021E+00
  0.9984066862E+00  0.4210609041E+01  0.9932854674E+00
  0.9984226194E+00  0.4210681864E+01  0.9933525562E+00
  0.9984383932E+00  0.4210753911E+01  0.9934189752E+00
  0.9984540092E+00  0.4210825192E+01  0.9934847312E+00
  0.9984694691E+00  0.4210895716E+01  0.9935498307E+00
  0.9984847744E+00  0.4210965493E+01  0.9936142803E+00
  0.9984999267E+00  0.4211034530E+01  0.9936780865E+00
  0.9985149274E+00  0.4211102836E+01  0.9937412556E+00
  0.9985297782E+00  0.4211170421E+01  0.9938037940E+00
  0.9985444804E+00  0.4211237292E+01  0.9938657081E+00
  0.9985590356E+00  0.4211303457E+01  0.9939270039E+00
  0.9985734452E+00  0.4211368926E+01  0.9939876878E+00
  0.9985877108E+00  0.4211433705E+01  0.9940477657E+00
  0.9986018337E+00  0.4211497804E+01  0.9941072438E+00
  0.9986158153E+00  0.4211561229E+01  0.9941661280E+00
  0.9986296572E+00  0.4211623989E+01  0.9942244242E+00
  0.9986433606E+00  0.4211686090E+01  0.9942821383E+00
  0.9986569270E+00  0.4211747542E+01  0.9943392761E+00
  0.9986703577E+00  0.4211808350E+01  0.9943958434E+00
  0.9986836541E+00  0.4211868523E+01  0.9944518458E+00
  0.9986968176E+00  0.4211928068E+01  0.9945072889E+00
  0.9987098494E+00  0.4211986991E+01  0.9945621784E+00
  0.9987227509E+00  0.4212045299E+01  0.9946165198E+00
  0.9987355234E+00  0.4212103001E+01  0.9946703185E+00
  0.9987481682E+00  0.4212160102E+01  0.9947235799E+00
  0.9987606865E+00  0.4212216609E+01  0.9947763094E+00
  0.9987730796E+00  0.4212272529E+01  0.9948285123E+00
  0.9987853488E+00  0.4212327868E+01  0.9948801939E+00
  0.9987974954E+00  0.4212382633E+01  0.9949313593E+00
  0.9988095204E+00  0.4212436831E+01  0.9949820137E+00
  0.9988214252E+00  0.4212490467E+01  0.9950321622E+00
  0.9988332109E+00  0.4212543548E+01  0.9950818099E+00
  0.9988448788E+00  0.4212596079E+01  0.9951309617E+00
  0.9988564300E+00  0.4212648068E+01  0.9951796226E+00
  0.9988678657E+00  0.4212699520E+01  0.9952277975E+00
  0.9988791871E+00  0.4212750441E+01  0.9952754912E+00
  0.9988903952E+00  0.4212800836E+01  0.9953227085E+00
  0.9989014913E+00  0.4212850712E+01  0.9953694542E+00
  0.9989124764E+00  0.4212900074E+01  0.9954157330E+00
  0.9989233516E+00  0.4212948928E+01  0.9954615496E+00
  0.9989341181E+00  0.4212997280E+01  0.9955069085E+00
  0.9989447769E+00  0.4213045134E+01  0.9955518143E+00
  0.9989553291E+00  0.4213092496E+01  0.9955962716E+00
  0.9989657758E+00  0.4213139372E+01  0.9956402848E+00
  0.9989761181E+00  0.4213185767E+01  0.9956838583E+00
  0.9989863569E+00  0.4213231686E+01  0.9957269966E+00
  0.9989964933E+00  0.4213277134E+01  0.9957697040E+00
  0.9990065284E+00  0.4213322116E+01  0.9958119847E+00
  0.9990164631E+00  0.4213366637E+01  0.9958538431E+00
  0.9990262985E+00  0.4213410703E+01  0.9958952833E+00
  0.9990360355E+00  0.4213454318E+01  0.9959363096E+00
  0.9990456751E+00  0.4213497487E+01  0.9959769260E+00
  0.9990552184E+00  0.4213540214E+01  0.9960171366E+00
  0.9990646662E+00  0.4213582505E+01  0.9960569456E+00
  0.9990740195E+00  0.4213624365E+01  0.9960963569E+00
  0.9990832793E+00  0.4213665796E+01  0.9961353744E+00
  0.9990924466E+00  0.4213706806E+01  0.9961740021E+00
  0.9991015221E+00  0.4213747396E+01  0.9962122439E+00
  0.9991105069E+00  0.4213787574E+01  0.9962501037E+00
  0.9991194018E+00  0.4213827341E+01  0.9962875852E+00
  0.9991282078E+00  0.4213866704E+01  0.9963246923E+00
  0.9991369257E+00  0.4213905666E+01  0.9963614286E+00
  0.9991455564E+00  0.4213944231E+01  0.9963977979E+00
  0.9991541009E+00  0.4213982404E+01  0.9964338039E+00
  0.9991625599E+00  0.4214020189E+01  0.9964694501E+00
  0.9991709343E+00  0.4214057590E+01  0.9965047401E+00
  0.9991792249E+00  0.4214094611E+01  0.9965396776E+00
  0.9991874327E+00  0.4214131255E+01  0.9965742660E+00
  0.9991955584E+00  0.4214167528E+01  0.9966085088E+00
  0.9992036028E+00  0.4214203432E+01  0.9966424094E+00
  0.9992115667E+00  0.4214238972E+01  0.9966759714E+00
  0.9992194511E+00  0.4214274152E+01  0.9967091980E+00
  0.9992272566E+00  0.4214308975E+01  0.9967420926E+00
  0.9992349840E+00  0.4214343444E+01  0.9967746585E+00
  0.9992426342E+00  0.4214377565E+01  0.9968068991E+00
  0.9992502078E+00  0.4214411339E+01  0.9968388174E+00
  0.9992577057E+00  0.4214444772E+01  0.9968704169E+00
  0.9992651287E+00  0.4214477866E+01  0.9969017006E+00
  0.9992724774E+00  0.4214510625E+01  0.9969326717E+00
  0.9992797526E+00  0.4214543053E+01  0.9969633333E+00
  0.9992869551E+00  0.4214575152E+01  0.9969936886E+00
  0.9992940855E+00  0.4214606927E+01  0.9970237405E+00
  0.9993011447E+00  0.4214638380E+01  0.9970534922E+00
  0.9993081332E+00  0.4214669516E+01  0.9970829465E+00
  0.9993150519E+00  0.4214700337E+01  0.9971121065E+00
  0.9993219014E+00  0.4214730847E+01  0.9971409751E+00
  0.9993286824E+00  0.4214761048E+01  0.9971695552E+00
  0.9993353956E+00  0.4214790944E+01  0.9971978498E+00
  0.9993420416E+00  0.4214820539E+01  0.9972258616E+00
  0.9993486212E+00  0.4214849834E+01  0.9972535934E+00
  0.9993551350E+00  0.4214878834E+01  0.9972810482E+00
  0.9993615836E+00  0.4214907542E+01  0.9973082285E+00
  0.9993679678E+00  0.4214935960E+01  0.9973351373E+00
  0.9993742881E+00  0.4214964091E+01  0.9973617771E+00
  0.9993805452E+00  0.4214991939E+01  0.9973881507E+00
  0.9993867398E+00  0.4215019506E+01  0.9974142608E+00
  0.9993928724E+00  0.4215046795E+01  0.9974401099E+00
  0.9993989436E+00  0.4215073809E+01  0.9974657007E+00
  0.9994049542E+00  0.4215100550E+01  0.9974910358E+00
  0.9994109047E+00  0.4215127023E+01  0.9975161176E+00
  0.9994167956E+00  0.4215153228E+01  0.9975409488E+00
  0.9994226277E+00  0.4215179170E+01  0.9975655318E+00
  0.9994284014E+00  0.4215204851E+01  0.9975898692E+00
  0.9994341174E+00  0.4215230273E+01  0.9976139633E+00
  0.9994397762E+00  0.4215255439E+01  0.9976378166E+00
  0.9994453784E+00  0.4215280352E+01  0.9976614316E+00
  0.9994509247E+00  0.4215305015E+01  0.9976848105E+00
  0.9994564154E+00  0.4215329429E+01  0.9977079558E+00
  0.9994618513E+00  0.4215353598E+01  0.9977308697E+00
  0.9994672327E+00  0.4215377523E+01  0.9977535547E+00
  0.9994725604E+00  0.4215401208E+01  0.9977760129E+00
  0.9994778348E+00  0.4215424655E+01  0.9977982466E+00
  0.9994830565E+00  0.4215447866E+01  0.9978202582E+00
  0.9994882259E+00  0.4215470844E+01  0.9978420497E+00
  0.9994933436E+00  0.4215493591E+01  0.9978636235E+00
  0.9994984102E+00  0.4215516109E+01  0.9978849816E+00
  0.9995034261E+00  0.4215538401E+01  0.9979061262E+00
  0.9995083918E+00  0.4215560469E+01  0.9979270596E+00
  0.9995133079E+00  0.4215582315E+01  0.9979477836E+00
  0.9995181748E+00  0.4215603942E+01  0.9979683006E+00
  0.9995229931E+00  0.4215625352E+01  0.9979886125E+00
  0.9995277632E+00  0.4215646547E+01  0.9980087214E+00
  0.9995324855E+00  0.4215667529E+01  0.9980286293E+00
  0.9995371607E+00  0.4215688300E+01  0.9980483382E+00
  0.9995417891E+00  0.4215708863E+01  0.9980678501E+00
  0.9995463712E+00  0.4215729219E+01  0.9980871670E+00
  0.9995509075E+00  0.4215749371E+01  0.9981062908E+00
  0.9995553984E+00  0.4215769321E+01  0.9981252234E+00
  0.9995598444E+00  0.4215789070E+01  0.9981439668E+00
  0.9995642460E+00  0.4215808622E+01  0.9981625229E+00
  0.9995686035E+00  0.4215827977E+01  0.9981808935E+00
  0.9995729175E+00  0.4215847138E+01  0.9981990805E+00
  0.9995771883E+00  0.4215866107E+01  0.9982170857E+00
  0.9995814164E+00  0.4215884886E+01  0.9982349109E+00
  0.9995856022E+00  0.4215903476E+01  0.9982525579E+00
  0.9995897462E+00  0.4215921880E+01  0.9982700286E+00
  0.9995938488E+00  0.4215940099E+01  0.9982873246E+00
  0.9995979103E+00  0.4215958136E+01  0.9983044477E+00
  0.9996019312E+00  0.4215975992E+01  0.9983213997E+00
  0.9996059119E+00  0.4215993669E+01  0.9983381822E+00
  0.9996098527E+00  0.4216011168E+01  0.9983547970E+00
  0.9996137542E+00  0.4216028492E+01  0.9983712457E+00
  0.9996176167E+00  0.4216045643E+01  0.9983875299E+00
  0.9996214405E+00  0.4216062622E+01  0.9984036514E+00
  0.9996252261E+00  0.4216079430E+01  0.9984196118E+00
  0.9996289738E+00  0.4216096070E+01  0.9984354126E+00
  0.9996326841E+00  0.4216112543E+01  0.9984510554E+00
  0.9996363573E+00  0.4216128852E+01  0.9984665419E+00
  0.9996399937E+00  0.4216144996E+01  0.9984818736E+00
  0.9996435938E+00  0.4216160980E+01  0.9984970520E+00
  0.9996471578E+00  0.4216176803E+01  0.9985120787E+00
  0.9996506862E+00  0.4216192467E+01  0.9985269552E+00
  0.9996541794E+00  0.4216207975E+01  0.9985416829E+00
  0.9996576376E+00  0.4216223327E+01  0.9985562635E+00
  0.9996610612E+00  0.4216238525E+01  0.9985706983E+00
  0.9996644506E+00  0.4216253571E+01  0.9985849887E+00
  0.9996678400E+00  0.4216268618E+01  0.9985992793E+00
  0.9996712294E+00  0.4216283663E+01  0.9986135699E+00
  0.9996746188E+00  0.4216298709E+01  0.9986278605E+00
  0.9996780081E+00  0.4216313754E+01  0.9986421512E+00
  0.9996813975E+00  0.4216328799E+01  0.9986564420E+00
  0.9996847869E+00  0.4216343844E+01  0.9986707328E+00
  0.9996881763E+00  0.4216358889E+01  0.9986850236E+00
  0.9996915657E+00  0.4216373934E+01  0.9986993145E+00
  0.9996949551E+00  0.4216388978E+01  0.9987136055E+00
  0.9996983445E+00  0.4216404022E+01  0.9987278965E+00
  0.9997017339E+00  0.4216419066E+01  0.9987421875E+00
  0.9997051232E+00  0.4216434110E+01  0.9987564786E+00
  0.9997085126E+00  0.4216449154E+01  0.9987707698E+00
  0.9997119020E+00  0.4216464197E+01  0.9987850610E+00
  0.9997152914E+00  0.4216479241E+01  0.9987993523E+00
  0.9997186808E+00  0.4216494284E+01  0.9988136436E+00
  0.9997220702E+00  0.4216509327E+01  0.9988279349E+00
  0.9997254596E+00  0.4216524370E+01  0.9988422264E+00
  0.9997288490E+00  0.4216539413E+01  0.9988565178E+00
  0.9997322384E+00  0.4216554456E+01  0.9988708093E+00
  0.9997356277E+00  0.4216569498E+01  0.9988851009E+00
  0.9997390171E+00  0.4216584541E+01  0.9988993925E+00
  0.9997424065E+00  0.4216599583E+01  0.9989136842E+00
  0.9997457959E+00  0.4216614626E+01  0.9989279759E+00
  0.9997491853E+00  0.4216629668E+01  0.9989422677E+00
  0.9997525747E+00  0.4216644710E+01  0.9989565595E+00
  0.9997559641E+00  0.4216659752E+01  0.9989708513E+00
  0.9997593535E+00  0.4216674794E+01  0.9989851433E+00
  0.9997627428E+00  0.4216689835E+01  0.9989994352E+00
  0.9997661322E+00  0.4216704877E+01  0.9990137273E+00
  0.9997695216E+00  0.4216719919E+01  0.9990280193E+00
  0.9997729110E+00  0.4216734961E+01  0.9990423115E+00
  0.9997763004E+00  0.4216750002E+01  0.9990566036E+00
  0.9997796898E+00  0.4216765044E+01  0.9990708959E+00
  0.9997830792E+00  0.4216780085E+01  0.9990851881E+00
  0.9997864686E+00  0.4216795127E+01  0.9990994805E+00
  0.9997898579E+00  0.4216810168E+01  0.9991137729E+00
  0.9997932473E+00  0.4216825209E+01  0.9991280653E+00
  0.9997966367E+00  0.4216840251E+01  0.9991423578E+00
  0.9998000261E+00  0.4216855292E+01  0.9991566503E+00
  0.9998034155E+00  0.4216870333E+01  0.9991709429E+00
  0.9998068049E+00  0.4216885375E+01  0.9991852355E+00
  0.9998101943E+00  0.4216900416E+01  0.9991995282E+00
  0.9998135837E+00  0.4216915457E+01  0.9992138209E+00
  0.9998169731E+00  0.4216930499E+01  0.9992281137E+00
  0.9998203624E+00  0.4216945540E+01  0.9992424066E+00
  0.9998237518E+00  0.4216960582E+01  0.9992566995E+00
  0.9998271412E+00  0.4216975623E+01  0.9992709924E+00
  0.9998305306E+00  0.4216990664E+01  0.9992852854E+00
  0.9998339200E+00  0.4217005706E+01  0.9992995784E+00
  0.9998373094E+00  0.4217020747E+01  0.9993138715E+00
  0.9998406988E+00  0.4217035789E+01  0.9993281647E+00
  0.9998440882E+00  0.4217050831E+01  0.9993424579E+00
  0.9998474775E+00  0.4217065872E+01  0.9993567511E+00
  0.9998508669E+00  0.4217080914E+01  0.9993710444E+00
  0.9998542563E+00  0.4217095956E+01  0.9993853378E+00
  0.9998576457E+00  0.4217110998E+01  0.9993996312E+00
  0.9998610351E+00  0.4217126040E+01  0.9994139246E+00
  0.9998644245E+00  0.4217141082E+01  0.9994282181E+00
  0.9998678139E+00  0.4217156124E+01  0.9994425117E+00
  0.9998712033E+00  0.4217171166E+01  0.9994568053E+00
  0.9998745926E+00  0.4217186208E+01  0.9994710989E+00
  0.9998779820E+00  0.4217201251E+01  0.9994853926E+00
  0.9998813714E+00  0.4217216293E+01  0.9994996864E+00
  0.9998847608E+00  0.4217231336E+01  0.9995139802E+00
  0.9998881502E+00  0.4217246379E+01  0.9995282741E+00
  0.9998915396E+00  0.4217261422E+01  0.9995425680E+00
  0.9998949290E+00  0.4217276465E+01  0.9995568619E+00
  0.9998983184E+00  0.4217291508E+01  0.9995711559E+00
  0.9999017077E+00  0.4217306551E+01  0.9995854500E+00
  0.9999050971E+00  0.4217321595E+01  0.9995997441E+00
  0.9999084865E+00  0.4217336638E+01  0.9996140383E+00
  0.9999118759E+00  0.4217351682E+01  0.9996283325E+00
  0.9999152653E+00  0.4217366726E+01  0.9996426268E+00
  0.9999186547E+00  0.4217381770E+01  0.9996569211E+00
  0.9999220441E+00  0.4217396814E+01  0.9996712154E+00
  0.9999254335E+00  0.4217411859E+01  0.9996855099E+00
  0.9999288229E+00  0.4217426904E+01  0.9996998043E+00
  0.9999322122E+00  0.4217441948E+01  0.9997140989E+00
  0.9999356016E+00  0.4217456993E+01  0.9997283934E+00
  0.9999389910E+00  0.4217472039E+01  0.9997426881E+00
  0.9999423804E+00  0.4217487084E+01  0.9997569827E+00
  0.9999457698E+00  0.4217502130E+01  0.9997712775E+00
  0.9999491592E+00  0.4217517176E+01  0.9997855722E+00
  0.9999525486E+00  0.4217532222E+01  0.9997998671E+00
  0.9999559380E+00  0.4217547268E+01  0.9998141619E+00
  0.9999593273E+00  0.4217562315E+01  0.9998284569E+00
  0.9999627167E+00  0.4217577362E+01  0.9998427518E+00
  0.9999661061E+00  0.4217592409E+01  0.9998570469E+00
  0.9999694955E+00  0.4217607456E+01  0.9998713420E+00
  0.9999728849E+00  0.4217622504E+01  0.9998856371E+00
  0.9999762743E+00  0.4217637552E+01  0.9998999323E+00
  0.9999796637E+00  0.4217652600E+01  0.9999142275E+00
  0.9999830531E+00  0.4217667648E+01  0.9999285228E+00
  0.9999864424E+00  0.4217682697E+01  0.9999428181E+00
  0.9999898318E+00  0.4217697746E+01  0.9999571135E+00
  0.9999932212E+00  0.4217712795E+01  0.9999714090E+00
  0.9999966106E+00  0.4217727845E+01  0.9999857045E+00
  0.1000000000E+01  0.4217745679E+01  0.1000000000E+01
  0.1000000000E+01  0.4217745679E+01  0.1000000000E+01
