  0.0000000000E+00  0.4217743141E+01 -0.1000000000E+01
  0.6996492144E-18  0.4217743141E+01 -0.1000000000E+01
  0.3389387958E-05  0.4217706553E+01 -0.9999857045E+00
  0.6778775916E-05  0.4217669966E+01 -0.9999714091E+00
  0.1016816387E-04  0.4217633379E+01 -0.9999571139E+00
  0.1355755183E-04  0.4217596792E+01 -0.9999428187E+00
  0.1694693979E-04  0.4217560205E+01 -0.9999285237E+00
  0.2033632775E-04  0.4217523619E+01 -0.9999142288E+00
  0.2372571571E-04  0.4217487033E+01 -0.9998999341E+00
  0.2711510367E-04  0.4217450447E+01 -0.9998856394E+00
  0.3050449162E-04  0.4217413862E+01 -0.9998713449E+00
  0.3389387958E-04  0.4217377277E+01 -0.9998570505E+00
  0.3728326754E-04  0.4217340692E+01 -0.9998427563E+00
  0.4067265550E-04  0.4217304108E+01 -0.9998284621E+00
  0.4406204346E-04  0.4217267524E+01 -0.9998141681E+00
  0.4745143141E-04  0.4217230940E+01 -0.9997998742E+00
  0.5084081937E-04  0.4217194356E+01 -0.9997855804E+00
  0.5423020733E-04  0.4217157773E+01 -0.9997712868E+00
  0.5761959529E-04  0.4217121190E+01 -0.9997569933E+00
  0.6100898325E-04  0.4217084607E+01 -0.9997426999E+00
  0.6439837120E-04  0.4217048025E+01 -0.9997284066E+00
  0.6778775916E-04  0.4217011443E+01 -0.9997141134E+00
  0.7117714712E-04  0.4216974861E+01 -0.9996998204E+00
  0.7456653508E-04  0.4216938280E+01 -0.9996855275E+00
  0.7795592304E-04  0.4216901698E+01 -0.9996712347E+00
  0.8134531100E-04  0.4216865117E+01 -0.9996569421E+00
  0.8473469895E-04  0.4216828537E+01 -0.9996426496E+00
  0.8812408691E-04  0.4216791957E+01 -0.9996283571E+00
  0.9151347487E-04  0.4216755377E+01 -0.9996140649E+00
  0.9490286283E-04  0.4216718797E+01 -0.9995997727E+00
  0.9829225079E-04  0.4216682217E+01 -0.9995854807E+00
  0.1016816387E-03  0.4216645638E+01 -0.9995711888E+00
  0.1050710267E-03  0.4216609059E+01 -0.9995568970E+00
  0.1084604147E-03  0.4216572481E+01 -0.9995426053E+00
  0.1118498026E-03  0.4216535903E+01 -0.9995283138E+00
  0.1152391906E-03  0.4216499325E+01 -0.9995140224E+00
  0.1186285785E-03  0.4216462747E+01 -0.9994997311E+00
  0.1220179665E-03  0.4216426170E+01 -0.9994854399E+00
  0.1254073545E-03  0.4216389593E+01 -0.9994711489E+00
  0.1287967424E-03  0.4216353016E+01 -0.9994568579E+00
  0.1321861304E-03  0.4216316439E+01 -0.9994425672E+00
  0.1355755183E-03  0.4216279863E+01 -0.9994282765E+00
  0.1389649063E-03  0.4216243287E+01 -0.9994139859E+00
  0.1423542942E-03  0.4216206711E+01 -0.9993996955E+00
  0.1457436822E-03  0.4216170136E+01 -0.9993854052E+00
  0.1491330702E-03  0.4216133561E+01 -0.9993711150E+00
  0.1525224581E-03  0.4216096986E+01 -0.9993568250E+00
  0.1559118461E-03  0.4216060412E+01 -0.9993425351E+00
  0.1593012340E-03  0.4216023837E+01 -0.9993282453E+00
  0.1626906220E-03  0.4215987263E+01 -0.9993139556E+00
  0.1660800099E-03  0.4215950690E+01 -0.9992996660E+00
  0.1694693979E-03  0.4215914116E+01 -0.9992853766E+00
  0.1728587859E-03  0.4215877543E+01 -0.9992710873E+00
  0.1762481738E-03  0.4215840970E+01 -0.9992567981E+00
  0.1796375618E-03  0.4215804398E+01 -0.9992425091E+00
  0.1830269497E-03  0.4215767826E+01 -0.9992282201E+00
  0.1864163377E-03  0.4215731254E+01 -0.9992139313E+00
  0.1898057257E-03  0.4215694682E+01 -0.9991996426E+00
  0.1931951136E-03  0.4215658111E+01 -0.9991853541E+00
  0.1965845016E-03  0.4215621539E+01 -0.9991710656E+00
  0.1999738895E-03  0.4215584969E+01 -0.9991567773E+00
  0.2033632775E-03  0.4215548398E+01 -0.9991424891E+00
  0.2067526654E-03  0.4215511828E+01 -0.9991282010E+00
  0.2101420534E-03  0.4215475258E+01 -0.9991139131E+00
  0.2135314414E-03  0.4215438688E+01 -0.9990996253E+00
  0.2169208293E-03  0.4215402118E+01 -0.9990853376E+00
  0.2203102173E-03  0.4215365549E+01 -0.9990710500E+00
  0.2236996052E-03  0.4215328980E+01 -0.9990567626E+00
  0.2270889932E-03  0.4215292412E+01 -0.9990424752E+00
  0.2304783812E-03  0.4215255843E+01 -0.9990281880E+00
  0.2338677691E-03  0.4215219275E+01 -0.9990139010E+00
  0.2372571571E-03  0.4215182707E+01 -0.9989996140E+00
  0.2406465450E-03  0.4215146140E+01 -0.9989853272E+00
  0.2440359330E-03  0.4215109572E+01 -0.9989710405E+00
  0.2474253209E-03  0.4215073005E+01 -0.9989567539E+00
  0.2508147089E-03  0.4215036439E+01 -0.9989424675E+00
  0.2542040969E-03  0.4214999872E+01 -0.9989281811E+00
  0.2575934848E-03  0.4214963306E+01 -0.9989138949E+00
  0.2609828728E-03  0.4214926740E+01 -0.9988996088E+00
  0.2643722607E-03  0.4214890175E+01 -0.9988853229E+00
  0.2677616487E-03  0.4214853609E+01 -0.9988710370E+00
  0.2711510367E-03  0.4214817044E+01 -0.9988567513E+00
  0.2745404246E-03  0.4214780479E+01 -0.9988424657E+00
  0.2779298126E-03  0.4214743915E+01 -0.9988281803E+00
  0.2813192005E-03  0.4214707350E+01 -0.9988138949E+00
  0.2847085885E-03  0.4214670786E+01 -0.9987996097E+00
  0.2880979764E-03  0.4214634222E+01 -0.9987853246E+00
  0.2914873644E-03  0.4214597659E+01 -0.9987710397E+00
  0.2948767524E-03  0.4214561096E+01 -0.9987567548E+00
  0.2982661403E-03  0.4214524533E+01 -0.9987424701E+00
  0.3016555283E-03  0.4214487970E+01 -0.9987281855E+00
  0.3050449162E-03  0.4214451408E+01 -0.9987139010E+00
  0.3084343042E-03  0.4214414845E+01 -0.9986996167E+00
  0.3118236921E-03  0.4214378283E+01 -0.9986853324E+00
  0.3152130801E-03  0.4214341722E+01 -0.9986710483E+00
  0.3186024681E-03  0.4214305160E+01 -0.9986567644E+00
  0.3219918560E-03  0.4214268599E+01 -0.9986424805E+00
  0.3253812440E-03  0.4214232038E+01 -0.9986281968E+00
  0.3287706319E-03  0.4214195478E+01 -0.9986139132E+00
  0.3321600199E-03  0.4214158917E+01 -0.9985996297E+00
  0.3355494079E-03  0.4214122357E+01 -0.9985853463E+00
  0.3389387958E-03  0.4214085797E+01 -0.9985710631E+00
  0.3423624200E-03  0.4214048869E+01 -0.9985566357E+00
  0.3458206263E-03  0.4214011567E+01 -0.9985420627E+00
  0.3493137639E-03  0.4213973889E+01 -0.9985273427E+00
  0.3528421858E-03  0.4213935830E+01 -0.9985124741E+00
  0.3564062483E-03  0.4213897388E+01 -0.9984974554E+00
  0.3600063114E-03  0.4213858557E+01 -0.9984822852E+00
  0.3636427388E-03  0.4213819335E+01 -0.9984669619E+00
  0.3673158977E-03  0.4213779716E+01 -0.9984514839E+00
  0.3710261593E-03  0.4213739698E+01 -0.9984358498E+00
  0.3747738983E-03  0.4213699276E+01 -0.9984200578E+00
  0.3785594932E-03  0.4213658445E+01 -0.9984041066E+00
  0.3823833265E-03  0.4213617203E+01 -0.9983879943E+00
  0.3862457844E-03  0.4213575545E+01 -0.9983717195E+00
  0.3901472569E-03  0.4213533465E+01 -0.9983552804E+00
  0.3940881383E-03  0.4213490962E+01 -0.9983386754E+00
  0.3980688266E-03  0.4213448029E+01 -0.9983219029E+00
  0.4020897238E-03  0.4213404663E+01 -0.9983049612E+00
  0.4061512362E-03  0.4213360859E+01 -0.9982878485E+00
  0.4102537739E-03  0.4213316613E+01 -0.9982705631E+00
  0.4143977514E-03  0.4213271921E+01 -0.9982531033E+00
  0.4185835873E-03  0.4213226778E+01 -0.9982354673E+00
  0.4228117043E-03  0.4213181179E+01 -0.9982176534E+00
  0.4270825296E-03  0.4213135119E+01 -0.9981996597E+00
  0.4313964946E-03  0.4213088595E+01 -0.9981814845E+00
  0.4357540349E-03  0.4213041602E+01 -0.9981631259E+00
  0.4401555908E-03  0.4212994134E+01 -0.9981445821E+00
  0.4446016069E-03  0.4212946187E+01 -0.9981258512E+00
  0.4490925322E-03  0.4212897756E+01 -0.9981069312E+00
  0.4536288204E-03  0.4212848836E+01 -0.9980878204E+00
  0.4582109297E-03  0.4212799423E+01 -0.9980685168E+00
  0.4628393230E-03  0.4212749511E+01 -0.9980490184E+00
  0.4675144676E-03  0.4212699095E+01 -0.9980293233E+00
  0.4722368360E-03  0.4212648171E+01 -0.9980094295E+00
  0.4770069051E-03  0.4212596732E+01 -0.9979893350E+00
  0.4818251566E-03  0.4212544775E+01 -0.9979690378E+00
  0.4866920774E-03  0.4212492293E+01 -0.9979485358E+00
  0.4916081590E-03  0.4212439282E+01 -0.9979278270E+00
  0.4965738980E-03  0.4212385735E+01 -0.9979069093E+00
  0.5015897959E-03  0.4212331649E+01 -0.9978857805E+00
  0.5066563595E-03  0.4212277016E+01 -0.9978644386E+00
  0.5117741005E-03  0.4212221832E+01 -0.9978428814E+00
  0.5169435359E-03  0.4212166091E+01 -0.9978211067E+00
  0.5221651878E-03  0.4212109788E+01 -0.9977991124E+00
  0.5274395836E-03  0.4212052917E+01 -0.9977768962E+00
  0.5327672562E-03  0.4211995472E+01 -0.9977544559E+00
  0.5381487436E-03  0.4211937447E+01 -0.9977317893E+00
  0.5435845895E-03  0.4211878836E+01 -0.9977088940E+00
  0.5490753429E-03  0.4211819634E+01 -0.9976857678E+00
  0.5546215585E-03  0.4211759835E+01 -0.9976624083E+00
  0.5602237965E-03  0.4211699433E+01 -0.9976388132E+00
  0.5658826227E-03  0.4211638420E+01 -0.9976149801E+00
  0.5715986088E-03  0.4211576793E+01 -0.9975909066E+00
  0.5773723321E-03  0.4211514543E+01 -0.9975665903E+00
  0.5832043759E-03  0.4211451665E+01 -0.9975420287E+00
  0.5890953291E-03  0.4211388153E+01 -0.9975172195E+00
  0.5950457870E-03  0.4211324000E+01 -0.9974921600E+00
  0.6010563505E-03  0.4211259200E+01 -0.9974668477E+00
  0.6071276268E-03  0.4211193745E+01 -0.9974412802E+00
  0.6132602291E-03  0.4211127631E+01 -0.9974154548E+00
  0.6194547769E-03  0.4211060849E+01 -0.9973893690E+00
  0.6257118958E-03  0.4210993394E+01 -0.9973630201E+00
  0.6320322180E-03  0.4210925258E+01 -0.9973364055E+00
  0.6384163818E-03  0.4210856434E+01 -0.9973095225E+00
  0.6448650321E-03  0.4210786916E+01 -0.9972823684E+00
  0.6513788203E-03  0.4210716697E+01 -0.9972549404E+00
  0.6579584044E-03  0.4210645769E+01 -0.9972272359E+00
  0.6646044489E-03  0.4210574125E+01 -0.9971992520E+00
  0.6713176251E-03  0.4210501759E+01 -0.9971709859E+00
  0.6780986112E-03  0.4210428663E+01 -0.9971424348E+00
  0.6849480921E-03  0.4210354829E+01 -0.9971135958E+00
  0.6918667597E-03  0.4210280250E+01 -0.9970844660E+00
  0.6988553129E-03  0.4210204919E+01 -0.9970550425E+00
  0.7059144575E-03  0.4210128827E+01 -0.9970253223E+00
  0.7130449065E-03  0.4210051968E+01 -0.9969953025E+00
  0.7202473803E-03  0.4209974334E+01 -0.9969649800E+00
  0.7275226064E-03  0.4209895916E+01 -0.9969343517E+00
  0.7348713196E-03  0.4209816708E+01 -0.9969034147E+00
  0.7422942622E-03  0.4209736700E+01 -0.9968721658E+00
  0.7497921840E-03  0.4209655885E+01 -0.9968406018E+00
  0.7573658425E-03  0.4209574255E+01 -0.9968087196E+00
  0.7650160025E-03  0.4209491801E+01 -0.9967765160E+00
  0.7727434369E-03  0.4209408515E+01 -0.9967439878E+00
  0.7805489261E-03  0.4209324389E+01 -0.9967111316E+00
  0.7884332587E-03  0.4209239415E+01 -0.9966779442E+00
  0.7963972310E-03  0.4209153583E+01 -0.9966444223E+00
  0.8044416475E-03  0.4209066885E+01 -0.9966105625E+00
  0.8125673207E-03  0.4208979313E+01 -0.9965763613E+00
  0.8207750714E-03  0.4208890857E+01 -0.9965418154E+00
  0.8290657287E-03  0.4208801509E+01 -0.9965069213E+00
  0.8374401300E-03  0.4208711260E+01 -0.9964716755E+00
  0.8458991212E-03  0.4208620100E+01 -0.9964360745E+00
  0.8544435568E-03  0.4208528021E+01 -0.9964001146E+00
  0.8630742998E-03  0.4208435013E+01 -0.9963637922E+00
  0.8717922220E-03  0.4208341066E+01 -0.9963271038E+00
  0.8805982040E-03  0.4208246172E+01 -0.9962900457E+00
  0.8894931354E-03  0.4208150321E+01 -0.9962526141E+00
  0.8984779145E-03  0.4208053502E+01 -0.9962148052E+00
  0.9075534490E-03  0.4207955707E+01 -0.9961766153E+00
  0.9167206556E-03  0.4207856926E+01 -0.9961380405E+00
  0.9259804602E-03  0.4207757148E+01 -0.9960990771E+00
  0.9353337982E-03  0.4207656364E+01 -0.9960597210E+00
  0.9447816143E-03  0.4207554563E+01 -0.9960199683E+00
  0.9543248629E-03  0.4207451735E+01 -0.9959798150E+00
  0.9639645080E-03  0.4207347870E+01 -0.9959392572E+00
  0.9737015233E-03  0.4207242957E+01 -0.9958982907E+00
  0.9835368922E-03  0.4207136986E+01 -0.9958569114E+00
  0.9934716083E-03  0.4207029946E+01 -0.9958151153E+00
  0.1003506675E-02  0.4206921826E+01 -0.9957728980E+00
  0.1013643106E-02  0.4206812616E+01 -0.9957302554E+00
  0.1023881925E-02  0.4206702304E+01 -0.9956871831E+00
  0.1034224167E-02  0.4206590879E+01 -0.9956436770E+00
  0.1044670876E-02  0.4206478331E+01 -0.9955997325E+00
  0.1055223107E-02  0.4206364647E+01 -0.9955553454E+00
  0.1065881926E-02  0.4206249816E+01 -0.9955105111E+00
  0.1076648410E-02  0.4206133828E+01 -0.9954652252E+00
  0.1087523647E-02  0.4206016669E+01 -0.9954194832E+00
  0.1098508734E-02  0.4205898329E+01 -0.9953732804E+00
  0.1109604782E-02  0.4205778794E+01 -0.9953266122E+00
  0.1120812911E-02  0.4205658055E+01 -0.9952794739E+00
  0.1132134253E-02  0.4205536097E+01 -0.9952318609E+00
  0.1143569953E-02  0.4205412909E+01 -0.9951837684E+00
  0.1155121165E-02  0.4205288479E+01 -0.9951351915E+00
  0.1166789055E-02  0.4205162793E+01 -0.9950861254E+00
  0.1178574803E-02  0.4205035840E+01 -0.9950365651E+00
  0.1190479599E-02  0.4204907606E+01 -0.9949865058E+00
  0.1202504646E-02  0.4204778079E+01 -0.9949359424E+00
  0.1214651157E-02  0.4204647246E+01 -0.9948848698E+00
  0.1226920361E-02  0.4204515092E+01 -0.9948332829E+00
  0.1239313496E-02  0.4204381606E+01 -0.9947811766E+00
  0.1251831814E-02  0.4204246774E+01 -0.9947285457E+00
  0.1264476580E-02  0.4204110581E+01 -0.9946753848E+00
  0.1277249070E-02  0.4203973014E+01 -0.9946216887E+00
  0.1290150576E-02  0.4203834060E+01 -0.9945674521E+00
  0.1303182400E-02  0.4203693705E+01 -0.9945126693E+00
  0.1316345859E-02  0.4203551934E+01 -0.9944573351E+00
  0.1329642282E-02  0.4203408732E+01 -0.9944014439E+00
  0.1343073012E-02  0.4203264087E+01 -0.9943449900E+00
  0.1356639406E-02  0.4203117982E+01 -0.9942879679E+00
  0.1370342834E-02  0.4202970403E+01 -0.9942303717E+00
  0.1384184681E-02  0.4202821336E+01 -0.9941721959E+00
  0.1398166344E-02  0.4202670766E+01 -0.9941134345E+00
  0.1412289237E-02  0.4202518676E+01 -0.9940540817E+00
  0.1426554785E-02  0.4202365053E+01 -0.9939941316E+00
  0.1440964429E-02  0.4202209880E+01 -0.9939335781E+00
  0.1455519625E-02  0.4202053141E+01 -0.9938724153E+00
  0.1470221844E-02  0.4201894822E+01 -0.9938106369E+00
  0.1485072569E-02  0.4201734905E+01 -0.9937482369E+00
  0.1500073302E-02  0.4201573376E+01 -0.9936852090E+00
  0.1515225558E-02  0.4201410217E+01 -0.9936215470E+00
  0.1530530867E-02  0.4201245412E+01 -0.9935572444E+00
  0.1545990774E-02  0.4201078945E+01 -0.9934922948E+00
  0.1561606843E-02  0.4200910799E+01 -0.9934266917E+00
  0.1577380649E-02  0.4200740956E+01 -0.9933604287E+00
  0.1593313787E-02  0.4200569400E+01 -0.9932934991E+00
  0.1609407866E-02  0.4200396113E+01 -0.9932258962E+00
  0.1625664511E-02  0.4200221079E+01 -0.9931576133E+00
  0.1642085364E-02  0.4200044278E+01 -0.9930886435E+00
  0.1658672085E-02  0.4199865694E+01 -0.9930189800E+00
  0.1675426349E-02  0.4199685309E+01 -0.9929486159E+00
  0.1692349847E-02  0.4199503103E+01 -0.9928775441E+00
  0.1709444290E-02  0.4199319060E+01 -0.9928057575E+00
  0.1726711404E-02  0.4199133159E+01 -0.9927332490E+00
  0.1744152934E-02  0.4198945384E+01 -0.9926600113E+00
  0.1761770640E-02  0.4198755713E+01 -0.9925860372E+00
  0.1779566303E-02  0.4198564130E+01 -0.9925113192E+00
  0.1797541720E-02  0.4198370613E+01 -0.9924358500E+00
  0.1815698707E-02  0.4198175144E+01 -0.9923596221E+00
  0.1834039098E-02  0.4197977702E+01 -0.9922826277E+00
  0.1852564746E-02  0.4197778269E+01 -0.9922048593E+00
  0.1871277521E-02  0.4197576823E+01 -0.9921263091E+00
  0.1890179314E-02  0.4197373345E+01 -0.9920469693E+00
  0.1909272034E-02  0.4197167814E+01 -0.9919668320E+00
  0.1928557610E-02  0.4196960209E+01 -0.9918858892E+00
  0.1948037990E-02  0.4196750509E+01 -0.9918041328E+00
  0.1967715142E-02  0.4196538693E+01 -0.9917215548E+00
  0.1987591052E-02  0.4196324739E+01 -0.9916381469E+00
  0.2007667730E-02  0.4196108627E+01 -0.9915539008E+00
  0.2027947202E-02  0.4195890334E+01 -0.9914688082E+00
  0.2048431517E-02  0.4195669837E+01 -0.9913828605E+00
  0.2069122744E-02  0.4195447116E+01 -0.9912960492E+00
  0.2090022974E-02  0.4195222147E+01 -0.9912083658E+00
  0.2111134317E-02  0.4194994908E+01 -0.9911198014E+00
  0.2132458906E-02  0.4194765375E+01 -0.9910303473E+00
  0.2153998895E-02  0.4194533525E+01 -0.9909399946E+00
  0.2175756460E-02  0.4194299336E+01 -0.9908487343E+00
  0.2197733798E-02  0.4194062783E+01 -0.9907565574E+00
  0.2219933129E-02  0.4193823842E+01 -0.9906634547E+00
  0.2242356696E-02  0.4193582490E+01 -0.9905694169E+00
  0.2265006764E-02  0.4193338701E+01 -0.9904744347E+00
  0.2287885620E-02  0.4193092452E+01 -0.9903784987E+00
  0.2310995576E-02  0.4192843716E+01 -0.9902815994E+00
  0.2334338965E-02  0.4192592470E+01 -0.9901837272E+00
  0.2357918147E-02  0.4192338688E+01 -0.9900848723E+00
  0.2381735502E-02  0.4192082343E+01 -0.9899850249E+00
  0.2405793436E-02  0.4191823411E+01 -0.9898841752E+00
  0.2430094380E-02  0.4191561864E+01 -0.9897823131E+00
  0.2454640788E-02  0.4191297677E+01 -0.9896794285E+00
  0.2479435139E-02  0.4191030822E+01 -0.9895755113E+00
  0.2504479939E-02  0.4190761274E+01 -0.9894705512E+00
  0.2529777716E-02  0.4190488896E+01 -0.9893645377E+00
  0.2555331026E-02  0.4190213661E+01 -0.9892574603E+00
  0.2581142450E-02  0.4189935640E+01 -0.9891493085E+00
  0.2607214596E-02  0.4189654805E+01 -0.9890400716E+00
  0.2633550097E-02  0.4189371127E+01 -0.9889297387E+00
  0.2660151614E-02  0.4189084578E+01 -0.9888182989E+00
  0.2687021832E-02  0.4188795128E+01 -0.9887057411E+00
  0.2714163467E-02  0.4188502747E+01 -0.9885920544E+00
  0.2741579259E-02  0.4188207659E+01 -0.9884772273E+00
  0.2769271979E-02  0.4187909593E+01 -0.9883612485E+00
  0.2797244423E-02  0.4187608517E+01 -0.9882441067E+00
  0.2825499417E-02  0.4187304400E+01 -0.9881257901E+00
  0.2854039815E-02  0.4186997211E+01 -0.9880062872E+00
  0.2882868500E-02  0.4186686919E+01 -0.9878855860E+00
  0.2911988384E-02  0.4186373493E+01 -0.9877636747E+00
  0.2941402408E-02  0.4186056900E+01 -0.9876405413E+00
  0.2971113544E-02  0.4185737109E+01 -0.9875161736E+00
  0.3001124792E-02  0.4185414088E+01 -0.9873905592E+00
  0.3031439184E-02  0.4185087803E+01 -0.9872636859E+00
  0.3062059781E-02  0.4184758221E+01 -0.9871355410E+00
  0.3092989678E-02  0.4184425310E+01 -0.9870061120E+00
  0.3124231998E-02  0.4184089035E+01 -0.9868753861E+00
  0.3155789897E-02  0.4183749363E+01 -0.9867433504E+00
  0.3187666563E-02  0.4183406259E+01 -0.9866099919E+00
  0.3219865215E-02  0.4183059688E+01 -0.9864752975E+00
  0.3252389106E-02  0.4182709615E+01 -0.9863392538E+00
  0.3285241521E-02  0.4182356005E+01 -0.9862018475E+00
  0.3318425779E-02  0.4181998822E+01 -0.9860630650E+00
  0.3351945231E-02  0.4181638029E+01 -0.9859228928E+00
  0.3385803264E-02  0.4181273591E+01 -0.9857813169E+00
  0.3420003297E-02  0.4180905470E+01 -0.9856383235E+00
  0.3454548785E-02  0.4180533629E+01 -0.9854938985E+00
  0.3489443217E-02  0.4180158031E+01 -0.9853480277E+00
  0.3524690118E-02  0.4179778637E+01 -0.9852006968E+00
  0.3560293049E-02  0.4179395409E+01 -0.9850518912E+00
  0.3596255605E-02  0.4179008309E+01 -0.9849015964E+00
  0.3632581419E-02  0.4178617297E+01 -0.9847497977E+00
  0.3669274160E-02  0.4178222334E+01 -0.9845964800E+00
  0.3706337536E-02  0.4177823379E+01 -0.9844416284E+00
  0.3743775289E-02  0.4177420394E+01 -0.9842852276E+00
  0.3781591201E-02  0.4177013336E+01 -0.9841272623E+00
  0.3819789092E-02  0.4176602165E+01 -0.9839677171E+00
  0.3858372820E-02  0.4176188762E+01 -0.9838065762E+00
  0.3897346283E-02  0.4175771741E+01 -0.9836438238E+00
  0.3936713417E-02  0.4175350581E+01 -0.9834794439E+00
  0.3976478199E-02  0.4174925241E+01 -0.9833134204E+00
  0.4016644645E-02  0.4174495682E+01 -0.9831457371E+00
  0.4057216813E-02  0.4174061863E+01 -0.9829763776E+00
  0.4098198801E-02  0.4173623745E+01 -0.9828053252E+00
  0.4139594749E-02  0.4173181285E+01 -0.9826325633E+00
  0.4181408837E-02  0.4172734444E+01 -0.9824580748E+00
  0.4223645290E-02  0.4172283180E+01 -0.9822818429E+00
  0.4266308374E-02  0.4171827451E+01 -0.9821038501E+00
  0.4309402398E-02  0.4171367215E+01 -0.9819240792E+00
  0.4352931715E-02  0.4170902429E+01 -0.9817425126E+00
  0.4396900722E-02  0.4170433052E+01 -0.9815591324E+00
  0.4441313861E-02  0.4169959039E+01 -0.9813739209E+00
  0.4486175617E-02  0.4169480349E+01 -0.9811868600E+00
  0.4531490522E-02  0.4168996937E+01 -0.9809979313E+00
  0.4577263154E-02  0.4168508759E+01 -0.9808071166E+00
  0.4623498135E-02  0.4168015772E+01 -0.9806143970E+00
  0.4670200136E-02  0.4167517930E+01 -0.9804197540E+00
  0.4717373875E-02  0.4167015190E+01 -0.9802231684E+00
  0.4765024116E-02  0.4166507506E+01 -0.9800246213E+00
  0.4813155673E-02  0.4165994833E+01 -0.9798240931E+00
  0.4861773407E-02  0.4165477126E+01 -0.9796215645E+00
  0.4910882230E-02  0.4164954338E+01 -0.9794170156E+00
  0.4960487101E-02  0.4164426424E+01 -0.9792104267E+00
  0.5010593031E-02  0.4163893337E+01 -0.9790017776E+00
  0.5061205082E-02  0.4163355031E+01 -0.9787910480E+00
  0.5112328365E-02  0.4162811459E+01 -0.9785782175E+00
  0.5163968046E-02  0.4162262574E+01 -0.9783632655E+00
  0.5216129339E-02  0.4161708328E+01 -0.9781461709E+00
  0.5268817514E-02  0.4161148675E+01 -0.9779269128E+00
  0.5322037893E-02  0.4160583566E+01 -0.9777054700E+00
  0.5375795852E-02  0.4160012953E+01 -0.9774818208E+00
  0.5430096820E-02  0.4159436789E+01 -0.9772559437E+00
  0.5484946283E-02  0.4158855025E+01 -0.9770278168E+00
  0.5540349781E-02  0.4158267613E+01 -0.9767974180E+00
  0.5596312910E-02  0.4157674841E+01 -0.9765647249E+00
  0.5652841323E-02  0.4157076920E+01 -0.9763297150E+00
  0.5709940730E-02  0.4156473241E+01 -0.9760923656E+00
  0.5767616899E-02  0.4155863757E+01 -0.9758526538E+00
  0.5825875656E-02  0.4155248418E+01 -0.9756105562E+00
  0.5884722885E-02  0.4154627178E+01 -0.9753660497E+00
  0.5944164530E-02  0.4153999988E+01 -0.9751191104E+00
  0.6004206596E-02  0.4153366800E+01 -0.9748697147E+00
  0.6064855147E-02  0.4152727565E+01 -0.9746178384E+00
  0.6126116310E-02  0.4152082237E+01 -0.9743634572E+00
  0.6187996273E-02  0.4151430766E+01 -0.9741065467E+00
  0.6250501286E-02  0.4150773105E+01 -0.9738470820E+00
  0.6313637663E-02  0.4150109206E+01 -0.9735850382E+00
  0.6377411780E-02  0.4149439020E+01 -0.9733203900E+00
  0.6441830081E-02  0.4148762501E+01 -0.9730531120E+00
  0.6506899072E-02  0.4148079601E+01 -0.9727831784E+00
  0.6572625325E-02  0.4147390272E+01 -0.9725105634E+00
  0.6639015480E-02  0.4146694467E+01 -0.9722352406E+00
  0.6706076242E-02  0.4145992139E+01 -0.9719571836E+00
  0.6773814386E-02  0.4145283242E+01 -0.9716763658E+00
  0.6842236754E-02  0.4144567729E+01 -0.9713927602E+00
  0.6911350256E-02  0.4143845553E+01 -0.9711063396E+00
  0.6981161875E-02  0.4143118002E+01 -0.9708170764E+00
  0.7051678662E-02  0.4142392295E+01 -0.9705249426E+00
  0.7122907739E-02  0.4141660170E+01 -0.9702299099E+00
  0.7194856302E-02  0.4140921592E+01 -0.9699319500E+00
  0.7267531618E-02  0.4140176530E+01 -0.9696310343E+00
  0.7340941029E-02  0.4139424953E+01 -0.9693271339E+00
  0.7415091948E-02  0.4138666828E+01 -0.9690202199E+00
  0.7489991867E-02  0.4137902127E+01 -0.9687102627E+00
  0.7565648350E-02  0.4137130820E+01 -0.9683972328E+00
  0.7642069041E-02  0.4136352879E+01 -0.9680811001E+00
  0.7719261657E-02  0.4135568277E+01 -0.9677618345E+00
  0.7797233997E-02  0.4134776989E+01 -0.9674394054E+00
  0.7875993937E-02  0.4133978990E+01 -0.9671137820E+00
  0.7955549431E-02  0.4133174257E+01 -0.9667849333E+00
  0.8035908516E-02  0.4132362767E+01 -0.9664528278E+00
  0.8117079309E-02  0.4131554395E+01 -0.9661174334E+00
  0.8199070009E-02  0.4130740469E+01 -0.9657787178E+00
  0.8281888898E-02  0.4129920123E+01 -0.9654366484E+00
  0.8365544342E-02  0.4129088782E+01 -0.9650911929E+00
  0.8450044790E-02  0.4128224995E+01 -0.9647423195E+00
  0.8535398777E-02  0.4127353733E+01 -0.9643899962E+00
  0.8621614927E-02  0.4126465464E+01 -0.9640341900E+00
  0.8708701946E-02  0.4125567679E+01 -0.9636748675E+00
  0.8796668632E-02  0.4124661938E+01 -0.9633119948E+00
  0.8885523871E-02  0.4123748213E+01 -0.9629455376E+00
  0.8975276638E-02  0.4122826475E+01 -0.9625754612E+00
  0.9065935997E-02  0.4121896697E+01 -0.9622017305E+00
  0.9157511109E-02  0.4120958856E+01 -0.9618243103E+00
  0.9250011221E-02  0.4120012929E+01 -0.9614431649E+00
  0.9343445678E-02  0.4119058895E+01 -0.9610582583E+00
  0.9437823917E-02  0.4118107475E+01 -0.9606695536E+00
  0.9533155471E-02  0.4117153365E+01 -0.9602770135E+00
  0.9629449971E-02  0.4116191744E+01 -0.9598806006E+00
  0.9726717143E-02  0.4115222622E+01 -0.9594802774E+00
  0.9824966811E-02  0.4114262009E+01 -0.9590760054E+00
  0.9924208900E-02  0.4113296298E+01 -0.9586677453E+00
  0.1002445343E-01  0.4112323724E+01 -0.9582554586E+00
  0.1012571054E-01  0.4111344322E+01 -0.9578391062E+00
  0.1022799044E-01  0.4110358129E+01 -0.9574186487E+00
  0.1033130348E-01  0.4109365186E+01 -0.9569940464E+00
  0.1043566008E-01  0.4108365538E+01 -0.9565652592E+00
  0.1054107079E-01  0.4107359234E+01 -0.9561322465E+00
  0.1064754625E-01  0.4106346325E+01 -0.9556949675E+00
  0.1075509722E-01  0.4105326869E+01 -0.9552533808E+00
  0.1086373457E-01  0.4104316015E+01 -0.9548074439E+00
  0.1097346926E-01  0.4103302860E+01 -0.9543571136E+00
  0.1108431238E-01  0.4102284001E+01 -0.9539023471E+00
  0.1119627514E-01  0.4101259526E+01 -0.9534431015E+00
  0.1130936882E-01  0.4100223658E+01 -0.9529793335E+00
  0.1142360487E-01  0.4099185976E+01 -0.9525109994E+00
  0.1153899482E-01  0.4098143097E+01 -0.9520380547E+00
  0.1165555032E-01  0.4097095141E+01 -0.9515604547E+00
  0.1177328316E-01  0.4096042232E+01 -0.9510781540E+00
  0.1189220521E-01  0.4094984503E+01 -0.9505911072E+00
  0.1201232849E-01  0.4093922088E+01 -0.9500992680E+00
  0.1213366514E-01  0.4092855128E+01 -0.9496025899E+00
  0.1225622742E-01  0.4091783770E+01 -0.9491010260E+00
  0.1238002770E-01  0.4090708166E+01 -0.9485945286E+00
  0.1250507848E-01  0.4089628471E+01 -0.9480830498E+00
  0.1263139240E-01  0.4088550287E+01 -0.9475665409E+00
  0.1275898223E-01  0.4087477795E+01 -0.9470449519E+00
  0.1288786083E-01  0.4086402226E+01 -0.9465182328E+00
  0.1301804125E-01  0.4085318653E+01 -0.9459863338E+00
  0.1314953661E-01  0.4084220766E+01 -0.9454492055E+00
  0.1328236022E-01  0.4083124530E+01 -0.9449067974E+00
  0.1341652547E-01  0.4082020363E+01 -0.9443590580E+00
  0.1355204593E-01  0.4080929547E+01 -0.9438059346E+00
  0.1368893528E-01  0.4079837735E+01 -0.9432473736E+00
  0.1382720736E-01  0.4078744545E+01 -0.9426833215E+00
  0.1396687612E-01  0.4077650212E+01 -0.9421137247E+00
  0.1410795567E-01  0.4076554971E+01 -0.9415385289E+00
  0.1425046028E-01  0.4075459064E+01 -0.9409576792E+00
  0.1439440432E-01  0.4074362730E+01 -0.9403711200E+00
  0.1453980234E-01  0.4073328597E+01 -0.9397787909E+00
  0.1468666903E-01  0.4072390751E+01 -0.9391806235E+00
  0.1483501923E-01  0.4071460633E+01 -0.9385765525E+00
  0.1498486790E-01  0.4070476272E+01 -0.9379665233E+00
  0.1513623021E-01  0.4069496269E+01 -0.9373504808E+00
  0.1528912142E-01  0.4068520934E+01 -0.9367283651E+00
  0.1544355699E-01  0.4067550574E+01 -0.9361001157E+00
  0.1559955252E-01  0.4066585492E+01 -0.9354656713E+00
  0.1575712375E-01  0.4065625983E+01 -0.9348249700E+00
  0.1591628662E-01  0.4064672336E+01 -0.9341779492E+00
  0.1607705719E-01  0.4063724830E+01 -0.9335245457E+00
  0.1623945171E-01  0.4062783732E+01 -0.9328646954E+00
  0.1640348657E-01  0.4061849300E+01 -0.9321983339E+00
  0.1656917836E-01  0.4060921775E+01 -0.9315253957E+00
  0.1673654380E-01  0.4060001382E+01 -0.9308458147E+00
  0.1690559979E-01  0.4059088328E+01 -0.9301595243E+00
  0.1707636343E-01  0.4058203340E+01 -0.9294664552E+00
  0.1724885195E-01  0.4057341862E+01 -0.9287665360E+00
  0.1742308278E-01  0.4056488104E+01 -0.9280596964E+00
  0.1759907351E-01  0.4055642116E+01 -0.9273458665E+00
  0.1777684193E-01  0.4054735715E+01 -0.9266249820E+00
  0.1795640599E-01  0.4053808206E+01 -0.9258969804E+00
  0.1813778383E-01  0.4052887369E+01 -0.9251617930E+00
  0.1832099377E-01  0.4051973171E+01 -0.9244193475E+00
  0.1850605431E-01  0.4051065539E+01 -0.9236695711E+00
  0.1869298415E-01  0.4050130654E+01 -0.9229123935E+00
  0.1888180217E-01  0.4049180027E+01 -0.9221477455E+00
  0.1907252745E-01  0.4048232050E+01 -0.9213755550E+00
  0.1926517924E-01  0.4047286336E+01 -0.9205957469E+00
  0.1945977701E-01  0.4046342437E+01 -0.9198082459E+00
  0.1965634041E-01  0.4045399844E+01 -0.9190129757E+00
  0.1985488931E-01  0.4044457982E+01 -0.9182098595E+00
  0.2005544374E-01  0.4043474057E+01 -0.9173988242E+00
  0.2025802398E-01  0.4042482783E+01 -0.9165797966E+00
  0.2046265049E-01  0.4041487413E+01 -0.9157526993E+00
  0.2066934393E-01  0.4040489261E+01 -0.9149174536E+00
  0.2087812518E-01  0.4039500838E+01 -0.9140739783E+00
  0.2108901533E-01  0.4038505483E+01 -0.9132221923E+00
  0.2130203569E-01  0.4037501957E+01 -0.9123620154E+00
  0.2151720777E-01  0.4036488927E+01 -0.9114933667E+00
  0.2173455330E-01  0.4035464961E+01 -0.9106161651E+00
  0.2195409424E-01  0.4034428524E+01 -0.9097303291E+00
  0.2217585277E-01  0.4033377979E+01 -0.9088357766E+00
  0.2239985128E-01  0.4032301252E+01 -0.9079324266E+00
  0.2262611241E-01  0.4031163065E+01 -0.9070202023E+00
  0.2285465900E-01  0.4030004228E+01 -0.9060990262E+00
  0.2308551414E-01  0.4028822649E+01 -0.9051688154E+00
  0.2331870115E-01  0.4027616122E+01 -0.9042294869E+00
  0.2355424359E-01  0.4026382321E+01 -0.9032809577E+00
  0.2379216524E-01  0.4025118808E+01 -0.9023231445E+00
  0.2403249014E-01  0.4023717922E+01 -0.9013559765E+00
  0.2427524257E-01  0.4022237209E+01 -0.9003793890E+00
  0.2452044704E-01  0.4020712208E+01 -0.8993933054E+00
  0.2476812832E-01  0.4019098868E+01 -0.8983976500E+00
  0.2501831143E-01  0.4017357647E+01 -0.8973923572E+00
  0.2527102165E-01  0.4015690972E+01 -0.8963773404E+00
  0.2552628449E-01  0.4014042425E+01 -0.8953524942E+00
  0.2578412575E-01  0.4012414709E+01 -0.8943177183E+00
  0.2604457147E-01  0.4010733109E+01 -0.8932729210E+00
  0.2630764795E-01  0.4008989451E+01 -0.8922180208E+00
  0.2657338176E-01  0.4007180149E+01 -0.8911529372E+00
  0.2684179976E-01  0.4005301558E+01 -0.8900775900E+00
  0.2711292905E-01  0.4003349984E+01 -0.8889919000E+00
  0.2738679702E-01  0.4001321700E+01 -0.8878957884E+00
  0.2766343134E-01  0.3999240058E+01 -0.8867891735E+00
  0.2794285993E-01  0.3997078306E+01 -0.8856719734E+00
  0.2822511105E-01  0.3994841428E+01 -0.8845441093E+00
  0.2851021318E-01  0.3992541332E+01 -0.8834054994E+00
  0.2879819513E-01  0.3990255224E+01 -0.8822560487E+00
  0.2908908599E-01  0.3987934923E+01 -0.8810956574E+00
  0.2938291514E-01  0.3985455732E+01 -0.8799242501E+00
  0.2967971226E-01  0.3982861119E+01 -0.8787417634E+00
  0.2997950734E-01  0.3980164616E+01 -0.8775481254E+00
  0.3028233064E-01  0.3977314963E+01 -0.8763432703E+00
  0.3058821277E-01  0.3974254738E+01 -0.8751271488E+00
  0.3089718462E-01  0.3971042626E+01 -0.8738997122E+00
  0.3120927739E-01  0.3967716795E+01 -0.8726608974E+00
  0.3152452262E-01  0.3964275571E+01 -0.8714106361E+00
  0.3184295214E-01  0.3960700579E+01 -0.8701488629E+00
  0.3216459812E-01  0.3956950056E+01 -0.8688755226E+00
  0.3248949305E-01  0.3953079142E+01 -0.8675905585E+00
  0.3281766975E-01  0.3949087218E+01 -0.8662939050E+00
  0.3314916136E-01  0.3944974525E+01 -0.8649854974E+00
  0.3348400137E-01  0.3940741788E+01 -0.8636652707E+00
  0.3382222361E-01  0.3936390244E+01 -0.8623331601E+00
  0.3416386223E-01  0.3931921666E+01 -0.8609891005E+00
  0.3450895175E-01  0.3927338391E+01 -0.8596330264E+00
  0.3485752702E-01  0.3922643344E+01 -0.8582648716E+00
  0.3520962325E-01  0.3917840057E+01 -0.8568845693E+00
  0.3556527601E-01  0.3912932688E+01 -0.8554920513E+00
  0.3592452122E-01  0.3907926031E+01 -0.8540872483E+00
  0.3628739518E-01  0.3902826230E+01 -0.8526700890E+00
  0.3665393452E-01  0.3897657312E+01 -0.8512404969E+00
  0.3702417628E-01  0.3892410131E+01 -0.8497983928E+00
  0.3739815786E-01  0.3887092016E+01 -0.8483436975E+00
  0.3777591703E-01  0.3881710909E+01 -0.8468763293E+00
  0.3815749195E-01  0.3876275351E+01 -0.8453962028E+00
  0.3854292116E-01  0.3870794449E+01 -0.8439032293E+00
  0.3893224360E-01  0.3865415470E+01 -0.8423972892E+00
  0.3932549859E-01  0.3860028569E+01 -0.8408782545E+00
  0.3972272585E-01  0.3854634930E+01 -0.8393460172E+00
  0.4012396550E-01  0.3849291881E+01 -0.8378004568E+00
  0.4052925808E-01  0.3844138172E+01 -0.8362414117E+00
  0.4093864453E-01  0.3839119167E+01 -0.8346687010E+00
  0.4135216619E-01  0.3834134987E+01 -0.8330821726E+00
  0.4176986484E-01  0.3829195665E+01 -0.8314816912E+00
  0.4219178266E-01  0.3824199127E+01 -0.8298671393E+00
  0.4261796229E-01  0.3819156342E+01 -0.8282384181E+00
  0.4304844675E-01  0.3814186169E+01 -0.8265954004E+00
  0.4348327955E-01  0.3809346139E+01 -0.8249379195E+00
  0.4392250460E-01  0.3804430372E+01 -0.8232658388E+00
  0.4436616626E-01  0.3799606583E+01 -0.8215790290E+00
  0.4481430935E-01  0.3794881500E+01 -0.8198773203E+00
  0.4526697914E-01  0.3790260852E+01 -0.8181605379E+00
  0.4572422136E-01  0.3785749226E+01 -0.8164285021E+00
  0.4618608218E-01  0.3781205147E+01 -0.8146810622E+00
  0.4665260826E-01  0.3776803276E+01 -0.8129180582E+00
  0.4712384673E-01  0.3772512268E+01 -0.8111392942E+00
  0.4759984518E-01  0.3768331215E+01 -0.8093445793E+00
  0.4808065170E-01  0.3764188569E+01 -0.8075337370E+00
  0.4856631485E-01  0.3759630178E+01 -0.8057067163E+00
  0.4905688368E-01  0.3754810453E+01 -0.8038635411E+00
  0.4955240776E-01  0.3749871440E+01 -0.8020041658E+00
  0.5005293713E-01  0.3744870169E+01 -0.8001284966E+00
  0.5055852235E-01  0.3739890588E+01 -0.7982364044E+00
  0.5106921450E-01  0.3734570374E+01 -0.7963278302E+00
  0.5158506515E-01  0.3729251757E+01 -0.7944027214E+00
  0.5210612641E-01  0.3723944683E+01 -0.7924609354E+00
  0.5263245092E-01  0.3718689351E+01 -0.7905023151E+00
  0.5316409184E-01  0.3713574611E+01 -0.7885266673E+00
  0.5370110287E-01  0.3708659453E+01 -0.7865337565E+00
  0.5424353825E-01  0.3703674373E+01 -0.7845234004E+00
  0.5479145278E-01  0.3698600817E+01 -0.7824954934E+00
  0.5534490180E-01  0.3693419923E+01 -0.7804499400E+00
  0.5590394121E-01  0.3687698189E+01 -0.7783867721E+00
  0.5646862749E-01  0.3681953031E+01 -0.7763060016E+00
  0.5703901766E-01  0.3676202542E+01 -0.7742074918E+00
  0.5761516936E-01  0.3670350705E+01 -0.7720911273E+00
  0.5819714076E-01  0.3664308955E+01 -0.7699568462E+00
  0.5878499067E-01  0.3657821735E+01 -0.7678046892E+00
  0.5937877846E-01  0.3650907184E+01 -0.7656347723E+00
  0.5997856410E-01  0.3643747390E+01 -0.7634471577E+00
  0.6058440818E-01  0.3636038864E+01 -0.7612419500E+00
  0.6119637190E-01  0.3628048874E+01 -0.7590192709E+00
  0.6181451707E-01  0.3620152641E+01 -0.7567790506E+00
  0.6243890613E-01  0.3612055378E+01 -0.7545211948E+00
  0.6306960215E-01  0.3603941052E+01 -0.7522456446E+00
  0.6370666884E-01  0.3595711462E+01 -0.7499523153E+00
  0.6435017054E-01  0.3587827676E+01 -0.7476410054E+00
  0.6500017227E-01  0.3580263747E+01 -0.7453113695E+00
  0.6565673966E-01  0.3572839885E+01 -0.7429631222E+00
  0.6631993905E-01  0.3565258648E+01 -0.7405961309E+00
  0.6698983743E-01  0.3557583697E+01 -0.7382103407E+00
  0.6766650245E-01  0.3549917321E+01 -0.7358056420E+00
  0.6835000248E-01  0.3542676611E+01 -0.7333817479E+00
  0.6904040654E-01  0.3535431610E+01 -0.7309383706E+00
  0.6973778439E-01  0.3528295773E+01 -0.7284753271E+00
  0.7044220645E-01  0.3520936849E+01 -0.7259925096E+00
  0.7115374389E-01  0.3513617595E+01 -0.7234898352E+00
  0.7187246858E-01  0.3506133227E+01 -0.7209672011E+00
  0.7259845311E-01  0.3498709287E+01 -0.7184244974E+00
  0.7333177082E-01  0.3491527543E+01 -0.7158614652E+00
  0.7407249577E-01  0.3485149433E+01 -0.7132775658E+00
  0.7482070280E-01  0.3479430121E+01 -0.7106720921E+00
  0.7557646748E-01  0.3473852211E+01 -0.7080445695E+00
  0.7633986614E-01  0.3468429836E+01 -0.7053947051E+00
  0.7711097590E-01  0.3463394021E+01 -0.7027221066E+00
  0.7788987464E-01  0.3458291838E+01 -0.7000264604E+00
  0.7867664105E-01  0.3453267144E+01 -0.6973075692E+00
  0.7947135460E-01  0.3448377031E+01 -0.6945651541E+00
  0.8027409556E-01  0.3443487151E+01 -0.6917989633E+00
  0.8108494501E-01  0.3438518072E+01 -0.6890088282E+00
  0.8190398485E-01  0.3433544152E+01 -0.6861945818E+00
  0.8273129783E-01  0.3429026292E+01 -0.6833558350E+00
  0.8356696751E-01  0.3424830657E+01 -0.6804920548E+00
  0.8441107829E-01  0.3419673064E+01 -0.6776032951E+00
  0.8526371544E-01  0.3414406093E+01 -0.6746898002E+00
  0.8612496510E-01  0.3409021214E+01 -0.6717514630E+00
  0.8699491424E-01  0.3403530230E+01 -0.6687881764E+00
  0.8787365075E-01  0.3398134071E+01 -0.6657997410E+00
  0.8876126338E-01  0.3392245256E+01 -0.6627861278E+00
  0.8965784180E-01  0.3385707745E+01 -0.6597476446E+00
  0.9056347656E-01  0.3379650358E+01 -0.6566841728E+00
  0.9147825915E-01  0.3374122537E+01 -0.6535950559E+00
  0.9240228197E-01  0.3368522186E+01 -0.6504798771E+00
  0.9333563836E-01  0.3363276728E+01 -0.6473382934E+00
  0.9427842258E-01  0.3358240320E+01 -0.6441698232E+00
  0.9523072988E-01  0.3353436120E+01 -0.6409740340E+00
  0.9619265645E-01  0.3349159475E+01 -0.6377503316E+00
  0.9716429944E-01  0.3345436639E+01 -0.6344979529E+00
  0.9814575701E-01  0.3343162302E+01 -0.6312156649E+00
  0.9913712829E-01  0.3340810422E+01 -0.6279025156E+00
  0.1001385134E+00  0.3338372620E+01 -0.6245582983E+00
  0.1011500136E+00  0.3336158815E+01 -0.6211826536E+00
  0.1021717309E+00  0.3334870364E+01 -0.6177747006E+00
  0.1032037686E+00  0.3332203548E+01 -0.6143343648E+00
  0.1042462309E+00  0.3329337743E+01 -0.6108621619E+00
  0.1052992231E+00  0.3327023547E+01 -0.6073576136E+00
  0.1063628516E+00  0.3324133234E+01 -0.6038204336E+00
  0.1074372239E+00  0.3320508336E+01 -0.6002510243E+00
  0.1085224483E+00  0.3316180073E+01 -0.5966498760E+00
  0.1096186347E+00  0.3311184056E+01 -0.5930174629E+00
  0.1107258936E+00  0.3305334530E+01 -0.5893543633E+00
  0.1118443370E+00  0.3299124928E+01 -0.5856610063E+00
  0.1129740778E+00  0.3292365384E+01 -0.5819376686E+00
  0.1141152301E+00  0.3285053135E+01 -0.5781847505E+00
  0.1152679092E+00  0.3277718476E+01 -0.5744023657E+00
  0.1164322315E+00  0.3269648138E+01 -0.5705907432E+00
  0.1176083146E+00  0.3261839505E+01 -0.5667499569E+00
  0.1187962774E+00  0.3255295981E+01 -0.5628788997E+00
  0.1199962398E+00  0.3250686537E+01 -0.5589754325E+00
  0.1212083230E+00  0.3247742491E+01 -0.5550371141E+00
  0.1224326495E+00  0.3245467521E+01 -0.5510622096E+00
  0.1236693429E+00  0.3244150021E+01 -0.5470493759E+00
  0.1249185282E+00  0.3244188061E+01 -0.5429968077E+00
  0.1261803315E+00  0.3245294196E+01 -0.5389025826E+00
  0.1274548803E+00  0.3247291661E+01 -0.5347650238E+00
  0.1287423034E+00  0.3248931070E+01 -0.5305833304E+00
  0.1300427307E+00  0.3249032060E+01 -0.5263582660E+00
  0.1313562936E+00  0.3248939192E+01 -0.5220905189E+00
  0.1326831249E+00  0.3248321865E+01 -0.5177801344E+00
  0.1340233585E+00  0.3247257336E+01 -0.5134273377E+00
  0.1353771298E+00  0.3245613282E+01 -0.5090324068E+00
  0.1367445755E+00  0.3242568848E+01 -0.5045962883E+00
  0.1381258338E+00  0.3239290500E+01 -0.5001197271E+00
  0.1395210443E+00  0.3233885889E+01 -0.4956040055E+00
  0.1409303478E+00  0.3226477917E+01 -0.4910516989E+00
  0.1423538866E+00  0.3217964465E+01 -0.4864647418E+00
  0.1437918047E+00  0.3208288123E+01 -0.4818445295E+00
  0.1452442472E+00  0.3196924376E+01 -0.4771929282E+00
  0.1467113608E+00  0.3184329523E+01 -0.4725119159E+00
  0.1481932937E+00  0.3170685564E+01 -0.4678030629E+00
  0.1496901957E+00  0.3157188378E+01 -0.4630669594E+00
  0.1512022178E+00  0.3142970738E+01 -0.4583039693E+00
  0.1527295130E+00  0.3128541848E+01 -0.4535147439E+00
  0.1542722353E+00  0.3113588486E+01 -0.4486998069E+00
  0.1558305407E+00  0.3097758043E+01 -0.4438602195E+00
  0.1574045866E+00  0.3081846722E+01 -0.4389967288E+00
  0.1589945319E+00  0.3067138323E+01 -0.4341084538E+00
  0.1606005373E+00  0.3053388050E+01 -0.4291936547E+00
  0.1622227649E+00  0.3038620507E+01 -0.4242523424E+00
  0.1638613787E+00  0.3023930650E+01 -0.4192852524E+00
  0.1655165442E+00  0.3009531631E+01 -0.4142920633E+00
  0.1671884284E+00  0.2996642760E+01 -0.4092712490E+00
  0.1688772004E+00  0.2983100957E+01 -0.4042220371E+00
  0.1705830308E+00  0.2968756135E+01 -0.3991456080E+00
  0.1723060917E+00  0.2949152771E+01 -0.3940471492E+00
  0.1740465572E+00  0.2927346193E+01 -0.3889332271E+00
  0.1758046033E+00  0.2905030170E+01 -0.3838064341E+00
  0.1775804074E+00  0.2881320078E+01 -0.3786687219E+00
  0.1793741488E+00  0.2856192540E+01 -0.3735229147E+00
  0.1811860089E+00  0.2830384849E+01 -0.3683712734E+00
  0.1830161706E+00  0.2804200675E+01 -0.3632151721E+00
  0.1848648188E+00  0.2774575542E+01 -0.3580585748E+00
  0.1867321402E+00  0.2742469777E+01 -0.3529075264E+00
  0.1886183235E+00  0.2710097023E+01 -0.3477652564E+00
  0.1905235591E+00  0.2678355573E+01 -0.3426321205E+00
  0.1924480394E+00  0.2643731263E+01 -0.3375109946E+00
  0.1943919590E+00  0.2608941729E+01 -0.3324056077E+00
  0.1963555142E+00  0.2577630493E+01 -0.3273135474E+00
  0.1983389032E+00  0.2544078707E+01 -0.3222343765E+00
  0.2003423265E+00  0.2509105173E+01 -0.3171725434E+00
  0.2023659863E+00  0.2473717162E+01 -0.3121307746E+00
  0.2044100872E+00  0.2442382219E+01 -0.3071062731E+00
  0.2064748356E+00  0.2416670997E+01 -0.3020899120E+00
  0.2085604400E+00  0.2393872207E+01 -0.2970734670E+00
  0.2106671111E+00  0.2373365851E+01 -0.2920519656E+00
  0.2127950617E+00  0.2356529273E+01 -0.2870194740E+00
  0.2149445068E+00  0.2338751101E+01 -0.2819733504E+00
  0.2171156634E+00  0.2319806989E+01 -0.2769161207E+00
  0.2193087509E+00  0.2300495007E+01 -0.2718497574E+00
  0.2215239908E+00  0.2287589307E+01 -0.2667679037E+00
  0.2237616069E+00  0.2275516923E+01 -0.2616626638E+00
  0.2260218251E+00  0.2260448664E+01 -0.2565365277E+00
  0.2283048739E+00  0.2241780256E+01 -0.2513971237E+00
  0.2306109837E+00  0.2222195787E+01 -0.2462499141E+00
  0.2329403876E+00  0.2200875409E+01 -0.2410983545E+00
  0.2352933208E+00  0.2176433351E+01 -0.2359485970E+00
  0.2376700210E+00  0.2152781380E+01 -0.2308039742E+00
  0.2400707283E+00  0.2133246800E+01 -0.2256592247E+00
  0.2424956851E+00  0.2115172179E+01 -0.2205081083E+00
  0.2449451365E+00  0.2099139993E+01 -0.2153467319E+00
  0.2474193298E+00  0.2085132260E+01 -0.2101703828E+00
  0.2499185149E+00  0.2072633392E+01 -0.2049748697E+00
  0.2524429444E+00  0.2061379137E+01 -0.1997568582E+00
  0.2549928731E+00  0.2052031458E+01 -0.1945124063E+00
  0.2575685587E+00  0.2045240228E+01 -0.1892357645E+00
  0.2601702613E+00  0.2037660244E+01 -0.1839245180E+00
  0.2627982438E+00  0.2026063512E+01 -0.1785848207E+00
  0.2654527715E+00  0.2011926412E+01 -0.1732253426E+00
  0.2681341126E+00  0.1992394396E+01 -0.1678568676E+00
  0.2708425380E+00  0.1968506027E+01 -0.1624929660E+00
  0.2735783212E+00  0.1941252518E+01 -0.1571448401E+00
  0.2763417386E+00  0.1913894361E+01 -0.1518181501E+00
  0.2791330693E+00  0.1889060287E+01 -0.1465104981E+00
  0.2819525952E+00  0.1863510880E+01 -0.1412202622E+00
  0.2848006012E+00  0.1835955801E+01 -0.1359522105E+00
  0.2876773750E+00  0.1806142153E+01 -0.1307134647E+00
  0.2905832071E+00  0.1772919332E+01 -0.1255133888E+00
  0.2935183910E+00  0.1736668210E+01 -0.1203627464E+00
  0.2964832232E+00  0.1698727320E+01 -0.1152700607E+00
  0.2994780032E+00  0.1657178701E+01 -0.1102449605E+00
  0.3025030336E+00  0.1622900601E+01 -0.1052837908E+00
  0.3055586198E+00  0.1589688232E+01 -0.1003756198E+00
  0.3086450705E+00  0.1560156331E+01 -0.9551469979E-01
  0.3117626974E+00  0.1537026642E+01 -0.9068676920E-01
  0.3149118156E+00  0.1517936156E+01 -0.8587654979E-01
  0.3180927430E+00  0.1502747487E+01 -0.8107226206E-01
  0.3213058010E+00  0.1488764595E+01 -0.7626631113E-01
  0.3245513142E+00  0.1476865598E+01 -0.7145381525E-01
  0.3278296103E+00  0.1457899549E+01 -0.6664330068E-01
  0.3311410205E+00  0.1439917091E+01 -0.6184537088E-01
  0.3344858793E+00  0.1428180767E+01 -0.5704867971E-01
  0.3378645245E+00  0.1415226511E+01 -0.5224524747E-01
  0.3412772975E+00  0.1401243343E+01 -0.4743926137E-01
  0.3447245429E+00  0.1383966478E+01 -0.4263861046E-01
  0.3482066090E+00  0.1357290744E+01 -0.3786599105E-01
  0.3517238475E+00  0.1322660268E+01 -0.3315297764E-01
  0.3552766136E+00  0.1280720133E+01 -0.2852837678E-01
  0.3588652663E+00  0.1236550921E+01 -0.2401157105E-01
  0.3624901680E+00  0.1197979275E+01 -0.1959910475E-01
  0.3661516848E+00  0.1163502230E+01 -0.1527580259E-01
  0.3698501867E+00  0.1136611799E+01 -0.1102231457E-01
  0.3735860472E+00  0.1117502288E+01 -0.6811786710E-02
  0.3773596436E+00  0.1091144510E+01 -0.2644515868E-02
  0.3811713572E+00  0.1062460924E+01  0.1459947663E-02
  0.3850215729E+00  0.1036430339E+01  0.5500539740E-02
  0.3889106797E+00  0.1012921332E+01  0.9485613497E-02
  0.3928390704E+00  0.9939144507E+00  0.1342743101E-01
  0.3968071418E+00  0.9819875759E+00  0.1734769119E-01
  0.4008152948E+00  0.9735022799E+00  0.2126664241E-01
  0.4048639341E+00  0.9647056055E+00  0.2519019475E-01
  0.4089534688E+00  0.9612403708E+00  0.2912830619E-01
  0.4130843119E+00  0.9676716519E+00  0.3311232267E-01
  0.4172568807E+00  0.9812911072E+00  0.3717841328E-01
  0.4214715967E+00  0.9925524932E+00  0.4133800835E-01
  0.4257288855E+00  0.1004206602E+01  0.4558839847E-01
  0.4300291773E+00  0.1013084245E+01  0.4992586809E-01
  0.4343729064E+00  0.1012719498E+01  0.5432563938E-01
  0.4387605115E+00  0.1002890026E+01  0.5874748871E-01
  0.4431924359E+00  0.9918108145E+00  0.6316767034E-01
  0.4476691271E+00  0.9770340551E+00  0.6757462566E-01
  0.4521910375E+00  0.9682749440E+00  0.7197288213E-01
  0.4567586237E+00  0.9652901672E+00  0.7638874483E-01
  0.4613723472E+00  0.9513886592E+00  0.8081025787E-01
  0.4660326740E+00  0.9182704063E+00  0.8516686894E-01
  0.4707400747E+00  0.8686163613E+00  0.8937266499E-01
  0.4754950250E+00  0.8135783709E+00  0.9337204112E-01
  0.4802980050E+00  0.7558328255E+00  0.9714096646E-01
  0.4851495000E+00  0.7004851256E+00  0.1006736261E+00
  0.4900500000E+00  0.6558935650E+00  0.1039970930E+00
  0.4950000000E+00  0.6183921869E+00  0.1071509502E+00
  0.5000000000E+00  0.5880196805E+00  0.1102232163E+00
  0.5050000000E+00  0.5555551166E+00  0.1130821533E+00
  0.5099500000E+00  0.5248670875E+00  0.1157561982E+00
  0.5148505000E+00  0.4990659220E+00  0.1182650901E+00
  0.5197019950E+00  0.4817424014E+00  0.1206442834E+00
  0.5245049750E+00  0.4732757127E+00  0.1229377499E+00
  0.5292599253E+00  0.4633641568E+00  0.1251645879E+00
  0.5339673260E+00  0.4509081071E+00  0.1273165108E+00
  0.5386276528E+00  0.4427539123E+00  0.1293988893E+00
  0.5432413763E+00  0.4341026242E+00  0.1314216761E+00
  0.5478089625E+00  0.4284411417E+00  0.1333915477E+00
  0.5523308729E+00  0.4260590051E+00  0.1353235342E+00
  0.5568075641E+00  0.4303065305E+00  0.1372403763E+00
  0.5612394885E+00  0.4388013087E+00  0.1391662864E+00
  0.5656270936E+00  0.4470855051E+00  0.1411097471E+00
  0.5699708227E+00  0.4588845412E+00  0.1430773913E+00
  0.5742711145E+00  0.4718943406E+00  0.1450787017E+00
  0.5785284033E+00  0.4691946534E+00  0.1470819455E+00
  0.5827431193E+00  0.4599940860E+00  0.1490400789E+00
  0.5869156881E+00  0.4488272755E+00  0.1509361387E+00
  0.5910465312E+00  0.4371215400E+00  0.1527659965E+00
  0.5951360659E+00  0.4339702777E+00  0.1545471766E+00
  0.5991847052E+00  0.4268802097E+00  0.1562898131E+00
  0.6031928582E+00  0.4195442159E+00  0.1579861124E+00
  0.6071609296E+00  0.4132822812E+00  0.1596384699E+00
  0.6110893203E+00  0.4121808571E+00  0.1612598408E+00
  0.6149784271E+00  0.4185438353E+00  0.1628752293E+00
  0.6188286428E+00  0.4292461319E+00  0.1645073165E+00
  0.6226403564E+00  0.4464277919E+00  0.1661762255E+00
  0.6264139528E+00  0.4542199200E+00  0.1678755660E+00
  0.6301498133E+00  0.4576001395E+00  0.1695787823E+00
  0.6338483152E+00  0.4634440162E+00  0.1712820241E+00
  0.6375098320E+00  0.4697872441E+00  0.1729905451E+00
  0.6411347337E+00  0.4823629583E+00  0.1747162705E+00
  0.6447233864E+00  0.5009292768E+00  0.1764806176E+00
  0.6482761525E+00  0.5232526542E+00  0.1782999571E+00
  0.6517933910E+00  0.5480402434E+00  0.1801839534E+00
  0.6552754571E+00  0.5775511165E+00  0.1821436451E+00
  0.6587227025E+00  0.6042675933E+00  0.1841806547E+00
  0.6621354755E+00  0.6327572863E+00  0.1862914972E+00
  0.6655141207E+00  0.6686059110E+00  0.1884899195E+00
  0.6688589795E+00  0.7077503869E+00  0.1907917783E+00
  0.6721703897E+00  0.7550418018E+00  0.1932137308E+00
  0.6754486858E+00  0.8120870570E+00  0.1957824870E+00
  0.6786941990E+00  0.8674413025E+00  0.1985079527E+00
  0.6819072570E+00  0.9186247795E+00  0.2013773196E+00
  0.6850881844E+00  0.9657732625E+00  0.2043743863E+00
  0.6882373026E+00  0.1010312902E+01  0.2074858507E+00
  0.6913549295E+00  0.1050252699E+01  0.2106978882E+00
  0.6944413802E+00  0.1091593885E+01  0.2140032401E+00
  0.6974969664E+00  0.1136050126E+01  0.2174066193E+00
  0.7005219968E+00  0.1186407967E+01  0.2209193724E+00
  0.7035167768E+00  0.1234931213E+01  0.2245450615E+00
  0.7064816090E+00  0.1281341364E+01  0.2282752245E+00
  0.7094167929E+00  0.1323598898E+01  0.2320982139E+00
  0.7123226250E+00  0.1362560119E+01  0.2360009774E+00
  0.7151993988E+00  0.1401096962E+01  0.2399761855E+00
  0.7180474048E+00  0.1436245403E+01  0.2440165695E+00
  0.7208669307E+00  0.1464370986E+01  0.2481057511E+00
  0.7236582614E+00  0.1491221983E+01  0.2522307698E+00
  0.7264216788E+00  0.1515287013E+01  0.2563848894E+00
  0.7291574620E+00  0.1535387118E+01  0.2605578809E+00
  0.7318658874E+00  0.1551798302E+01  0.2647385866E+00
  0.7345472285E+00  0.1566411672E+01  0.2689190789E+00
  0.7372017562E+00  0.1581441406E+01  0.2730971106E+00
  0.7398297387E+00  0.1596776890E+01  0.2772732615E+00
  0.7424314413E+00  0.1613172599E+01  0.2814489285E+00
  0.7450071269E+00  0.1630156848E+01  0.2856258269E+00
  0.7475570556E+00  0.1649266475E+01  0.2898069748E+00
  0.7500814851E+00  0.1670945608E+01  0.2939977954E+00
  0.7525806702E+00  0.1691862995E+01  0.2981999360E+00
  0.7550548635E+00  0.1712994808E+01  0.3024120742E+00
  0.7575043149E+00  0.1735781812E+01  0.3066358795E+00
  0.7599292717E+00  0.1760733315E+01  0.3108753287E+00
  0.7623299790E+00  0.1784505361E+01  0.3151308688E+00
  0.7647066792E+00  0.1807044166E+01  0.3193988871E+00
  0.7670596124E+00  0.1829021994E+01  0.3236765975E+00
  0.7693890163E+00  0.1851160195E+01  0.3279629128E+00
  0.7716951261E+00  0.1874528335E+01  0.3322588363E+00
  0.7739781749E+00  0.1896727240E+01  0.3365638165E+00
  0.7762383931E+00  0.1914851279E+01  0.3408713161E+00
  0.7784760092E+00  0.1928719240E+01  0.3451715337E+00
  0.7806912491E+00  0.1937272974E+01  0.3494535838E+00
  0.7828843366E+00  0.1941965091E+01  0.3537073381E+00
  0.7850554932E+00  0.1942675758E+01  0.3579244200E+00
  0.7872049383E+00  0.1941373638E+01  0.3620986954E+00
  0.7893328889E+00  0.1939593291E+01  0.3662279484E+00
  0.7914395600E+00  0.1936756029E+01  0.3703110449E+00
  0.7935251644E+00  0.1934398992E+01  0.3743478939E+00
  0.7955899128E+00  0.1933267572E+01  0.3783407730E+00
  0.7976340137E+00  0.1931992739E+01  0.3822912640E+00
  0.7996576735E+00  0.1933423627E+01  0.3862024079E+00
  0.8016610968E+00  0.1934475290E+01  0.3900769273E+00
  0.8036444858E+00  0.1939110199E+01  0.3939183408E+00
  0.8056080410E+00  0.1946733929E+01  0.3977333754E+00
  0.8075519606E+00  0.1954830620E+01  0.4015255393E+00
  0.8094764409E+00  0.1963802340E+01  0.4052962054E+00
  0.8113816765E+00  0.1975449126E+01  0.4090488065E+00
  0.8132678598E+00  0.1988435071E+01  0.4127871124E+00
  0.8151351812E+00  0.2002086561E+01  0.4165129056E+00
  0.8169838294E+00  0.2015942601E+01  0.4202268668E+00
  0.8188139911E+00  0.2031875311E+01  0.4239309475E+00
  0.8206258512E+00  0.2052699557E+01  0.4276312866E+00
  0.8224195926E+00  0.2074382161E+01  0.4313327454E+00
  0.8241953967E+00  0.2094436703E+01  0.4350342482E+00
  0.8259534428E+00  0.2114440211E+01  0.4387339479E+00
  0.8276939083E+00  0.2135878465E+01  0.4424327145E+00
  0.8294169692E+00  0.2157852671E+01  0.4461318947E+00
  0.8311227996E+00  0.2177593002E+01  0.4498296620E+00
  0.8328115716E+00  0.2195569721E+01  0.4535222994E+00
  0.8344834558E+00  0.2213091710E+01  0.4572076853E+00
  0.8361386213E+00  0.2230699880E+01  0.4608852904E+00
  0.8377772351E+00  0.2245992833E+01  0.4645530756E+00
  0.8393994627E+00  0.2259166477E+01  0.4682072726E+00
  0.8410054681E+00  0.2273229491E+01  0.4718467987E+00
  0.8425954134E+00  0.2288954766E+01  0.4754736105E+00
  0.8441694593E+00  0.2305737247E+01  0.4790897385E+00
  0.8457277647E+00  0.2326241705E+01  0.4826987574E+00
  0.8472704870E+00  0.2345597453E+01  0.4863024327E+00
  0.8487977822E+00  0.2364391007E+01  0.4898992040E+00
  0.8503098043E+00  0.2381579644E+01  0.4934872104E+00
  0.8518067063E+00  0.2399120238E+01  0.4970653299E+00
  0.8532886392E+00  0.2418609091E+01  0.5006351058E+00
  0.8547557528E+00  0.2437605063E+01  0.5041974147E+00
  0.8562081953E+00  0.2456246758E+01  0.5077514338E+00
  0.8576461134E+00  0.2474730606E+01  0.5112966045E+00
  0.8590696522E+00  0.2493865637E+01  0.5148330994E+00
  0.8604789557E+00  0.2513994421E+01  0.5183618967E+00
  0.8618741662E+00  0.2534678248E+01  0.5218838772E+00
  0.8632554245E+00  0.2554840135E+01  0.5253988470E+00
  0.8646228702E+00  0.2575924381E+01  0.5289068681E+00
  0.8659766415E+00  0.2597742255E+01  0.5324088488E+00
  0.8673168751E+00  0.2619524264E+01  0.5359050267E+00
  0.8686437064E+00  0.2642996212E+01  0.5393962650E+00
  0.8699572693E+00  0.2667557643E+01  0.5428841384E+00
  0.8712576966E+00  0.2693272776E+01  0.5463698235E+00
  0.8725451197E+00  0.2718821119E+01  0.5498536507E+00
  0.8738196685E+00  0.2744553624E+01  0.5533353195E+00
  0.8750814718E+00  0.2769649629E+01  0.5568142395E+00
  0.8763306571E+00  0.2795666522E+01  0.5602902950E+00
  0.8775673505E+00  0.2821504502E+01  0.5637636543E+00
  0.8787916770E+00  0.2847783782E+01  0.5672341842E+00
  0.8800037602E+00  0.2874393260E+01  0.5707020616E+00
  0.8812037226E+00  0.2901031922E+01  0.5741672081E+00
  0.8823916854E+00  0.2927125927E+01  0.5776290254E+00
  0.8835677685E+00  0.2952638020E+01  0.5810865711E+00
  0.8847320908E+00  0.2976161662E+01  0.5845380879E+00
  0.8858847699E+00  0.2998514664E+01  0.5879815302E+00
  0.8870259222E+00  0.3020373392E+01  0.5914157642E+00
  0.8881556630E+00  0.3041332402E+01  0.5948398423E+00
  0.8892741064E+00  0.3062390254E+01  0.5982531763E+00
  0.8903813653E+00  0.3082743668E+01  0.6016553036E+00
  0.8914775517E+00  0.3102585688E+01  0.6050454403E+00
  0.8925627761E+00  0.3123059105E+01  0.6084235514E+00
  0.8936371484E+00  0.3143008938E+01  0.6117895962E+00
  0.8947007769E+00  0.3162265303E+01  0.6151428309E+00
  0.8957537691E+00  0.3179662523E+01  0.6184818313E+00
  0.8967962314E+00  0.3195506118E+01  0.6218047678E+00
  0.8978282691E+00  0.3210877733E+01  0.6251105826E+00
  0.8988499864E+00  0.3226675979E+01  0.6283992626E+00
  0.8998614866E+00  0.3242434453E+01  0.6316710157E+00
  0.9008628717E+00  0.3257520885E+01  0.6349254950E+00
  0.9018542430E+00  0.3272019108E+01  0.6381620942E+00
  0.9028357006E+00  0.3285689544E+01  0.6413801506E+00
  0.9038073436E+00  0.3297640076E+01  0.6445784737E+00
  0.9047692701E+00  0.3308394829E+01  0.6477557339E+00
  0.9057215774E+00  0.3318524334E+01  0.6509111656E+00
  0.9066643616E+00  0.3327468121E+01  0.6540440341E+00
  0.9075977180E+00  0.3334366871E+01  0.6571529672E+00
  0.9085217408E+00  0.3341183953E+01  0.6602371478E+00
  0.9094365234E+00  0.3347493825E+01  0.6632964908E+00
  0.9103421582E+00  0.3353164498E+01  0.6663306654E+00
  0.9112387366E+00  0.3358459548E+01  0.6693394140E+00
  0.9121263493E+00  0.3363288601E+01  0.6723225683E+00
  0.9130050858E+00  0.3367729355E+01  0.6752799639E+00
  0.9138750349E+00  0.3372468390E+01  0.6782117785E+00
  0.9147362846E+00  0.3377227189E+01  0.6811183650E+00
  0.9155889217E+00  0.3381683279E+01  0.6839998141E+00
  0.9164330325E+00  0.3386002064E+01  0.6868561522E+00
  0.9172687022E+00  0.3389996079E+01  0.6896874003E+00
  0.9180960151E+00  0.3393683490E+01  0.6924935134E+00
  0.9189150550E+00  0.3397337720E+01  0.6952745718E+00
  0.9197259044E+00  0.3401369910E+01  0.6980309360E+00
  0.9205286454E+00  0.3405488051E+01  0.7007630078E+00
  0.9213233589E+00  0.3409650813E+01  0.7034710494E+00
  0.9221101254E+00  0.3413820443E+01  0.7061552884E+00
  0.9228890241E+00  0.3418103374E+01  0.7088159769E+00
  0.9236601339E+00  0.3422905741E+01  0.7114535613E+00
  0.9244235325E+00  0.3427609370E+01  0.7140683984E+00
  0.9251792972E+00  0.3432235349E+01  0.7166606125E+00
  0.9259275042E+00  0.3436742989E+01  0.7192303214E+00
  0.9266682292E+00  0.3440886745E+01  0.7217775374E+00
  0.9274015469E+00  0.3445010275E+01  0.7243023126E+00
  0.9281275314E+00  0.3448896234E+01  0.7268047473E+00
  0.9288462561E+00  0.3452765089E+01  0.7292849445E+00
  0.9295577935E+00  0.3456679073E+01  0.7317431086E+00
  0.9302622156E+00  0.3460184296E+01  0.7341793042E+00
  0.9309595935E+00  0.3463703461E+01  0.7365935871E+00
  0.9316499975E+00  0.3468033015E+01  0.7389864366E+00
  0.9323334975E+00  0.3472914455E+01  0.7413585055E+00
  0.9330101626E+00  0.3477598916E+01  0.7437100902E+00
  0.9336800609E+00  0.3482223235E+01  0.7460412770E+00
  0.9343432603E+00  0.3487226226E+01  0.7483523443E+00
  0.9349998277E+00  0.3492977299E+01  0.7506438313E+00
  0.9356498295E+00  0.3498777123E+01  0.7529161575E+00
  0.9362933312E+00  0.3504562677E+01  0.7551694881E+00
  0.9369303978E+00  0.3510724550E+01  0.7574040910E+00
  0.9375610939E+00  0.3516996987E+01  0.7596202690E+00
  0.9381854829E+00  0.3523282653E+01  0.7618182058E+00
  0.9388036281E+00  0.3529542631E+01  0.7639980407E+00
  0.9394155918E+00  0.3535781643E+01  0.7661599018E+00
  0.9400214359E+00  0.3541578867E+01  0.7683037903E+00
  0.9406212215E+00  0.3546983339E+01  0.7704295992E+00
  0.9412150093E+00  0.3552237205E+01  0.7725373144E+00
  0.9418028592E+00  0.3557579479E+01  0.7746270669E+00
  0.9423848306E+00  0.3562918184E+01  0.7766990300E+00
  0.9429609823E+00  0.3568046010E+01  0.7787532885E+00
  0.9435313725E+00  0.3573206530E+01  0.7807899386E+00
  0.9440960588E+00  0.3578269039E+01  0.7828091087E+00
  0.9446550982E+00  0.3583313370E+01  0.7848109121E+00
  0.9452085472E+00  0.3588172760E+01  0.7867954381E+00
  0.9457564617E+00  0.3592956716E+01  0.7887627607E+00
  0.9462988971E+00  0.3597963762E+01  0.7907130655E+00
  0.9468359082E+00  0.3603010688E+01  0.7926465669E+00
  0.9473675491E+00  0.3608092127E+01  0.7945634255E+00
  0.9478938736E+00  0.3613202114E+01  0.7964637976E+00
  0.9484149348E+00  0.3618334211E+01  0.7983478343E+00
  0.9489307855E+00  0.3623460386E+01  0.8002156766E+00
  0.9494414776E+00  0.3628556476E+01  0.8020674506E+00
  0.9499470629E+00  0.3633664243E+01  0.8039032863E+00
  0.9504475922E+00  0.3638707836E+01  0.8057233042E+00
  0.9509431163E+00  0.3643822567E+01  0.8075276388E+00
  0.9514336852E+00  0.3648818431E+01  0.8093164100E+00
  0.9519193483E+00  0.3653721085E+01  0.8110896972E+00
  0.9524001548E+00  0.3658464833E+01  0.8128475705E+00
  0.9528761533E+00  0.3662487965E+01  0.8145899516E+00
  0.9533473917E+00  0.3667075062E+01  0.8163169376E+00
  0.9538139178E+00  0.3671879906E+01  0.8180288446E+00
  0.9542757786E+00  0.3676682759E+01  0.8197258512E+00
  0.9547330209E+00  0.3681475054E+01  0.8214080814E+00
  0.9551856906E+00  0.3686250465E+01  0.8230756548E+00
  0.9556338337E+00  0.3691199872E+01  0.8247287315E+00
  0.9560774954E+00  0.3696156435E+01  0.8263674749E+00
  0.9565167205E+00  0.3701014593E+01  0.8279919863E+00
  0.9569515532E+00  0.3705524675E+01  0.8296022893E+00
  0.9573820377E+00  0.3710001176E+01  0.8311984237E+00
  0.9578082173E+00  0.3714436829E+01  0.8327804958E+00
  0.9582301352E+00  0.3718812584E+01  0.8343486060E+00
  0.9586478338E+00  0.3723150394E+01  0.8359028549E+00
  0.9590613555E+00  0.3727449586E+01  0.8374433472E+00
  0.9594707419E+00  0.3731709861E+01  0.8389701866E+00
  0.9598760345E+00  0.3735931259E+01  0.8404834763E+00
  0.9602772742E+00  0.3740449437E+01  0.8419833865E+00
  0.9606745014E+00  0.3744933603E+01  0.8434700856E+00
  0.9610677564E+00  0.3749376974E+01  0.8449436731E+00
  0.9614570788E+00  0.3753779663E+01  0.8464042467E+00
  0.9618425080E+00  0.3758141998E+01  0.8478519038E+00
  0.9622240830E+00  0.3762464493E+01  0.8492867412E+00
  0.9626018421E+00  0.3766732718E+01  0.8507088528E+00
  0.9629758237E+00  0.3770788474E+01  0.8521182999E+00
  0.9633460655E+00  0.3774758232E+01  0.8535151381E+00
  0.9637126048E+00  0.3778575755E+01  0.8548994352E+00
  0.9640754788E+00  0.3782360254E+01  0.8562712685E+00
  0.9644347240E+00  0.3786036807E+01  0.8576307237E+00
  0.9647903767E+00  0.3789747226E+01  0.8589778980E+00
  0.9651424730E+00  0.3793470582E+01  0.8603129092E+00
  0.9654910483E+00  0.3797159928E+01  0.8616358622E+00
  0.9658361378E+00  0.3800776542E+01  0.8629468463E+00
  0.9661777764E+00  0.3804337745E+01  0.8642459467E+00
  0.9665159986E+00  0.3807810924E+01  0.8655332457E+00
  0.9668508386E+00  0.3811103097E+01  0.8668088043E+00
  0.9671823303E+00  0.3814608790E+01  0.8680727341E+00
  0.9675105070E+00  0.3818100032E+01  0.8693251727E+00
  0.9678354019E+00  0.3821568577E+01  0.8705662175E+00
  0.9681570479E+00  0.3825015423E+01  0.8717959640E+00
  0.9684754774E+00  0.3828500098E+01  0.8730145166E+00
  0.9687907226E+00  0.3831961475E+01  0.8742219786E+00
  0.9691028154E+00  0.3835402607E+01  0.8754184431E+00
  0.9694117872E+00  0.3838824292E+01  0.8766040031E+00
  0.9697176694E+00  0.3842227283E+01  0.8777787513E+00
  0.9700204927E+00  0.3845593116E+01  0.8789427769E+00
  0.9703202877E+00  0.3848870892E+01  0.8800961581E+00
  0.9706170849E+00  0.3852234792E+01  0.8812389911E+00
  0.9709109140E+00  0.3855714337E+01  0.8823714012E+00
  0.9712018049E+00  0.3859190308E+01  0.8834934988E+00
  0.9714897868E+00  0.3862677135E+01  0.8846053780E+00
  0.9717748890E+00  0.3866036673E+01  0.8857071144E+00
  0.9720571401E+00  0.3869317704E+01  0.8867987706E+00
  0.9723365687E+00  0.3872577698E+01  0.8878804241E+00
  0.9726132030E+00  0.3875820783E+01  0.8889521605E+00
  0.9728870709E+00  0.3879091808E+01  0.8900140716E+00
  0.9731582002E+00  0.3882339782E+01  0.8910662474E+00
  0.9734266182E+00  0.3885592895E+01  0.8921087738E+00
  0.9736923521E+00  0.3888939820E+01  0.8931417519E+00
  0.9739554285E+00  0.3892258364E+01  0.8941652771E+00
  0.9742158742E+00  0.3895547108E+01  0.8951794273E+00
  0.9744737155E+00  0.3898785523E+01  0.8961842776E+00
  0.9747289784E+00  0.3902007590E+01  0.8971799039E+00
  0.9749816886E+00  0.3905266902E+01  0.8981663929E+00
  0.9752318717E+00  0.3908500786E+01  0.8991438293E+00
  0.9754795530E+00  0.3911709629E+01  0.9001122892E+00
  0.9757247574E+00  0.3914893770E+01  0.9010718483E+00
  0.9759675099E+00  0.3918053505E+01  0.9020225817E+00
  0.9762078348E+00  0.3921189094E+01  0.9029645643E+00
  0.9764457564E+00  0.3924269733E+01  0.9038978666E+00
  0.9766812989E+00  0.3927294206E+01  0.9048225548E+00
  0.9769144859E+00  0.3930296351E+01  0.9057386989E+00
  0.9771453410E+00  0.3933276330E+01  0.9066463720E+00
  0.9773738876E+00  0.3936235016E+01  0.9075456470E+00
  0.9776001487E+00  0.3939229187E+01  0.9084366026E+00
  0.9778241472E+00  0.3942225753E+01  0.9093193197E+00
  0.9780459058E+00  0.3945198285E+01  0.9101938715E+00
  0.9782654467E+00  0.3948146825E+01  0.9110603277E+00
  0.9784827922E+00  0.3951134801E+01  0.9119187645E+00
  0.9786979643E+00  0.3954103531E+01  0.9127692578E+00
  0.9789109847E+00  0.3957047105E+01  0.9136118759E+00
  0.9791218748E+00  0.3959965485E+01  0.9144466859E+00
  0.9793306561E+00  0.3962858631E+01  0.9152737544E+00
  0.9795373495E+00  0.3965723695E+01  0.9160931474E+00
  0.9797419760E+00  0.3968561570E+01  0.9169049299E+00
  0.9799445563E+00  0.3971374109E+01  0.9177091670E+00
  0.9801451107E+00  0.3974179430E+01  0.9185059250E+00
  0.9803436596E+00  0.3976971250E+01  0.9192952711E+00
  0.9805402230E+00  0.3979737921E+01  0.9200772700E+00
  0.9807348208E+00  0.3982485990E+01  0.9208519855E+00
  0.9809274726E+00  0.3985220769E+01  0.9216194820E+00
  0.9811181978E+00  0.3987941796E+01  0.9223798238E+00
  0.9813070158E+00  0.3990670207E+01  0.9231330767E+00
  0.9814939457E+00  0.3993367415E+01  0.9238793041E+00
  0.9816790062E+00  0.3996043376E+01  0.9246185665E+00
  0.9818622162E+00  0.3998713801E+01  0.9253509259E+00
  0.9820435940E+00  0.4001332834E+01  0.9260764415E+00
  0.9822231581E+00  0.4003921866E+01  0.9267951695E+00
  0.9824009265E+00  0.4006481002E+01  0.9275071679E+00
  0.9825769172E+00  0.4009010359E+01  0.9282124940E+00
  0.9827511481E+00  0.4011510067E+01  0.9289112049E+00
  0.9829236366E+00  0.4013980265E+01  0.9296033574E+00
  0.9830944002E+00  0.4016421103E+01  0.9302890077E+00
  0.9832634562E+00  0.4018832742E+01  0.9309682116E+00
  0.9834308216E+00  0.4021215351E+01  0.9316410247E+00
  0.9835965134E+00  0.4023569110E+01  0.9323075020E+00
  0.9837605483E+00  0.4025838366E+01  0.9329676938E+00
  0.9839229428E+00  0.4028071582E+01  0.9336216492E+00
  0.9840837134E+00  0.4030279207E+01  0.9342694220E+00
  0.9842428762E+00  0.4032461371E+01  0.9349110664E+00
  0.9844004475E+00  0.4034618211E+01  0.9355466363E+00
  0.9845564430E+00  0.4036731115E+01  0.9361761835E+00
  0.9847108786E+00  0.4038815544E+01  0.9367997593E+00
  0.9848637698E+00  0.4040875789E+01  0.9374174162E+00
  0.9850151321E+00  0.4042912007E+01  0.9380292066E+00
  0.9851649808E+00  0.4044924364E+01  0.9386351824E+00
  0.9853133310E+00  0.4046913030E+01  0.9392353952E+00
  0.9854601977E+00  0.4048878181E+01  0.9398298962E+00
  0.9856055957E+00  0.4050841047E+01  0.9404187378E+00
  0.9857495397E+00  0.4052780604E+01  0.9410019719E+00
  0.9858920443E+00  0.4054691893E+01  0.9415796479E+00
  0.9860331239E+00  0.4056561583E+01  0.9421518139E+00
  0.9861727926E+00  0.4058408967E+01  0.9427185179E+00
  0.9863110647E+00  0.4060234237E+01  0.9432798087E+00
  0.9864479541E+00  0.4062037587E+01  0.9438357350E+00
  0.9865834745E+00  0.4063819215E+01  0.9443863449E+00
  0.9867176398E+00  0.4065579324E+01  0.9449316863E+00
  0.9868504634E+00  0.4067318117E+01  0.9454718067E+00
  0.9869819588E+00  0.4069035801E+01  0.9460067531E+00
  0.9871121392E+00  0.4070740282E+01  0.9465365728E+00
  0.9872410178E+00  0.4072440247E+01  0.9470613137E+00
  0.9873686076E+00  0.4074130370E+01  0.9475810234E+00
  0.9874949215E+00  0.4075799430E+01  0.9480957482E+00
  0.9876199723E+00  0.4077447644E+01  0.9486055332E+00
  0.9877437726E+00  0.4079077904E+01  0.9491104233E+00
  0.9878663349E+00  0.4080691609E+01  0.9496104632E+00
  0.9879876715E+00  0.4082284935E+01  0.9501056973E+00
  0.9881077948E+00  0.4083858283E+01  0.9505961693E+00
  0.9882267168E+00  0.4085421839E+01  0.9510819231E+00
  0.9883444497E+00  0.4087002636E+01  0.9515630044E+00
  0.9884610052E+00  0.4088561034E+01  0.9520394579E+00
  0.9885763951E+00  0.4090090796E+01  0.9525113250E+00
  0.9886906312E+00  0.4091600215E+01  0.9529786470E+00
  0.9888037249E+00  0.4093089556E+01  0.9534414654E+00
  0.9889156876E+00  0.4094559082E+01  0.9538998212E+00
  0.9890265307E+00  0.4096018476E+01  0.9543537558E+00
  0.9891362654E+00  0.4097473330E+01  0.9548033110E+00
  0.9892449028E+00  0.4098908457E+01  0.9552485276E+00
  0.9893524538E+00  0.4100324125E+01  0.9556894453E+00
  0.9894589292E+00  0.4101720599E+01  0.9561261036E+00
  0.9895643399E+00  0.4103098144E+01  0.9565585414E+00
  0.9896686965E+00  0.4104457024E+01  0.9569867977E+00
  0.9897720096E+00  0.4105797499E+01  0.9574109109E+00
  0.9898742895E+00  0.4107119829E+01  0.9578309191E+00
  0.9899755466E+00  0.4108424271E+01  0.9582468602E+00
  0.9900757911E+00  0.4109711079E+01  0.9586587717E+00
  0.9901750332E+00  0.4110980508E+01  0.9590666910E+00
  0.9902732829E+00  0.4112217156E+01  0.9594706543E+00
  0.9903705500E+00  0.4113434655E+01  0.9598706972E+00
  0.9904668445E+00  0.4114644423E+01  0.9602668566E+00
  0.9905621761E+00  0.4115834489E+01  0.9606591688E+00
  0.9906565543E+00  0.4117003137E+01  0.9610476691E+00
  0.9907499888E+00  0.4118143884E+01  0.9614323924E+00
  0.9908424889E+00  0.4119254791E+01  0.9618133725E+00
  0.9909340640E+00  0.4120351729E+01  0.9621906440E+00
  0.9910247234E+00  0.4121434894E+01  0.9625642415E+00
  0.9911144761E+00  0.4122504481E+01  0.9629341997E+00
  0.9912033314E+00  0.4123560683E+01  0.9633005527E+00
  0.9912912981E+00  0.4124603688E+01  0.9636633346E+00
  0.9913783851E+00  0.4125633685E+01  0.9640225789E+00
  0.9914646012E+00  0.4126650859E+01  0.9643783190E+00
  0.9915499552E+00  0.4127655391E+01  0.9647305879E+00
  0.9916344557E+00  0.4128647462E+01  0.9650794186E+00
  0.9917181111E+00  0.4129627249E+01  0.9654248434E+00
  0.9918009300E+00  0.4130594928E+01  0.9657668946E+00
  0.9918829207E+00  0.4131550670E+01  0.9661056042E+00
  0.9919640915E+00  0.4132494645E+01  0.9664410037E+00
  0.9920444506E+00  0.4133427022E+01  0.9667731247E+00
  0.9921240061E+00  0.4134347965E+01  0.9671019981E+00
  0.9922027660E+00  0.4135257637E+01  0.9674276550E+00
  0.9922807383E+00  0.4136156199E+01  0.9677501257E+00
  0.9923579310E+00  0.4137043809E+01  0.9680694407E+00
  0.9924343516E+00  0.4137920622E+01  0.9683856299E+00
  0.9925100081E+00  0.4138786792E+01  0.9686987232E+00
  0.9925849081E+00  0.4139642469E+01  0.9690087501E+00
  0.9926590590E+00  0.4140487802E+01  0.9693157397E+00
  0.9927324684E+00  0.4141322938E+01  0.9696197211E+00
  0.9928051437E+00  0.4142148021E+01  0.9699207231E+00
  0.9928770923E+00  0.4142963193E+01  0.9702187740E+00
  0.9929483213E+00  0.4143768594E+01  0.9705139021E+00
  0.9930188381E+00  0.4144564360E+01  0.9708061354E+00
  0.9930886497E+00  0.4145350629E+01  0.9710955016E+00
  0.9931577632E+00  0.4146127722E+01  0.9713820282E+00
  0.9932261856E+00  0.4146895576E+01  0.9716657423E+00
  0.9932939238E+00  0.4147654317E+01  0.9719466710E+00
  0.9933609845E+00  0.4148404074E+01  0.9722248410E+00
  0.9934273747E+00  0.4149144972E+01  0.9725002788E+00
  0.9934931009E+00  0.4149877133E+01  0.9727730106E+00
  0.9935581699E+00  0.4150600680E+01  0.9730430625E+00
  0.9936225882E+00  0.4151315731E+01  0.9733104601E+00
  0.9936863623E+00  0.4152022404E+01  0.9735752292E+00
  0.9937494987E+00  0.4152720815E+01  0.9738373949E+00
  0.9938120037E+00  0.4153411077E+01  0.9740969823E+00
  0.9938738837E+00  0.4154093302E+01  0.9743540163E+00
  0.9939351449E+00  0.4154764743E+01  0.9746085215E+00
  0.9939957934E+00  0.4155426620E+01  0.9748605220E+00
  0.9940558355E+00  0.4156080957E+01  0.9751100421E+00
  0.9941152771E+00  0.4156727855E+01  0.9753571056E+00
  0.9941741243E+00  0.4157367412E+01  0.9756017363E+00
  0.9942323831E+00  0.4157999725E+01  0.9758439578E+00
  0.9942900593E+00  0.4158624889E+01  0.9760837933E+00
  0.9943471587E+00  0.4159242998E+01  0.9763212660E+00
  0.9944036871E+00  0.4159854144E+01  0.9765563987E+00
  0.9944596502E+00  0.4160458418E+01  0.9767892140E+00
  0.9945150537E+00  0.4161055909E+01  0.9770197345E+00
  0.9945699032E+00  0.4161646706E+01  0.9772479824E+00
  0.9946242041E+00  0.4162230895E+01  0.9774739797E+00
  0.9946779621E+00  0.4162808561E+01  0.9776977483E+00
  0.9947311825E+00  0.4163379788E+01  0.9779193097E+00
  0.9947838707E+00  0.4163944659E+01  0.9781386855E+00
  0.9948360320E+00  0.4164503256E+01  0.9783558968E+00
  0.9948876716E+00  0.4165055658E+01  0.9785709647E+00
  0.9949387949E+00  0.4165601944E+01  0.9787839100E+00
  0.9949894070E+00  0.4166142193E+01  0.9789947533E+00
  0.9950395129E+00  0.4166676479E+01  0.9792035151E+00
  0.9950891178E+00  0.4167204880E+01  0.9794102157E+00
  0.9951382266E+00  0.4167727468E+01  0.9796148750E+00
  0.9951868443E+00  0.4168244317E+01  0.9798175131E+00
  0.9952349759E+00  0.4168755499E+01  0.9800181494E+00
  0.9952826261E+00  0.4169261084E+01  0.9802168037E+00
  0.9953297999E+00  0.4169761142E+01  0.9804134951E+00
  0.9953765019E+00  0.4170255742E+01  0.9806082429E+00
  0.9954227368E+00  0.4170744952E+01  0.9808010659E+00
  0.9954685095E+00  0.4171228837E+01  0.9809919829E+00
  0.9955138244E+00  0.4171707465E+01  0.9811810126E+00
  0.9955586861E+00  0.4172180898E+01  0.9813681733E+00
  0.9956030993E+00  0.4172649201E+01  0.9815534834E+00
  0.9956470683E+00  0.4173112437E+01  0.9817369608E+00
  0.9956905976E+00  0.4173570667E+01  0.9819186235E+00
  0.9957336916E+00  0.4174023952E+01  0.9820984892E+00
  0.9957763547E+00  0.4174472352E+01  0.9822765755E+00
  0.9958185912E+00  0.4174915926E+01  0.9824528998E+00
  0.9958604053E+00  0.4175354733E+01  0.9826274793E+00
  0.9959018012E+00  0.4175788829E+01  0.9828003310E+00
  0.9959427832E+00  0.4176218271E+01  0.9829714720E+00
  0.9959833554E+00  0.4176643115E+01  0.9831409188E+00
  0.9960235218E+00  0.4177063415E+01  0.9833086882E+00
  0.9960632866E+00  0.4177479226E+01  0.9834747965E+00
  0.9961026537E+00  0.4177890602E+01  0.9836392599E+00
  0.9961416272E+00  0.4178297593E+01  0.9838020947E+00
  0.9961802109E+00  0.4178700253E+01  0.9839633168E+00
  0.9962184088E+00  0.4179098633E+01  0.9841229419E+00
  0.9962562247E+00  0.4179492782E+01  0.9842809858E+00
  0.9962936625E+00  0.4179882750E+01  0.9844374639E+00
  0.9963307258E+00  0.4180268586E+01  0.9845923917E+00
  0.9963674186E+00  0.4180650339E+01  0.9847457842E+00
  0.9964037444E+00  0.4181028055E+01  0.9848976566E+00
  0.9964397070E+00  0.4181401782E+01  0.9850480237E+00
  0.9964753099E+00  0.4181771567E+01  0.9851969005E+00
  0.9965105568E+00  0.4182137453E+01  0.9853443014E+00
  0.9965454512E+00  0.4182499487E+01  0.9854902410E+00
  0.9965799967E+00  0.4182857713E+01  0.9856347337E+00
  0.9966141967E+00  0.4183212175E+01  0.9857777936E+00
  0.9966480548E+00  0.4183562915E+01  0.9859194349E+00
  0.9966815742E+00  0.4183909976E+01  0.9860596715E+00
  0.9967147585E+00  0.4184253400E+01  0.9861985171E+00
  0.9967476109E+00  0.4184593228E+01  0.9863359855E+00
  0.9967801348E+00  0.4184929502E+01  0.9864720903E+00
  0.9968123334E+00  0.4185262262E+01  0.9866068447E+00
  0.9968442101E+00  0.4185591547E+01  0.9867402622E+00
  0.9968757680E+00  0.4185917396E+01  0.9868723558E+00
  0.9969070103E+00  0.4186239849E+01  0.9870031386E+00
  0.9969379402E+00  0.4186558942E+01  0.9871326235E+00
  0.9969685608E+00  0.4186874715E+01  0.9872608233E+00
  0.9969988752E+00  0.4187187205E+01  0.9873877505E+00
  0.9970288865E+00  0.4187496447E+01  0.9875134179E+00
  0.9970585976E+00  0.4187802478E+01  0.9876378377E+00
  0.9970880116E+00  0.4188105334E+01  0.9877610223E+00
  0.9971171315E+00  0.4188405050E+01  0.9878829838E+00
  0.9971459602E+00  0.4188701661E+01  0.9880037343E+00
  0.9971745006E+00  0.4188995201E+01  0.9881232857E+00
  0.9972027556E+00  0.4189285705E+01  0.9882416498E+00
  0.9972307280E+00  0.4189573205E+01  0.9883588384E+00
  0.9972584207E+00  0.4189857735E+01  0.9884748630E+00
  0.9972858365E+00  0.4190139327E+01  0.9885897352E+00
  0.9973129782E+00  0.4190418014E+01  0.9887034662E+00
  0.9973398484E+00  0.4190693828E+01  0.9888160673E+00
  0.9973664499E+00  0.4190966799E+01  0.9889275498E+00
  0.9973927854E+00  0.4191236959E+01  0.9890379245E+00
  0.9974188575E+00  0.4191504339E+01  0.9891472026E+00
  0.9974446690E+00  0.4191768969E+01  0.9892553947E+00
  0.9974702223E+00  0.4192030879E+01  0.9893625116E+00
  0.9974955201E+00  0.4192290097E+01  0.9894685639E+00
  0.9975205649E+00  0.4192546654E+01  0.9895735622E+00
  0.9975453592E+00  0.4192800578E+01  0.9896775168E+00
  0.9975699056E+00  0.4193051898E+01  0.9897804381E+00
  0.9975942066E+00  0.4193300642E+01  0.9898823363E+00
  0.9976182645E+00  0.4193546836E+01  0.9899832214E+00
  0.9976420819E+00  0.4193790510E+01  0.9900831035E+00
  0.9976656610E+00  0.4194031690E+01  0.9901819925E+00
  0.9976890044E+00  0.4194270402E+01  0.9902798982E+00
  0.9977121144E+00  0.4194506673E+01  0.9903768303E+00
  0.9977349932E+00  0.4194740530E+01  0.9904727985E+00
  0.9977576433E+00  0.4194971998E+01  0.9905678123E+00
  0.9977800669E+00  0.4195201102E+01  0.9906618811E+00
  0.9978022662E+00  0.4195427867E+01  0.9907550142E+00
  0.9978242435E+00  0.4195652320E+01  0.9908472210E+00
  0.9978460011E+00  0.4195874483E+01  0.9909385106E+00
  0.9978675411E+00  0.4196094382E+01  0.9910288921E+00
  0.9978888657E+00  0.4196312041E+01  0.9911183744E+00
  0.9979099770E+00  0.4196527482E+01  0.9912069665E+00
  0.9979308773E+00  0.4196740731E+01  0.9912946771E+00
  0.9979515685E+00  0.4196951809E+01  0.9913815150E+00
  0.9979720528E+00  0.4197160740E+01  0.9914674888E+00
  0.9979923323E+00  0.4197367546E+01  0.9915526071E+00
  0.9980124089E+00  0.4197572250E+01  0.9916368783E+00
  0.9980322849E+00  0.4197774874E+01  0.9917203109E+00
  0.9980519620E+00  0.4197975440E+01  0.9918029132E+00
  0.9980714424E+00  0.4198173969E+01  0.9918846932E+00
  0.9980907280E+00  0.4198370483E+01  0.9919656593E+00
  0.9981098207E+00  0.4198565003E+01  0.9920458195E+00
  0.9981287225E+00  0.4198757550E+01  0.9921251817E+00
  0.9981474353E+00  0.4198948144E+01  0.9922037539E+00
  0.9981659609E+00  0.4199136806E+01  0.9922815439E+00
  0.9981843013E+00  0.4199323556E+01  0.9923585594E+00
  0.9982024583E+00  0.4199508413E+01  0.9924348082E+00
  0.9982204337E+00  0.4199691399E+01  0.9925102977E+00
  0.9982382294E+00  0.4199872532E+01  0.9925850356E+00
  0.9982558471E+00  0.4200051831E+01  0.9926590293E+00
  0.9982732886E+00  0.4200229316E+01  0.9927322862E+00
  0.9982905557E+00  0.4200405005E+01  0.9928048136E+00
  0.9983076502E+00  0.4200578917E+01  0.9928766186E+00
  0.9983245737E+00  0.4200751071E+01  0.9929477086E+00
  0.9983413279E+00  0.4200921484E+01  0.9930180905E+00
  0.9983579146E+00  0.4201090175E+01  0.9930877714E+00
  0.9983743355E+00  0.4201257162E+01  0.9931567583E+00
  0.9983905921E+00  0.4201422462E+01  0.9932250580E+00
  0.9984066862E+00  0.4201586092E+01  0.9932926773E+00
  0.9984226194E+00  0.4201748070E+01  0.9933596230E+00
  0.9984383932E+00  0.4201908413E+01  0.9934259019E+00
  0.9984540092E+00  0.4202067138E+01  0.9934915204E+00
  0.9984694691E+00  0.4202224262E+01  0.9935564852E+00
  0.9984847744E+00  0.4202379800E+01  0.9936208027E+00
  0.9984999267E+00  0.4202533770E+01  0.9936844794E+00
  0.9985149274E+00  0.4202686187E+01  0.9937475216E+00
  0.9985297782E+00  0.4202837067E+01  0.9938099357E+00
  0.9985444804E+00  0.4202986427E+01  0.9938717278E+00
  0.9985590356E+00  0.4203134281E+01  0.9939329042E+00
  0.9985734452E+00  0.4203280646E+01  0.9939934709E+00
  0.9985877108E+00  0.4203425536E+01  0.9940534341E+00
  0.9986018337E+00  0.4203568967E+01  0.9941127996E+00
  0.9986158153E+00  0.4203710953E+01  0.9941715735E+00
  0.9986296572E+00  0.4203851510E+01  0.9942297616E+00
  0.9986433606E+00  0.4203990652E+01  0.9942873697E+00
  0.9986569270E+00  0.4204128393E+01  0.9943444036E+00
  0.9986703577E+00  0.4204264748E+01  0.9944008691E+00
  0.9986836541E+00  0.4204399731E+01  0.9944567716E+00
  0.9986968176E+00  0.4204533356E+01  0.9945121170E+00
  0.9987098494E+00  0.4204665637E+01  0.9945669106E+00
  0.9987227509E+00  0.4204796587E+01  0.9946211579E+00
  0.9987355234E+00  0.4204926221E+01  0.9946748645E+00
  0.9987481682E+00  0.4205054551E+01  0.9947280356E+00
  0.9987606865E+00  0.4205181591E+01  0.9947806766E+00
  0.9987730796E+00  0.4205307354E+01  0.9948327928E+00
  0.9987853488E+00  0.4205431853E+01  0.9948843893E+00
  0.9987974954E+00  0.4205555101E+01  0.9949354714E+00
  0.9988095204E+00  0.4205677111E+01  0.9949860441E+00
  0.9988214252E+00  0.4205797894E+01  0.9950361126E+00
  0.9988332109E+00  0.4205917465E+01  0.9950856817E+00
  0.9988448788E+00  0.4206035834E+01  0.9951347566E+00
  0.9988564300E+00  0.4206153015E+01  0.9951833421E+00
  0.9988678657E+00  0.4206269019E+01  0.9952314431E+00
  0.9988791871E+00  0.4206383858E+01  0.9952790643E+00
  0.9988903952E+00  0.4206497544E+01  0.9953262107E+00
  0.9989014913E+00  0.4206610089E+01  0.9953728868E+00
  0.9989124764E+00  0.4206721504E+01  0.9954190974E+00
  0.9989233516E+00  0.4206831801E+01  0.9954648471E+00
  0.9989341181E+00  0.4206940991E+01  0.9955101404E+00
  0.9989447769E+00  0.4207049085E+01  0.9955549820E+00
  0.9989553291E+00  0.4207156095E+01  0.9955993764E+00
  0.9989657758E+00  0.4207262031E+01  0.9956433278E+00
  0.9989761181E+00  0.4207366905E+01  0.9956868409E+00
  0.9989863569E+00  0.4207470726E+01  0.9957299199E+00
  0.9989964933E+00  0.4207573506E+01  0.9957725692E+00
  0.9990065284E+00  0.4207675256E+01  0.9958147930E+00
  0.9990164631E+00  0.4207775985E+01  0.9958565955E+00
  0.9990262985E+00  0.4207875703E+01  0.9958979810E+00
  0.9990360355E+00  0.4207974422E+01  0.9959389537E+00
  0.9990456751E+00  0.4208072152E+01  0.9959795175E+00
  0.9990552184E+00  0.4208168901E+01  0.9960196767E+00
  0.9990646662E+00  0.4208264681E+01  0.9960594351E+00
  0.9990740195E+00  0.4208359500E+01  0.9960987969E+00
  0.9990832793E+00  0.4208453369E+01  0.9961377659E+00
  0.9990924466E+00  0.4208546298E+01  0.9961763461E+00
  0.9991015221E+00  0.4208638295E+01  0.9962145413E+00
  0.9991105069E+00  0.4208729370E+01  0.9962523554E+00
  0.9991194018E+00  0.4208819533E+01  0.9962897922E+00
  0.9991282078E+00  0.4208908792E+01  0.9963268553E+00
  0.9991369257E+00  0.4208997157E+01  0.9963635487E+00
  0.9991455564E+00  0.4209084636E+01  0.9963998758E+00
  0.9991541009E+00  0.4209171240E+01  0.9964358404E+00
  0.9991625599E+00  0.4209256975E+01  0.9964714462E+00
  0.9991709343E+00  0.4209341852E+01  0.9965066965E+00
  0.9991792249E+00  0.4209425879E+01  0.9965415951E+00
  0.9991874327E+00  0.4209509064E+01  0.9965761453E+00
  0.9991955584E+00  0.4209591416E+01  0.9966103508E+00
  0.9992036028E+00  0.4209672943E+01  0.9966442148E+00
  0.9992115667E+00  0.4209753654E+01  0.9966777408E+00
  0.9992194511E+00  0.4209833557E+01  0.9967109322E+00
  0.9992272566E+00  0.4209912659E+01  0.9967437924E+00
  0.9992349840E+00  0.4209990970E+01  0.9967763245E+00
  0.9992426342E+00  0.4210068496E+01  0.9968085319E+00
  0.9992502078E+00  0.4210145247E+01  0.9968404178E+00
  0.9992577057E+00  0.4210221229E+01  0.9968719854E+00
  0.9992651287E+00  0.4210296450E+01  0.9969032379E+00
  0.9992724774E+00  0.4210370918E+01  0.9969341785E+00
  0.9992797526E+00  0.4210444641E+01  0.9969648101E+00
  0.9992869551E+00  0.4210517626E+01  0.9969951360E+00
  0.9992940855E+00  0.4210589880E+01  0.9970251592E+00
  0.9993011447E+00  0.4210661411E+01  0.9970548826E+00
  0.9993081332E+00  0.4210732226E+01  0.9970843093E+00
  0.9993150519E+00  0.4210802333E+01  0.9971134422E+00
  0.9993219014E+00  0.4210871738E+01  0.9971422842E+00
  0.9993286824E+00  0.4210940448E+01  0.9971708383E+00
  0.9993353956E+00  0.4211008470E+01  0.9971991073E+00
  0.9993420416E+00  0.4211075812E+01  0.9972270941E+00
  0.9993486212E+00  0.4211142480E+01  0.9972548014E+00
  0.9993551350E+00  0.4211208481E+01  0.9972822321E+00
  0.9993615836E+00  0.4211273822E+01  0.9973093890E+00
  0.9993679678E+00  0.4211338508E+01  0.9973362746E+00
  0.9993742881E+00  0.4211402548E+01  0.9973628918E+00
  0.9993805452E+00  0.4211465947E+01  0.9973892433E+00
  0.9993867398E+00  0.4211528711E+01  0.9974153316E+00
  0.9993928724E+00  0.4211590848E+01  0.9974411594E+00
  0.9993989436E+00  0.4211652363E+01  0.9974667294E+00
  0.9994049542E+00  0.4211713262E+01  0.9974920439E+00
  0.9994109047E+00  0.4211773552E+01  0.9975171057E+00
  0.9994167956E+00  0.4211833239E+01  0.9975419173E+00
  0.9994226277E+00  0.4211892329E+01  0.9975664810E+00
  0.9994284014E+00  0.4211950828E+01  0.9975907995E+00
  0.9994341174E+00  0.4212008742E+01  0.9976148751E+00
  0.9994397762E+00  0.4212066077E+01  0.9976387103E+00
  0.9994453784E+00  0.4212122837E+01  0.9976623075E+00
  0.9994509247E+00  0.4212179031E+01  0.9976856690E+00
  0.9994564154E+00  0.4212234662E+01  0.9977087972E+00
  0.9994618513E+00  0.4212289736E+01  0.9977316944E+00
  0.9994672327E+00  0.4212344260E+01  0.9977543629E+00
  0.9994725604E+00  0.4212398239E+01  0.9977768050E+00
  0.9994778348E+00  0.4212451677E+01  0.9977990230E+00
  0.9994830565E+00  0.4212504582E+01  0.9978210191E+00
  0.9994882259E+00  0.4212556957E+01  0.9978427955E+00
  0.9994933436E+00  0.4212608808E+01  0.9978643544E+00
  0.9994984102E+00  0.4212660141E+01  0.9978856980E+00
  0.9995034261E+00  0.4212710960E+01  0.9979068284E+00
  0.9995083918E+00  0.4212761271E+01  0.9979277478E+00
  0.9995133079E+00  0.4212811079E+01  0.9979484582E+00
  0.9995181748E+00  0.4212860389E+01  0.9979689617E+00
  0.9995229931E+00  0.4212909206E+01  0.9979892605E+00
  0.9995277632E+00  0.4212957534E+01  0.9980093564E+00
  0.9995324855E+00  0.4213005379E+01  0.9980292517E+00
  0.9995371607E+00  0.4213052746E+01  0.9980489482E+00
  0.9995417891E+00  0.4213099639E+01  0.9980684480E+00
  0.9995463712E+00  0.4213146064E+01  0.9980877530E+00
  0.9995509075E+00  0.4213192024E+01  0.9981068651E+00
  0.9995553984E+00  0.4213237524E+01  0.9981257863E+00
  0.9995598444E+00  0.4213282570E+01  0.9981445186E+00
  0.9995642460E+00  0.4213327165E+01  0.9981630637E+00
  0.9995686035E+00  0.4213371314E+01  0.9981814235E+00
  0.9995729175E+00  0.4213415022E+01  0.9981995999E+00
  0.9995771883E+00  0.4213458292E+01  0.9982175948E+00
  0.9995814164E+00  0.4213501131E+01  0.9982354099E+00
  0.9995856022E+00  0.4213543540E+01  0.9982530470E+00
  0.9995897462E+00  0.4213585526E+01  0.9982705079E+00
  0.9995938488E+00  0.4213627092E+01  0.9982877944E+00
  0.9995979103E+00  0.4213668242E+01  0.9983049082E+00
  0.9996019312E+00  0.4213708981E+01  0.9983218510E+00
  0.9996059119E+00  0.4213749312E+01  0.9983386245E+00
  0.9996098527E+00  0.4213789241E+01  0.9983552305E+00
  0.9996137542E+00  0.4213828770E+01  0.9983716705E+00
  0.9996176167E+00  0.4213867904E+01  0.9983879464E+00
  0.9996214405E+00  0.4213906646E+01  0.9984040596E+00
  0.9996252261E+00  0.4213945001E+01  0.9984200118E+00
  0.9996289738E+00  0.4213982973E+01  0.9984358046E+00
  0.9996326841E+00  0.4214020565E+01  0.9984514397E+00
  0.9996363573E+00  0.4214057782E+01  0.9984669185E+00
  0.9996399937E+00  0.4214094626E+01  0.9984822427E+00
  0.9996435938E+00  0.4214131102E+01  0.9984974137E+00
  0.9996471578E+00  0.4214167213E+01  0.9985124332E+00
  0.9996506862E+00  0.4214202963E+01  0.9985273027E+00
  0.9996541794E+00  0.4214238356E+01  0.9985420235E+00
  0.9996576376E+00  0.4214273394E+01  0.9985565973E+00
  0.9996610612E+00  0.4214308083E+01  0.9985710254E+00
  0.9996644506E+00  0.4214342425E+01  0.9985853094E+00
  0.9996678400E+00  0.4214376767E+01  0.9985995935E+00
  0.9996712294E+00  0.4214411109E+01  0.9986138777E+00
  0.9996746188E+00  0.4214445451E+01  0.9986281621E+00
  0.9996780081E+00  0.4214479793E+01  0.9986424465E+00
  0.9996813975E+00  0.4214514135E+01  0.9986567311E+00
  0.9996847869E+00  0.4214548477E+01  0.9986710158E+00
  0.9996881763E+00  0.4214582820E+01  0.9986853006E+00
  0.9996915657E+00  0.4214617162E+01  0.9986995855E+00
  0.9996949551E+00  0.4214651505E+01  0.9987138705E+00
  0.9996983445E+00  0.4214685848E+01  0.9987281556E+00
  0.9997017339E+00  0.4214720191E+01  0.9987424409E+00
  0.9997051232E+00  0.4214754534E+01  0.9987567263E+00
  0.9997085126E+00  0.4214788877E+01  0.9987710118E+00
  0.9997119020E+00  0.4214823220E+01  0.9987852974E+00
  0.9997152914E+00  0.4214857563E+01  0.9987995831E+00
  0.9997186808E+00  0.4214891907E+01  0.9988138690E+00
  0.9997220702E+00  0.4214926250E+01  0.9988281549E+00
  0.9997254596E+00  0.4214960594E+01  0.9988424410E+00
  0.9997288490E+00  0.4214994938E+01  0.9988567272E+00
  0.9997322384E+00  0.4215029282E+01  0.9988710135E+00
  0.9997356277E+00  0.4215063626E+01  0.9988852999E+00
  0.9997390171E+00  0.4215097970E+01  0.9988995865E+00
  0.9997424065E+00  0.4215132314E+01  0.9989138732E+00
  0.9997457959E+00  0.4215166659E+01  0.9989281599E+00
  0.9997491853E+00  0.4215201004E+01  0.9989424468E+00
  0.9997525747E+00  0.4215235348E+01  0.9989567338E+00
  0.9997559641E+00  0.4215269693E+01  0.9989710210E+00
  0.9997593535E+00  0.4215304038E+01  0.9989853082E+00
  0.9997627428E+00  0.4215338384E+01  0.9989995956E+00
  0.9997661322E+00  0.4215372729E+01  0.9990138830E+00
  0.9997695216E+00  0.4215407074E+01  0.9990281706E+00
  0.9997729110E+00  0.4215441420E+01  0.9990424583E+00
  0.9997763004E+00  0.4215475766E+01  0.9990567462E+00
  0.9997796898E+00  0.4215510112E+01  0.9990710341E+00
  0.9997830792E+00  0.4215544458E+01  0.9990853222E+00
  0.9997864686E+00  0.4215578805E+01  0.9990996103E+00
  0.9997898579E+00  0.4215613151E+01  0.9991138986E+00
  0.9997932473E+00  0.4215647498E+01  0.9991281870E+00
  0.9997966367E+00  0.4215681845E+01  0.9991424756E+00
  0.9998000261E+00  0.4215716192E+01  0.9991567642E+00
  0.9998034155E+00  0.4215750539E+01  0.9991710529E+00
  0.9998068049E+00  0.4215784886E+01  0.9991853418E+00
  0.9998101943E+00  0.4215819234E+01  0.9991996308E+00
  0.9998135837E+00  0.4215853581E+01  0.9992139199E+00
  0.9998169731E+00  0.4215887929E+01  0.9992282091E+00
  0.9998203624E+00  0.4215922277E+01  0.9992424985E+00
  0.9998237518E+00  0.4215956626E+01  0.9992567879E+00
  0.9998271412E+00  0.4215990974E+01  0.9992710775E+00
  0.9998305306E+00  0.4216025323E+01  0.9992853672E+00
  0.9998339200E+00  0.4216059672E+01  0.9992996570E+00
  0.9998373094E+00  0.4216094021E+01  0.9993139469E+00
  0.9998406988E+00  0.4216128370E+01  0.9993282369E+00
  0.9998440882E+00  0.4216162720E+01  0.9993425271E+00
  0.9998474775E+00  0.4216197069E+01  0.9993568174E+00
  0.9998508669E+00  0.4216231419E+01  0.9993711078E+00
  0.9998542563E+00  0.4216265769E+01  0.9993853983E+00
  0.9998576457E+00  0.4216300120E+01  0.9993996889E+00
  0.9998610351E+00  0.4216334470E+01  0.9994139796E+00
  0.9998644245E+00  0.4216368821E+01  0.9994282705E+00
  0.9998678139E+00  0.4216403172E+01  0.9994425614E+00
  0.9998712033E+00  0.4216437523E+01  0.9994568525E+00
  0.9998745926E+00  0.4216471875E+01  0.9994711437E+00
  0.9998779820E+00  0.4216506226E+01  0.9994854350E+00
  0.9998813714E+00  0.4216540578E+01  0.9994997265E+00
  0.9998847608E+00  0.4216574930E+01  0.9995140180E+00
  0.9998881502E+00  0.4216609282E+01  0.9995283097E+00
  0.9998915396E+00  0.4216643635E+01  0.9995426015E+00
  0.9998949290E+00  0.4216677988E+01  0.9995568934E+00
  0.9998983184E+00  0.4216712341E+01  0.9995711854E+00
  0.9999017077E+00  0.4216746694E+01  0.9995854775E+00
  0.9999050971E+00  0.4216781048E+01  0.9995997698E+00
  0.9999084865E+00  0.4216815401E+01  0.9996140621E+00
  0.9999118759E+00  0.4216849755E+01  0.9996283546E+00
  0.9999152653E+00  0.4216884110E+01  0.9996426472E+00
  0.9999186547E+00  0.4216918464E+01  0.9996569399E+00
  0.9999220441E+00  0.4216952819E+01  0.9996712328E+00
  0.9999254335E+00  0.4216987174E+01  0.9996855257E+00
  0.9999288229E+00  0.4217021529E+01  0.9996998188E+00
  0.9999322122E+00  0.4217055885E+01  0.9997141119E+00
  0.9999356016E+00  0.4217090240E+01  0.9997284052E+00
  0.9999389910E+00  0.4217124596E+01  0.9997426987E+00
  0.9999423804E+00  0.4217158953E+01  0.9997569922E+00
  0.9999457698E+00  0.4217193309E+01  0.9997712858E+00
  0.9999491592E+00  0.4217227666E+01  0.9997855796E+00
  0.9999525486E+00  0.4217262023E+01  0.9997998735E+00
  0.9999559380E+00  0.4217296381E+01  0.9998141675E+00
  0.9999593273E+00  0.4217330738E+01  0.9998284616E+00
  0.9999627167E+00  0.4217365096E+01  0.9998427558E+00
  0.9999661061E+00  0.4217399455E+01  0.9998570501E+00
  0.9999694955E+00  0.4217433813E+01  0.9998713446E+00
  0.9999728849E+00  0.4217468172E+01  0.9998856392E+00
  0.9999762743E+00  0.4217502531E+01  0.9998999339E+00
  0.9999796637E+00  0.4217536890E+01  0.9999142287E+00
  0.9999830531E+00  0.4217571250E+01  0.9999285236E+00
  0.9999864424E+00  0.4217605610E+01  0.9999428187E+00
  0.9999898318E+00  0.4217639970E+01  0.9999571138E+00
  0.9999932212E+00  0.4217674331E+01  0.9999714091E+00
  0.9999966106E+00  0.4217708692E+01  0.9999857045E+00
  0.1000000000E+01  0.4217742114E+01  0.1000000000E+01
  0.1000000000E+01  0.4217742114E+01  0.1000000000E+01
