  0.0000000000E+00  0.4217743141E+01 -0.1000000000E+01
  0.6996492144E-18  0.4217743141E+01 -0.1000000000E+01
  0.3389387958E-05  0.4217702732E+01 -0.9999857045E+00
  0.6778775916E-05  0.4217662323E+01 -0.9999714091E+00
  0.1016816387E-04  0.4217621915E+01 -0.9999571139E+00
  0.1355755183E-04  0.4217581507E+01 -0.9999428188E+00
  0.1694693979E-04  0.4217541099E+01 -0.9999285239E+00
  0.2033632775E-04  0.4217500692E+01 -0.9999142291E+00
  0.2372571571E-04  0.4217460285E+01 -0.9998999344E+00
  0.2711510367E-04  0.4217419878E+01 -0.9998856398E+00
  0.3050449162E-04  0.4217379471E+01 -0.9998713454E+00
  0.3389387958E-04  0.4217339065E+01 -0.9998570512E+00
  0.3728326754E-04  0.4217298659E+01 -0.9998427570E+00
  0.4067265550E-04  0.4217258254E+01 -0.9998284630E+00
  0.4406204346E-04  0.4217217849E+01 -0.9998141692E+00
  0.4745143141E-04  0.4217177444E+01 -0.9997998755E+00
  0.5084081937E-04  0.4217137039E+01 -0.9997855819E+00
  0.5423020733E-04  0.4217096635E+01 -0.9997712884E+00
  0.5761959529E-04  0.4217056232E+01 -0.9997569951E+00
  0.6100898325E-04  0.4217015828E+01 -0.9997427020E+00
  0.6439837120E-04  0.4216975425E+01 -0.9997284089E+00
  0.6778775916E-04  0.4216935023E+01 -0.9997141160E+00
  0.7117714712E-04  0.4216894620E+01 -0.9996998233E+00
  0.7456653508E-04  0.4216854218E+01 -0.9996855307E+00
  0.7795592304E-04  0.4216813817E+01 -0.9996712382E+00
  0.8134531100E-04  0.4216773416E+01 -0.9996569458E+00
  0.8473469895E-04  0.4216733015E+01 -0.9996426536E+00
  0.8812408691E-04  0.4216692614E+01 -0.9996283615E+00
  0.9151347487E-04  0.4216652214E+01 -0.9996140696E+00
  0.9490286283E-04  0.4216611815E+01 -0.9995997778E+00
  0.9829225079E-04  0.4216571415E+01 -0.9995854861E+00
  0.1016816387E-03  0.4216531016E+01 -0.9995711946E+00
  0.1050710267E-03  0.4216490618E+01 -0.9995569032E+00
  0.1084604147E-03  0.4216450220E+01 -0.9995426119E+00
  0.1118498026E-03  0.4216409822E+01 -0.9995283208E+00
  0.1152391906E-03  0.4216369425E+01 -0.9995140299E+00
  0.1186285785E-03  0.4216329028E+01 -0.9994997390E+00
  0.1220179665E-03  0.4216288631E+01 -0.9994854483E+00
  0.1254073545E-03  0.4216248235E+01 -0.9994711577E+00
  0.1287967424E-03  0.4216207840E+01 -0.9994568673E+00
  0.1321861304E-03  0.4216167444E+01 -0.9994425770E+00
  0.1355755183E-03  0.4216127049E+01 -0.9994282868E+00
  0.1389649063E-03  0.4216086655E+01 -0.9994139968E+00
  0.1423542942E-03  0.4216046261E+01 -0.9993997069E+00
  0.1457436822E-03  0.4216005867E+01 -0.9993854172E+00
  0.1491330702E-03  0.4215965474E+01 -0.9993711276E+00
  0.1525224581E-03  0.4215925082E+01 -0.9993568381E+00
  0.1559118461E-03  0.4215884689E+01 -0.9993425488E+00
  0.1593012340E-03  0.4215844298E+01 -0.9993282596E+00
  0.1626906220E-03  0.4215803906E+01 -0.9993139705E+00
  0.1660800099E-03  0.4215763515E+01 -0.9992996816E+00
  0.1694693979E-03  0.4215723125E+01 -0.9992853928E+00
  0.1728587859E-03  0.4215682735E+01 -0.9992711041E+00
  0.1762481738E-03  0.4215642345E+01 -0.9992568156E+00
  0.1796375618E-03  0.4215601956E+01 -0.9992425272E+00
  0.1830269497E-03  0.4215561567E+01 -0.9992282390E+00
  0.1864163377E-03  0.4215521179E+01 -0.9992139509E+00
  0.1898057257E-03  0.4215480791E+01 -0.9991996629E+00
  0.1931951136E-03  0.4215440404E+01 -0.9991853751E+00
  0.1965845016E-03  0.4215400017E+01 -0.9991710874E+00
  0.1999738895E-03  0.4215359631E+01 -0.9991567998E+00
  0.2033632775E-03  0.4215319245E+01 -0.9991425124E+00
  0.2067526654E-03  0.4215278860E+01 -0.9991282251E+00
  0.2101420534E-03  0.4215238475E+01 -0.9991139380E+00
  0.2135314414E-03  0.4215198090E+01 -0.9990996510E+00
  0.2169208293E-03  0.4215157707E+01 -0.9990853641E+00
  0.2203102173E-03  0.4215117323E+01 -0.9990710774E+00
  0.2236996052E-03  0.4215076940E+01 -0.9990567908E+00
  0.2270889932E-03  0.4215036558E+01 -0.9990425043E+00
  0.2304783812E-03  0.4214996176E+01 -0.9990282180E+00
  0.2338677691E-03  0.4214955794E+01 -0.9990139318E+00
  0.2372571571E-03  0.4214915413E+01 -0.9989996457E+00
  0.2406465450E-03  0.4214875033E+01 -0.9989853598E+00
  0.2440359330E-03  0.4214834653E+01 -0.9989710740E+00
  0.2474253209E-03  0.4214794274E+01 -0.9989567884E+00
  0.2508147089E-03  0.4214753895E+01 -0.9989425029E+00
  0.2542040969E-03  0.4214713517E+01 -0.9989282175E+00
  0.2575934848E-03  0.4214673139E+01 -0.9989139323E+00
  0.2609828728E-03  0.4214632761E+01 -0.9988996472E+00
  0.2643722607E-03  0.4214592385E+01 -0.9988853623E+00
  0.2677616487E-03  0.4214552008E+01 -0.9988710774E+00
  0.2711510367E-03  0.4214511633E+01 -0.9988567927E+00
  0.2745404246E-03  0.4214471258E+01 -0.9988425082E+00
  0.2779298126E-03  0.4214430883E+01 -0.9988282238E+00
  0.2813192005E-03  0.4214390509E+01 -0.9988139395E+00
  0.2847085885E-03  0.4214350135E+01 -0.9987996554E+00
  0.2880979764E-03  0.4214309762E+01 -0.9987853714E+00
  0.2914873644E-03  0.4214269390E+01 -0.9987710875E+00
  0.2948767524E-03  0.4214229018E+01 -0.9987568038E+00
  0.2982661403E-03  0.4214188647E+01 -0.9987425202E+00
  0.3016555283E-03  0.4214148276E+01 -0.9987282368E+00
  0.3050449162E-03  0.4214107906E+01 -0.9987139534E+00
  0.3084343042E-03  0.4214067536E+01 -0.9986996703E+00
  0.3118236921E-03  0.4214027167E+01 -0.9986853872E+00
  0.3152130801E-03  0.4213986799E+01 -0.9986711043E+00
  0.3186024681E-03  0.4213946431E+01 -0.9986568215E+00
  0.3219918560E-03  0.4213906064E+01 -0.9986425389E+00
  0.3253812440E-03  0.4213865697E+01 -0.9986282564E+00
  0.3287706319E-03  0.4213825331E+01 -0.9986139741E+00
  0.3321600199E-03  0.4213784965E+01 -0.9985996918E+00
  0.3355494079E-03  0.4213744600E+01 -0.9985854098E+00
  0.3389387958E-03  0.4213704236E+01 -0.9985711278E+00
  0.3423624200E-03  0.4213663464E+01 -0.9985567017E+00
  0.3458206263E-03  0.4213622281E+01 -0.9985421301E+00
  0.3493137639E-03  0.4213580683E+01 -0.9985274114E+00
  0.3528421858E-03  0.4213538666E+01 -0.9985125442E+00
  0.3564062483E-03  0.4213496224E+01 -0.9984975270E+00
  0.3600063114E-03  0.4213453355E+01 -0.9984823582E+00
  0.3636427388E-03  0.4213410053E+01 -0.9984670363E+00
  0.3673158977E-03  0.4213366315E+01 -0.9984515599E+00
  0.3710261593E-03  0.4213322136E+01 -0.9984359273E+00
  0.3747738983E-03  0.4213277511E+01 -0.9984201369E+00
  0.3785594932E-03  0.4213232436E+01 -0.9984041873E+00
  0.3823833265E-03  0.4213186906E+01 -0.9983880767E+00
  0.3862457844E-03  0.4213140918E+01 -0.9983718035E+00
  0.3901472569E-03  0.4213094466E+01 -0.9983553661E+00
  0.3940881383E-03  0.4213047545E+01 -0.9983387629E+00
  0.3980688266E-03  0.4213000152E+01 -0.9983219922E+00
  0.4020897238E-03  0.4212952280E+01 -0.9983050522E+00
  0.4061512362E-03  0.4212903926E+01 -0.9982879414E+00
  0.4102537739E-03  0.4212855085E+01 -0.9982706579E+00
  0.4143977514E-03  0.4212805751E+01 -0.9982532000E+00
  0.4185835873E-03  0.4212755920E+01 -0.9982355660E+00
  0.4228117043E-03  0.4212705586E+01 -0.9982177541E+00
  0.4270825296E-03  0.4212654745E+01 -0.9981997624E+00
  0.4313964946E-03  0.4212603392E+01 -0.9981815893E+00
  0.4357540349E-03  0.4212551521E+01 -0.9981632328E+00
  0.4401555908E-03  0.4212499127E+01 -0.9981446912E+00
  0.4446016069E-03  0.4212446206E+01 -0.9981259625E+00
  0.4490925322E-03  0.4212392751E+01 -0.9981070448E+00
  0.4536288204E-03  0.4212338757E+01 -0.9980879363E+00
  0.4582109297E-03  0.4212284219E+01 -0.9980686350E+00
  0.4628393230E-03  0.4212229131E+01 -0.9980491390E+00
  0.4675144676E-03  0.4212173488E+01 -0.9980294464E+00
  0.4722368360E-03  0.4212117285E+01 -0.9980095551E+00
  0.4770069051E-03  0.4212060515E+01 -0.9979894631E+00
  0.4818251566E-03  0.4212003173E+01 -0.9979691685E+00
  0.4866920774E-03  0.4211945254E+01 -0.9979486692E+00
  0.4916081590E-03  0.4211886751E+01 -0.9979279630E+00
  0.4965738980E-03  0.4211827659E+01 -0.9979070480E+00
  0.5015897959E-03  0.4211767971E+01 -0.9978859221E+00
  0.5066563595E-03  0.4211707682E+01 -0.9978645831E+00
  0.5117741005E-03  0.4211646786E+01 -0.9978430288E+00
  0.5169435359E-03  0.4211585276E+01 -0.9978212571E+00
  0.5221651878E-03  0.4211523147E+01 -0.9977992658E+00
  0.5274395836E-03  0.4211460392E+01 -0.9977770528E+00
  0.5327672562E-03  0.4211397005E+01 -0.9977546157E+00
  0.5381487436E-03  0.4211332980E+01 -0.9977319522E+00
  0.5435845895E-03  0.4211268310E+01 -0.9977090603E+00
  0.5490753429E-03  0.4211202988E+01 -0.9976859374E+00
  0.5546215585E-03  0.4211137009E+01 -0.9976625813E+00
  0.5602237965E-03  0.4211070366E+01 -0.9976389897E+00
  0.5658826227E-03  0.4211003051E+01 -0.9976151602E+00
  0.5715986088E-03  0.4210935059E+01 -0.9975910904E+00
  0.5773723321E-03  0.4210866383E+01 -0.9975667778E+00
  0.5832043759E-03  0.4210797015E+01 -0.9975422200E+00
  0.5890953291E-03  0.4210726949E+01 -0.9975174146E+00
  0.5950457870E-03  0.4210656177E+01 -0.9974923591E+00
  0.6010563505E-03  0.4210584693E+01 -0.9974670509E+00
  0.6071276268E-03  0.4210512490E+01 -0.9974414875E+00
  0.6132602291E-03  0.4210439560E+01 -0.9974156663E+00
  0.6194547769E-03  0.4210365897E+01 -0.9973895848E+00
  0.6257118958E-03  0.4210291492E+01 -0.9973632403E+00
  0.6320322180E-03  0.4210216338E+01 -0.9973366301E+00
  0.6384163818E-03  0.4210140428E+01 -0.9973097516E+00
  0.6448650321E-03  0.4210063755E+01 -0.9972826021E+00
  0.6513788203E-03  0.4209986310E+01 -0.9972551789E+00
  0.6579584044E-03  0.4209908086E+01 -0.9972274792E+00
  0.6646044489E-03  0.4209829075E+01 -0.9971995003E+00
  0.6713176251E-03  0.4209749270E+01 -0.9971712392E+00
  0.6780986112E-03  0.4209668662E+01 -0.9971426932E+00
  0.6849480921E-03  0.4209587243E+01 -0.9971138595E+00
  0.6918667597E-03  0.4209505006E+01 -0.9970847350E+00
  0.6988553129E-03  0.4209421942E+01 -0.9970553170E+00
  0.7059144575E-03  0.4209338042E+01 -0.9970256023E+00
  0.7130449065E-03  0.4209253299E+01 -0.9969955882E+00
  0.7202473803E-03  0.4209167705E+01 -0.9969652714E+00
  0.7275226064E-03  0.4209081250E+01 -0.9969346491E+00
  0.7348713196E-03  0.4208993926E+01 -0.9969037181E+00
  0.7422942622E-03  0.4208905724E+01 -0.9968724753E+00
  0.7497921840E-03  0.4208816636E+01 -0.9968409176E+00
  0.7573658425E-03  0.4208726653E+01 -0.9968090418E+00
  0.7650160025E-03  0.4208635766E+01 -0.9967768447E+00
  0.7727434369E-03  0.4208543965E+01 -0.9967443231E+00
  0.7805489261E-03  0.4208451243E+01 -0.9967114737E+00
  0.7884332587E-03  0.4208357589E+01 -0.9966782933E+00
  0.7963972310E-03  0.4208262994E+01 -0.9966447784E+00
  0.8044416475E-03  0.4208167450E+01 -0.9966109258E+00
  0.8125673207E-03  0.4208070946E+01 -0.9965767320E+00
  0.8207750714E-03  0.4207973473E+01 -0.9965421936E+00
  0.8290657287E-03  0.4207875021E+01 -0.9965073071E+00
  0.8374401300E-03  0.4207775581E+01 -0.9964720691E+00
  0.8458991212E-03  0.4207675144E+01 -0.9964364760E+00
  0.8544435568E-03  0.4207573698E+01 -0.9964005242E+00
  0.8630742998E-03  0.4207471234E+01 -0.9963642101E+00
  0.8717922220E-03  0.4207367741E+01 -0.9963275302E+00
  0.8805982040E-03  0.4207263211E+01 -0.9962904806E+00
  0.8894931354E-03  0.4207157632E+01 -0.9962530578E+00
  0.8984779145E-03  0.4207050994E+01 -0.9962152579E+00
  0.9075534490E-03  0.4206943286E+01 -0.9961770771E+00
  0.9167206556E-03  0.4206834498E+01 -0.9961385117E+00
  0.9259804602E-03  0.4206724620E+01 -0.9960995578E+00
  0.9353337982E-03  0.4206613640E+01 -0.9960602114E+00
  0.9447816143E-03  0.4206501547E+01 -0.9960204686E+00
  0.9543248629E-03  0.4206388331E+01 -0.9959803254E+00
  0.9639645080E-03  0.4206273980E+01 -0.9959397779E+00
  0.9737015233E-03  0.4206158484E+01 -0.9958988219E+00
  0.9835368922E-03  0.4206041830E+01 -0.9958574534E+00
  0.9934716083E-03  0.4205924008E+01 -0.9958156681E+00
  0.1003506675E-02  0.4205805005E+01 -0.9957734620E+00
  0.1013643106E-02  0.4205684811E+01 -0.9957308307E+00
  0.1023881925E-02  0.4205563414E+01 -0.9956877701E+00
  0.1034224167E-02  0.4205440801E+01 -0.9956442758E+00
  0.1044670876E-02  0.4205316961E+01 -0.9956003434E+00
  0.1055223107E-02  0.4205191881E+01 -0.9955559686E+00
  0.1065881926E-02  0.4205065550E+01 -0.9955111469E+00
  0.1076648410E-02  0.4204937955E+01 -0.9954658738E+00
  0.1087523647E-02  0.4204809083E+01 -0.9954201448E+00
  0.1098508734E-02  0.4204678923E+01 -0.9953739553E+00
  0.1109604782E-02  0.4204547461E+01 -0.9953273008E+00
  0.1120812911E-02  0.4204414685E+01 -0.9952801764E+00
  0.1132134253E-02  0.4204280581E+01 -0.9952325775E+00
  0.1143569953E-02  0.4204145137E+01 -0.9951844994E+00
  0.1155121165E-02  0.4204008340E+01 -0.9951359372E+00
  0.1166789055E-02  0.4203870176E+01 -0.9950868861E+00
  0.1178574803E-02  0.4203730633E+01 -0.9950373412E+00
  0.1190479599E-02  0.4203589695E+01 -0.9949872975E+00
  0.1202504646E-02  0.4203447351E+01 -0.9949367500E+00
  0.1214651157E-02  0.4203303586E+01 -0.9948856936E+00
  0.1226920361E-02  0.4203158385E+01 -0.9948341233E+00
  0.1239313496E-02  0.4203011737E+01 -0.9947820339E+00
  0.1251831814E-02  0.4202863625E+01 -0.9947294202E+00
  0.1264476580E-02  0.4202714036E+01 -0.9946762769E+00
  0.1277249070E-02  0.4202562955E+01 -0.9946225988E+00
  0.1290150576E-02  0.4202410368E+01 -0.9945683804E+00
  0.1303182400E-02  0.4202256261E+01 -0.9945136163E+00
  0.1316345859E-02  0.4202100618E+01 -0.9944583011E+00
  0.1329642282E-02  0.4201943425E+01 -0.9944024292E+00
  0.1343073012E-02  0.4201784666E+01 -0.9943459951E+00
  0.1356639406E-02  0.4201624326E+01 -0.9942889932E+00
  0.1370342834E-02  0.4201462391E+01 -0.9942314176E+00
  0.1384184681E-02  0.4201298843E+01 -0.9941732627E+00
  0.1398166344E-02  0.4201133669E+01 -0.9941145228E+00
  0.1412289237E-02  0.4200966853E+01 -0.9940551918E+00
  0.1426554785E-02  0.4200798377E+01 -0.9939952639E+00
  0.1440964429E-02  0.4200628227E+01 -0.9939347331E+00
  0.1455519625E-02  0.4200456386E+01 -0.9938735934E+00
  0.1470221844E-02  0.4200282838E+01 -0.9938118386E+00
  0.1485072569E-02  0.4200107566E+01 -0.9937494627E+00
  0.1500073302E-02  0.4199930554E+01 -0.9936864593E+00
  0.1515225558E-02  0.4199751786E+01 -0.9936228223E+00
  0.1530530867E-02  0.4199571243E+01 -0.9935585451E+00
  0.1545990774E-02  0.4199388910E+01 -0.9934936216E+00
  0.1561606843E-02  0.4199204770E+01 -0.9934280451E+00
  0.1577380649E-02  0.4199018804E+01 -0.9933618091E+00
  0.1593313787E-02  0.4198830995E+01 -0.9932949070E+00
  0.1609407866E-02  0.4198641326E+01 -0.9932273322E+00
  0.1625664511E-02  0.4198449779E+01 -0.9931590780E+00
  0.1642085364E-02  0.4198256337E+01 -0.9930901374E+00
  0.1658672085E-02  0.4198060980E+01 -0.9930205037E+00
  0.1675426349E-02  0.4197863691E+01 -0.9929501700E+00
  0.1692349847E-02  0.4197664452E+01 -0.9928791291E+00
  0.1709444290E-02  0.4197463244E+01 -0.9928073741E+00
  0.1726711404E-02  0.4197260048E+01 -0.9927348978E+00
  0.1744152934E-02  0.4197054846E+01 -0.9926616929E+00
  0.1761770640E-02  0.4196847619E+01 -0.9925877523E+00
  0.1779566303E-02  0.4196638347E+01 -0.9925130685E+00
  0.1797541720E-02  0.4196427011E+01 -0.9924376340E+00
  0.1815698707E-02  0.4196213592E+01 -0.9923614415E+00
  0.1834039098E-02  0.4195998070E+01 -0.9922844833E+00
  0.1852564746E-02  0.4195780426E+01 -0.9922067517E+00
  0.1871277521E-02  0.4195560640E+01 -0.9921282391E+00
  0.1890179314E-02  0.4195338691E+01 -0.9920489376E+00
  0.1909272034E-02  0.4195114559E+01 -0.9919688393E+00
  0.1928557610E-02  0.4194888224E+01 -0.9918879363E+00
  0.1948037990E-02  0.4194659666E+01 -0.9918062205E+00
  0.1967715142E-02  0.4194428863E+01 -0.9917236838E+00
  0.1987591052E-02  0.4194195796E+01 -0.9916403180E+00
  0.2007667730E-02  0.4193960442E+01 -0.9915561148E+00
  0.2027947202E-02  0.4193722782E+01 -0.9914710660E+00
  0.2048431517E-02  0.4193482792E+01 -0.9913851629E+00
  0.2069122744E-02  0.4193240453E+01 -0.9912983971E+00
  0.2090022974E-02  0.4192995742E+01 -0.9912107599E+00
  0.2111134317E-02  0.4192748638E+01 -0.9911222428E+00
  0.2132458906E-02  0.4192499118E+01 -0.9910328368E+00
  0.2153998895E-02  0.4192247161E+01 -0.9909425331E+00
  0.2175756460E-02  0.4191992744E+01 -0.9908513228E+00
  0.2197733798E-02  0.4191735845E+01 -0.9907591968E+00
  0.2219933129E-02  0.4191476441E+01 -0.9906661459E+00
  0.2242356696E-02  0.4191214509E+01 -0.9905721610E+00
  0.2265006764E-02  0.4190950027E+01 -0.9904772327E+00
  0.2287885620E-02  0.4190682972E+01 -0.9903813516E+00
  0.2310995576E-02  0.4190413320E+01 -0.9902845083E+00
  0.2334338965E-02  0.4190141048E+01 -0.9901866930E+00
  0.2357918147E-02  0.4189866132E+01 -0.9900878961E+00
  0.2381735502E-02  0.4189588549E+01 -0.9899881079E+00
  0.2405793436E-02  0.4189308275E+01 -0.9898873184E+00
  0.2430094380E-02  0.4189025286E+01 -0.9897855177E+00
  0.2454640788E-02  0.4188739558E+01 -0.9896826957E+00
  0.2479435139E-02  0.4188451066E+01 -0.9895788422E+00
  0.2504479939E-02  0.4188159786E+01 -0.9894739469E+00
  0.2529777716E-02  0.4187865693E+01 -0.9893679995E+00
  0.2555331026E-02  0.4187568764E+01 -0.9892609895E+00
  0.2581142450E-02  0.4187268972E+01 -0.9891529062E+00
  0.2607214596E-02  0.4186966292E+01 -0.9890437391E+00
  0.2633550097E-02  0.4186660700E+01 -0.9889334773E+00
  0.2660151614E-02  0.4186352171E+01 -0.9888221098E+00
  0.2687021832E-02  0.4186040678E+01 -0.9887096258E+00
  0.2714163467E-02  0.4185726196E+01 -0.9885960141E+00
  0.2741579259E-02  0.4185408700E+01 -0.9884812635E+00
  0.2769271979E-02  0.4185088163E+01 -0.9883653625E+00
  0.2797244423E-02  0.4184764560E+01 -0.9882482999E+00
  0.2825499417E-02  0.4184437863E+01 -0.9881300640E+00
  0.2854039815E-02  0.4184108048E+01 -0.9880106432E+00
  0.2882868500E-02  0.4183775088E+01 -0.9878900257E+00
  0.2911988384E-02  0.4183438955E+01 -0.9877681995E+00
  0.2941402408E-02  0.4183099624E+01 -0.9876451528E+00
  0.2971113544E-02  0.4182757067E+01 -0.9875208732E+00
  0.3001124792E-02  0.4182411258E+01 -0.9873953486E+00
  0.3031439184E-02  0.4182062169E+01 -0.9872685667E+00
  0.3062059781E-02  0.4181709774E+01 -0.9871405148E+00
  0.3092989678E-02  0.4181354045E+01 -0.9870111805E+00
  0.3124231998E-02  0.4180994955E+01 -0.9868805509E+00
  0.3155789897E-02  0.4180632476E+01 -0.9867486132E+00
  0.3187666563E-02  0.4180266580E+01 -0.9866153544E+00
  0.3219865215E-02  0.4179897241E+01 -0.9864807614E+00
  0.3252389106E-02  0.4179524430E+01 -0.9863448209E+00
  0.3285241521E-02  0.4179148119E+01 -0.9862075196E+00
  0.3318425779E-02  0.4178768280E+01 -0.9860688440E+00
  0.3351945231E-02  0.4178384886E+01 -0.9859287804E+00
  0.3385803264E-02  0.4177997908E+01 -0.9857873151E+00
  0.3420003297E-02  0.4177607318E+01 -0.9856444341E+00
  0.3454548785E-02  0.4177213087E+01 -0.9855001234E+00
  0.3489443217E-02  0.4176815188E+01 -0.9853543689E+00
  0.3524690118E-02  0.4176413591E+01 -0.9852071562E+00
  0.3560293049E-02  0.4176008269E+01 -0.9850584708E+00
  0.3596255605E-02  0.4175599192E+01 -0.9849082982E+00
  0.3632581419E-02  0.4175186333E+01 -0.9847566237E+00
  0.3669274160E-02  0.4174769662E+01 -0.9846034323E+00
  0.3706337536E-02  0.4174349151E+01 -0.9844487091E+00
  0.3743775289E-02  0.4173924771E+01 -0.9842924387E+00
  0.3781591201E-02  0.4173496493E+01 -0.9841346061E+00
  0.3819789092E-02  0.4173064583E+01 -0.9839751956E+00
  0.3858372820E-02  0.4172628785E+01 -0.9838141916E+00
  0.3897346283E-02  0.4172189018E+01 -0.9836515784E+00
  0.3936713417E-02  0.4171745252E+01 -0.9834873400E+00
  0.3976478199E-02  0.4171297460E+01 -0.9833214603E+00
  0.4016644645E-02  0.4170845613E+01 -0.9831539232E+00
  0.4057216813E-02  0.4170389682E+01 -0.9829847122E+00
  0.4098198801E-02  0.4169929641E+01 -0.9828138108E+00
  0.4139594749E-02  0.4169465459E+01 -0.9826412022E+00
  0.4181408837E-02  0.4168998143E+01 -0.9824668696E+00
  0.4223645290E-02  0.4168527934E+01 -0.9822907958E+00
  0.4266308374E-02  0.4168053595E+01 -0.9821129637E+00
  0.4309402398E-02  0.4167575099E+01 -0.9819333558E+00
  0.4352931715E-02  0.4167092423E+01 -0.9817519546E+00
  0.4396900722E-02  0.4166605540E+01 -0.9815687424E+00
  0.4441313861E-02  0.4166114428E+01 -0.9813837012E+00
  0.4486175617E-02  0.4165619060E+01 -0.9811968131E+00
  0.4531490522E-02  0.4165119414E+01 -0.9810080598E+00
  0.4577263154E-02  0.4164615464E+01 -0.9808174229E+00
  0.4623498135E-02  0.4164107188E+01 -0.9806248837E+00
  0.4670200136E-02  0.4163594562E+01 -0.9804304235E+00
  0.4717373875E-02  0.4163077562E+01 -0.9802340234E+00
  0.4765024116E-02  0.4162556165E+01 -0.9800356642E+00
  0.4813155673E-02  0.4162030349E+01 -0.9798353265E+00
  0.4861773407E-02  0.4161500092E+01 -0.9796329909E+00
  0.4910882230E-02  0.4160965370E+01 -0.9794286377E+00
  0.4960487101E-02  0.4160426161E+01 -0.9792222469E+00
  0.5010593031E-02  0.4159882445E+01 -0.9790137985E+00
  0.5061205082E-02  0.4159334200E+01 -0.9788032722E+00
  0.5112328365E-02  0.4158781405E+01 -0.9785906475E+00
  0.5163968046E-02  0.4158224038E+01 -0.9783759038E+00
  0.5216129339E-02  0.4157662081E+01 -0.9781590201E+00
  0.5268817514E-02  0.4157095512E+01 -0.9779399754E+00
  0.5322037893E-02  0.4156524312E+01 -0.9777187484E+00
  0.5375795852E-02  0.4155948462E+01 -0.9774953176E+00
  0.5430096820E-02  0.4155364011E+01 -0.9772696614E+00
  0.5484946283E-02  0.4154773552E+01 -0.9770417582E+00
  0.5540349781E-02  0.4154178187E+01 -0.9768115857E+00
  0.5596312910E-02  0.4153577890E+01 -0.9765791216E+00
  0.5652841323E-02  0.4152967251E+01 -0.9763443437E+00
  0.5709940730E-02  0.4152350195E+01 -0.9761072294E+00
  0.5767616899E-02  0.4151727874E+01 -0.9758677557E+00
  0.5825875656E-02  0.4151100257E+01 -0.9756258995E+00
  0.5884722885E-02  0.4150467314E+01 -0.9753816373E+00
  0.5944164530E-02  0.4149829014E+01 -0.9751349457E+00
  0.6004206596E-02  0.4149185327E+01 -0.9748858007E+00
  0.6064855147E-02  0.4148536222E+01 -0.9746341783E+00
  0.6126116310E-02  0.4147881668E+01 -0.9743800542E+00
  0.6187996273E-02  0.4147221636E+01 -0.9741234039E+00
  0.6250501286E-02  0.4146556094E+01 -0.9738642025E+00
  0.6313637663E-02  0.4145885012E+01 -0.9736024252E+00
  0.6377411780E-02  0.4145208360E+01 -0.9733380466E+00
  0.6441830081E-02  0.4144526108E+01 -0.9730710413E+00
  0.6506899072E-02  0.4143838225E+01 -0.9728013836E+00
  0.6572625325E-02  0.4143144680E+01 -0.9725290474E+00
  0.6639015480E-02  0.4142445444E+01 -0.9722540066E+00
  0.6706076242E-02  0.4141740485E+01 -0.9719762347E+00
  0.6773814386E-02  0.4141029773E+01 -0.9716957049E+00
  0.6842236754E-02  0.4140313277E+01 -0.9714123904E+00
  0.6911350256E-02  0.4139590966E+01 -0.9711262638E+00
  0.6981161875E-02  0.4138862810E+01 -0.9708372977E+00
  0.7051678662E-02  0.4138128778E+01 -0.9705454642E+00
  0.7122907739E-02  0.4137388837E+01 -0.9702507355E+00
  0.7194856302E-02  0.4136642957E+01 -0.9699530831E+00
  0.7267531618E-02  0.4135891105E+01 -0.9696524786E+00
  0.7340941029E-02  0.4135133250E+01 -0.9693488931E+00
  0.7415091948E-02  0.4134369359E+01 -0.9690422975E+00
  0.7489991867E-02  0.4133604662E+01 -0.9687326622E+00
  0.7565648350E-02  0.4132841635E+01 -0.9684199571E+00
  0.7642069041E-02  0.4132072943E+01 -0.9681041518E+00
  0.7719261657E-02  0.4131298563E+01 -0.9677852162E+00
  0.7797233997E-02  0.4130518473E+01 -0.9674631196E+00
  0.7875993937E-02  0.4129732651E+01 -0.9671378312E+00
  0.7955549431E-02  0.4128941073E+01 -0.9668093197E+00
  0.8035908516E-02  0.4128143770E+01 -0.9664775538E+00
  0.8117079309E-02  0.4127341427E+01 -0.9661425017E+00
  0.8199070009E-02  0.4126533246E+01 -0.9658041312E+00
  0.8281888898E-02  0.4125719199E+01 -0.9654624100E+00
  0.8365544342E-02  0.4124899257E+01 -0.9651173055E+00
  0.8450044790E-02  0.4124073389E+01 -0.9647687845E+00
  0.8535398777E-02  0.4123241565E+01 -0.9644168139E+00
  0.8621614927E-02  0.4122403752E+01 -0.9640613600E+00
  0.8708701946E-02  0.4121559914E+01 -0.9637023889E+00
  0.8796668632E-02  0.4120710018E+01 -0.9633398663E+00
  0.8885523871E-02  0.4119854024E+01 -0.9629737577E+00
  0.8975276638E-02  0.4118991895E+01 -0.9626040281E+00
  0.9065935997E-02  0.4118123588E+01 -0.9622306423E+00
  0.9157511109E-02  0.4117249061E+01 -0.9618535647E+00
  0.9250011221E-02  0.4116368268E+01 -0.9614727594E+00
  0.9343445678E-02  0.4115481160E+01 -0.9610881902E+00
  0.9437823917E-02  0.4114587687E+01 -0.9606998205E+00
  0.9533155471E-02  0.4113687830E+01 -0.9603076134E+00
  0.9629449971E-02  0.4112794044E+01 -0.9599115309E+00
  0.9726717143E-02  0.4111894174E+01 -0.9595115348E+00
  0.9824966811E-02  0.4110972685E+01 -0.9591075878E+00
  0.9924208900E-02  0.4110042878E+01 -0.9586996525E+00
  0.1002445343E-01  0.4109097507E+01 -0.9582876905E+00
  0.1012571054E-01  0.4108136687E+01 -0.9578716638E+00
  0.1022799044E-01  0.4107168274E+01 -0.9574515335E+00
  0.1033130348E-01  0.4106192170E+01 -0.9570272599E+00
  0.1043566008E-01  0.4105208272E+01 -0.9565988030E+00
  0.1054107079E-01  0.4104216470E+01 -0.9561661224E+00
  0.1064754625E-01  0.4103216650E+01 -0.9557291773E+00
  0.1075509722E-01  0.4102208691E+01 -0.9552879265E+00
  0.1086373457E-01  0.4101192466E+01 -0.9548423287E+00
  0.1097346926E-01  0.4100167841E+01 -0.9543923418E+00
  0.1108431238E-01  0.4099134677E+01 -0.9539379236E+00
  0.1119627514E-01  0.4098093882E+01 -0.9534790315E+00
  0.1130936882E-01  0.4097045368E+01 -0.9530156222E+00
  0.1142360487E-01  0.4095988663E+01 -0.9525476523E+00
  0.1153899482E-01  0.4094938796E+01 -0.9520750770E+00
  0.1165555032E-01  0.4093867099E+01 -0.9515978518E+00
  0.1177328316E-01  0.4092786279E+01 -0.9511159328E+00
  0.1189220521E-01  0.4091696155E+01 -0.9506292751E+00
  0.1201232849E-01  0.4090596541E+01 -0.9501378332E+00
  0.1213366514E-01  0.4089487240E+01 -0.9496415612E+00
  0.1225622742E-01  0.4088368045E+01 -0.9491404129E+00
  0.1238002770E-01  0.4087238737E+01 -0.9486343417E+00
  0.1250507848E-01  0.4086099283E+01 -0.9481233006E+00
  0.1263139240E-01  0.4084949981E+01 -0.9476072419E+00
  0.1275898223E-01  0.4083799213E+01 -0.9470861173E+00
  0.1288786083E-01  0.4082643513E+01 -0.9465598774E+00
  0.1301804125E-01  0.4081506137E+01 -0.9460284712E+00
  0.1314953661E-01  0.4080388754E+01 -0.9454918455E+00
  0.1328236022E-01  0.4079282838E+01 -0.9449499470E+00
  0.1341652547E-01  0.4078188192E+01 -0.9444027225E+00
  0.1355204593E-01  0.4077084820E+01 -0.9438501193E+00
  0.1368893528E-01  0.4075974473E+01 -0.9432920858E+00
  0.1382720736E-01  0.4074859426E+01 -0.9427285694E+00
  0.1396687612E-01  0.4073775351E+01 -0.9421595146E+00
  0.1410795567E-01  0.4072684860E+01 -0.9415848651E+00
  0.1425046028E-01  0.4071606175E+01 -0.9410045656E+00
  0.1439440432E-01  0.4070555127E+01 -0.9404185578E+00
  0.1453980234E-01  0.4069522751E+01 -0.9398267822E+00
  0.1468666903E-01  0.4068483929E+01 -0.9392291811E+00
  0.1483501923E-01  0.4067438342E+01 -0.9386256983E+00
  0.1498486790E-01  0.4066385652E+01 -0.9380162769E+00
  0.1513623021E-01  0.4065325496E+01 -0.9374008596E+00
  0.1528912142E-01  0.4064257489E+01 -0.9367793887E+00
  0.1544355699E-01  0.4063181220E+01 -0.9361518059E+00
  0.1559955252E-01  0.4062113537E+01 -0.9355180511E+00
  0.1575712375E-01  0.4061068239E+01 -0.9348780612E+00
  0.1591628662E-01  0.4059989543E+01 -0.9342317758E+00
  0.1607705719E-01  0.4058900435E+01 -0.9335791365E+00
  0.1623945171E-01  0.4057747132E+01 -0.9329200870E+00
  0.1640348657E-01  0.4056492904E+01 -0.9322545778E+00
  0.1656917836E-01  0.4055264890E+01 -0.9315825520E+00
  0.1673654380E-01  0.4054089703E+01 -0.9309039392E+00
  0.1690559979E-01  0.4052901160E+01 -0.9302186715E+00
  0.1707636343E-01  0.4051698607E+01 -0.9295266860E+00
  0.1724885195E-01  0.4050485202E+01 -0.9288279192E+00
  0.1742308278E-01  0.4049256265E+01 -0.9281223068E+00
  0.1759907351E-01  0.4047991713E+01 -0.9274097865E+00
  0.1777684193E-01  0.4046707599E+01 -0.9266902956E+00
  0.1795640599E-01  0.4045404744E+01 -0.9259637693E+00
  0.1813778383E-01  0.4044126320E+01 -0.9252301385E+00
  0.1832099377E-01  0.4042880650E+01 -0.9244893285E+00
  0.1850605431E-01  0.4041627670E+01 -0.9237412667E+00
  0.1869298415E-01  0.4040356125E+01 -0.9229858847E+00
  0.1888180217E-01  0.4039065012E+01 -0.9222231146E+00
  0.1907252745E-01  0.4037753286E+01 -0.9214528879E+00
  0.1926517924E-01  0.4036408513E+01 -0.9206751370E+00
  0.1945977701E-01  0.4035028976E+01 -0.9198897951E+00
  0.1965634041E-01  0.4033613327E+01 -0.9190967952E+00
  0.1985488931E-01  0.4032142158E+01 -0.9182960718E+00
  0.2005544374E-01  0.4030782818E+01 -0.9174875441E+00
  0.2025802398E-01  0.4029430820E+01 -0.9166711241E+00
  0.2046265049E-01  0.4028037280E+01 -0.9158467384E+00
  0.2066934393E-01  0.4026616905E+01 -0.9150143163E+00
  0.2087812518E-01  0.4025257635E+01 -0.9141737760E+00
  0.2108901533E-01  0.4023906623E+01 -0.9133250313E+00
  0.2130203569E-01  0.4022528928E+01 -0.9124680040E+00
  0.2151720777E-01  0.4021123132E+01 -0.9116026194E+00
  0.2173455330E-01  0.4019687770E+01 -0.9107288022E+00
  0.2195409424E-01  0.4018221336E+01 -0.9098464771E+00
  0.2217585277E-01  0.4016722283E+01 -0.9089555685E+00
  0.2239985128E-01  0.4015189018E+01 -0.9080560004E+00
  0.2262611241E-01  0.4013619912E+01 -0.9071476967E+00
  0.2285465900E-01  0.4012013297E+01 -0.9062305812E+00
  0.2308551414E-01  0.4010367467E+01 -0.9053045773E+00
  0.2331870115E-01  0.4008680683E+01 -0.9043696083E+00
  0.2355424359E-01  0.4007002752E+01 -0.9034255915E+00
  0.2379216524E-01  0.4005297012E+01 -0.9024724417E+00
  0.2403249014E-01  0.4003625297E+01 -0.9015100700E+00
  0.2427524257E-01  0.4001908903E+01 -0.9005383886E+00
  0.2452044704E-01  0.4000166086E+01 -0.8995573163E+00
  0.2476812832E-01  0.3998226486E+01 -0.8985667902E+00
  0.2501831143E-01  0.3996252659E+01 -0.8975667484E+00
  0.2527102165E-01  0.3994278857E+01 -0.8965571039E+00
  0.2552628449E-01  0.3992246531E+01 -0.8955377723E+00
  0.2578412575E-01  0.3990158726E+01 -0.8945086756E+00
  0.2604457147E-01  0.3988015245E+01 -0.8934697350E+00
  0.2630764795E-01  0.3985808355E+01 -0.8924208723E+00
  0.2657338176E-01  0.3983536116E+01 -0.8913620101E+00
  0.2684179976E-01  0.3981196608E+01 -0.8902930713E+00
  0.2711292905E-01  0.3978851413E+01 -0.8892139702E+00
  0.2738679702E-01  0.3976501122E+01 -0.8881246121E+00
  0.2766343134E-01  0.3974238416E+01 -0.8870248884E+00
  0.2794285993E-01  0.3971990251E+01 -0.8859146866E+00
  0.2822511105E-01  0.3969698342E+01 -0.8847939114E+00
  0.2851021318E-01  0.3967351445E+01 -0.8836624765E+00
  0.2879819513E-01  0.3964948827E+01 -0.8825202968E+00
  0.2908908599E-01  0.3962489826E+01 -0.8813672871E+00
  0.2938291514E-01  0.3959973851E+01 -0.8802033617E+00
  0.2967971226E-01  0.3957361802E+01 -0.8790284405E+00
  0.2997950734E-01  0.3954683980E+01 -0.8778424443E+00
  0.3028233064E-01  0.3951971859E+01 -0.8766452845E+00
  0.3058821277E-01  0.3949161165E+01 -0.8754368768E+00
  0.3089718462E-01  0.3946281063E+01 -0.8742171421E+00
  0.3120927739E-01  0.3943343307E+01 -0.8729859948E+00
  0.3152452262E-01  0.3940347906E+01 -0.8717433468E+00
  0.3184295214E-01  0.3937362312E+01 -0.8704890990E+00
  0.3216459812E-01  0.3934307970E+01 -0.8692231534E+00
  0.3248949305E-01  0.3931239836E+01 -0.8679454151E+00
  0.3281766975E-01  0.3928071494E+01 -0.8666557937E+00
  0.3314916136E-01  0.3924910360E+01 -0.8653541949E+00
  0.3348400137E-01  0.3921684681E+01 -0.8640405179E+00
  0.3382222361E-01  0.3918376466E+01 -0.8627146764E+00
  0.3416386223E-01  0.3915006729E+01 -0.8613765833E+00
  0.3450895175E-01  0.3911493142E+01 -0.8600261618E+00
  0.3485752702E-01  0.3907839048E+01 -0.8586633488E+00
  0.3520962325E-01  0.3904044901E+01 -0.8572880814E+00
  0.3556527601E-01  0.3900107477E+01 -0.8559002972E+00
  0.3592452122E-01  0.3896094131E+01 -0.8544999232E+00
  0.3628739518E-01  0.3892005405E+01 -0.8530868739E+00
  0.3665393452E-01  0.3887688904E+01 -0.8516610919E+00
  0.3702417628E-01  0.3883017855E+01 -0.8502225718E+00
  0.3739815786E-01  0.3878075064E+01 -0.8487713189E+00
  0.3777591703E-01  0.3873059597E+01 -0.8473072878E+00
  0.3815749195E-01  0.3867973194E+01 -0.8458303959E+00
  0.3854292116E-01  0.3862710242E+01 -0.8443405802E+00
  0.3893224360E-01  0.3857435632E+01 -0.8428377672E+00
  0.3932549859E-01  0.3852171272E+01 -0.8413218466E+00
  0.3972272585E-01  0.3846874335E+01 -0.8397927112E+00
  0.4012396550E-01  0.3841519651E+01 -0.8382502669E+00
  0.4052925808E-01  0.3835778552E+01 -0.8366944909E+00
  0.4093864453E-01  0.3830078642E+01 -0.8351253419E+00
  0.4135216619E-01  0.3824410734E+01 -0.8335426933E+00
  0.4176986484E-01  0.3818749597E+01 -0.8319464244E+00
  0.4219178266E-01  0.3813081139E+01 -0.8303364217E+00
  0.4261796229E-01  0.3807444582E+01 -0.8287125653E+00
  0.4304844675E-01  0.3801813844E+01 -0.8270747316E+00
  0.4348327955E-01  0.3796407985E+01 -0.8254227535E+00
  0.4392250460E-01  0.3791086469E+01 -0.8237564447E+00
  0.4436616626E-01  0.3785899073E+01 -0.8220756357E+00
  0.4481430935E-01  0.3780539950E+01 -0.8203802120E+00
  0.4526697914E-01  0.3775038341E+01 -0.8186701210E+00
  0.4572422136E-01  0.3769518419E+01 -0.8169452761E+00
  0.4618608218E-01  0.3763981112E+01 -0.8152055620E+00
  0.4665260826E-01  0.3758398811E+01 -0.8134508687E+00
  0.4712384673E-01  0.3752755127E+01 -0.8116810964E+00
  0.4759984518E-01  0.3746738758E+01 -0.8098962227E+00
  0.4808065170E-01  0.3740827132E+01 -0.8080961874E+00
  0.4856631485E-01  0.3734721288E+01 -0.8062808882E+00
  0.4905688368E-01  0.3728304330E+01 -0.8044503243E+00
  0.4955240776E-01  0.3721851426E+01 -0.8026044586E+00
  0.5005293713E-01  0.3715334806E+01 -0.8007431935E+00
  0.5055852235E-01  0.3708918644E+01 -0.7988663971E+00
  0.5106921450E-01  0.3702735375E+01 -0.7969738603E+00
  0.5158506515E-01  0.3696570958E+01 -0.7950653918E+00
  0.5210612641E-01  0.3690682537E+01 -0.7931407860E+00
  0.5263245092E-01  0.3684903287E+01 -0.7911998102E+00
  0.5316409184E-01  0.3679052298E+01 -0.7892423201E+00
  0.5370110287E-01  0.3673100478E+01 -0.7872682266E+00
  0.5424353825E-01  0.3667133728E+01 -0.7852774252E+00
  0.5479145278E-01  0.3661279919E+01 -0.7832697531E+00
  0.5534490180E-01  0.3655400945E+01 -0.7812450481E+00
  0.5590394121E-01  0.3649537068E+01 -0.7792031740E+00
  0.5646862749E-01  0.3644420401E+01 -0.7771437752E+00
  0.5703901766E-01  0.3639610339E+01 -0.7750664054E+00
  0.5761516936E-01  0.3634613111E+01 -0.7729708773E+00
  0.5819714076E-01  0.3629619669E+01 -0.7708570894E+00
  0.5878499067E-01  0.3624558561E+01 -0.7687249054E+00
  0.5937877846E-01  0.3619444200E+01 -0.7665742052E+00
  0.5997856410E-01  0.3614410735E+01 -0.7644048241E+00
  0.6058440818E-01  0.3609476727E+01 -0.7622165493E+00
  0.6119637190E-01  0.3604583021E+01 -0.7600091779E+00
  0.6181451707E-01  0.3599393258E+01 -0.7577826264E+00
  0.6243890613E-01  0.3594237670E+01 -0.7555368141E+00
  0.6306960215E-01  0.3589268993E+01 -0.7532715096E+00
  0.6370666884E-01  0.3584964946E+01 -0.7509862769E+00
  0.6435017054E-01  0.3581411100E+01 -0.7486804893E+00
  0.6500017227E-01  0.3578218357E+01 -0.7463536035E+00
  0.6565673966E-01  0.3575177352E+01 -0.7440052603E+00
  0.6631993905E-01  0.3572469482E+01 -0.7416351028E+00
  0.6698983743E-01  0.3570114500E+01 -0.7392427001E+00
  0.6766650245E-01  0.3567991235E+01 -0.7368276469E+00
  0.6835000248E-01  0.3566118487E+01 -0.7343895648E+00
  0.6904040654E-01  0.3564551147E+01 -0.7319280431E+00
  0.6973778439E-01  0.3563363900E+01 -0.7294426181E+00
  0.7044220645E-01  0.3562464541E+01 -0.7269328227E+00
  0.7115374389E-01  0.3561729811E+01 -0.7243982572E+00
  0.7187246858E-01  0.3561114372E+01 -0.7218385752E+00
  0.7259845311E-01  0.3560675950E+01 -0.7192534204E+00
  0.7333177082E-01  0.3560068299E+01 -0.7166425365E+00
  0.7407249577E-01  0.3559705251E+01 -0.7140056395E+00
  0.7482070280E-01  0.3559565406E+01 -0.7113422954E+00
  0.7557646748E-01  0.3559625944E+01 -0.7086520787E+00
  0.7633986614E-01  0.3559704288E+01 -0.7059346351E+00
  0.7711097590E-01  0.3559865789E+01 -0.7031896501E+00
  0.7788987464E-01  0.3559973754E+01 -0.7004168331E+00
  0.7867664105E-01  0.3560391364E+01 -0.6976158010E+00
  0.7947135460E-01  0.3560851270E+01 -0.6947861270E+00
  0.8027409556E-01  0.3560753091E+01 -0.6919277253E+00
  0.8108494501E-01  0.3560109842E+01 -0.6890407514E+00
  0.8190398485E-01  0.3559449200E+01 -0.6861251501E+00
  0.8273129783E-01  0.3558883896E+01 -0.6831806054E+00
  0.8356696751E-01  0.3558698213E+01 -0.6802066317E+00
  0.8441107829E-01  0.3558377893E+01 -0.6772028313E+00
  0.8526371544E-01  0.3557625574E+01 -0.6741691469E+00
  0.8612496510E-01  0.3555952811E+01 -0.6711058634E+00
  0.8699491424E-01  0.3554505956E+01 -0.6680129947E+00
  0.8787365075E-01  0.3551465811E+01 -0.6648908562E+00
  0.8876126338E-01  0.3548269325E+01 -0.6617399489E+00
  0.8965784180E-01  0.3544942515E+01 -0.6585601386E+00
  0.9056347656E-01  0.3541516970E+01 -0.6553512666E+00
  0.9147825915E-01  0.3537225509E+01 -0.6521135114E+00
  0.9240228197E-01  0.3532526391E+01 -0.6488472053E+00
  0.9333563836E-01  0.3528189511E+01 -0.6455521232E+00
  0.9427842258E-01  0.3524043336E+01 -0.6422277563E+00
  0.9523072988E-01  0.3519570776E+01 -0.6388739137E+00
  0.9619265645E-01  0.3514714231E+01 -0.6354906809E+00
  0.9716429944E-01  0.3510279985E+01 -0.6320777877E+00
  0.9814575701E-01  0.3506461874E+01 -0.6286344705E+00
  0.9913712829E-01  0.3504421311E+01 -0.6251592764E+00
  0.1001385134E+00  0.3502637433E+01 -0.6216508941E+00
  0.1011500136E+00  0.3500761111E+01 -0.6181089248E+00
  0.1021717309E+00  0.3499483519E+01 -0.6145327893E+00
  0.1032037686E+00  0.3498470601E+01 -0.6109217131E+00
  0.1042462309E+00  0.3497528607E+01 -0.6072751804E+00
  0.1052992231E+00  0.3496621886E+01 -0.6035927873E+00
  0.1063628516E+00  0.3495447034E+01 -0.5998743053E+00
  0.1074372239E+00  0.3493995684E+01 -0.5961196737E+00
  0.1085224483E+00  0.3493127940E+01 -0.5923283749E+00
  0.1096186347E+00  0.3492184807E+01 -0.5884997727E+00
  0.1107258936E+00  0.3490638858E+01 -0.5846338757E+00
  0.1118443370E+00  0.3487918207E+01 -0.5807313153E+00
  0.1129740778E+00  0.3484768128E+01 -0.5767926513E+00
  0.1141152301E+00  0.3481249170E+01 -0.5728180079E+00
  0.1152679092E+00  0.3478156981E+01 -0.5688070269E+00
  0.1164322315E+00  0.3474708504E+01 -0.5647593387E+00
  0.1176083146E+00  0.3470777813E+01 -0.5606751040E+00
  0.1187962774E+00  0.3466223931E+01 -0.5565546541E+00
  0.1199962398E+00  0.3462062992E+01 -0.5523978122E+00
  0.1212083230E+00  0.3457658495E+01 -0.5482041730E+00
  0.1224326495E+00  0.3451576385E+01 -0.5439745934E+00
  0.1236693429E+00  0.3444781802E+01 -0.5397102529E+00
  0.1249185282E+00  0.3438081719E+01 -0.5354112670E+00
  0.1261803315E+00  0.3432041651E+01 -0.5310768948E+00
  0.1274548803E+00  0.3427276785E+01 -0.5267056268E+00
  0.1287423034E+00  0.3421217370E+01 -0.5222971722E+00
  0.1300427307E+00  0.3414239633E+01 -0.5178526647E+00
  0.1313562936E+00  0.3405055050E+01 -0.5133738784E+00
  0.1326831249E+00  0.3394864873E+01 -0.5088627052E+00
  0.1340233585E+00  0.3383366021E+01 -0.5043204989E+00
  0.1353771298E+00  0.3371954343E+01 -0.4997479195E+00
  0.1367445755E+00  0.3360358027E+01 -0.4951448835E+00
  0.1381258338E+00  0.3348478934E+01 -0.4905115650E+00
  0.1395210443E+00  0.3336283101E+01 -0.4858482401E+00
  0.1409303478E+00  0.3323003999E+01 -0.4811557619E+00
  0.1423538866E+00  0.3308908931E+01 -0.4764353690E+00
  0.1437918047E+00  0.3294619577E+01 -0.4716877026E+00
  0.1452442472E+00  0.3281051757E+01 -0.4669123104E+00
  0.1467113608E+00  0.3268378504E+01 -0.4621079313E+00
  0.1481932937E+00  0.3256200726E+01 -0.4572734368E+00
  0.1496901957E+00  0.3242663061E+01 -0.4524093559E+00
  0.1512022178E+00  0.3227662316E+01 -0.4475177181E+00
  0.1527295130E+00  0.3211954007E+01 -0.4426001208E+00
  0.1542722353E+00  0.3195864392E+01 -0.4376573785E+00
  0.1558305407E+00  0.3178912712E+01 -0.4326904537E+00
  0.1574045866E+00  0.3159855452E+01 -0.4277016977E+00
  0.1589945319E+00  0.3138088969E+01 -0.4226950041E+00
  0.1606005373E+00  0.3117164919E+01 -0.4176720184E+00
  0.1622227649E+00  0.3102110115E+01 -0.4126274785E+00
  0.1638613787E+00  0.3090694782E+01 -0.4075536707E+00
  0.1655165442E+00  0.3081086285E+01 -0.4024460114E+00
  0.1671884284E+00  0.3071957008E+01 -0.3973024232E+00
  0.1688772004E+00  0.3063715658E+01 -0.3921215471E+00
  0.1705830308E+00  0.3057269422E+01 -0.3869008661E+00
  0.1723060917E+00  0.3051262864E+01 -0.3816381795E+00
  0.1740465572E+00  0.3046983251E+01 -0.3763312858E+00
  0.1758046033E+00  0.3043906278E+01 -0.3709772537E+00
  0.1775804074E+00  0.3038637366E+01 -0.3655765508E+00
  0.1793741488E+00  0.3033840575E+01 -0.3601303230E+00
  0.1811860089E+00  0.3028568531E+01 -0.3546382045E+00
  0.1830161706E+00  0.3020097908E+01 -0.3491031856E+00
  0.1848648188E+00  0.3008790975E+01 -0.3435305384E+00
  0.1867321402E+00  0.2993475130E+01 -0.3379264584E+00
  0.1886183235E+00  0.2977272770E+01 -0.3322954961E+00
  0.1905235591E+00  0.2961409915E+01 -0.3266382013E+00
  0.1924480394E+00  0.2943860104E+01 -0.3209559131E+00
  0.1943919590E+00  0.2923922234E+01 -0.3152526646E+00
  0.1963555142E+00  0.2905532648E+01 -0.3095294365E+00
  0.1983389032E+00  0.2891473769E+01 -0.3037805771E+00
  0.2003423265E+00  0.2876998729E+01 -0.2980022311E+00
  0.2023659863E+00  0.2862317583E+01 -0.2921950190E+00
  0.2044100872E+00  0.2847085509E+01 -0.2863597211E+00
  0.2064748356E+00  0.2829942527E+01 -0.2804989039E+00
  0.2085604400E+00  0.2811266060E+01 -0.2746162392E+00
  0.2106671111E+00  0.2790862188E+01 -0.2687153184E+00
  0.2127950617E+00  0.2770222359E+01 -0.2627984617E+00
  0.2149445068E+00  0.2746285052E+01 -0.2568697469E+00
  0.2171156634E+00  0.2719810556E+01 -0.2509358720E+00
  0.2193087509E+00  0.2694504570E+01 -0.2449988386E+00
  0.2215239908E+00  0.2672801724E+01 -0.2390539030E+00
  0.2237616069E+00  0.2652838236E+01 -0.2330955343E+00
  0.2260218251E+00  0.2630924742E+01 -0.2271243055E+00
  0.2283048739E+00  0.2606423474E+01 -0.2211457449E+00
  0.2306109837E+00  0.2579964601E+01 -0.2151655546E+00
  0.2329403876E+00  0.2549058889E+01 -0.2091917710E+00
  0.2352933208E+00  0.2514298353E+01 -0.2032349003E+00
  0.2376700210E+00  0.2476827469E+01 -0.1973036954E+00
  0.2400707283E+00  0.2434536354E+01 -0.1914083220E+00
  0.2424956851E+00  0.2385068541E+01 -0.1855646550E+00
  0.2449451365E+00  0.2330856282E+01 -0.1797889408E+00
  0.2474193298E+00  0.2275632541E+01 -0.1740902689E+00
  0.2499185149E+00  0.2218001333E+01 -0.1684750573E+00
  0.2524429444E+00  0.2164803302E+01 -0.1629430168E+00
  0.2549928731E+00  0.2111595148E+01 -0.1574907612E+00
  0.2575685587E+00  0.2051326675E+01 -0.1521295723E+00
  0.2601702613E+00  0.1987315958E+01 -0.1468758988E+00
  0.2627982438E+00  0.1923642507E+01 -0.1417369337E+00
  0.2654527715E+00  0.1862132104E+01 -0.1367122119E+00
  0.2681341126E+00  0.1800971175E+01 -0.1318011971E+00
  0.2708425380E+00  0.1741181048E+01 -0.1270043696E+00
  0.2735783212E+00  0.1684052584E+01 -0.1223190213E+00
  0.2763417386E+00  0.1628091066E+01 -0.1177426036E+00
  0.2791330693E+00  0.1576758330E+01 -0.1132697064E+00
  0.2819525952E+00  0.1528553555E+01 -0.1088919527E+00
  0.2848006012E+00  0.1485958547E+01 -0.1045992784E+00
  0.2876773750E+00  0.1446685343E+01 -0.1003810019E+00
  0.2905832071E+00  0.1405841078E+01 -0.9623652051E-01
  0.2935183910E+00  0.1364163129E+01 -0.9217128462E-01
  0.2964832232E+00  0.1323019962E+01 -0.8818776110E-01
  0.2994780032E+00  0.1285226699E+01 -0.8428219859E-01
  0.3025030336E+00  0.1248781579E+01 -0.8044947263E-01
  0.3055586198E+00  0.1214234240E+01 -0.7668649406E-01
  0.3086450705E+00  0.1177852031E+01 -0.7299496588E-01
  0.3117626974E+00  0.1141924497E+01 -0.6937886695E-01
  0.3149118156E+00  0.1106827814E+01 -0.6583807358E-01
  0.3180927430E+00  0.1073461349E+01 -0.6237040278E-01
  0.3213058010E+00  0.1042211106E+01 -0.5897151361E-01
  0.3245513142E+00  0.1012666841E+01 -0.5563694692E-01
  0.3278296103E+00  0.9882384017E+00 -0.5235716699E-01
  0.3311410205E+00  0.9686045577E+00 -0.4911721212E-01
  0.3344858793E+00  0.9496116229E+00 -0.4590913099E-01
  0.3378645245E+00  0.9305821659E+00 -0.4273287709E-01
  0.3412772975E+00  0.9127201385E+00 -0.3958749094E-01
  0.3447245429E+00  0.8987559905E+00 -0.3646518954E-01
  0.3482066090E+00  0.8859671135E+00 -0.3335792764E-01
  0.3517238475E+00  0.8714168353E+00 -0.3026735842E-01
  0.3552766136E+00  0.8526611674E+00 -0.2720473545E-01
  0.3588652663E+00  0.8321109190E+00 -0.2418170453E-01
  0.3624901680E+00  0.8102654518E+00 -0.2120497810E-01
  0.3661516848E+00  0.7930130935E+00 -0.1826976240E-01
  0.3698501867E+00  0.7805730331E+00 -0.1535980678E-01
  0.3735860472E+00  0.7661174915E+00 -0.1247069679E-01
  0.3773596436E+00  0.7504138690E+00 -0.9609308118E-02
  0.3811713572E+00  0.7321014187E+00 -0.6783846297E-02
  0.3850215729E+00  0.7116993008E+00 -0.4004374177E-02
  0.3889106797E+00  0.6879555328E+00 -0.1282670614E-02
  0.3928390704E+00  0.6651046301E+00  0.1375003869E-02
  0.3968071418E+00  0.6468882044E+00  0.3978044503E-02
  0.4008152948E+00  0.6342127741E+00  0.6545468835E-02
  0.4048639341E+00  0.6191423310E+00  0.9082660228E-02
  0.4089534688E+00  0.6063879616E+00  0.1158858455E-01
  0.4130843119E+00  0.5985563417E+00  0.1407730249E-01
  0.4172568807E+00  0.5928179715E+00  0.1656284814E-01
  0.4214715967E+00  0.5791026850E+00  0.1903250449E-01
  0.4257288855E+00  0.5683890741E+00  0.2147510643E-01
  0.4300291773E+00  0.5615049502E+00  0.2390454342E-01
  0.4343729064E+00  0.5584825406E+00  0.2633700453E-01
  0.4387605115E+00  0.5540768531E+00  0.2877774017E-01
  0.4431924359E+00  0.5460598612E+00  0.3121560152E-01
  0.4476691271E+00  0.5343295508E+00  0.3363388645E-01
  0.4521910375E+00  0.5260533316E+00  0.3603136463E-01
  0.4567586237E+00  0.5302907369E+00  0.3844383594E-01
  0.4613723472E+00  0.5427104112E+00  0.4091910123E-01
  0.4660326740E+00  0.5541562408E+00  0.4347497972E-01
  0.4707400747E+00  0.5653764225E+00  0.4611002417E-01
  0.4754950250E+00  0.5815568093E+00  0.4883682940E-01
  0.4802980050E+00  0.6004668890E+00  0.5167544752E-01
  0.4851495000E+00  0.6316443783E+00  0.5466423835E-01
  0.4900500000E+00  0.6660848224E+00  0.5784399932E-01
  0.4950000000E+00  0.7027761072E+00  0.6123193012E-01
  0.5000000000E+00  0.7338573718E+00  0.6481996987E-01
  0.5050000000E+00  0.7530685859E+00  0.6853728477E-01
  0.5099500000E+00  0.7677005329E+00  0.7230118834E-01
  0.5148505000E+00  0.7734281412E+00  0.7607733887E-01
  0.5197019950E+00  0.7695916081E+00  0.7982031517E-01
  0.5245049750E+00  0.7642270733E+00  0.8350376543E-01
  0.5292599253E+00  0.7677160056E+00  0.8714592200E-01
  0.5339673260E+00  0.7724107553E+00  0.9077091893E-01
  0.5386276528E+00  0.7770237555E+00  0.9438135447E-01
  0.5432413763E+00  0.7869202234E+00  0.9798915699E-01
  0.5478089625E+00  0.8025946571E+00  0.1016192801E+00
  0.5523308729E+00  0.8247098217E+00  0.1052985426E+00
  0.5568075641E+00  0.8516241482E+00  0.1090507575E+00
  0.5612394885E+00  0.8750762271E+00  0.1128770602E+00
  0.5656270936E+00  0.8900407296E+00  0.1167493783E+00
  0.5699708227E+00  0.8982501027E+00  0.1206333037E+00
  0.5742711145E+00  0.9011683069E+00  0.1245023158E+00
  0.5785284033E+00  0.8939808771E+00  0.1283235501E+00
  0.5827431193E+00  0.8806490043E+00  0.1320633306E+00
  0.5869156881E+00  0.8685163304E+00  0.1357125869E+00
  0.5910465312E+00  0.8650469125E+00  0.1392931258E+00
  0.5951360659E+00  0.8611710530E+00  0.1428228399E+00
  0.5991847052E+00  0.8559409111E+00  0.1462988235E+00
  0.6031928582E+00  0.8508614095E+00  0.1497193858E+00
  0.6071609296E+00  0.8490799738E+00  0.1530921303E+00
  0.6110893203E+00  0.8487039709E+00  0.1564269096E+00
  0.6149784271E+00  0.8526986703E+00  0.1597353779E+00
  0.6188286428E+00  0.8565681030E+00  0.1630259008E+00
  0.6226403564E+00  0.8591145198E+00  0.1662957462E+00
  0.6264139528E+00  0.8637803987E+00  0.1695465012E+00
  0.6301498133E+00  0.8694529374E+00  0.1727840602E+00
  0.6338483152E+00  0.8755249952E+00  0.1760109622E+00
  0.6375098320E+00  0.8873129074E+00  0.1792382926E+00
  0.6411347337E+00  0.8987195483E+00  0.1824753886E+00
  0.6447233864E+00  0.9157087872E+00  0.1857310651E+00
  0.6482761525E+00  0.9352736399E+00  0.1890191190E+00
  0.6517933910E+00  0.9558493846E+00  0.1923448843E+00
  0.6552754571E+00  0.9738338371E+00  0.1957045266E+00
  0.6587227025E+00  0.9862284234E+00  0.1990829344E+00
  0.6621354755E+00  0.9948716383E+00  0.2024634568E+00
  0.6655141207E+00  0.1007379603E+01  0.2058459051E+00
  0.6688589795E+00  0.1022940486E+01  0.2092414721E+00
  0.6721703897E+00  0.1037975584E+01  0.2126537414E+00
  0.6754486858E+00  0.1056040058E+01  0.2160861430E+00
  0.6786941990E+00  0.1073237134E+01  0.2195414416E+00
  0.6819072570E+00  0.1094407637E+01  0.2230238258E+00
  0.6850881844E+00  0.1116165795E+01  0.2265396626E+00
  0.6882373026E+00  0.1132917291E+01  0.2300809768E+00
  0.6913549295E+00  0.1147384355E+01  0.2336355418E+00
  0.6944413802E+00  0.1162045010E+01  0.2371995117E+00
  0.6974969664E+00  0.1178636092E+01  0.2407755881E+00
  0.7005219968E+00  0.1194301033E+01  0.2443646915E+00
  0.7035167768E+00  0.1206021619E+01  0.2479589107E+00
  0.7064816090E+00  0.1215416844E+01  0.2515484901E+00
  0.7094167929E+00  0.1222433722E+01  0.2551262600E+00
  0.7123226250E+00  0.1230133320E+01  0.2586896340E+00
  0.7151993988E+00  0.1238802004E+01  0.2622409181E+00
  0.7180474048E+00  0.1249306382E+01  0.2657839919E+00
  0.7208669307E+00  0.1259302632E+01  0.2693205361E+00
  0.7236582614E+00  0.1272191992E+01  0.2728536554E+00
  0.7264216788E+00  0.1279334904E+01  0.2763791223E+00
  0.7291574620E+00  0.1281073262E+01  0.2798814831E+00
  0.7318658874E+00  0.1287042648E+01  0.2833592583E+00
  0.7345472285E+00  0.1298436512E+01  0.2868255341E+00
  0.7372017562E+00  0.1315810769E+01  0.2902953300E+00
  0.7398297387E+00  0.1337297736E+01  0.2937814913E+00
  0.7424314413E+00  0.1362459890E+01  0.2972934745E+00
  0.7450071269E+00  0.1387704672E+01  0.3008352541E+00
  0.7475570556E+00  0.1410456977E+01  0.3044028105E+00
  0.7500814851E+00  0.1433494922E+01  0.3079924885E+00
  0.7525806702E+00  0.1456605495E+01  0.3116039365E+00
  0.7550548635E+00  0.1479766205E+01  0.3152365121E+00
  0.7575043149E+00  0.1504466973E+01  0.3188913791E+00
  0.7599292717E+00  0.1532939395E+01  0.3225741688E+00
  0.7623299790E+00  0.1562344528E+01  0.3262896041E+00
  0.7647066792E+00  0.1592811569E+01  0.3300390342E+00
  0.7670596124E+00  0.1624106111E+01  0.3338236304E+00
  0.7693890163E+00  0.1655336258E+01  0.3376432033E+00
  0.7716951261E+00  0.1685847911E+01  0.3414957721E+00
  0.7739781749E+00  0.1715624328E+01  0.3453786356E+00
  0.7762383931E+00  0.1740686596E+01  0.3492846441E+00
  0.7784760092E+00  0.1766285549E+01  0.3532082727E+00
  0.7806912491E+00  0.1793430528E+01  0.3571510853E+00
  0.7828843366E+00  0.1817258832E+01  0.3611103641E+00
  0.7850554932E+00  0.1838594614E+01  0.3650790794E+00
  0.7872049383E+00  0.1858710965E+01  0.3690526570E+00
  0.7893328889E+00  0.1878222176E+01  0.3730286616E+00
  0.7914395600E+00  0.1898069187E+01  0.3770063635E+00
  0.7935251644E+00  0.1915781885E+01  0.3809834558E+00
  0.7955899128E+00  0.1928811434E+01  0.3849525147E+00
  0.7976340137E+00  0.1938479493E+01  0.3889050811E+00
  0.7996576735E+00  0.1943485373E+01  0.3928329693E+00
  0.8016610968E+00  0.1946476728E+01  0.3967295896E+00
  0.8036444858E+00  0.1948270982E+01  0.4005919896E+00
  0.8056080410E+00  0.1951322821E+01  0.4044205233E+00
  0.8075519606E+00  0.1956413351E+01  0.4082186857E+00
  0.8094764409E+00  0.1962480736E+01  0.4119896031E+00
  0.8113816765E+00  0.1967764108E+01  0.4157336243E+00
  0.8132678598E+00  0.1975156968E+01  0.4194521601E+00
  0.8151351812E+00  0.1984796332E+01  0.4231494129E+00
  0.8169838294E+00  0.1996680553E+01  0.4268295879E+00
  0.8188139911E+00  0.2010704629E+01  0.4304966694E+00
  0.8206258512E+00  0.2024295206E+01  0.4341520970E+00
  0.8224195926E+00  0.2037742549E+01  0.4377952198E+00
  0.8241953967E+00  0.2051742829E+01  0.4414262822E+00
  0.8259534428E+00  0.2067540773E+01  0.4450472273E+00
  0.8276939083E+00  0.2084137472E+01  0.4486601538E+00
  0.8294169692E+00  0.2102494573E+01  0.4522670648E+00
  0.8311227996E+00  0.2121494151E+01  0.4558697688E+00
  0.8328115716E+00  0.2141008215E+01  0.4594689662E+00
  0.8344834558E+00  0.2160288514E+01  0.4630646014E+00
  0.8361386213E+00  0.2179610535E+01  0.4666562268E+00
  0.8377772351E+00  0.2195654028E+01  0.4702409112E+00
  0.8393994627E+00  0.2213618869E+01  0.4738173334E+00
  0.8410054681E+00  0.2231501232E+01  0.4773867768E+00
  0.8425954134E+00  0.2249957523E+01  0.4809494140E+00
  0.8441694593E+00  0.2270073373E+01  0.4845067820E+00
  0.8457277647E+00  0.2290087448E+01  0.4880598436E+00
  0.8472704870E+00  0.2309924362E+01  0.4916081141E+00
  0.8487977822E+00  0.2328382781E+01  0.4951501461E+00
  0.8503098043E+00  0.2346751977E+01  0.4986845998E+00
  0.8518067063E+00  0.2365858202E+01  0.5022117575E+00
  0.8532886392E+00  0.2385999976E+01  0.5057327251E+00
  0.8547557528E+00  0.2406171143E+01  0.5092480548E+00
  0.8562081953E+00  0.2425161430E+01  0.5127566711E+00
  0.8576461134E+00  0.2444467298E+01  0.5162577346E+00
  0.8590696522E+00  0.2465512487E+01  0.5197525082E+00
  0.8604789557E+00  0.2487063665E+01  0.5232423496E+00
  0.8618741662E+00  0.2511176731E+01  0.5267291482E+00
  0.8632554245E+00  0.2536545835E+01  0.5302152526E+00
  0.8646228702E+00  0.2562778860E+01  0.5337017776E+00
  0.8659766415E+00  0.2588789340E+01  0.5371888001E+00
  0.8673168751E+00  0.2611645655E+01  0.5406736990E+00
  0.8686437064E+00  0.2634084767E+01  0.5441537985E+00
  0.8699572693E+00  0.2656482144E+01  0.5476285448E+00
  0.8712576966E+00  0.2679383070E+01  0.5510979972E+00
  0.8725451197E+00  0.2701690037E+01  0.5545618559E+00
  0.8738196685E+00  0.2723645976E+01  0.5580192837E+00
  0.8750814718E+00  0.2745020033E+01  0.5614694741E+00
  0.8763306571E+00  0.2765858282E+01  0.5649115282E+00
  0.8775673505E+00  0.2786177411E+01  0.5683446112E+00
  0.8787916770E+00  0.2805305539E+01  0.5717675116E+00
  0.8800037602E+00  0.2825378822E+01  0.5751799406E+00
  0.8812037226E+00  0.2846602329E+01  0.5785830227E+00
  0.8823916854E+00  0.2868806240E+01  0.5819778690E+00
  0.8835677685E+00  0.2889963532E+01  0.5853642650E+00
  0.8847320908E+00  0.2912200609E+01  0.5887420596E+00
  0.8858847699E+00  0.2935939842E+01  0.5921125742E+00
  0.8870259222E+00  0.2960485328E+01  0.5954769338E+00
  0.8881556630E+00  0.2985287302E+01  0.5988355247E+00
  0.8892741064E+00  0.3010646999E+01  0.6021885812E+00
  0.8903813653E+00  0.3035840925E+01  0.6055360951E+00
  0.8914775517E+00  0.3060957858E+01  0.6088777089E+00
  0.8925627761E+00  0.3084942057E+01  0.6122125494E+00
  0.8936371484E+00  0.3108294149E+01  0.6155394699E+00
  0.8947007769E+00  0.3131474567E+01  0.6188578679E+00
  0.8957537691E+00  0.3153898430E+01  0.6221670924E+00
  0.8967962314E+00  0.3173604799E+01  0.6254651842E+00
  0.8978282691E+00  0.3191332170E+01  0.6287496116E+00
  0.8988499864E+00  0.3207678532E+01  0.6320186016E+00
  0.8998614866E+00  0.3221821635E+01  0.6352703217E+00
  0.9008628717E+00  0.3234495504E+01  0.6385029517E+00
  0.9018542430E+00  0.3246837376E+01  0.6417156554E+00
  0.9028357006E+00  0.3257804259E+01  0.6449076703E+00
  0.9038073436E+00  0.3266549312E+01  0.6480773415E+00
  0.9047692701E+00  0.3273363334E+01  0.6512227993E+00
  0.9057215774E+00  0.3279279130E+01  0.6543428639E+00
  0.9066643616E+00  0.3284417248E+01  0.6574369387E+00
  0.9075977180E+00  0.3288706641E+01  0.6605044722E+00
  0.9085217408E+00  0.3292509104E+01  0.6635450690E+00
  0.9094365234E+00  0.3295958180E+01  0.6665585766E+00
  0.9103421582E+00  0.3299530486E+01  0.6695451285E+00
  0.9112387366E+00  0.3303032589E+01  0.6725049863E+00
  0.9121263493E+00  0.3306415588E+01  0.6754383011E+00
  0.9130050858E+00  0.3309866996E+01  0.6783452856E+00
  0.9138750349E+00  0.3313461585E+01  0.6812262652E+00
  0.9147362846E+00  0.3317701601E+01  0.6840818086E+00
  0.9155889217E+00  0.3322387206E+01  0.6869126019E+00
  0.9164330325E+00  0.3327895268E+01  0.6897193894E+00
  0.9172687022E+00  0.3333811294E+01  0.6925028825E+00
  0.9180960151E+00  0.3340557016E+01  0.6952637783E+00
  0.9189150550E+00  0.3347237671E+01  0.6980025634E+00
  0.9197259044E+00  0.3353610603E+01  0.7007192530E+00
  0.9205286454E+00  0.3359842130E+01  0.7034138347E+00
  0.9213233589E+00  0.3365592541E+01  0.7060862318E+00
  0.9221101254E+00  0.3371246528E+01  0.7087363911E+00
  0.9228890241E+00  0.3377441360E+01  0.7113646634E+00
  0.9236601339E+00  0.3383740793E+01  0.7139714702E+00
  0.9244235325E+00  0.3391025915E+01  0.7165573941E+00
  0.9251792972E+00  0.3398553278E+01  0.7191230561E+00
  0.9259275042E+00  0.3405917466E+01  0.7216686325E+00
  0.9266682292E+00  0.3413002367E+01  0.7241941046E+00
  0.9274015469E+00  0.3419897646E+01  0.7266994479E+00
  0.9281275314E+00  0.3426592347E+01  0.7291846708E+00
  0.9288462561E+00  0.3432809951E+01  0.7316496817E+00
  0.9295577935E+00  0.3438462678E+01  0.7340942655E+00
  0.9302622156E+00  0.3442876242E+01  0.7365179490E+00
  0.9309595935E+00  0.3446594203E+01  0.7389202310E+00
  0.9316499975E+00  0.3449894280E+01  0.7413009129E+00
  0.9323334975E+00  0.3453208489E+01  0.7436600483E+00
  0.9330101626E+00  0.3456496359E+01  0.7459978261E+00
  0.9336800609E+00  0.3459756594E+01  0.7483144195E+00
  0.9343432603E+00  0.3463056036E+01  0.7506100220E+00
  0.9349998277E+00  0.3465948845E+01  0.7528847014E+00
  0.9356498295E+00  0.3468931730E+01  0.7551385435E+00
  0.9362933312E+00  0.3472042420E+01  0.7573718079E+00
  0.9369303978E+00  0.3474936511E+01  0.7595846523E+00
  0.9375610939E+00  0.3477762389E+01  0.7617771721E+00
  0.9381854829E+00  0.3480795016E+01  0.7639495956E+00
  0.9388036281E+00  0.3484107498E+01  0.7661022561E+00
  0.9394155918E+00  0.3487846110E+01  0.7682355474E+00
  0.9400214359E+00  0.3492235705E+01  0.7703499680E+00
  0.9406212215E+00  0.3496319232E+01  0.7724457855E+00
  0.9412150093E+00  0.3500705264E+01  0.7745231593E+00
  0.9418028592E+00  0.3504911975E+01  0.7765822850E+00
  0.9423848306E+00  0.3509002544E+01  0.7786232339E+00
  0.9429609823E+00  0.3513584650E+01  0.7806462716E+00
  0.9435313725E+00  0.3518718591E+01  0.7826518500E+00
  0.9440960588E+00  0.3524364618E+01  0.7846404162E+00
  0.9446550982E+00  0.3530245828E+01  0.7866123188E+00
  0.9452085472E+00  0.3536212881E+01  0.7885677811E+00
  0.9457564617E+00  0.3541727647E+01  0.7905068344E+00
  0.9462988971E+00  0.3546422348E+01  0.7924292660E+00
  0.9468359082E+00  0.3551232846E+01  0.7943350256E+00
  0.9473675491E+00  0.3555867364E+01  0.7962242382E+00
  0.9478938736E+00  0.3560587611E+01  0.7980970206E+00
  0.9484149348E+00  0.3565346957E+01  0.7999535448E+00
  0.9489307855E+00  0.3570094404E+01  0.8017939558E+00
  0.9494414776E+00  0.3574980318E+01  0.8036184226E+00
  0.9499470629E+00  0.3579810689E+01  0.8054271009E+00
  0.9504475922E+00  0.3584634630E+01  0.8072201086E+00
  0.9509431163E+00  0.3589466212E+01  0.8089975784E+00
  0.9514336852E+00  0.3594292545E+01  0.8107596425E+00
  0.9519193483E+00  0.3599236094E+01  0.8125064584E+00
  0.9524001548E+00  0.3604573758E+01  0.8142382778E+00
  0.9528761533E+00  0.3609894025E+01  0.8159553155E+00
  0.9533473917E+00  0.3615164056E+01  0.8176576782E+00
  0.9538139178E+00  0.3620377799E+01  0.8193454627E+00
  0.9542757786E+00  0.3625530505E+01  0.8210187632E+00
  0.9547330209E+00  0.3630618659E+01  0.8226776721E+00
  0.9551856906E+00  0.3635824104E+01  0.8243223217E+00
  0.9556338337E+00  0.3641094265E+01  0.8259528720E+00
  0.9560774954E+00  0.3646384806E+01  0.8275694596E+00
  0.9565167205E+00  0.3651423964E+01  0.8291721497E+00
  0.9569515532E+00  0.3656390066E+01  0.8307609884E+00
  0.9573820377E+00  0.3661284847E+01  0.8323360610E+00
  0.9578082173E+00  0.3666110631E+01  0.8338974544E+00
  0.9582301352E+00  0.3670870237E+01  0.8354452559E+00
  0.9586478338E+00  0.3675657896E+01  0.8369795733E+00
  0.9590613555E+00  0.3680519034E+01  0.8385005426E+00
  0.9594707419E+00  0.3685226357E+01  0.8400082607E+00
  0.9598760345E+00  0.3689895218E+01  0.8415028018E+00
  0.9602772742E+00  0.3694489237E+01  0.8429842557E+00
  0.9606745014E+00  0.3698989905E+01  0.8444527014E+00
  0.9610677564E+00  0.3703462449E+01  0.8459082271E+00
  0.9614570788E+00  0.3707910913E+01  0.8473509340E+00
  0.9618425080E+00  0.3712295012E+01  0.8487809161E+00
  0.9622240830E+00  0.3716623769E+01  0.8501982606E+00
  0.9626018421E+00  0.3721084839E+01  0.8516030920E+00
  0.9629758237E+00  0.3725699190E+01  0.8529955720E+00
  0.9633460655E+00  0.3730387508E+01  0.8543758493E+00
  0.9637126048E+00  0.3735003287E+01  0.8557440290E+00
  0.9640754788E+00  0.3739746096E+01  0.8571002250E+00
  0.9644347240E+00  0.3744572204E+01  0.8584445777E+00
  0.9647903767E+00  0.3749393290E+01  0.8597772025E+00
  0.9651424730E+00  0.3754190753E+01  0.8610981943E+00
  0.9654910483E+00  0.3758651732E+01  0.8624075899E+00
  0.9658361378E+00  0.3762769937E+01  0.8637053718E+00
  0.9661777764E+00  0.3766921176E+01  0.8649915884E+00
  0.9665159986E+00  0.3771289842E+01  0.8662663837E+00
  0.9668508386E+00  0.3775837891E+01  0.8675299239E+00
  0.9671823303E+00  0.3780320842E+01  0.8687823255E+00
  0.9675105070E+00  0.3784513056E+01  0.8700236266E+00
  0.9678354019E+00  0.3788778135E+01  0.8712538886E+00
  0.9681570479E+00  0.3793062153E+01  0.8724732228E+00
  0.9684754774E+00  0.3797345272E+01  0.8736817277E+00
  0.9687907226E+00  0.3801625607E+01  0.8748794973E+00
  0.9691028154E+00  0.3805901159E+01  0.8760666244E+00
  0.9694117872E+00  0.3810169841E+01  0.8772432002E+00
  0.9697176694E+00  0.3814498306E+01  0.8784093250E+00
  0.9700204927E+00  0.3818827164E+01  0.8795650994E+00
  0.9703202877E+00  0.3823138330E+01  0.8807106113E+00
  0.9706170849E+00  0.3827429605E+01  0.8818459445E+00
  0.9709109140E+00  0.3831698802E+01  0.8829711821E+00
  0.9712018049E+00  0.3835943760E+01  0.8840864057E+00
  0.9714897868E+00  0.3840171751E+01  0.8851916971E+00
  0.9717748890E+00  0.3844376420E+01  0.8862871376E+00
  0.9720571401E+00  0.3848480753E+01  0.8873727963E+00
  0.9723365687E+00  0.3852510789E+01  0.8884487350E+00
  0.9726132030E+00  0.3856480914E+01  0.8895150208E+00
  0.9728870709E+00  0.3860503781E+01  0.8905717382E+00
  0.9731582002E+00  0.3864485429E+01  0.8916189737E+00
  0.9734266182E+00  0.3868426870E+01  0.8926568001E+00
  0.9736923521E+00  0.3872327921E+01  0.8936852902E+00
  0.9739554285E+00  0.3876187234E+01  0.8947045163E+00
  0.9742158742E+00  0.3880003572E+01  0.8957145496E+00
  0.9744737155E+00  0.3883775805E+01  0.8967154609E+00
  0.9747289784E+00  0.3887452592E+01  0.8977073139E+00
  0.9749816886E+00  0.3891077615E+01  0.8986901709E+00
  0.9752318717E+00  0.3894672776E+01  0.8996641025E+00
  0.9754795530E+00  0.3898221541E+01  0.9006291796E+00
  0.9757247574E+00  0.3901722022E+01  0.9015854701E+00
  0.9759675099E+00  0.3905193919E+01  0.9025330440E+00
  0.9762078348E+00  0.3908619404E+01  0.9034719709E+00
  0.9764457564E+00  0.3911994914E+01  0.9044023177E+00
  0.9766812989E+00  0.3915320368E+01  0.9053241501E+00
  0.9769144859E+00  0.3918595770E+01  0.9062375339E+00
  0.9771453410E+00  0.3921821208E+01  0.9071425342E+00
  0.9773738876E+00  0.3924996846E+01  0.9080392159E+00
  0.9776001487E+00  0.3928122923E+01  0.9089276438E+00
  0.9778241472E+00  0.3931199745E+01  0.9098078821E+00
  0.9780459058E+00  0.3934230127E+01  0.9106799951E+00
  0.9782654467E+00  0.3937168716E+01  0.9115440423E+00
  0.9784827922E+00  0.3940131507E+01  0.9124000903E+00
  0.9786979643E+00  0.3942961802E+01  0.9132482011E+00
  0.9789109847E+00  0.3945731562E+01  0.9140884272E+00
  0.9791218748E+00  0.3948525923E+01  0.9149208378E+00
  0.9793306561E+00  0.3951320401E+01  0.9157455077E+00
  0.9795373495E+00  0.3954069797E+01  0.9165625039E+00
  0.9797419760E+00  0.3956774759E+01  0.9173718881E+00
  0.9799445563E+00  0.3959435966E+01  0.9181737220E+00
  0.9801451107E+00  0.3962054133E+01  0.9189680670E+00
  0.9803436596E+00  0.3964632690E+01  0.9197549845E+00
  0.9805402230E+00  0.3967223388E+01  0.9205345408E+00
  0.9807348208E+00  0.3969772540E+01  0.9213068016E+00
  0.9809274726E+00  0.3972280937E+01  0.9220718271E+00
  0.9811181978E+00  0.3974720231E+01  0.9228296741E+00
  0.9813070158E+00  0.3977061213E+01  0.9235803939E+00
  0.9814939457E+00  0.3979359224E+01  0.9243240401E+00
  0.9816790062E+00  0.3981570637E+01  0.9250606671E+00
  0.9818622162E+00  0.3983749791E+01  0.9257903300E+00
  0.9820435940E+00  0.3985925414E+01  0.9265130912E+00
  0.9822231581E+00  0.3988070377E+01  0.9272290128E+00
  0.9824009265E+00  0.3990134930E+01  0.9279381492E+00
  0.9825769172E+00  0.3992126799E+01  0.9286405513E+00
  0.9827511481E+00  0.3994066282E+01  0.9293362718E+00
  0.9829236366E+00  0.3995979062E+01  0.9300253674E+00
  0.9830944002E+00  0.3997865924E+01  0.9307078964E+00
  0.9832634562E+00  0.3999695980E+01  0.9313839143E+00
  0.9834308216E+00  0.4001496210E+01  0.9320534758E+00
  0.9835965134E+00  0.4003261305E+01  0.9327166371E+00
  0.9837605483E+00  0.4005002827E+01  0.9333734543E+00
  0.9839229428E+00  0.4006724700E+01  0.9340239846E+00
  0.9840837134E+00  0.4008427528E+01  0.9346682849E+00
  0.9842428762E+00  0.4010111893E+01  0.9353064118E+00
  0.9844004475E+00  0.4011778364E+01  0.9359384214E+00
  0.9845564430E+00  0.4013427490E+01  0.9365643695E+00
  0.9847108786E+00  0.4015059804E+01  0.9371843115E+00
  0.9848637698E+00  0.4016675819E+01  0.9377983024E+00
  0.9850151321E+00  0.4018276033E+01  0.9384063968E+00
  0.9851649808E+00  0.4019860924E+01  0.9390086489E+00
  0.9853133310E+00  0.4021473713E+01  0.9396051157E+00
  0.9854601977E+00  0.4023086815E+01  0.9401958547E+00
  0.9856055957E+00  0.4024641824E+01  0.9407809166E+00
  0.9857495397E+00  0.4026131622E+01  0.9413603470E+00
  0.9858920443E+00  0.4027608845E+01  0.9419341946E+00
  0.9860331239E+00  0.4029073888E+01  0.9425025112E+00
  0.9861727926E+00  0.4030527125E+01  0.9430653484E+00
  0.9863110647E+00  0.4031968914E+01  0.9436227575E+00
  0.9864479541E+00  0.4033399595E+01  0.9441747890E+00
  0.9865834745E+00  0.4034819491E+01  0.9447214934E+00
  0.9867176398E+00  0.4036228911E+01  0.9452629205E+00
  0.9868504634E+00  0.4037628144E+01  0.9457991199E+00
  0.9869819588E+00  0.4039017466E+01  0.9463301406E+00
  0.9871121392E+00  0.4040397139E+01  0.9468560314E+00
  0.9872410178E+00  0.4041779477E+01  0.9473768412E+00
  0.9873686076E+00  0.4043193906E+01  0.9478926214E+00
  0.9874949215E+00  0.4044607313E+01  0.9484034223E+00
  0.9876199723E+00  0.4046011987E+01  0.9489092915E+00
  0.9877437726E+00  0.4047405991E+01  0.9494102752E+00
  0.9878663349E+00  0.4048789556E+01  0.9499064192E+00
  0.9879876715E+00  0.4050160818E+01  0.9503977690E+00
  0.9881077948E+00  0.4051519282E+01  0.9508843692E+00
  0.9882267168E+00  0.4052885595E+01  0.9513662655E+00
  0.9883444497E+00  0.4054242065E+01  0.9518435030E+00
  0.9884610052E+00  0.4055588860E+01  0.9523161257E+00
  0.9885763951E+00  0.4056926141E+01  0.9527841771E+00
  0.9886906312E+00  0.4058254055E+01  0.9532477001E+00
  0.9888037249E+00  0.4059572745E+01  0.9537067376E+00
  0.9889156876E+00  0.4060882343E+01  0.9541613318E+00
  0.9890265307E+00  0.4062182976E+01  0.9546115248E+00
  0.9891362654E+00  0.4063460566E+01  0.9550573573E+00
  0.9892449028E+00  0.4064724402E+01  0.9554988695E+00
  0.9893524538E+00  0.4065980338E+01  0.9559361021E+00
  0.9894589292E+00  0.4067242876E+01  0.9563690965E+00
  0.9895643399E+00  0.4068499798E+01  0.9567978937E+00
  0.9896686965E+00  0.4069753665E+01  0.9572225339E+00
  0.9897720096E+00  0.4071008434E+01  0.9576430573E+00
  0.9898742895E+00  0.4072254513E+01  0.9580595034E+00
  0.9899755466E+00  0.4073491986E+01  0.9584719108E+00
  0.9900757911E+00  0.4074723581E+01  0.9588803178E+00
  0.9901750332E+00  0.4075955320E+01  0.9592847630E+00
  0.9902732829E+00  0.4077178382E+01  0.9596852843E+00
  0.9903705500E+00  0.4078392835E+01  0.9600819190E+00
  0.9904668445E+00  0.4079598746E+01  0.9604747039E+00
  0.9905621761E+00  0.4080796177E+01  0.9608636754E+00
  0.9906565543E+00  0.4081985186E+01  0.9612488699E+00
  0.9907499888E+00  0.4083165830E+01  0.9616303231E+00
  0.9908424889E+00  0.4084338162E+01  0.9620080707E+00
  0.9909340640E+00  0.4085502235E+01  0.9623821477E+00
  0.9910247234E+00  0.4086658095E+01  0.9627525891E+00
  0.9911144761E+00  0.4087805791E+01  0.9631194295E+00
  0.9912033314E+00  0.4088946671E+01  0.9634827031E+00
  0.9912912981E+00  0.4090091841E+01  0.9638424446E+00
  0.9913783851E+00  0.4091228535E+01  0.9641986880E+00
  0.9914646012E+00  0.4092356802E+01  0.9645514666E+00
  0.9915499552E+00  0.4093476688E+01  0.9649008133E+00
  0.9916344557E+00  0.4094588239E+01  0.9652467609E+00
  0.9917181111E+00  0.4095691501E+01  0.9655893417E+00
  0.9918009300E+00  0.4096786515E+01  0.9659285876E+00
  0.9918829207E+00  0.4097873325E+01  0.9662645306E+00
  0.9919640915E+00  0.4098951972E+01  0.9665972020E+00
  0.9920444506E+00  0.4100022497E+01  0.9669266330E+00
  0.9921240061E+00  0.4101084938E+01  0.9672528546E+00
  0.9922027660E+00  0.4102139336E+01  0.9675758973E+00
  0.9922807383E+00  0.4103185728E+01  0.9678957915E+00
  0.9923579310E+00  0.4104224153E+01  0.9682125672E+00
  0.9924343516E+00  0.4105254648E+01  0.9685262543E+00
  0.9925100081E+00  0.4106266294E+01  0.9688368817E+00
  0.9925849081E+00  0.4107269377E+01  0.9691444782E+00
  0.9926590590E+00  0.4108265052E+01  0.9694490730E+00
  0.9927324684E+00  0.4109253344E+01  0.9697506945E+00
  0.9928051437E+00  0.4110234279E+01  0.9700493715E+00
  0.9928770923E+00  0.4111207881E+01  0.9703451319E+00
  0.9929483213E+00  0.4112174177E+01  0.9706380039E+00
  0.9930188381E+00  0.4113133192E+01  0.9709280150E+00
  0.9930886497E+00  0.4114084952E+01  0.9712151927E+00
  0.9931577632E+00  0.4115027993E+01  0.9714995641E+00
  0.9932261856E+00  0.4115964926E+01  0.9717811562E+00
  0.9932939238E+00  0.4116894829E+01  0.9720599955E+00
  0.9933609845E+00  0.4117820695E+01  0.9723361086E+00
  0.9934273747E+00  0.4118739852E+01  0.9726095219E+00
  0.9934931009E+00  0.4119656720E+01  0.9728802614E+00
  0.9935581699E+00  0.4120568888E+01  0.9731483529E+00
  0.9936225882E+00  0.4121479676E+01  0.9734138223E+00
  0.9936863623E+00  0.4122382837E+01  0.9736766949E+00
  0.9937494987E+00  0.4123278417E+01  0.9739369954E+00
  0.9938120037E+00  0.4124166461E+01  0.9741947488E+00
  0.9938738837E+00  0.4125047016E+01  0.9744499793E+00
  0.9939351449E+00  0.4125920126E+01  0.9747027112E+00
  0.9939957934E+00  0.4126785553E+01  0.9749529685E+00
  0.9940558355E+00  0.4127641473E+01  0.9752007749E+00
  0.9941152771E+00  0.4128493436E+01  0.9754461541E+00
  0.9941741243E+00  0.4129338101E+01  0.9756891293E+00
  0.9942323831E+00  0.4130175513E+01  0.9759297238E+00
  0.9942900593E+00  0.4131005719E+01  0.9761679605E+00
  0.9943471587E+00  0.4131828766E+01  0.9764038619E+00
  0.9944036871E+00  0.4132644699E+01  0.9766374507E+00
  0.9944596502E+00  0.4133453564E+01  0.9768687491E+00
  0.9945150537E+00  0.4134255408E+01  0.9770977791E+00
  0.9945699032E+00  0.4135050277E+01  0.9773245626E+00
  0.9946242041E+00  0.4135838217E+01  0.9775491212E+00
  0.9946779621E+00  0.4136619273E+01  0.9777714764E+00
  0.9947311825E+00  0.4137393491E+01  0.9779916495E+00
  0.9947838707E+00  0.4138160917E+01  0.9782096614E+00
  0.9948360320E+00  0.4138921598E+01  0.9784255331E+00
  0.9948876716E+00  0.4139675577E+01  0.9786392851E+00
  0.9949387949E+00  0.4140423640E+01  0.9788509380E+00
  0.9949894070E+00  0.4141165108E+01  0.9790605121E+00
  0.9950395129E+00  0.4141899982E+01  0.9792680275E+00
  0.9950891178E+00  0.4142628309E+01  0.9794735040E+00
  0.9951382266E+00  0.4143350134E+01  0.9796769613E+00
  0.9951868443E+00  0.4144065504E+01  0.9798784190E+00
  0.9952349759E+00  0.4144774466E+01  0.9800778963E+00
  0.9952826261E+00  0.4145477064E+01  0.9802754126E+00
  0.9953297999E+00  0.4146173346E+01  0.9804709867E+00
  0.9953765019E+00  0.4146863356E+01  0.9806646374E+00
  0.9954227368E+00  0.4147547141E+01  0.9808563833E+00
  0.9954685095E+00  0.4148224746E+01  0.9810462430E+00
  0.9955138244E+00  0.4148896217E+01  0.9812342346E+00
  0.9955586861E+00  0.4149561599E+01  0.9814203763E+00
  0.9956030993E+00  0.4150220938E+01  0.9816046860E+00
  0.9956470683E+00  0.4150874278E+01  0.9817871815E+00
  0.9956905976E+00  0.4151521664E+01  0.9819678803E+00
  0.9957336916E+00  0.4152163142E+01  0.9821467999E+00
  0.9957763547E+00  0.4152798757E+01  0.9823239575E+00
  0.9958185912E+00  0.4153428553E+01  0.9824993703E+00
  0.9958604053E+00  0.4154052574E+01  0.9826730552E+00
  0.9959018012E+00  0.4154670866E+01  0.9828450289E+00
  0.9959427832E+00  0.4155283472E+01  0.9830153081E+00
  0.9959833554E+00  0.4155890436E+01  0.9831839093E+00
  0.9960235218E+00  0.4156491803E+01  0.9833508487E+00
  0.9960632866E+00  0.4157087616E+01  0.9835161426E+00
  0.9961026537E+00  0.4157677919E+01  0.9836798068E+00
  0.9961416272E+00  0.4158262755E+01  0.9838418573E+00
  0.9961802109E+00  0.4158842168E+01  0.9840023098E+00
  0.9962184088E+00  0.4159416201E+01  0.9841611797E+00
  0.9962562247E+00  0.4159984898E+01  0.9843184826E+00
  0.9962936625E+00  0.4160548300E+01  0.9844742336E+00
  0.9963307258E+00  0.4161106450E+01  0.9846284480E+00
  0.9963674186E+00  0.4161659392E+01  0.9847811405E+00
  0.9964037444E+00  0.4162207167E+01  0.9849323261E+00
  0.9964397070E+00  0.4162749818E+01  0.9850820195E+00
  0.9964753099E+00  0.4163287386E+01  0.9852302351E+00
  0.9965105568E+00  0.4163819913E+01  0.9853769875E+00
  0.9965454512E+00  0.4164347441E+01  0.9855222908E+00
  0.9965799967E+00  0.4164870011E+01  0.9856661593E+00
  0.9966141967E+00  0.4165387664E+01  0.9858086068E+00
  0.9966480548E+00  0.4165901329E+01  0.9859496474E+00
  0.9966815742E+00  0.4166410309E+01  0.9860892946E+00
  0.9967147585E+00  0.4166914455E+01  0.9862275622E+00
  0.9967476109E+00  0.4167413806E+01  0.9863644636E+00
  0.9967801348E+00  0.4167908406E+01  0.9865000122E+00
  0.9968123334E+00  0.4168398295E+01  0.9866342211E+00
  0.9968442101E+00  0.4168883514E+01  0.9867671035E+00
  0.9968757680E+00  0.4169364103E+01  0.9868986723E+00
  0.9969070103E+00  0.4169840104E+01  0.9870289403E+00
  0.9969379402E+00  0.4170311555E+01  0.9871579203E+00
  0.9969685608E+00  0.4170778497E+01  0.9872856249E+00
  0.9969988752E+00  0.4171240970E+01  0.9874120665E+00
  0.9970288865E+00  0.4171699013E+01  0.9875372575E+00
  0.9970585976E+00  0.4172152664E+01  0.9876612102E+00
  0.9970880116E+00  0.4172601963E+01  0.9877839366E+00
  0.9971171315E+00  0.4173046949E+01  0.9879054488E+00
  0.9971459602E+00  0.4173487659E+01  0.9880257586E+00
  0.9971745006E+00  0.4173924132E+01  0.9881448778E+00
  0.9972027556E+00  0.4174356405E+01  0.9882628181E+00
  0.9972307280E+00  0.4174784516E+01  0.9883795910E+00
  0.9972584207E+00  0.4175208502E+01  0.9884952081E+00
  0.9972858365E+00  0.4175628401E+01  0.9886096805E+00
  0.9973129782E+00  0.4176044249E+01  0.9887230195E+00
  0.9973398484E+00  0.4176456630E+01  0.9888352362E+00
  0.9973664499E+00  0.4176865197E+01  0.9889463418E+00
  0.9973927854E+00  0.4177269794E+01  0.9890563469E+00
  0.9974188575E+00  0.4177670457E+01  0.9891652625E+00
  0.9974446690E+00  0.4178067223E+01  0.9892730993E+00
  0.9974702223E+00  0.4178460127E+01  0.9893798677E+00
  0.9974955201E+00  0.4178849205E+01  0.9894855784E+00
  0.9975205649E+00  0.4179234494E+01  0.9895902417E+00
  0.9975453592E+00  0.4179616027E+01  0.9896938678E+00
  0.9975699056E+00  0.4179993841E+01  0.9897964670E+00
  0.9975942066E+00  0.4180367969E+01  0.9898980494E+00
  0.9976182645E+00  0.4180738446E+01  0.9899986248E+00
  0.9976420819E+00  0.4181105306E+01  0.9900982033E+00
  0.9976656610E+00  0.4181468583E+01  0.9901967947E+00
  0.9976890044E+00  0.4181828311E+01  0.9902944085E+00
  0.9977121144E+00  0.4182184522E+01  0.9903910545E+00
  0.9977349932E+00  0.4182537250E+01  0.9904867421E+00
  0.9977576433E+00  0.4182886527E+01  0.9905814808E+00
  0.9977800669E+00  0.4183232386E+01  0.9906752800E+00
  0.9978022662E+00  0.4183574858E+01  0.9907681487E+00
  0.9978242435E+00  0.4183913977E+01  0.9908600963E+00
  0.9978460011E+00  0.4184249773E+01  0.9909511317E+00
  0.9978675411E+00  0.4184582278E+01  0.9910412640E+00
  0.9978888657E+00  0.4184911523E+01  0.9911305020E+00
  0.9979099770E+00  0.4185237539E+01  0.9912188545E+00
  0.9979308773E+00  0.4185560356E+01  0.9913063303E+00
  0.9979515685E+00  0.4185880005E+01  0.9913929380E+00
  0.9979720528E+00  0.4186196516E+01  0.9914786862E+00
  0.9979923323E+00  0.4186509918E+01  0.9915635832E+00
  0.9980124089E+00  0.4186820242E+01  0.9916476375E+00
  0.9980322849E+00  0.4187127516E+01  0.9917308574E+00
  0.9980519620E+00  0.4187431769E+01  0.9918132512E+00
  0.9980714424E+00  0.4187733031E+01  0.9918948269E+00
  0.9980907280E+00  0.4188031329E+01  0.9919755926E+00
  0.9981098207E+00  0.4188326693E+01  0.9920555563E+00
  0.9981287225E+00  0.4188619149E+01  0.9921347260E+00
  0.9981474353E+00  0.4188908727E+01  0.9922131094E+00
  0.9981659609E+00  0.4189195453E+01  0.9922907143E+00
  0.9981843013E+00  0.4189479355E+01  0.9923675483E+00
  0.9982024583E+00  0.4189760460E+01  0.9924436192E+00
  0.9982204337E+00  0.4190038795E+01  0.9925189344E+00
  0.9982382294E+00  0.4190314386E+01  0.9925935014E+00
  0.9982558471E+00  0.4190587260E+01  0.9926673275E+00
  0.9982732886E+00  0.4190857443E+01  0.9927404201E+00
  0.9982905557E+00  0.4191124960E+01  0.9928127864E+00
  0.9983076502E+00  0.4191389838E+01  0.9928844337E+00
  0.9983245737E+00  0.4191652101E+01  0.9929553689E+00
  0.9983413279E+00  0.4191911769E+01  0.9930255991E+00
  0.9983579146E+00  0.4192168827E+01  0.9930951313E+00
  0.9983743355E+00  0.4192423347E+01  0.9931639724E+00
  0.9983905921E+00  0.4192675355E+01  0.9932321291E+00
  0.9984066862E+00  0.4192924875E+01  0.9932996084E+00
  0.9984226194E+00  0.4193171930E+01  0.9933664168E+00
  0.9984383932E+00  0.4193416545E+01  0.9934325610E+00
  0.9984540092E+00  0.4193658742E+01  0.9934980476E+00
  0.9984694691E+00  0.4193898546E+01  0.9935628830E+00
  0.9984847744E+00  0.4194135980E+01  0.9936270738E+00
  0.9984999267E+00  0.4194371066E+01  0.9936906262E+00
  0.9985149274E+00  0.4194603827E+01  0.9937535465E+00
  0.9985297782E+00  0.4194834287E+01  0.9938158412E+00
  0.9985444804E+00  0.4195062466E+01  0.9938775162E+00
  0.9985590356E+00  0.4195288387E+01  0.9939385778E+00
  0.9985734452E+00  0.4195512073E+01  0.9939990320E+00
  0.9985877108E+00  0.4195733545E+01  0.9940588849E+00
  0.9986018337E+00  0.4195952824E+01  0.9941181423E+00
  0.9986158153E+00  0.4196169932E+01  0.9941768103E+00
  0.9986296572E+00  0.4196384890E+01  0.9942348945E+00
  0.9986433606E+00  0.4196597718E+01  0.9942924008E+00
  0.9986569270E+00  0.4196808439E+01  0.9943493349E+00
  0.9986703577E+00  0.4197017071E+01  0.9944057025E+00
  0.9986836541E+00  0.4197223636E+01  0.9944615092E+00
  0.9986968176E+00  0.4197428153E+01  0.9945167606E+00
  0.9987098494E+00  0.4197630643E+01  0.9945714620E+00
  0.9987227509E+00  0.4197831126E+01  0.9946256191E+00
  0.9987355234E+00  0.4198029621E+01  0.9946792371E+00
  0.9987481682E+00  0.4198226147E+01  0.9947323214E+00
  0.9987606865E+00  0.4198420723E+01  0.9947848774E+00
  0.9987730796E+00  0.4198613370E+01  0.9948369102E+00
  0.9987853488E+00  0.4198804105E+01  0.9948884250E+00
  0.9987974954E+00  0.4198992948E+01  0.9949394270E+00
  0.9988095204E+00  0.4199179916E+01  0.9949899212E+00
  0.9988214252E+00  0.4199365029E+01  0.9950399126E+00
  0.9988332109E+00  0.4199548304E+01  0.9950894064E+00
  0.9988448788E+00  0.4199729759E+01  0.9951384073E+00
  0.9988564300E+00  0.4199909413E+01  0.9951869203E+00
  0.9988678657E+00  0.4200087283E+01  0.9952349502E+00
  0.9988791871E+00  0.4200263386E+01  0.9952825019E+00
  0.9988903952E+00  0.4200437740E+01  0.9953295799E+00
  0.9989014913E+00  0.4200610362E+01  0.9953761891E+00
  0.9989124764E+00  0.4200781269E+01  0.9954223342E+00
  0.9989233516E+00  0.4200950478E+01  0.9954680196E+00
  0.9989341181E+00  0.4201118006E+01  0.9955132499E+00
  0.9989447769E+00  0.4201283868E+01  0.9955580298E+00
  0.9989553291E+00  0.4201448082E+01  0.9956023636E+00
  0.9989657758E+00  0.4201610664E+01  0.9956462557E+00
  0.9989761181E+00  0.4201771629E+01  0.9956897106E+00
  0.9989863569E+00  0.4201930994E+01  0.9957327326E+00
  0.9989964933E+00  0.4202088774E+01  0.9957753260E+00
  0.9990065284E+00  0.4202244986E+01  0.9958174950E+00
  0.9990164631E+00  0.4202399644E+01  0.9958592439E+00
  0.9990262985E+00  0.4202552763E+01  0.9959005768E+00
  0.9990360355E+00  0.4202704360E+01  0.9959414979E+00
  0.9990456751E+00  0.4202854448E+01  0.9959820112E+00
  0.9990552184E+00  0.4203003043E+01  0.9960221208E+00
  0.9990646662E+00  0.4203150160E+01  0.9960618307E+00
  0.9990740195E+00  0.4203295813E+01  0.9961011448E+00
  0.9990832793E+00  0.4203440016E+01  0.9961400672E+00
  0.9990924466E+00  0.4203582785E+01  0.9961786016E+00
  0.9991015221E+00  0.4203724132E+01  0.9962167520E+00
  0.9991105069E+00  0.4203864072E+01  0.9962545222E+00
  0.9991194018E+00  0.4204002620E+01  0.9962919159E+00
  0.9991282078E+00  0.4204139788E+01  0.9963289369E+00
  0.9991369257E+00  0.4204275590E+01  0.9963655888E+00
  0.9991455564E+00  0.4204410041E+01  0.9964018754E+00
  0.9991541009E+00  0.4204543152E+01  0.9964378003E+00
  0.9991625599E+00  0.4204674939E+01  0.9964733671E+00
  0.9991709343E+00  0.4204805412E+01  0.9965085793E+00
  0.9991792249E+00  0.4204934586E+01  0.9965434404E+00
  0.9991874327E+00  0.4205062474E+01  0.9965779540E+00
  0.9991955584E+00  0.4205189088E+01  0.9966121234E+00
  0.9992036028E+00  0.4205314440E+01  0.9966459522E+00
  0.9992115667E+00  0.4205438544E+01  0.9966794437E+00
  0.9992194511E+00  0.4205561411E+01  0.9967126013E+00
  0.9992272566E+00  0.4205683054E+01  0.9967454282E+00
  0.9992349840E+00  0.4205803486E+01  0.9967779278E+00
  0.9992426342E+00  0.4205922717E+01  0.9968101034E+00
  0.9992502078E+00  0.4206040760E+01  0.9968419580E+00
  0.9992577057E+00  0.4206157626E+01  0.9968734950E+00
  0.9992651287E+00  0.4206273328E+01  0.9969047175E+00
  0.9992724774E+00  0.4206387877E+01  0.9969356287E+00
  0.9992797526E+00  0.4206501284E+01  0.9969662315E+00
  0.9992869551E+00  0.4206613560E+01  0.9969965291E+00
  0.9992940855E+00  0.4206724718E+01  0.9970265246E+00
  0.9993011447E+00  0.4206834767E+01  0.9970562208E+00
  0.9993081332E+00  0.4206943719E+01  0.9970856209E+00
  0.9993150519E+00  0.4207051585E+01  0.9971147277E+00
  0.9993219014E+00  0.4207158376E+01  0.9971435442E+00
  0.9993286824E+00  0.4207264101E+01  0.9971720732E+00
  0.9993353956E+00  0.4207368773E+01  0.9972003177E+00
  0.9993420416E+00  0.4207472401E+01  0.9972282804E+00
  0.9993486212E+00  0.4207574995E+01  0.9972559642E+00
  0.9993551350E+00  0.4207676566E+01  0.9972833717E+00
  0.9993615836E+00  0.4207777124E+01  0.9973105059E+00
  0.9993679678E+00  0.4207876680E+01  0.9973373694E+00
  0.9993742881E+00  0.4207975242E+01  0.9973639648E+00
  0.9993805452E+00  0.4208072821E+01  0.9973902949E+00
  0.9993867398E+00  0.4208169427E+01  0.9974163623E+00
  0.9993928724E+00  0.4208265070E+01  0.9974421696E+00
  0.9993989436E+00  0.4208359758E+01  0.9974677195E+00
  0.9994049542E+00  0.4208453502E+01  0.9974930144E+00
  0.9994109047E+00  0.4208546310E+01  0.9975180569E+00
  0.9994167956E+00  0.4208638193E+01  0.9975428495E+00
  0.9994226277E+00  0.4208729159E+01  0.9975673947E+00
  0.9994284014E+00  0.4208819217E+01  0.9975916950E+00
  0.9994341174E+00  0.4208908376E+01  0.9976157528E+00
  0.9994397762E+00  0.4208996646E+01  0.9976395705E+00
  0.9994453784E+00  0.4209084036E+01  0.9976631506E+00
  0.9994509247E+00  0.4209170553E+01  0.9976864953E+00
  0.9994564154E+00  0.4209256207E+01  0.9977096071E+00
  0.9994618513E+00  0.4209341006E+01  0.9977324882E+00
  0.9994672327E+00  0.4209424959E+01  0.9977551409E+00
  0.9994725604E+00  0.4209508074E+01  0.9977775676E+00
  0.9994778348E+00  0.4209590359E+01  0.9977997704E+00
  0.9994830565E+00  0.4209671823E+01  0.9978217516E+00
  0.9994882259E+00  0.4209752474E+01  0.9978435135E+00
  0.9994933436E+00  0.4209832320E+01  0.9978650581E+00
  0.9994984102E+00  0.4209911370E+01  0.9978863877E+00
  0.9995034261E+00  0.4209989630E+01  0.9979075044E+00
  0.9995083918E+00  0.4210067109E+01  0.9979284103E+00
  0.9995133079E+00  0.4210143814E+01  0.9979491075E+00
  0.9995181748E+00  0.4210219754E+01  0.9979695981E+00
  0.9995229931E+00  0.4210294935E+01  0.9979898842E+00
  0.9995277632E+00  0.4210369367E+01  0.9980099678E+00
  0.9995324855E+00  0.4210443055E+01  0.9980298508E+00
  0.9995371607E+00  0.4210516007E+01  0.9980495354E+00
  0.9995417891E+00  0.4210588231E+01  0.9980690235E+00
  0.9995463712E+00  0.4210659734E+01  0.9980883171E+00
  0.9995509075E+00  0.4210730523E+01  0.9981074180E+00
  0.9995553984E+00  0.4210800605E+01  0.9981263282E+00
  0.9995598444E+00  0.4210869988E+01  0.9981450497E+00
  0.9995642460E+00  0.4210938677E+01  0.9981635842E+00
  0.9995686035E+00  0.4211006681E+01  0.9981819337E+00
  0.9995729175E+00  0.4211074006E+01  0.9982001000E+00
  0.9995771883E+00  0.4211140658E+01  0.9982180849E+00
  0.9995814164E+00  0.4211206645E+01  0.9982358902E+00
  0.9995856022E+00  0.4211271973E+01  0.9982535178E+00
  0.9995897462E+00  0.4211336648E+01  0.9982709693E+00
  0.9995938488E+00  0.4211400678E+01  0.9982882466E+00
  0.9995979103E+00  0.4211464068E+01  0.9983053514E+00
  0.9996019312E+00  0.4211526825E+01  0.9983222854E+00
  0.9996059119E+00  0.4211588956E+01  0.9983390503E+00
  0.9996098527E+00  0.4211650466E+01  0.9983556478E+00
  0.9996137542E+00  0.4211711361E+01  0.9983720795E+00
  0.9996176167E+00  0.4211771648E+01  0.9983883472E+00
  0.9996214405E+00  0.4211831334E+01  0.9984044524E+00
  0.9996252261E+00  0.4211890423E+01  0.9984203968E+00
  0.9996289738E+00  0.4211948921E+01  0.9984361820E+00
  0.9996326841E+00  0.4212006836E+01  0.9984518096E+00
  0.9996363573E+00  0.4212064172E+01  0.9984672810E+00
  0.9996399937E+00  0.4212120935E+01  0.9984825980E+00
  0.9996435938E+00  0.4212177132E+01  0.9984977620E+00
  0.9996471578E+00  0.4212232767E+01  0.9985127746E+00
  0.9996506862E+00  0.4212287846E+01  0.9985276372E+00
  0.9996541794E+00  0.4212342375E+01  0.9985423514E+00
  0.9996576376E+00  0.4212396359E+01  0.9985569186E+00
  0.9996610612E+00  0.4212449804E+01  0.9985713404E+00
  0.9996644506E+00  0.4212502715E+01  0.9985856181E+00
  0.9996678400E+00  0.4212555627E+01  0.9985998960E+00
  0.9996712294E+00  0.4212608539E+01  0.9986141741E+00
  0.9996746188E+00  0.4212661452E+01  0.9986284523E+00
  0.9996780081E+00  0.4212714365E+01  0.9986427308E+00
  0.9996813975E+00  0.4212767279E+01  0.9986570094E+00
  0.9996847869E+00  0.4212820193E+01  0.9986712882E+00
  0.9996881763E+00  0.4212873108E+01  0.9986855671E+00
  0.9996915657E+00  0.4212926023E+01  0.9986998463E+00
  0.9996949551E+00  0.4212978939E+01  0.9987141256E+00
  0.9996983445E+00  0.4213031856E+01  0.9987284051E+00
  0.9997017339E+00  0.4213084773E+01  0.9987426848E+00
  0.9997051232E+00  0.4213137690E+01  0.9987569647E+00
  0.9997085126E+00  0.4213190608E+01  0.9987712447E+00
  0.9997119020E+00  0.4213243527E+01  0.9987855250E+00
  0.9997152914E+00  0.4213296446E+01  0.9987998054E+00
  0.9997186808E+00  0.4213349365E+01  0.9988140860E+00
  0.9997220702E+00  0.4213402285E+01  0.9988283667E+00
  0.9997254596E+00  0.4213455205E+01  0.9988426477E+00
  0.9997288490E+00  0.4213508126E+01  0.9988569288E+00
  0.9997322384E+00  0.4213561048E+01  0.9988712101E+00
  0.9997356277E+00  0.4213613970E+01  0.9988854916E+00
  0.9997390171E+00  0.4213666892E+01  0.9988997732E+00
  0.9997424065E+00  0.4213719815E+01  0.9989140551E+00
  0.9997457959E+00  0.4213772739E+01  0.9989283371E+00
  0.9997491853E+00  0.4213825663E+01  0.9989426193E+00
  0.9997525747E+00  0.4213878587E+01  0.9989569017E+00
  0.9997559641E+00  0.4213931512E+01  0.9989711842E+00
  0.9997593535E+00  0.4213984437E+01  0.9989854670E+00
  0.9997627428E+00  0.4214037363E+01  0.9989997499E+00
  0.9997661322E+00  0.4214090289E+01  0.9990140330E+00
  0.9997695216E+00  0.4214143216E+01  0.9990283163E+00
  0.9997729110E+00  0.4214196143E+01  0.9990425997E+00
  0.9997763004E+00  0.4214249071E+01  0.9990568834E+00
  0.9997796898E+00  0.4214301999E+01  0.9990711672E+00
  0.9997830792E+00  0.4214354928E+01  0.9990854512E+00
  0.9997864686E+00  0.4214407857E+01  0.9990997353E+00
  0.9997898579E+00  0.4214460786E+01  0.9991140197E+00
  0.9997932473E+00  0.4214513716E+01  0.9991283042E+00
  0.9997966367E+00  0.4214566647E+01  0.9991425889E+00
  0.9998000261E+00  0.4214619577E+01  0.9991568738E+00
  0.9998034155E+00  0.4214672509E+01  0.9991711589E+00
  0.9998068049E+00  0.4214725440E+01  0.9991854441E+00
  0.9998101943E+00  0.4214778373E+01  0.9991997296E+00
  0.9998135837E+00  0.4214831305E+01  0.9992140152E+00
  0.9998169731E+00  0.4214884238E+01  0.9992283010E+00
  0.9998203624E+00  0.4214937172E+01  0.9992425869E+00
  0.9998237518E+00  0.4214990106E+01  0.9992568731E+00
  0.9998271412E+00  0.4215043040E+01  0.9992711594E+00
  0.9998305306E+00  0.4215095975E+01  0.9992854459E+00
  0.9998339200E+00  0.4215148910E+01  0.9992997326E+00
  0.9998373094E+00  0.4215201846E+01  0.9993140195E+00
  0.9998406988E+00  0.4215254782E+01  0.9993283065E+00
  0.9998440882E+00  0.4215307718E+01  0.9993425937E+00
  0.9998474775E+00  0.4215360655E+01  0.9993568811E+00
  0.9998508669E+00  0.4215413592E+01  0.9993711687E+00
  0.9998542563E+00  0.4215466530E+01  0.9993854565E+00
  0.9998576457E+00  0.4215519468E+01  0.9993997444E+00
  0.9998610351E+00  0.4215572407E+01  0.9994140325E+00
  0.9998644245E+00  0.4215625346E+01  0.9994283208E+00
  0.9998678139E+00  0.4215678285E+01  0.9994426093E+00
  0.9998712033E+00  0.4215731225E+01  0.9994568980E+00
  0.9998745926E+00  0.4215784165E+01  0.9994711868E+00
  0.9998779820E+00  0.4215837105E+01  0.9994854758E+00
  0.9998813714E+00  0.4215890046E+01  0.9994997650E+00
  0.9998847608E+00  0.4215942988E+01  0.9995140544E+00
  0.9998881502E+00  0.4215995929E+01  0.9995283440E+00
  0.9998915396E+00  0.4216048871E+01  0.9995426337E+00
  0.9998949290E+00  0.4216101814E+01  0.9995569236E+00
  0.9998983184E+00  0.4216154757E+01  0.9995712137E+00
  0.9999017077E+00  0.4216207700E+01  0.9995855040E+00
  0.9999050971E+00  0.4216260643E+01  0.9995997944E+00
  0.9999084865E+00  0.4216313587E+01  0.9996140851E+00
  0.9999118759E+00  0.4216366532E+01  0.9996283759E+00
  0.9999152653E+00  0.4216419476E+01  0.9996426669E+00
  0.9999186547E+00  0.4216472421E+01  0.9996569581E+00
  0.9999220441E+00  0.4216525367E+01  0.9996712494E+00
  0.9999254335E+00  0.4216578312E+01  0.9996855409E+00
  0.9999288229E+00  0.4216631259E+01  0.9996998326E+00
  0.9999322122E+00  0.4216684205E+01  0.9997141245E+00
  0.9999356016E+00  0.4216737152E+01  0.9997284166E+00
  0.9999389910E+00  0.4216790099E+01  0.9997427088E+00
  0.9999423804E+00  0.4216843047E+01  0.9997570013E+00
  0.9999457698E+00  0.4216895994E+01  0.9997712939E+00
  0.9999491592E+00  0.4216948943E+01  0.9997855867E+00
  0.9999525486E+00  0.4217001891E+01  0.9997998796E+00
  0.9999559380E+00  0.4217054840E+01  0.9998141728E+00
  0.9999593273E+00  0.4217107789E+01  0.9998284661E+00
  0.9999627167E+00  0.4217160739E+01  0.9998427596E+00
  0.9999661061E+00  0.4217213689E+01  0.9998570533E+00
  0.9999694955E+00  0.4217266639E+01  0.9998713472E+00
  0.9999728849E+00  0.4217319590E+01  0.9998856412E+00
  0.9999762743E+00  0.4217372541E+01  0.9998999354E+00
  0.9999796637E+00  0.4217425492E+01  0.9999142298E+00
  0.9999830531E+00  0.4217478443E+01  0.9999285244E+00
  0.9999864424E+00  0.4217531395E+01  0.9999428192E+00
  0.9999898318E+00  0.4217584347E+01  0.9999571141E+00
  0.9999932212E+00  0.4217637300E+01  0.9999714092E+00
  0.9999966106E+00  0.4217690253E+01  0.9999857045E+00
  0.1000000000E+01  0.4217743473E+01  0.1000000000E+01
  0.1000000000E+01  0.4217743473E+01  0.1000000000E+01
