  0.0000000000E+00  0.4217743141E+01 -0.1000000000E+01
  0.6996492144E-18  0.4217743141E+01 -0.1000000000E+01
  0.3389387958E-05  0.4217670877E+01 -0.9999857046E+00
  0.6778775916E-05  0.4217598612E+01 -0.9999714094E+00
  0.1016816387E-04  0.4217526348E+01 -0.9999571144E+00
  0.1355755183E-04  0.4217454084E+01 -0.9999428197E+00
  0.1694693979E-04  0.4217381821E+01 -0.9999285252E+00
  0.2033632775E-04  0.4217309558E+01 -0.9999142310E+00
  0.2372571571E-04  0.4217237295E+01 -0.9998999370E+00
  0.2711510367E-04  0.4217165033E+01 -0.9998856433E+00
  0.3050449162E-04  0.4217092770E+01 -0.9998713498E+00
  0.3389387958E-04  0.4217020509E+01 -0.9998570566E+00
  0.3728326754E-04  0.4216948247E+01 -0.9998427636E+00
  0.4067265550E-04  0.4216875986E+01 -0.9998284708E+00
  0.4406204346E-04  0.4216803725E+01 -0.9998141783E+00
  0.4745143141E-04  0.4216731464E+01 -0.9997998861E+00
  0.5084081937E-04  0.4216659204E+01 -0.9997855940E+00
  0.5423020733E-04  0.4216586944E+01 -0.9997713023E+00
  0.5761959529E-04  0.4216514684E+01 -0.9997570107E+00
  0.6100898325E-04  0.4216442425E+01 -0.9997427195E+00
  0.6439837120E-04  0.4216370166E+01 -0.9997284284E+00
  0.6778775916E-04  0.4216297907E+01 -0.9997141376E+00
  0.7117714712E-04  0.4216225649E+01 -0.9996998471E+00
  0.7456653508E-04  0.4216153390E+01 -0.9996855568E+00
  0.7795592304E-04  0.4216081133E+01 -0.9996712667E+00
  0.8134531100E-04  0.4216008875E+01 -0.9996569769E+00
  0.8473469895E-04  0.4215936618E+01 -0.9996426873E+00
  0.8812408691E-04  0.4215864361E+01 -0.9996283980E+00
  0.9151347487E-04  0.4215792104E+01 -0.9996141089E+00
  0.9490286283E-04  0.4215719848E+01 -0.9995998201E+00
  0.9829225079E-04  0.4215647592E+01 -0.9995855315E+00
  0.1016816387E-03  0.4215575337E+01 -0.9995712432E+00
  0.1050710267E-03  0.4215503081E+01 -0.9995569551E+00
  0.1084604147E-03  0.4215430826E+01 -0.9995426672E+00
  0.1118498026E-03  0.4215358572E+01 -0.9995283796E+00
  0.1152391906E-03  0.4215286317E+01 -0.9995140923E+00
  0.1186285785E-03  0.4215214063E+01 -0.9994998051E+00
  0.1220179665E-03  0.4215141810E+01 -0.9994855183E+00
  0.1254073545E-03  0.4215069556E+01 -0.9994712316E+00
  0.1287967424E-03  0.4214997303E+01 -0.9994569453E+00
  0.1321861304E-03  0.4214925050E+01 -0.9994426591E+00
  0.1355755183E-03  0.4214852798E+01 -0.9994283732E+00
  0.1389649063E-03  0.4214780546E+01 -0.9994140876E+00
  0.1423542942E-03  0.4214708294E+01 -0.9993998022E+00
  0.1457436822E-03  0.4214636043E+01 -0.9993855170E+00
  0.1491330702E-03  0.4214563791E+01 -0.9993712321E+00
  0.1525224581E-03  0.4214491541E+01 -0.9993569474E+00
  0.1559118461E-03  0.4214419290E+01 -0.9993426630E+00
  0.1593012340E-03  0.4214347040E+01 -0.9993283788E+00
  0.1626906220E-03  0.4214274790E+01 -0.9993140949E+00
  0.1660800099E-03  0.4214202540E+01 -0.9992998112E+00
  0.1694693979E-03  0.4214130291E+01 -0.9992855278E+00
  0.1728587859E-03  0.4214058042E+01 -0.9992712446E+00
  0.1762481738E-03  0.4213985794E+01 -0.9992569616E+00
  0.1796375618E-03  0.4213913545E+01 -0.9992426789E+00
  0.1830269497E-03  0.4213841298E+01 -0.9992283964E+00
  0.1864163377E-03  0.4213769050E+01 -0.9992141142E+00
  0.1898057257E-03  0.4213696803E+01 -0.9991998322E+00
  0.1931951136E-03  0.4213624556E+01 -0.9991855505E+00
  0.1965845016E-03  0.4213552309E+01 -0.9991712690E+00
  0.1999738895E-03  0.4213480063E+01 -0.9991569878E+00
  0.2033632775E-03  0.4213407817E+01 -0.9991427068E+00
  0.2067526654E-03  0.4213335571E+01 -0.9991284260E+00
  0.2101420534E-03  0.4213263326E+01 -0.9991141455E+00
  0.2135314414E-03  0.4213191081E+01 -0.9990998653E+00
  0.2169208293E-03  0.4213118836E+01 -0.9990855852E+00
  0.2203102173E-03  0.4213046592E+01 -0.9990713055E+00
  0.2236996052E-03  0.4212974348E+01 -0.9990570259E+00
  0.2270889932E-03  0.4212902104E+01 -0.9990427467E+00
  0.2304783812E-03  0.4212829861E+01 -0.9990284676E+00
  0.2338677691E-03  0.4212757618E+01 -0.9990141888E+00
  0.2372571571E-03  0.4212685375E+01 -0.9989999103E+00
  0.2406465450E-03  0.4212613133E+01 -0.9989856320E+00
  0.2440359330E-03  0.4212540891E+01 -0.9989713539E+00
  0.2474253209E-03  0.4212468649E+01 -0.9989570761E+00
  0.2508147089E-03  0.4212396408E+01 -0.9989427985E+00
  0.2542040969E-03  0.4212324167E+01 -0.9989285212E+00
  0.2575934848E-03  0.4212251926E+01 -0.9989142441E+00
  0.2609828728E-03  0.4212179685E+01 -0.9988999673E+00
  0.2643722607E-03  0.4212107445E+01 -0.9988856907E+00
  0.2677616487E-03  0.4212035206E+01 -0.9988714144E+00
  0.2711510367E-03  0.4211962966E+01 -0.9988571383E+00
  0.2745404246E-03  0.4211890727E+01 -0.9988428624E+00
  0.2779298126E-03  0.4211818489E+01 -0.9988285868E+00
  0.2813192005E-03  0.4211746250E+01 -0.9988143114E+00
  0.2847085885E-03  0.4211674012E+01 -0.9988000363E+00
  0.2880979764E-03  0.4211601774E+01 -0.9987857614E+00
  0.2914873644E-03  0.4211529538E+01 -0.9987714868E+00
  0.2948767524E-03  0.4211457301E+01 -0.9987572124E+00
  0.2982661403E-03  0.4211385065E+01 -0.9987429383E+00
  0.3016555283E-03  0.4211312830E+01 -0.9987286644E+00
  0.3050449162E-03  0.4211240595E+01 -0.9987143907E+00
  0.3084343042E-03  0.4211168360E+01 -0.9987001173E+00
  0.3118236921E-03  0.4211096125E+01 -0.9986858442E+00
  0.3152130801E-03  0.4211023891E+01 -0.9986715713E+00
  0.3186024681E-03  0.4210951657E+01 -0.9986572986E+00
  0.3219918560E-03  0.4210879424E+01 -0.9986430262E+00
  0.3253812440E-03  0.4210807191E+01 -0.9986287540E+00
  0.3287706319E-03  0.4210734958E+01 -0.9986144820E+00
  0.3321600199E-03  0.4210662726E+01 -0.9986002104E+00
  0.3355494079E-03  0.4210590494E+01 -0.9985859389E+00
  0.3389387958E-03  0.4210518262E+01 -0.9985716677E+00
  0.3423624200E-03  0.4210445301E+01 -0.9985572526E+00
  0.3458206263E-03  0.4210371604E+01 -0.9985426921E+00
  0.3493137639E-03  0.4210297162E+01 -0.9985279849E+00
  0.3528421858E-03  0.4210221969E+01 -0.9985131293E+00
  0.3564062483E-03  0.4210146017E+01 -0.9984981239E+00
  0.3600063114E-03  0.4210069298E+01 -0.9984829673E+00
  0.3636427388E-03  0.4209991805E+01 -0.9984676578E+00
  0.3673158977E-03  0.4209913529E+01 -0.9984521940E+00
  0.3710261593E-03  0.4209834463E+01 -0.9984365742E+00
  0.3747738983E-03  0.4209754599E+01 -0.9984207970E+00
  0.3785594932E-03  0.4209673929E+01 -0.9984048608E+00
  0.3823833265E-03  0.4209592444E+01 -0.9983887638E+00
  0.3862457844E-03  0.4209510136E+01 -0.9983725046E+00
  0.3901472569E-03  0.4209426998E+01 -0.9983560815E+00
  0.3940881383E-03  0.4209343021E+01 -0.9983394928E+00
  0.3980688266E-03  0.4209258195E+01 -0.9983227369E+00
  0.4020897238E-03  0.4209172514E+01 -0.9983058121E+00
  0.4061512362E-03  0.4209085967E+01 -0.9982887166E+00
  0.4102537739E-03  0.4208998547E+01 -0.9982714489E+00
  0.4143977514E-03  0.4208910245E+01 -0.9982540071E+00
  0.4185835873E-03  0.4208821051E+01 -0.9982363894E+00
  0.4228117043E-03  0.4208730956E+01 -0.9982185942E+00
  0.4270825296E-03  0.4208639952E+01 -0.9982006197E+00
  0.4313964946E-03  0.4208548030E+01 -0.9981824640E+00
  0.4357540349E-03  0.4208455180E+01 -0.9981641252E+00
  0.4401555908E-03  0.4208361392E+01 -0.9981456017E+00
  0.4446016069E-03  0.4208266658E+01 -0.9981268915E+00
  0.4490925322E-03  0.4208170968E+01 -0.9981079927E+00
  0.4536288204E-03  0.4208074311E+01 -0.9980889034E+00
  0.4582109297E-03  0.4207976680E+01 -0.9980696218E+00
  0.4628393230E-03  0.4207878062E+01 -0.9980501458E+00
  0.4675144676E-03  0.4207778449E+01 -0.9980304736E+00
  0.4722368360E-03  0.4207677831E+01 -0.9980106032E+00
  0.4770069051E-03  0.4207576198E+01 -0.9979905325E+00
  0.4818251566E-03  0.4207473538E+01 -0.9979702596E+00
  0.4866920774E-03  0.4207369842E+01 -0.9979497824E+00
  0.4916081590E-03  0.4207265100E+01 -0.9979290989E+00
  0.4965738980E-03  0.4207159300E+01 -0.9979082070E+00
  0.5015897959E-03  0.4207052433E+01 -0.9978871046E+00
  0.5066563595E-03  0.4206944487E+01 -0.9978657895E+00
  0.5117741005E-03  0.4206835452E+01 -0.9978442598E+00
  0.5169435359E-03  0.4206725316E+01 -0.9978225131E+00
  0.5221651878E-03  0.4206614069E+01 -0.9978005473E+00
  0.5274395836E-03  0.4206501699E+01 -0.9977783603E+00
  0.5327672562E-03  0.4206388195E+01 -0.9977559497E+00
  0.5381487436E-03  0.4206273545E+01 -0.9977333134E+00
  0.5435845895E-03  0.4206157738E+01 -0.9977104491E+00
  0.5490753429E-03  0.4206040763E+01 -0.9976873544E+00
  0.5546215585E-03  0.4205922607E+01 -0.9976640271E+00
  0.5602237965E-03  0.4205803259E+01 -0.9976404649E+00
  0.5658826227E-03  0.4205682706E+01 -0.9976166653E+00
  0.5715986088E-03  0.4205560937E+01 -0.9975926260E+00
  0.5773723321E-03  0.4205437939E+01 -0.9975683446E+00
  0.5832043759E-03  0.4205313700E+01 -0.9975438187E+00
  0.5890953291E-03  0.4205188207E+01 -0.9975190458E+00
  0.5950457870E-03  0.4205061448E+01 -0.9974940234E+00
  0.6010563505E-03  0.4204933409E+01 -0.9974687490E+00
  0.6071276268E-03  0.4204804079E+01 -0.9974432200E+00
  0.6132602291E-03  0.4204673444E+01 -0.9974174340E+00
  0.6194547769E-03  0.4204541490E+01 -0.9973913884E+00
  0.6257118958E-03  0.4204408205E+01 -0.9973650805E+00
  0.6320322180E-03  0.4204273576E+01 -0.9973385077E+00
  0.6384163818E-03  0.4204137587E+01 -0.9973116674E+00
  0.6448650321E-03  0.4204000227E+01 -0.9972845568E+00
  0.6513788203E-03  0.4203861481E+01 -0.9972571733E+00
  0.6579584044E-03  0.4203721335E+01 -0.9972295141E+00
  0.6646044489E-03  0.4203579775E+01 -0.9972015764E+00
  0.6713176251E-03  0.4203436786E+01 -0.9971733575E+00
  0.6780986112E-03  0.4203292356E+01 -0.9971448546E+00
  0.6849480921E-03  0.4203146468E+01 -0.9971160647E+00
  0.6918667597E-03  0.4202999108E+01 -0.9970869851E+00
  0.6988553129E-03  0.4202850261E+01 -0.9970576127E+00
  0.7059144575E-03  0.4202699913E+01 -0.9970279447E+00
  0.7130449065E-03  0.4202548048E+01 -0.9969979781E+00
  0.7202473803E-03  0.4202394651E+01 -0.9969677099E+00
  0.7275226064E-03  0.4202239707E+01 -0.9969371371E+00
  0.7348713196E-03  0.4202083199E+01 -0.9969062566E+00
  0.7422942622E-03  0.4201925113E+01 -0.9968750654E+00
  0.7497921840E-03  0.4201765432E+01 -0.9968435603E+00
  0.7573658425E-03  0.4201604141E+01 -0.9968117382E+00
  0.7650160025E-03  0.4201441222E+01 -0.9967795958E+00
  0.7727434369E-03  0.4201276660E+01 -0.9967471301E+00
  0.7805489261E-03  0.4201110438E+01 -0.9967143377E+00
  0.7884332587E-03  0.4200942540E+01 -0.9966812154E+00
  0.7963972310E-03  0.4200772948E+01 -0.9966477599E+00
  0.8044416475E-03  0.4200601646E+01 -0.9966139679E+00
  0.8125673207E-03  0.4200428615E+01 -0.9965798358E+00
  0.8207750714E-03  0.4200253840E+01 -0.9965453605E+00
  0.8290657287E-03  0.4200077302E+01 -0.9965105384E+00
  0.8374401300E-03  0.4199898984E+01 -0.9964753660E+00
  0.8458991212E-03  0.4199718867E+01 -0.9964398398E+00
  0.8544435568E-03  0.4199536934E+01 -0.9964039564E+00
  0.8630742998E-03  0.4199353166E+01 -0.9963677120E+00
  0.8717922220E-03  0.4199167545E+01 -0.9963311032E+00
  0.8805982040E-03  0.4198980052E+01 -0.9962941262E+00
  0.8894931354E-03  0.4198790669E+01 -0.9962567775E+00
  0.8984779145E-03  0.4198599375E+01 -0.9962190531E+00
  0.9075534490E-03  0.4198406153E+01 -0.9961809494E+00
  0.9167206556E-03  0.4198210983E+01 -0.9961424627E+00
  0.9259804602E-03  0.4198013845E+01 -0.9961035890E+00
  0.9353337982E-03  0.4197814719E+01 -0.9960643245E+00
  0.9447816143E-03  0.4197613585E+01 -0.9960246652E+00
  0.9543248629E-03  0.4197410423E+01 -0.9959846073E+00
  0.9639645080E-03  0.4197205213E+01 -0.9959441468E+00
  0.9737015233E-03  0.4196997935E+01 -0.9959032795E+00
  0.9835368922E-03  0.4196788566E+01 -0.9958620015E+00
  0.9934716083E-03  0.4196577087E+01 -0.9958203087E+00
  0.1003506675E-02  0.4196363476E+01 -0.9957781968E+00
  0.1013643106E-02  0.4196147712E+01 -0.9957356618E+00
  0.1023881925E-02  0.4195929773E+01 -0.9956926993E+00
  0.1034224167E-02  0.4195709637E+01 -0.9956493051E+00
  0.1044670876E-02  0.4195487282E+01 -0.9956054749E+00
  0.1055223107E-02  0.4195262685E+01 -0.9955612044E+00
  0.1065881926E-02  0.4195035825E+01 -0.9955164890E+00
  0.1076648410E-02  0.4194806679E+01 -0.9954713245E+00
  0.1087523647E-02  0.4194575223E+01 -0.9954257062E+00
  0.1098508734E-02  0.4194341434E+01 -0.9953796297E+00
  0.1109604782E-02  0.4194105290E+01 -0.9953330904E+00
  0.1120812911E-02  0.4193866765E+01 -0.9952860837E+00
  0.1132134253E-02  0.4193625837E+01 -0.9952386048E+00
  0.1143569953E-02  0.4193382481E+01 -0.9951906492E+00
  0.1155121165E-02  0.4193136673E+01 -0.9951422120E+00
  0.1166789055E-02  0.4192888388E+01 -0.9950932883E+00
  0.1178574803E-02  0.4192637602E+01 -0.9950438735E+00
  0.1190479599E-02  0.4192384288E+01 -0.9949939625E+00
  0.1202504646E-02  0.4192128423E+01 -0.9949435504E+00
  0.1214651157E-02  0.4191869980E+01 -0.9948926323E+00
  0.1226920361E-02  0.4191608933E+01 -0.9948412030E+00
  0.1239313496E-02  0.4191345256E+01 -0.9947892574E+00
  0.1251831814E-02  0.4191078923E+01 -0.9947367905E+00
  0.1264476580E-02  0.4190809907E+01 -0.9946837970E+00
  0.1277249070E-02  0.4190538182E+01 -0.9946302716E+00
  0.1290150576E-02  0.4190263719E+01 -0.9945762092E+00
  0.1303182400E-02  0.4189986493E+01 -0.9945216042E+00
  0.1316345859E-02  0.4189706474E+01 -0.9944664513E+00
  0.1329642282E-02  0.4189423635E+01 -0.9944107451E+00
  0.1343073012E-02  0.4189137947E+01 -0.9943544800E+00
  0.1356639406E-02  0.4188849383E+01 -0.9942976504E+00
  0.1370342834E-02  0.4188557913E+01 -0.9942402508E+00
  0.1384184681E-02  0.4188263508E+01 -0.9941822755E+00
  0.1398166344E-02  0.4187966138E+01 -0.9941237187E+00
  0.1412289237E-02  0.4187665775E+01 -0.9940645746E+00
  0.1426554785E-02  0.4187362388E+01 -0.9940048374E+00
  0.1440964429E-02  0.4187055946E+01 -0.9939445012E+00
  0.1455519625E-02  0.4186746419E+01 -0.9938835601E+00
  0.1470221844E-02  0.4186433777E+01 -0.9938220079E+00
  0.1485072569E-02  0.4186117987E+01 -0.9937598387E+00
  0.1500073302E-02  0.4185799019E+01 -0.9936970462E+00
  0.1515225558E-02  0.4185476841E+01 -0.9936336244E+00
  0.1530530867E-02  0.4185151420E+01 -0.9935695669E+00
  0.1545990774E-02  0.4184822724E+01 -0.9935048673E+00
  0.1561606843E-02  0.4184490720E+01 -0.9934395195E+00
  0.1577380649E-02  0.4184155376E+01 -0.9933735168E+00
  0.1593313787E-02  0.4183816657E+01 -0.9933068527E+00
  0.1609407866E-02  0.4183474530E+01 -0.9932395208E+00
  0.1625664511E-02  0.4183128961E+01 -0.9931715144E+00
  0.1642085364E-02  0.4182779916E+01 -0.9931028267E+00
  0.1658672085E-02  0.4182427359E+01 -0.9930334510E+00
  0.1675426349E-02  0.4182071256E+01 -0.9929633805E+00
  0.1692349847E-02  0.4181711571E+01 -0.9928926082E+00
  0.1709444290E-02  0.4181348269E+01 -0.9928211273E+00
  0.1726711404E-02  0.4180981312E+01 -0.9927489307E+00
  0.1744152934E-02  0.4180610666E+01 -0.9926760112E+00
  0.1761770640E-02  0.4180236292E+01 -0.9926023617E+00
  0.1779566303E-02  0.4179858154E+01 -0.9925279750E+00
  0.1797541720E-02  0.4179476214E+01 -0.9924528438E+00
  0.1815698707E-02  0.4179090434E+01 -0.9923769606E+00
  0.1834039098E-02  0.4178700775E+01 -0.9923003180E+00
  0.1852564746E-02  0.4178307200E+01 -0.9922229085E+00
  0.1871277521E-02  0.4177909669E+01 -0.9921447245E+00
  0.1890179314E-02  0.4177508143E+01 -0.9920657583E+00
  0.1909272034E-02  0.4177102581E+01 -0.9919860022E+00
  0.1928557610E-02  0.4176692943E+01 -0.9919054483E+00
  0.1948037990E-02  0.4176279190E+01 -0.9918240888E+00
  0.1967715142E-02  0.4175861279E+01 -0.9917419156E+00
  0.1987591052E-02  0.4175439169E+01 -0.9916589207E+00
  0.2007667730E-02  0.4175012819E+01 -0.9915750961E+00
  0.2027947202E-02  0.4174582187E+01 -0.9914904334E+00
  0.2048431517E-02  0.4174147229E+01 -0.9914049244E+00
  0.2069122744E-02  0.4173707902E+01 -0.9913185607E+00
  0.2090022974E-02  0.4173264164E+01 -0.9912313339E+00
  0.2111134317E-02  0.4172815970E+01 -0.9911432354E+00
  0.2132458906E-02  0.4172363276E+01 -0.9910542566E+00
  0.2153998895E-02  0.4171906037E+01 -0.9909643889E+00
  0.2175756460E-02  0.4171444300E+01 -0.9908736234E+00
  0.2197733798E-02  0.4170977979E+01 -0.9907819513E+00
  0.2219933129E-02  0.4170506981E+01 -0.9906893636E+00
  0.2242356696E-02  0.4170031262E+01 -0.9905958513E+00
  0.2265006764E-02  0.4169550773E+01 -0.9905014052E+00
  0.2287885620E-02  0.4169065468E+01 -0.9904060162E+00
  0.2310995576E-02  0.4168575299E+01 -0.9903096750E+00
  0.2334338965E-02  0.4168080218E+01 -0.9902123721E+00
  0.2357918147E-02  0.4167580177E+01 -0.9901140981E+00
  0.2381735502E-02  0.4167075125E+01 -0.9900148433E+00
  0.2405793436E-02  0.4166565015E+01 -0.9899145983E+00
  0.2430094380E-02  0.4166049796E+01 -0.9898133531E+00
  0.2454640788E-02  0.4165529417E+01 -0.9897110979E+00
  0.2479435139E-02  0.4165003827E+01 -0.9896078228E+00
  0.2504479939E-02  0.4164472975E+01 -0.9895035178E+00
  0.2529777716E-02  0.4163936810E+01 -0.9893981726E+00
  0.2555331026E-02  0.4163395278E+01 -0.9892917772E+00
  0.2581142450E-02  0.4162848328E+01 -0.9891843211E+00
  0.2607214596E-02  0.4162295905E+01 -0.9890757939E+00
  0.2633550097E-02  0.4161737955E+01 -0.9889661851E+00
  0.2660151614E-02  0.4161174425E+01 -0.9888554841E+00
  0.2687021832E-02  0.4160605259E+01 -0.9887436800E+00
  0.2714163467E-02  0.4160030402E+01 -0.9886307622E+00
  0.2741579259E-02  0.4159449798E+01 -0.9885167196E+00
  0.2769271979E-02  0.4158863391E+01 -0.9884015413E+00
  0.2797244423E-02  0.4158271123E+01 -0.9882852160E+00
  0.2825499417E-02  0.4157672938E+01 -0.9881677325E+00
  0.2854039815E-02  0.4157068776E+01 -0.9880490795E+00
  0.2882868500E-02  0.4156458580E+01 -0.9879292455E+00
  0.2911988384E-02  0.4155842291E+01 -0.9878082188E+00
  0.2941402408E-02  0.4155219848E+01 -0.9876859880E+00
  0.2971113544E-02  0.4154591191E+01 -0.9875625410E+00
  0.3001124792E-02  0.4153956260E+01 -0.9874378661E+00
  0.3031439184E-02  0.4153314994E+01 -0.9873119511E+00
  0.3062059781E-02  0.4152667329E+01 -0.9871847840E+00
  0.3092989678E-02  0.4152013205E+01 -0.9870563526E+00
  0.3124231998E-02  0.4151352558E+01 -0.9869266444E+00
  0.3155789897E-02  0.4150685324E+01 -0.9867956469E+00
  0.3187666563E-02  0.4150011439E+01 -0.9866633477E+00
  0.3219865215E-02  0.4149330839E+01 -0.9865297339E+00
  0.3252389106E-02  0.4148643457E+01 -0.9863947927E+00
  0.3285241521E-02  0.4147949228E+01 -0.9862585111E+00
  0.3318425779E-02  0.4147248086E+01 -0.9861208761E+00
  0.3351945231E-02  0.4146539963E+01 -0.9859818745E+00
  0.3385803264E-02  0.4145824791E+01 -0.9858414929E+00
  0.3420003297E-02  0.4145102503E+01 -0.9856997179E+00
  0.3454548785E-02  0.4144373028E+01 -0.9855565359E+00
  0.3489443217E-02  0.4143636299E+01 -0.9854119333E+00
  0.3524690118E-02  0.4142892243E+01 -0.9852658960E+00
  0.3560293049E-02  0.4142140791E+01 -0.9851184103E+00
  0.3596255605E-02  0.4141381870E+01 -0.9849694620E+00
  0.3632581419E-02  0.4140615409E+01 -0.9848190368E+00
  0.3669274160E-02  0.4139841336E+01 -0.9846671205E+00
  0.3706337536E-02  0.4139059576E+01 -0.9845136985E+00
  0.3743775289E-02  0.4138270055E+01 -0.9843587562E+00
  0.3781591201E-02  0.4137472699E+01 -0.9842022788E+00
  0.3819789092E-02  0.4136669269E+01 -0.9840442514E+00
  0.3858372820E-02  0.4135858228E+01 -0.9838846589E+00
  0.3897346283E-02  0.4135039210E+01 -0.9837234862E+00
  0.3936713417E-02  0.4134212143E+01 -0.9835607178E+00
  0.3976478199E-02  0.4133376950E+01 -0.9833963384E+00
  0.4016644645E-02  0.4132533557E+01 -0.9832303323E+00
  0.4057216813E-02  0.4131681886E+01 -0.9830626837E+00
  0.4098198801E-02  0.4130821860E+01 -0.9828933768E+00
  0.4139594749E-02  0.4129953403E+01 -0.9827223955E+00
  0.4181408837E-02  0.4129076436E+01 -0.9825497236E+00
  0.4223645290E-02  0.4128191026E+01 -0.9823753447E+00
  0.4266308374E-02  0.4127297450E+01 -0.9821992424E+00
  0.4309402398E-02  0.4126395151E+01 -0.9820214000E+00
  0.4352931715E-02  0.4125484050E+01 -0.9818418007E+00
  0.4396900722E-02  0.4124564068E+01 -0.9816604275E+00
  0.4441313861E-02  0.4123635122E+01 -0.9814772632E+00
  0.4486175617E-02  0.4122697132E+01 -0.9812922908E+00
  0.4531490522E-02  0.4121750015E+01 -0.9811054926E+00
  0.4577263154E-02  0.4120793690E+01 -0.9809168511E+00
  0.4623498135E-02  0.4119828072E+01 -0.9807263487E+00
  0.4670200136E-02  0.4118853078E+01 -0.9805339672E+00
  0.4717373875E-02  0.4117868624E+01 -0.9803396887E+00
  0.4765024116E-02  0.4116874625E+01 -0.9801434950E+00
  0.4813155673E-02  0.4115870996E+01 -0.9799453675E+00
  0.4861773407E-02  0.4114857650E+01 -0.9797452879E+00
  0.4910882230E-02  0.4113834501E+01 -0.9795432372E+00
  0.4960487101E-02  0.4112801462E+01 -0.9793391966E+00
  0.5010593031E-02  0.4111758498E+01 -0.9791331469E+00
  0.5061205082E-02  0.4110705677E+01 -0.9789250691E+00
  0.5112328365E-02  0.4109642712E+01 -0.9787149435E+00
  0.5163968046E-02  0.4108569514E+01 -0.9785027505E+00
  0.5216129339E-02  0.4107485994E+01 -0.9782884705E+00
  0.5268817514E-02  0.4106392062E+01 -0.9780720834E+00
  0.5322037893E-02  0.4105286147E+01 -0.9778535690E+00
  0.5375795852E-02  0.4104169078E+01 -0.9776329073E+00
  0.5430096820E-02  0.4103041243E+01 -0.9774100775E+00
  0.5484946283E-02  0.4101902548E+01 -0.9771850592E+00
  0.5540349781E-02  0.4100752897E+01 -0.9769578313E+00
  0.5596312910E-02  0.4099592195E+01 -0.9767283728E+00
  0.5652841323E-02  0.4098420345E+01 -0.9764966625E+00
  0.5709940730E-02  0.4097237251E+01 -0.9762626789E+00
  0.5767616899E-02  0.4096042814E+01 -0.9760264004E+00
  0.5825875656E-02  0.4094836936E+01 -0.9757878051E+00
  0.5884722885E-02  0.4093620339E+01 -0.9755468711E+00
  0.5944164530E-02  0.4092392283E+01 -0.9753035761E+00
  0.6004206596E-02  0.4091152525E+01 -0.9750578976E+00
  0.6064855147E-02  0.4089900965E+01 -0.9748098131E+00
  0.6126116310E-02  0.4088637502E+01 -0.9745592997E+00
  0.6187996273E-02  0.4087362038E+01 -0.9743063344E+00
  0.6250501286E-02  0.4086074087E+01 -0.9740508941E+00
  0.6313637663E-02  0.4084772033E+01 -0.9737929553E+00
  0.6377411780E-02  0.4083456078E+01 -0.9735324945E+00
  0.6441830081E-02  0.4082121780E+01 -0.9732694882E+00
  0.6506899072E-02  0.4080774593E+01 -0.9730039124E+00
  0.6572625325E-02  0.4079414403E+01 -0.9727357431E+00
  0.6639015480E-02  0.4078041093E+01 -0.9724649558E+00
  0.6706076242E-02  0.4076657949E+01 -0.9721915256E+00
  0.6773814386E-02  0.4075274434E+01 -0.9719154272E+00
  0.6842236754E-02  0.4073879424E+01 -0.9716366350E+00
  0.6911350256E-02  0.4072471505E+01 -0.9713551236E+00
  0.6981161875E-02  0.4071050576E+01 -0.9710708673E+00
  0.7051678662E-02  0.4069616536E+01 -0.9707838405E+00
  0.7122907739E-02  0.4068169285E+01 -0.9704940170E+00
  0.7194856302E-02  0.4066708721E+01 -0.9702013706E+00
  0.7267531618E-02  0.4065234741E+01 -0.9699058748E+00
  0.7340941029E-02  0.4063747244E+01 -0.9696075030E+00
  0.7415091948E-02  0.4062246128E+01 -0.9693062280E+00
  0.7489991867E-02  0.4060731288E+01 -0.9690020228E+00
  0.7565648350E-02  0.4059202623E+01 -0.9686948600E+00
  0.7642069041E-02  0.4057660029E+01 -0.9683847119E+00
  0.7719261657E-02  0.4056103401E+01 -0.9680715506E+00
  0.7797233997E-02  0.4054529023E+01 -0.9677553481E+00
  0.7875993937E-02  0.4052940057E+01 -0.9674360762E+00
  0.7955549431E-02  0.4051342024E+01 -0.9671137061E+00
  0.8035908516E-02  0.4049718630E+01 -0.9667882092E+00
  0.8117079309E-02  0.4048078880E+01 -0.9664595569E+00
  0.8199070009E-02  0.4046423588E+01 -0.9661277199E+00
  0.8281888898E-02  0.4044745317E+01 -0.9657926691E+00
  0.8365544342E-02  0.4043051474E+01 -0.9654543750E+00
  0.8450044790E-02  0.4041343030E+01 -0.9651128075E+00
  0.8535398777E-02  0.4039630239E+01 -0.9647679359E+00
  0.8621614927E-02  0.4037901960E+01 -0.9644197290E+00
  0.8708701946E-02  0.4036158081E+01 -0.9640681561E+00
  0.8796668632E-02  0.4034398491E+01 -0.9637131860E+00
  0.8885523871E-02  0.4032623075E+01 -0.9633547875E+00
  0.8975276638E-02  0.4030831722E+01 -0.9629929288E+00
  0.9065935997E-02  0.4029014233E+01 -0.9626275786E+00
  0.9157511109E-02  0.4027179074E+01 -0.9622587052E+00
  0.9250011221E-02  0.4025335640E+01 -0.9618862759E+00
  0.9343445678E-02  0.4023492360E+01 -0.9615102570E+00
  0.9437823917E-02  0.4021638060E+01 -0.9611306143E+00
  0.9533155471E-02  0.4019767909E+01 -0.9607473145E+00
  0.9629449971E-02  0.4017881819E+01 -0.9603603237E+00
  0.9726717143E-02  0.4015979700E+01 -0.9599696082E+00
  0.9824966811E-02  0.4014061467E+01 -0.9595751338E+00
  0.9924208900E-02  0.4012127032E+01 -0.9591768660E+00
  0.1002445343E-01  0.4010144521E+01 -0.9587747715E+00
  0.1012571054E-01  0.4008143151E+01 -0.9583688172E+00
  0.1022799044E-01  0.4006127463E+01 -0.9579589678E+00
  0.1033130348E-01  0.4004096193E+01 -0.9575451875E+00
  0.1043566008E-01  0.4002047244E+01 -0.9571274406E+00
  0.1054107079E-01  0.3999988842E+01 -0.9567056904E+00
  0.1064754625E-01  0.3997929302E+01 -0.9562798994E+00
  0.1075509722E-01  0.3995852528E+01 -0.9558500299E+00
  0.1086373457E-01  0.3993770272E+01 -0.9554160442E+00
  0.1097346926E-01  0.3991692936E+01 -0.9549779030E+00
  0.1108431238E-01  0.3989619302E+01 -0.9545355662E+00
  0.1119627514E-01  0.3987529784E+01 -0.9540889945E+00
  0.1130936882E-01  0.3985424320E+01 -0.9536381491E+00
  0.1142360487E-01  0.3983302853E+01 -0.9531829911E+00
  0.1153899482E-01  0.3981165324E+01 -0.9527234813E+00
  0.1165555032E-01  0.3979019474E+01 -0.9522595797E+00
  0.1177328316E-01  0.3976849321E+01 -0.9517912462E+00
  0.1189220521E-01  0.3974629375E+01 -0.9513184431E+00
  0.1201232849E-01  0.3972380869E+01 -0.9508411326E+00
  0.1213366514E-01  0.3970114306E+01 -0.9503592747E+00
  0.1225622742E-01  0.3967829582E+01 -0.9498728285E+00
  0.1238002770E-01  0.3965526592E+01 -0.9493817527E+00
  0.1250507848E-01  0.3963205229E+01 -0.9488860056E+00
  0.1263139240E-01  0.3960864977E+01 -0.9483855454E+00
  0.1275898223E-01  0.3958478949E+01 -0.9478803315E+00
  0.1288786083E-01  0.3956058048E+01 -0.9473703243E+00
  0.1301804125E-01  0.3953621641E+01 -0.9468554816E+00
  0.1314953661E-01  0.3951165110E+01 -0.9463357602E+00
  0.1328236022E-01  0.3948667892E+01 -0.9458111181E+00
  0.1341652547E-01  0.3946145746E+01 -0.9452815132E+00
  0.1355204593E-01  0.3943600869E+01 -0.9447469022E+00
  0.1368893528E-01  0.3941014691E+01 -0.9442072422E+00
  0.1382720736E-01  0.3938406077E+01 -0.9436624903E+00
  0.1396687612E-01  0.3935774848E+01 -0.9431126017E+00
  0.1410795567E-01  0.3933120821E+01 -0.9425575316E+00
  0.1425046028E-01  0.3930443810E+01 -0.9419972345E+00
  0.1439440432E-01  0.3927831308E+01 -0.9414316586E+00
  0.1453980234E-01  0.3925206516E+01 -0.9408607505E+00
  0.1468666903E-01  0.3922585346E+01 -0.9402844609E+00
  0.1483501923E-01  0.3919985047E+01 -0.9397027374E+00
  0.1498486790E-01  0.3917364895E+01 -0.9391155292E+00
  0.1513623021E-01  0.3914724700E+01 -0.9385227876E+00
  0.1528912142E-01  0.3912064269E+01 -0.9379244640E+00
  0.1544355699E-01  0.3909383401E+01 -0.9373205091E+00
  0.1559955252E-01  0.3906681889E+01 -0.9367108735E+00
  0.1575712375E-01  0.3903959521E+01 -0.9360955073E+00
  0.1591628662E-01  0.3901216074E+01 -0.9354743602E+00
  0.1607705719E-01  0.3898451322E+01 -0.9348473817E+00
  0.1623945171E-01  0.3895671995E+01 -0.9342145203E+00
  0.1640348657E-01  0.3892898005E+01 -0.9335757218E+00
  0.1656917836E-01  0.3890066862E+01 -0.9329309351E+00
  0.1673654380E-01  0.3887159463E+01 -0.9322801157E+00
  0.1690559979E-01  0.3884228621E+01 -0.9316232158E+00
  0.1707636343E-01  0.3881273303E+01 -0.9309601831E+00
  0.1724885195E-01  0.3878293183E+01 -0.9302909651E+00
  0.1742308278E-01  0.3875276118E+01 -0.9296155097E+00
  0.1759907351E-01  0.3872181448E+01 -0.9289337693E+00
  0.1777684193E-01  0.3869082392E+01 -0.9282456932E+00
  0.1795640599E-01  0.3865972477E+01 -0.9275512242E+00
  0.1813778383E-01  0.3862833672E+01 -0.9268503072E+00
  0.1832099377E-01  0.3859630199E+01 -0.9261428911E+00
  0.1850605431E-01  0.3856365442E+01 -0.9254289279E+00
  0.1869298415E-01  0.3853069218E+01 -0.9247083662E+00
  0.1888180217E-01  0.3849758880E+01 -0.9239811498E+00
  0.1907252745E-01  0.3846454231E+01 -0.9232472187E+00
  0.1926517924E-01  0.3843118546E+01 -0.9225065137E+00
  0.1945977701E-01  0.3839764325E+01 -0.9217589777E+00
  0.1965634041E-01  0.3836403142E+01 -0.9210045509E+00
  0.1985488931E-01  0.3833066309E+01 -0.9202431686E+00
  0.2005544374E-01  0.3829703133E+01 -0.9194747674E+00
  0.2025802398E-01  0.3826310600E+01 -0.9186992888E+00
  0.2046265049E-01  0.3822881118E+01 -0.9179166752E+00
  0.2066934393E-01  0.3819360466E+01 -0.9171268746E+00
  0.2087812518E-01  0.3815809327E+01 -0.9163298344E+00
  0.2108901533E-01  0.3812227359E+01 -0.9155254955E+00
  0.2130203569E-01  0.3808597760E+01 -0.9147138001E+00
  0.2151720777E-01  0.3804915996E+01 -0.9138946923E+00
  0.2173455330E-01  0.3801201256E+01 -0.9130681145E+00
  0.2195409424E-01  0.3797435976E+01 -0.9122340085E+00
  0.2217585277E-01  0.3793631309E+01 -0.9113923165E+00
  0.2239985128E-01  0.3789793046E+01 -0.9105429786E+00
  0.2262611241E-01  0.3785920909E+01 -0.9096859339E+00
  0.2285465900E-01  0.3781936713E+01 -0.9088211298E+00
  0.2308551414E-01  0.3777936234E+01 -0.9079485121E+00
  0.2331870115E-01  0.3773916941E+01 -0.9070680150E+00
  0.2355424359E-01  0.3769862175E+01 -0.9061795750E+00
  0.2379216524E-01  0.3765771747E+01 -0.9052831297E+00
  0.2403249014E-01  0.3761645485E+01 -0.9043786168E+00
  0.2427524257E-01  0.3757483231E+01 -0.9034659735E+00
  0.2452044704E-01  0.3753234514E+01 -0.9025451427E+00
  0.2476812832E-01  0.3748890421E+01 -0.9016160747E+00
  0.2501831143E-01  0.3744470892E+01 -0.9006787185E+00
  0.2527102165E-01  0.3739902531E+01 -0.8997330297E+00
  0.2552628449E-01  0.3735287508E+01 -0.8987789605E+00
  0.2578412575E-01  0.3730625524E+01 -0.8978164503E+00
  0.2604457147E-01  0.3725940940E+01 -0.8968454349E+00
  0.2630764795E-01  0.3721211036E+01 -0.8958658497E+00
  0.2657338176E-01  0.3716429857E+01 -0.8948776333E+00
  0.2684179976E-01  0.3711596963E+01 -0.8938807253E+00
  0.2711292905E-01  0.3706711934E+01 -0.8928750649E+00
  0.2738679702E-01  0.3701788106E+01 -0.8918605894E+00
  0.2766343134E-01  0.3696882335E+01 -0.8908372264E+00
  0.2794285993E-01  0.3691994517E+01 -0.8898048946E+00
  0.2822511105E-01  0.3687057603E+01 -0.8887635218E+00
  0.2851021318E-01  0.3682071089E+01 -0.8877130446E+00
  0.2879819513E-01  0.3677037034E+01 -0.8866533995E+00
  0.2908908599E-01  0.3672093436E+01 -0.8855845020E+00
  0.2938291514E-01  0.3667255659E+01 -0.8845062447E+00
  0.2967971226E-01  0.3662376148E+01 -0.8834185379E+00
  0.2997950734E-01  0.3657438340E+01 -0.8823213157E+00
  0.3028233064E-01  0.3652376851E+01 -0.8812145245E+00
  0.3058821277E-01  0.3647241170E+01 -0.8800981132E+00
  0.3089718462E-01  0.3642004890E+01 -0.8789720272E+00
  0.3120927739E-01  0.3636637655E+01 -0.8778362214E+00
  0.3152452262E-01  0.3631094478E+01 -0.8766906624E+00
  0.3184295214E-01  0.3625470321E+01 -0.8755353102E+00
  0.3216459812E-01  0.3619937468E+01 -0.8743700821E+00
  0.3248949305E-01  0.3614361843E+01 -0.8731948885E+00
  0.3281766975E-01  0.3608733960E+01 -0.8720096626E+00
  0.3314916136E-01  0.3602997772E+01 -0.8708143483E+00
  0.3348400137E-01  0.3597209052E+01 -0.8696088897E+00
  0.3382222361E-01  0.3591368984E+01 -0.8683932212E+00
  0.3416386223E-01  0.3585380831E+01 -0.8671672937E+00
  0.3450895175E-01  0.3579260461E+01 -0.8659310724E+00
  0.3485752702E-01  0.3573132161E+01 -0.8646844988E+00
  0.3520962325E-01  0.3567156311E+01 -0.8634274645E+00
  0.3556527601E-01  0.3561127840E+01 -0.8621598675E+00
  0.3592452122E-01  0.3555045407E+01 -0.8608816419E+00
  0.3628739518E-01  0.3548904468E+01 -0.8595927228E+00
  0.3665393452E-01  0.3542702478E+01 -0.8582930463E+00
  0.3702417628E-01  0.3536251292E+01 -0.8569825841E+00
  0.3739815786E-01  0.3529705501E+01 -0.8556613153E+00
  0.3777591703E-01  0.3523078138E+01 -0.8543291884E+00
  0.3815749195E-01  0.3516365983E+01 -0.8529861508E+00
  0.3854292116E-01  0.3509565723E+01 -0.8516321511E+00
  0.3893224360E-01  0.3502819294E+01 -0.8502671117E+00
  0.3932549859E-01  0.3496063234E+01 -0.8488909390E+00
  0.3972272585E-01  0.3489209857E+01 -0.8475035685E+00
  0.4012396550E-01  0.3482255446E+01 -0.8461049544E+00
  0.4052925808E-01  0.3475242930E+01 -0.8446950431E+00
  0.4093864453E-01  0.3468246868E+01 -0.8432737578E+00
  0.4135216619E-01  0.3461512430E+01 -0.8418409550E+00
  0.4176986484E-01  0.3454721818E+01 -0.8403965042E+00
  0.4219178266E-01  0.3447784118E+01 -0.8389403590E+00
  0.4261796229E-01  0.3440701878E+01 -0.8374724929E+00
  0.4304844675E-01  0.3433417849E+01 -0.8359928920E+00
  0.4348327955E-01  0.3426007774E+01 -0.8345015404E+00
  0.4392250460E-01  0.3418503516E+01 -0.8329984000E+00
  0.4436616626E-01  0.3411078520E+01 -0.8314833881E+00
  0.4481430935E-01  0.3403574177E+01 -0.8299564183E+00
  0.4526697914E-01  0.3395921137E+01 -0.8284174553E+00
  0.4572422136E-01  0.3388246405E+01 -0.8268664514E+00
  0.4618608218E-01  0.3380436980E+01 -0.8253033565E+00
  0.4665260826E-01  0.3372538130E+01 -0.8237281370E+00
  0.4712384673E-01  0.3364510996E+01 -0.8221407587E+00
  0.4759984518E-01  0.3356356158E+01 -0.8205411975E+00
  0.4808065170E-01  0.3348075002E+01 -0.8189294304E+00
  0.4856631485E-01  0.3339801273E+01 -0.8173054029E+00
  0.4905688368E-01  0.3331584252E+01 -0.8156690160E+00
  0.4955240776E-01  0.3323256884E+01 -0.8140201990E+00
  0.5005293713E-01  0.3314824823E+01 -0.8123589215E+00
  0.5055852235E-01  0.3306294815E+01 -0.8106851514E+00
  0.5106921450E-01  0.3297674737E+01 -0.8089988537E+00
  0.5158506515E-01  0.3288724738E+01 -0.8073000545E+00
  0.5210612641E-01  0.3279591826E+01 -0.8055888068E+00
  0.5263245092E-01  0.3270593605E+01 -0.8038650452E+00
  0.5316409184E-01  0.3262089685E+01 -0.8021285244E+00
  0.5370110287E-01  0.3253527105E+01 -0.8003790453E+00
  0.5424353825E-01  0.3244917541E+01 -0.7986165522E+00
  0.5479145278E-01  0.3236273711E+01 -0.7968409828E+00
  0.5534490180E-01  0.3227451098E+01 -0.7950523117E+00
  0.5590394121E-01  0.3218281861E+01 -0.7932506023E+00
  0.5646862749E-01  0.3209472503E+01 -0.7914357700E+00
  0.5703901766E-01  0.3200616742E+01 -0.7896076440E+00
  0.5761516936E-01  0.3191674069E+01 -0.7877661794E+00
  0.5819714076E-01  0.3182779674E+01 -0.7859113045E+00
  0.5878499067E-01  0.3173949266E+01 -0.7840429032E+00
  0.5937877846E-01  0.3165198375E+01 -0.7821608490E+00
  0.5997856410E-01  0.3156542114E+01 -0.7802650044E+00
  0.6058440818E-01  0.3147994917E+01 -0.7783552212E+00
  0.6119637190E-01  0.3139321055E+01 -0.7764314166E+00
  0.6181451707E-01  0.3129788789E+01 -0.7744938066E+00
  0.6243890613E-01  0.3120362036E+01 -0.7725425437E+00
  0.6306960215E-01  0.3110904496E+01 -0.7705775262E+00
  0.6370666884E-01  0.3101540151E+01 -0.7685986554E+00
  0.6435017054E-01  0.3092320322E+01 -0.7666057755E+00
  0.6500017227E-01  0.3083272419E+01 -0.7645987026E+00
  0.6565673966E-01  0.3074699129E+01 -0.7625771409E+00
  0.6631993905E-01  0.3066492004E+01 -0.7605407238E+00
  0.6698983743E-01  0.3058506766E+01 -0.7584891604E+00
  0.6766650245E-01  0.3050760942E+01 -0.7564221965E+00
  0.6835000248E-01  0.3043198090E+01 -0.7543395860E+00
  0.6904040654E-01  0.3035542255E+01 -0.7522411924E+00
  0.6973778439E-01  0.3027685235E+01 -0.7501270122E+00
  0.7044220645E-01  0.3019640516E+01 -0.7479970773E+00
  0.7115374389E-01  0.3011580815E+01 -0.7458513574E+00
  0.7187246858E-01  0.3003369445E+01 -0.7436898108E+00
  0.7259845311E-01  0.2995598977E+01 -0.7415122317E+00
  0.7333177082E-01  0.2988612235E+01 -0.7393180677E+00
  0.7407249577E-01  0.2981422172E+01 -0.7371069909E+00
  0.7482070280E-01  0.2974203668E+01 -0.7348789704E+00
  0.7557646748E-01  0.2966958049E+01 -0.7326339103E+00
  0.7633986614E-01  0.2960643449E+01 -0.7303713488E+00
  0.7711097590E-01  0.2954349055E+01 -0.7280907945E+00
  0.7788987464E-01  0.2947814113E+01 -0.7257922008E+00
  0.7867664105E-01  0.2941471379E+01 -0.7234754548E+00
  0.7947135460E-01  0.2934987691E+01 -0.7211404040E+00
  0.8027409556E-01  0.2928444208E+01 -0.7187869955E+00
  0.8108494501E-01  0.2921814580E+01 -0.7164151560E+00
  0.8190398485E-01  0.2914521906E+01 -0.7140250599E+00
  0.8273129783E-01  0.2907550045E+01 -0.7116167220E+00
  0.8356696751E-01  0.2900517530E+01 -0.7091899091E+00
  0.8441107829E-01  0.2893181988E+01 -0.7067446470E+00
  0.8526371544E-01  0.2885622979E+01 -0.7042810350E+00
  0.8612496510E-01  0.2877728563E+01 -0.7017991928E+00
  0.8699491424E-01  0.2869372173E+01 -0.6992993501E+00
  0.8787365075E-01  0.2860871046E+01 -0.6967816632E+00
  0.8876126338E-01  0.2852282832E+01 -0.6942461294E+00
  0.8965784180E-01  0.2843674126E+01 -0.6916926933E+00
  0.9056347656E-01  0.2835206438E+01 -0.6891211975E+00
  0.9147825915E-01  0.2826961270E+01 -0.6865313713E+00
  0.9240228197E-01  0.2818114142E+01 -0.6839232820E+00
  0.9333563836E-01  0.2809675254E+01 -0.6812969154E+00
  0.9427842258E-01  0.2801687189E+01 -0.6786517635E+00
  0.9523072988E-01  0.2793573106E+01 -0.6759875598E+00
  0.9619265645E-01  0.2785479158E+01 -0.6733042406E+00
  0.9716429944E-01  0.2775872125E+01 -0.6706024165E+00
  0.9814575701E-01  0.2765269573E+01 -0.6678832188E+00
  0.9913712829E-01  0.2754402943E+01 -0.6651471964E+00
  0.1001385134E+00  0.2742776273E+01 -0.6623947996E+00
  0.1011500136E+00  0.2731178509E+01 -0.6596263466E+00
  0.1021717309E+00  0.2719581031E+01 -0.6568417789E+00
  0.1032037686E+00  0.2708929777E+01 -0.6540405651E+00
  0.1042462309E+00  0.2700675237E+01 -0.6512209104E+00
  0.1052992231E+00  0.2693332422E+01 -0.6483809863E+00
  0.1063628516E+00  0.2686944436E+01 -0.6455196784E+00
  0.1074372239E+00  0.2679842242E+01 -0.6426367151E+00
  0.1085224483E+00  0.2670650044E+01 -0.6397334725E+00
  0.1096186347E+00  0.2660569985E+01 -0.6368114672E+00
  0.1107258936E+00  0.2649417989E+01 -0.6338717013E+00
  0.1118443370E+00  0.2637150882E+01 -0.6309153374E+00
  0.1129740778E+00  0.2623243657E+01 -0.6279438963E+00
  0.1141152301E+00  0.2607554675E+01 -0.6249593275E+00
  0.1152679092E+00  0.2590427687E+01 -0.6219635247E+00
  0.1164322315E+00  0.2571871480E+01 -0.6189582347E+00
  0.1176083146E+00  0.2551949182E+01 -0.6159452151E+00
  0.1187962774E+00  0.2529526677E+01 -0.6129269130E+00
  0.1199962398E+00  0.2504856857E+01 -0.6099063775E+00
  0.1212083230E+00  0.2479663237E+01 -0.6068855509E+00
  0.1224326495E+00  0.2452875825E+01 -0.6038660318E+00
  0.1236693429E+00  0.2425399559E+01 -0.6008495662E+00
  0.1249185282E+00  0.2397740771E+01 -0.5978370683E+00
  0.1261803315E+00  0.2369975354E+01 -0.5948291083E+00
  0.1274548803E+00  0.2343044733E+01 -0.5918256212E+00
  0.1287423034E+00  0.2317182227E+01 -0.5888257795E+00
  0.1300427307E+00  0.2292143118E+01 -0.5858287332E+00
  0.1313562936E+00  0.2268338295E+01 -0.5828334935E+00
  0.1326831249E+00  0.2246787648E+01 -0.5798380884E+00
  0.1340233585E+00  0.2226271876E+01 -0.5768406161E+00
  0.1353771298E+00  0.2206566280E+01 -0.5738400916E+00
  0.1367445755E+00  0.2187535524E+01 -0.5708357437E+00
  0.1381258338E+00  0.2169210825E+01 -0.5678268475E+00
  0.1395210443E+00  0.2152391638E+01 -0.5648120751E+00
  0.1409303478E+00  0.2136961966E+01 -0.5617895746E+00
  0.1423538866E+00  0.2123343886E+01 -0.5587572191E+00
  0.1437918047E+00  0.2110036862E+01 -0.5557135918E+00
  0.1452442472E+00  0.2096463790E+01 -0.5526587417E+00
  0.1467113608E+00  0.2082449501E+01 -0.5495932715E+00
  0.1481932937E+00  0.2069608930E+01 -0.5465167354E+00
  0.1496901957E+00  0.2056448260E+01 -0.5434285839E+00
  0.1512022178E+00  0.2044397930E+01 -0.5403282987E+00
  0.1527295130E+00  0.2033108976E+01 -0.5372145204E+00
  0.1542722353E+00  0.2021957073E+01 -0.5340865999E+00
  0.1558305407E+00  0.2008542337E+01 -0.5309462254E+00
  0.1574045866E+00  0.1993516567E+01 -0.5277965133E+00
  0.1589945319E+00  0.1977027392E+01 -0.5246400394E+00
  0.1606005373E+00  0.1960045822E+01 -0.5214785590E+00
  0.1622227649E+00  0.1943706139E+01 -0.5183121718E+00
  0.1638613787E+00  0.1925692381E+01 -0.5151419470E+00
  0.1655165442E+00  0.1911958761E+01 -0.5119659732E+00
  0.1671884284E+00  0.1900186111E+01 -0.5087792406E+00
  0.1688772004E+00  0.1887929525E+01 -0.5055806088E+00
  0.1705830308E+00  0.1874759342E+01 -0.5023713545E+00
  0.1723060917E+00  0.1860026011E+01 -0.4991537231E+00
  0.1740465572E+00  0.1843167338E+01 -0.4959310829E+00
  0.1758046033E+00  0.1823560569E+01 -0.4927079446E+00
  0.1775804074E+00  0.1800683341E+01 -0.4894899711E+00
  0.1793741488E+00  0.1774279124E+01 -0.4862836918E+00
  0.1811860089E+00  0.1742740994E+01 -0.4830975176E+00
  0.1830161706E+00  0.1709546175E+01 -0.4799383958E+00
  0.1848648188E+00  0.1676184925E+01 -0.4768088829E+00
  0.1867321402E+00  0.1642706029E+01 -0.4737101649E+00
  0.1886183235E+00  0.1610079199E+01 -0.4706424904E+00
  0.1905235591E+00  0.1579826933E+01 -0.4676037290E+00
  0.1924480394E+00  0.1551144809E+01 -0.4645909822E+00
  0.1943919590E+00  0.1524781566E+01 -0.4616013054E+00
  0.1963555142E+00  0.1498948101E+01 -0.4586326754E+00
  0.1983389032E+00  0.1473004684E+01 -0.4556854062E+00
  0.2003423265E+00  0.1446482968E+01 -0.4527609214E+00
  0.2023659863E+00  0.1418117060E+01 -0.4498624334E+00
  0.2044100872E+00  0.1388938271E+01 -0.4469934812E+00
  0.2064748356E+00  0.1361387799E+01 -0.4441541156E+00
  0.2085604400E+00  0.1333169521E+01 -0.4413442253E+00
  0.2106671111E+00  0.1303814549E+01 -0.4385665962E+00
  0.2127950617E+00  0.1278753730E+01 -0.4358188074E+00
  0.2149445068E+00  0.1259550690E+01 -0.4330908344E+00
  0.2171156634E+00  0.1240100955E+01 -0.4303772668E+00
  0.2193087509E+00  0.1222171899E+01 -0.4276772769E+00
  0.2215239908E+00  0.1206182192E+01 -0.4249875834E+00
  0.2237616069E+00  0.1190660679E+01 -0.4223059764E+00
  0.2260218251E+00  0.1176898676E+01 -0.4196303759E+00
  0.2283048739E+00  0.1162419652E+01 -0.4169599870E+00
  0.2306109837E+00  0.1146053097E+01 -0.4142981912E+00
  0.2329403876E+00  0.1126295601E+01 -0.4116515823E+00
  0.2352933208E+00  0.1109801745E+01 -0.4090208884E+00
  0.2376700210E+00  0.1095489759E+01 -0.4064002300E+00
  0.2400707283E+00  0.1081592899E+01 -0.4037869609E+00
  0.2424956851E+00  0.1069389764E+01 -0.4011789408E+00
  0.2449451365E+00  0.1058515023E+01 -0.3985728412E+00
  0.2474193298E+00  0.1053871473E+01 -0.3959596149E+00
  0.2499185149E+00  0.1055134136E+01 -0.3933242172E+00
  0.2524429444E+00  0.1058625256E+01 -0.3906561990E+00
  0.2549928731E+00  0.1064598698E+01 -0.3879491641E+00
  0.2575685587E+00  0.1070459490E+01 -0.3851995448E+00
  0.2601702613E+00  0.1072576801E+01 -0.3824117732E+00
  0.2627982438E+00  0.1069460998E+01 -0.3795971544E+00
  0.2654527715E+00  0.1063820964E+01 -0.3767657263E+00
  0.2681341126E+00  0.1058912955E+01 -0.3739198395E+00
  0.2708425380E+00  0.1058685762E+01 -0.3710521604E+00
  0.2735783212E+00  0.1061586478E+01 -0.3681518578E+00
  0.2763417386E+00  0.1067788309E+01 -0.3652096821E+00
  0.2791330693E+00  0.1078119641E+01 -0.3622147128E+00
  0.2819525952E+00  0.1094202990E+01 -0.3591522528E+00
  0.2848006012E+00  0.1114543728E+01 -0.3560069908E+00
  0.2876773750E+00  0.1137762316E+01 -0.3527673033E+00
  0.2905832071E+00  0.1160831465E+01 -0.3494276396E+00
  0.2935183910E+00  0.1185049897E+01 -0.3459848430E+00
  0.2964832232E+00  0.1206863535E+01 -0.3424390319E+00
  0.2994780032E+00  0.1234096631E+01 -0.3387839626E+00
  0.3025030336E+00  0.1259283972E+01 -0.3350126866E+00
  0.3055586198E+00  0.1278984254E+01 -0.3311347379E+00
  0.3086450705E+00  0.1289244531E+01 -0.3271713821E+00
  0.3117626974E+00  0.1295048817E+01 -0.3231429508E+00
  0.3149118156E+00  0.1296501528E+01 -0.3190624017E+00
  0.3180927430E+00  0.1288888784E+01 -0.3149504322E+00
  0.3213058010E+00  0.1279480920E+01 -0.3108242718E+00
  0.3245513142E+00  0.1264899424E+01 -0.3066953619E+00
  0.3278296103E+00  0.1239728600E+01 -0.3025899057E+00
  0.3311410205E+00  0.1204988708E+01 -0.2985421748E+00
  0.3344858793E+00  0.1173854821E+01 -0.2945637269E+00
  0.3378645245E+00  0.1149473748E+01 -0.2906388754E+00
  0.3412772975E+00  0.1130238104E+01 -0.2867488059E+00
  0.3447245429E+00  0.1111168798E+01 -0.2828854661E+00
  0.3482066090E+00  0.1093488979E+01 -0.2790470840E+00
  0.3517238475E+00  0.1068620132E+01 -0.2752447574E+00
  0.3552766136E+00  0.1049442080E+01 -0.2714822675E+00
  0.3588652663E+00  0.1036596119E+01 -0.2677392342E+00
  0.3624901680E+00  0.1031383142E+01 -0.2639911235E+00
  0.3661516848E+00  0.1031898258E+01 -0.2602137537E+00
  0.3698501867E+00  0.1038831267E+01 -0.2563844552E+00
  0.3735860472E+00  0.1046038087E+01 -0.2524900647E+00
  0.3773596436E+00  0.1054129953E+01 -0.2485274714E+00
  0.3811713572E+00  0.1057962887E+01 -0.2445021249E+00
  0.3850215729E+00  0.1051848370E+01 -0.2404405106E+00
  0.3889106797E+00  0.1041561014E+01 -0.2363697643E+00
  0.3928390704E+00  0.1037412373E+01 -0.2322862544E+00
  0.3968071418E+00  0.1039443345E+01 -0.2281656985E+00
  0.4008152948E+00  0.1045649828E+01 -0.2239870124E+00
  0.4048639341E+00  0.1050070392E+01 -0.2197446047E+00
  0.4089534688E+00  0.1049024679E+01 -0.2154524436E+00
  0.4130843119E+00  0.1042386392E+01 -0.2111327981E+00
  0.4172568807E+00  0.1036541357E+01 -0.2067955636E+00
  0.4214715967E+00  0.1037962034E+01 -0.2024238423E+00
  0.4257288855E+00  0.1045647247E+01 -0.1979885790E+00
  0.4300291773E+00  0.1062079991E+01 -0.1934566580E+00
  0.4343729064E+00  0.1073716418E+01 -0.1888179975E+00
  0.4387605115E+00  0.1085394611E+01 -0.1840813342E+00
  0.4431924359E+00  0.1098509612E+01 -0.1792418850E+00
  0.4476691271E+00  0.1105785957E+01 -0.1743079097E+00
  0.4521910375E+00  0.1116614154E+01 -0.1692831626E+00
  0.4567586237E+00  0.1127645289E+01 -0.1641577383E+00
  0.4613723472E+00  0.1134761861E+01 -0.1589386779E+00
  0.4660326740E+00  0.1136213216E+01 -0.1536469349E+00
  0.4707400747E+00  0.1135076838E+01 -0.1483009987E+00
  0.4754950250E+00  0.1132026334E+01 -0.1429110173E+00
  0.4802980050E+00  0.1127379540E+01 -0.1374850766E+00
  0.4851495000E+00  0.1119383389E+01 -0.1320349971E+00
  0.4900500000E+00  0.1109564107E+01 -0.1265735185E+00
  0.4950000000E+00  0.1097170288E+01 -0.1211118508E+00
  0.5000000000E+00  0.1086050384E+01 -0.1156865158E+00
  0.5050000000E+00  0.1088705224E+01 -0.1102496268E+00
  0.5099500000E+00  0.1095336245E+01 -0.1048441242E+00
  0.5148505000E+00  0.1095253526E+01 -0.9947663158E-01
  0.5197019950E+00  0.1084261625E+01 -0.9418967815E-01
  0.5245049750E+00  0.1071848740E+01 -0.8901180061E-01
  0.5292599253E+00  0.1064737734E+01 -0.8393211942E-01
  0.5339673260E+00  0.1064909613E+01 -0.7891956766E-01
  0.5386276528E+00  0.1066875544E+01 -0.7395215997E-01
  0.5432413763E+00  0.1068872205E+01 -0.6902528521E-01
  0.5478089625E+00  0.1068010454E+01 -0.6414508730E-01
  0.5523308729E+00  0.1064937818E+01 -0.5932258684E-01
  0.5568075641E+00  0.1062569059E+01 -0.5456049111E-01
  0.5612394885E+00  0.1062469447E+01 -0.4985148615E-01
  0.5656270936E+00  0.1062562718E+01 -0.4518958515E-01
  0.5699708227E+00  0.1060160010E+01 -0.4057931895E-01
  0.5742711145E+00  0.1056172600E+01 -0.3602889509E-01
  0.5785284033E+00  0.1055490948E+01 -0.3153391425E-01
  0.5827431193E+00  0.1060783979E+01 -0.2707416539E-01
  0.5869156881E+00  0.1064678785E+01 -0.2263984557E-01
  0.5910465312E+00  0.1069509725E+01 -0.1823184661E-01
  0.5951360659E+00  0.1076891418E+01 -0.1384295565E-01
  0.5991847052E+00  0.1085102779E+01 -0.9466388266E-02
  0.6031928582E+00  0.1100029264E+01 -0.5087216547E-02
  0.6071609296E+00  0.1117719558E+01 -0.6871236892E-03
  0.6110893203E+00  0.1138040923E+01  0.3743630564E-02
  0.6149784271E+00  0.1158088090E+01  0.8208576041E-02
  0.6188286428E+00  0.1175658622E+01  0.1270129019E-01
  0.6226403564E+00  0.1185567674E+01  0.1720144935E-01
  0.6264139528E+00  0.1194120643E+01  0.2169144102E-01
  0.6301498133E+00  0.1203787695E+01  0.2617056651E-01
  0.6338483152E+00  0.1216333759E+01  0.3064597837E-01
  0.6375098320E+00  0.1228782105E+01  0.3512239483E-01
  0.6411347337E+00  0.1249342854E+01  0.3961387450E-01
  0.6447233864E+00  0.1275243373E+01  0.4414380604E-01
  0.6482761525E+00  0.1294330603E+01  0.4870835374E-01
  0.6517933910E+00  0.1306536498E+01  0.5328228866E-01
  0.6552754571E+00  0.1316643372E+01  0.5784933150E-01
  0.6587227025E+00  0.1322308262E+01  0.6239788848E-01
  0.6621354755E+00  0.1326046533E+01  0.6691700531E-01
  0.6655141207E+00  0.1335423637E+01  0.7141308708E-01
  0.6688589795E+00  0.1350977325E+01  0.7590590302E-01
  0.6721703897E+00  0.1372874613E+01  0.8041579857E-01
  0.6754486858E+00  0.1399171523E+01  0.8495959259E-01
  0.6786941990E+00  0.1431565579E+01  0.8955318983E-01
  0.6819072570E+00  0.1464257458E+01  0.9420541353E-01
  0.6850881844E+00  0.1493003641E+01  0.9890883001E-01
  0.6882373026E+00  0.1521962416E+01  0.1036560722E+00
  0.6913549295E+00  0.1551483410E+01  0.1084470010E+00
  0.6944413802E+00  0.1578800904E+01  0.1132777351E+00
  0.6974969664E+00  0.1602707237E+01  0.1181384213E+00
  0.7005219968E+00  0.1623395856E+01  0.1230179511E+00
  0.7035167768E+00  0.1648209094E+01  0.1279168197E+00
  0.7064816090E+00  0.1674505990E+01  0.1328424661E+00
  0.7094167929E+00  0.1701847632E+01  0.1377975755E+00
  0.7123226250E+00  0.1728612352E+01  0.1427817459E+00
  0.7151993988E+00  0.1752908271E+01  0.1477895194E+00
  0.7180474048E+00  0.1780146178E+01  0.1528205996E+00
  0.7208669307E+00  0.1804618984E+01  0.1578742688E+00
  0.7236582614E+00  0.1825741508E+01  0.1629410371E+00
  0.7264216788E+00  0.1845094352E+01  0.1680130629E+00
  0.7291574620E+00  0.1864166969E+01  0.1730869304E+00
  0.7318658874E+00  0.1881715967E+01  0.1781596526E+00
  0.7345472285E+00  0.1893633114E+01  0.1832211519E+00
  0.7372017562E+00  0.1905677867E+01  0.1882638401E+00
  0.7398297387E+00  0.1919461229E+01  0.1932900393E+00
  0.7424314413E+00  0.1938277013E+01  0.1983083831E+00
  0.7450071269E+00  0.1959261749E+01  0.2033278003E+00
  0.7475570556E+00  0.1983532676E+01  0.2083547227E+00
  0.7500814851E+00  0.2011889934E+01  0.2133978040E+00
  0.7525806702E+00  0.2036871044E+01  0.2184571056E+00
  0.7550548635E+00  0.2058195632E+01  0.2235230989E+00
  0.7575043149E+00  0.2081748354E+01  0.2285933946E+00
  0.7599292717E+00  0.2103000876E+01  0.2336673128E+00
  0.7623299790E+00  0.2120518782E+01  0.2387370300E+00
  0.7647066792E+00  0.2135203073E+01  0.2437943175E+00
  0.7670596124E+00  0.2147830301E+01  0.2488331632E+00
  0.7693890163E+00  0.2161713964E+01  0.2538524978E+00
  0.7716951261E+00  0.2176388254E+01  0.2588545679E+00
  0.7739781749E+00  0.2192919234E+01  0.2638422388E+00
  0.7762383931E+00  0.2211160655E+01  0.2688193297E+00
  0.7784760092E+00  0.2235289141E+01  0.2737940535E+00
  0.7806912491E+00  0.2260397587E+01  0.2787735658E+00
  0.7828843366E+00  0.2288278338E+01  0.2837613880E+00
  0.7850554932E+00  0.2323155472E+01  0.2887674605E+00
  0.7872049383E+00  0.2360002477E+01  0.2938005559E+00
  0.7893328889E+00  0.2394130638E+01  0.2988588361E+00
  0.7914395600E+00  0.2428092864E+01  0.3039382556E+00
  0.7935251644E+00  0.2464329697E+01  0.3090400846E+00
  0.7955899128E+00  0.2502245279E+01  0.3141674484E+00
  0.7976340137E+00  0.2537488432E+01  0.3193183104E+00
  0.7996576735E+00  0.2569288751E+01  0.3244855004E+00
  0.8016610968E+00  0.2598156432E+01  0.3296617904E+00
  0.8036444858E+00  0.2624706962E+01  0.3348412754E+00
  0.8056080410E+00  0.2648413848E+01  0.3400183071E+00
  0.8075519606E+00  0.2669184276E+01  0.3451867987E+00
  0.8094764409E+00  0.2687646467E+01  0.3503413566E+00
  0.8113816765E+00  0.2701838778E+01  0.3554754761E+00
  0.8132678598E+00  0.2713577682E+01  0.3605827100E+00
  0.8151351812E+00  0.2725724331E+01  0.3656611725E+00
  0.8169838294E+00  0.2737911884E+01  0.3707113431E+00
  0.8188139911E+00  0.2752312663E+01  0.3757353425E+00
  0.8206258512E+00  0.2767136646E+01  0.3807355774E+00
  0.8224195926E+00  0.2781507593E+01  0.3857119941E+00
  0.8241953967E+00  0.2794708273E+01  0.3906631275E+00
  0.8259534428E+00  0.2808653936E+01  0.3955886119E+00
  0.8276939083E+00  0.2823302336E+01  0.4004897249E+00
  0.8294169692E+00  0.2838672874E+01  0.4053676890E+00
  0.8311227996E+00  0.2855848165E+01  0.4102246323E+00
  0.8328115716E+00  0.2875077610E+01  0.4150637458E+00
  0.8344834558E+00  0.2892984813E+01  0.4198855122E+00
  0.8361386213E+00  0.2910204035E+01  0.4246881310E+00
  0.8377772351E+00  0.2929906671E+01  0.4294729740E+00
  0.8393994627E+00  0.2947576782E+01  0.4342402821E+00
  0.8410054681E+00  0.2963374114E+01  0.4389867915E+00
  0.8425954134E+00  0.2978079850E+01  0.4437100850E+00
  0.8441694593E+00  0.2991614755E+01  0.4484083716E+00
  0.8457277647E+00  0.3004456856E+01  0.4530802270E+00
  0.8472704870E+00  0.3017900997E+01  0.4577256400E+00
  0.8487977822E+00  0.3031763516E+01  0.4623454516E+00
  0.8503098043E+00  0.3047650270E+01  0.4669415558E+00
  0.8518067063E+00  0.3062313804E+01  0.4715145644E+00
  0.8532886392E+00  0.3075734197E+01  0.4760626522E+00
  0.8547557528E+00  0.3088630516E+01  0.4805845638E+00
  0.8562081953E+00  0.3101547207E+01  0.4850800023E+00
  0.8576461134E+00  0.3111185770E+01  0.4895467028E+00
  0.8590696522E+00  0.3118435060E+01  0.4939807565E+00
  0.8604789557E+00  0.3125744455E+01  0.4983807284E+00
  0.8618741662E+00  0.3133146522E+01  0.5027469634E+00
  0.8632554245E+00  0.3139683125E+01  0.5070791626E+00
  0.8646228702E+00  0.3146084003E+01  0.5113768854E+00
  0.8659766415E+00  0.3152481054E+01  0.5156402937E+00
  0.8673168751E+00  0.3159288769E+01  0.5198699166E+00
  0.8686437064E+00  0.3167123691E+01  0.5240669575E+00
  0.8699572693E+00  0.3175018973E+01  0.5282323592E+00
  0.8712576966E+00  0.3183103289E+01  0.5323664972E+00
  0.8725451197E+00  0.3191823143E+01  0.5364701107E+00
  0.8738196685E+00  0.3200680962E+01  0.5405438899E+00
  0.8750814718E+00  0.3209229524E+01  0.5445879131E+00
  0.8763306571E+00  0.3214409214E+01  0.5486000706E+00
  0.8775673505E+00  0.3219357599E+01  0.5525783692E+00
  0.8787916770E+00  0.3224848939E+01  0.5565232756E+00
  0.8800037602E+00  0.3230894063E+01  0.5604357245E+00
  0.8812037226E+00  0.3237475711E+01  0.5643166247E+00
  0.8823916854E+00  0.3244813076E+01  0.5681669836E+00
  0.8835677685E+00  0.3254268813E+01  0.5719887139E+00
  0.8847320908E+00  0.3265106033E+01  0.5757840408E+00
  0.8858847699E+00  0.3276125146E+01  0.5795540110E+00
  0.8870259222E+00  0.3287218251E+01  0.5832988982E+00
  0.8881556630E+00  0.3298016574E+01  0.5870187023E+00
  0.8892741064E+00  0.3308790505E+01  0.5907133721E+00
  0.8903813653E+00  0.3319354730E+01  0.5943829086E+00
  0.8914775517E+00  0.3328909282E+01  0.5980267768E+00
  0.8925627761E+00  0.3337775082E+01  0.6016442013E+00
  0.8936371484E+00  0.3346141932E+01  0.6052347087E+00
  0.8947007769E+00  0.3352663790E+01  0.6087972291E+00
  0.8957537691E+00  0.3358780576E+01  0.6123307785E+00
  0.8967962314E+00  0.3364390258E+01  0.6158351046E+00
  0.8978282691E+00  0.3369525098E+01  0.6193099318E+00
  0.8988499864E+00  0.3373798654E+01  0.6227548171E+00
  0.8998614866E+00  0.3377501095E+01  0.6261692874E+00
  0.9008628717E+00  0.3380459107E+01  0.6295529479E+00
  0.9018542430E+00  0.3383186584E+01  0.6329055899E+00
  0.9028357006E+00  0.3385655068E+01  0.6362272554E+00
  0.9038073436E+00  0.3387502794E+01  0.6395178011E+00
  0.9047692701E+00  0.3389480297E+01  0.6427772811E+00
  0.9057215774E+00  0.3391825806E+01  0.6460062247E+00
  0.9066643616E+00  0.3394795990E+01  0.6492053847E+00
  0.9075977180E+00  0.3397490055E+01  0.6523751965E+00
  0.9085217408E+00  0.3400365727E+01  0.6555158834E+00
  0.9094365234E+00  0.3403434782E+01  0.6586278826E+00
  0.9103421582E+00  0.3406473594E+01  0.6617115275E+00
  0.9112387366E+00  0.3409779585E+01  0.6647671802E+00
  0.9121263493E+00  0.3413526916E+01  0.6677954067E+00
  0.9130050858E+00  0.3417939124E+01  0.6707969360E+00
  0.9138750349E+00  0.3422574339E+01  0.6737723854E+00
  0.9147362846E+00  0.3427388748E+01  0.6767221496E+00
  0.9155889217E+00  0.3432324315E+01  0.6796465727E+00
  0.9164330325E+00  0.3437920322E+01  0.6825461965E+00
  0.9172687022E+00  0.3444186242E+01  0.6854217804E+00
  0.9180960151E+00  0.3450914326E+01  0.6882739835E+00
  0.9189150550E+00  0.3457447850E+01  0.6911030954E+00
  0.9197259044E+00  0.3463743748E+01  0.6939091176E+00
  0.9205286454E+00  0.3469767494E+01  0.6966920243E+00
  0.9213233589E+00  0.3475309934E+01  0.6994516979E+00
  0.9221101254E+00  0.3480856078E+01  0.7021881368E+00
  0.9228890241E+00  0.3485566438E+01  0.7049012057E+00
  0.9236601339E+00  0.3490122114E+01  0.7075907164E+00
  0.9244235325E+00  0.3494680586E+01  0.7102568109E+00
  0.9251792972E+00  0.3498840735E+01  0.7128995391E+00
  0.9259275042E+00  0.3503301301E+01  0.7155190651E+00
  0.9266682292E+00  0.3507624799E+01  0.7181156490E+00
  0.9274015469E+00  0.3511944442E+01  0.7206894363E+00
  0.9281275314E+00  0.3516159058E+01  0.7232405835E+00
  0.9288462561E+00  0.3520308609E+01  0.7257692250E+00
  0.9295577935E+00  0.3524093773E+01  0.7282754030E+00
  0.9302622156E+00  0.3527538035E+01  0.7307590655E+00
  0.9309595935E+00  0.3531395653E+01  0.7332204375E+00
  0.9316499975E+00  0.3535785414E+01  0.7356600428E+00
  0.9323334975E+00  0.3540330469E+01  0.7380783054E+00
  0.9330101626E+00  0.3545203415E+01  0.7404755719E+00
  0.9336800609E+00  0.3550834275E+01  0.7428523840E+00
  0.9343432603E+00  0.3556733478E+01  0.7452092513E+00
  0.9349998277E+00  0.3562848033E+01  0.7475464938E+00
  0.9356498295E+00  0.3569154520E+01  0.7498644008E+00
  0.9362933312E+00  0.3575787710E+01  0.7521632921E+00
  0.9369303978E+00  0.3582615150E+01  0.7544434821E+00
  0.9375610939E+00  0.3589615541E+01  0.7567052307E+00
  0.9381854829E+00  0.3596779855E+01  0.7589487841E+00
  0.9388036281E+00  0.3604103427E+01  0.7611743797E+00
  0.9394155918E+00  0.3612081846E+01  0.7633824015E+00
  0.9400214359E+00  0.3620173000E+01  0.7655732109E+00
  0.9406212215E+00  0.3628357587E+01  0.7677469932E+00
  0.9412150093E+00  0.3636578210E+01  0.7699039082E+00
  0.9418028592E+00  0.3644471900E+01  0.7720439905E+00
  0.9423848306E+00  0.3652437671E+01  0.7741672869E+00
  0.9429609823E+00  0.3660517011E+01  0.7762739725E+00
  0.9435313725E+00  0.3668924158E+01  0.7783642931E+00
  0.9440960588E+00  0.3677536907E+01  0.7804385160E+00
  0.9446550982E+00  0.3685942911E+01  0.7824967537E+00
  0.9452085472E+00  0.3693967604E+01  0.7845389558E+00
  0.9457564617E+00  0.3701675725E+01  0.7865650460E+00
  0.9462988971E+00  0.3709096380E+01  0.7885749785E+00
  0.9468359082E+00  0.3716378941E+01  0.7905687596E+00
  0.9473675491E+00  0.3723649963E+01  0.7925464715E+00
  0.9478938736E+00  0.3730677639E+01  0.7945081692E+00
  0.9484149348E+00  0.3737849073E+01  0.7964539492E+00
  0.9489307855E+00  0.3744940417E+01  0.7983839501E+00
  0.9494414776E+00  0.3751713560E+01  0.8002981912E+00
  0.9499470629E+00  0.3758227724E+01  0.8021966489E+00
  0.9504475922E+00  0.3764473927E+01  0.8040793155E+00
  0.9509431163E+00  0.3770547260E+01  0.8059462077E+00
  0.9514336852E+00  0.3776300685E+01  0.8077973319E+00
  0.9519193483E+00  0.3781665806E+01  0.8096326448E+00
  0.9524001548E+00  0.3786756554E+01  0.8114521182E+00
  0.9528761533E+00  0.3791635310E+01  0.8132557696E+00
  0.9533473917E+00  0.3796305535E+01  0.8150436344E+00
  0.9538139178E+00  0.3800771881E+01  0.8168157518E+00
  0.9542757786E+00  0.3804898055E+01  0.8185721323E+00
  0.9547330209E+00  0.3808764916E+01  0.8203127763E+00
  0.9551856906E+00  0.3812179117E+01  0.8220376619E+00
  0.9556338337E+00  0.3815383228E+01  0.8237467816E+00
  0.9560774954E+00  0.3818261257E+01  0.8254401593E+00
  0.9565167205E+00  0.3820974571E+01  0.8271178311E+00
  0.9569515532E+00  0.3823558420E+01  0.8287798780E+00
  0.9573820377E+00  0.3826022623E+01  0.8304263909E+00
  0.9578082173E+00  0.3828377026E+01  0.8320574654E+00
  0.9582301352E+00  0.3830709791E+01  0.8336732181E+00
  0.9586478338E+00  0.3833086979E+01  0.8352737968E+00
  0.9590613555E+00  0.3835219712E+01  0.8368593023E+00
  0.9594707419E+00  0.3837215322E+01  0.8384297978E+00
  0.9598760345E+00  0.3839026755E+01  0.8399853597E+00
  0.9602772742E+00  0.3840671172E+01  0.8415260594E+00
  0.9606745014E+00  0.3842373957E+01  0.8430520169E+00
  0.9610677564E+00  0.3844272504E+01  0.8445634229E+00
  0.9614570788E+00  0.3846134566E+01  0.8460604469E+00
  0.9618425080E+00  0.3847964262E+01  0.8475432121E+00
  0.9622240830E+00  0.3849767739E+01  0.8490118429E+00
  0.9626018421E+00  0.3851550649E+01  0.8504664647E+00
  0.9629758237E+00  0.3853318144E+01  0.8519072042E+00
  0.9633460655E+00  0.3854976787E+01  0.8533341706E+00
  0.9637126048E+00  0.3856556156E+01  0.8547474607E+00
  0.9640754788E+00  0.3858176557E+01  0.8561471984E+00
  0.9644347240E+00  0.3859811768E+01  0.8575335236E+00
  0.9647903767E+00  0.3861567274E+01  0.8589065885E+00
  0.9651424730E+00  0.3863423287E+01  0.8602665585E+00
  0.9654910483E+00  0.3865560695E+01  0.8616136249E+00
  0.9658361378E+00  0.3867756104E+01  0.8629479682E+00
  0.9661777764E+00  0.3869943415E+01  0.8642697167E+00
  0.9665159986E+00  0.3872125644E+01  0.8655789866E+00
  0.9668508386E+00  0.3874305119E+01  0.8668758941E+00
  0.9671823303E+00  0.3876439227E+01  0.8681605475E+00
  0.9675105070E+00  0.3878551193E+01  0.8694330511E+00
  0.9678354019E+00  0.3880664119E+01  0.8706935159E+00
  0.9681570479E+00  0.3882847825E+01  0.8719420671E+00
  0.9684754774E+00  0.3885051489E+01  0.8731788314E+00
  0.9687907226E+00  0.3887252540E+01  0.8744039222E+00
  0.9691028154E+00  0.3889450826E+01  0.8756174487E+00
  0.9694117872E+00  0.3891646070E+01  0.8768195186E+00
  0.9697176694E+00  0.3893837889E+01  0.8780102388E+00
  0.9700204927E+00  0.3896025808E+01  0.8791897150E+00
  0.9703202877E+00  0.3898034013E+01  0.8803580253E+00
  0.9706170849E+00  0.3900024042E+01  0.8815152459E+00
  0.9709109140E+00  0.3902017013E+01  0.8826614795E+00
  0.9712018049E+00  0.3904075359E+01  0.8837968399E+00
  0.9714897868E+00  0.3906195238E+01  0.8849214484E+00
  0.9717748890E+00  0.3908311151E+01  0.8860354146E+00
  0.9720571401E+00  0.3910507346E+01  0.8871388497E+00
  0.9723365687E+00  0.3912726998E+01  0.8882318675E+00
  0.9726132030E+00  0.3914826790E+01  0.8893145524E+00
  0.9728870709E+00  0.3916866587E+01  0.8903869774E+00
  0.9731582002E+00  0.3918909399E+01  0.8914492316E+00
  0.9734266182E+00  0.3920951476E+01  0.8925014115E+00
  0.9736923521E+00  0.3922971263E+01  0.8935436093E+00
  0.9739554285E+00  0.3924978718E+01  0.8945759148E+00
  0.9742158742E+00  0.3926963608E+01  0.8955984171E+00
  0.9744737155E+00  0.3928890333E+01  0.8966111988E+00
  0.9747289784E+00  0.3930809638E+01  0.8976143435E+00
  0.9749816886E+00  0.3932720953E+01  0.8986079407E+00
  0.9752318717E+00  0.3934623750E+01  0.8995920791E+00
  0.9754795530E+00  0.3936517548E+01  0.9005668463E+00
  0.9757247574E+00  0.3938401909E+01  0.9015323290E+00
  0.9759675099E+00  0.3940276442E+01  0.9024886132E+00
  0.9762078348E+00  0.3942140798E+01  0.9034357838E+00
  0.9764457564E+00  0.3943994674E+01  0.9043739249E+00
  0.9766812989E+00  0.3945844970E+01  0.9053031210E+00
  0.9769144859E+00  0.3947698570E+01  0.9062234569E+00
  0.9771453410E+00  0.3949590145E+01  0.9071350217E+00
  0.9773738876E+00  0.3951484941E+01  0.9080379036E+00
  0.9776001487E+00  0.3953301460E+01  0.9089321765E+00
  0.9778241472E+00  0.3955103854E+01  0.9098179121E+00
  0.9780459058E+00  0.3956892170E+01  0.9106951884E+00
  0.9782654467E+00  0.3958666484E+01  0.9115640830E+00
  0.9784827922E+00  0.3960426899E+01  0.9124246727E+00
  0.9786979643E+00  0.3962230088E+01  0.9132770400E+00
  0.9789109847E+00  0.3964032129E+01  0.9141212676E+00
  0.9791218748E+00  0.3965820677E+01  0.9149574316E+00
  0.9793306561E+00  0.3967595876E+01  0.9157856059E+00
  0.9795373495E+00  0.3969319999E+01  0.9166058601E+00
  0.9797419760E+00  0.3970991787E+01  0.9174182592E+00
  0.9799445563E+00  0.3972650869E+01  0.9182228717E+00
  0.9801451107E+00  0.3974207160E+01  0.9190197606E+00
  0.9803436596E+00  0.3975755325E+01  0.9198089887E+00
  0.9805402230E+00  0.3977259963E+01  0.9205906246E+00
  0.9807348208E+00  0.3978755777E+01  0.9213647360E+00
  0.9809274726E+00  0.3980321341E+01  0.9221314013E+00
  0.9811181978E+00  0.3981916631E+01  0.9228907013E+00
  0.9813070158E+00  0.3983495375E+01  0.9236427080E+00
  0.9814939457E+00  0.3985010529E+01  0.9243874837E+00
  0.9816790062E+00  0.3986517319E+01  0.9251250914E+00
  0.9818622162E+00  0.3988016054E+01  0.9258555982E+00
  0.9820435940E+00  0.3989502038E+01  0.9265790707E+00
  0.9822231581E+00  0.3990957438E+01  0.9272955726E+00
  0.9824009265E+00  0.3992406284E+01  0.9280051676E+00
  0.9825769172E+00  0.3993848839E+01  0.9287079210E+00
  0.9827511481E+00  0.3995285357E+01  0.9294038977E+00
  0.9829236366E+00  0.3996751720E+01  0.9300931651E+00
  0.9830944002E+00  0.3998220280E+01  0.9307757903E+00
  0.9832634562E+00  0.3999681494E+01  0.9314518369E+00
  0.9834308216E+00  0.4001139421E+01  0.9321213674E+00
  0.9835965134E+00  0.4002681392E+01  0.9327844511E+00
  0.9837605483E+00  0.4004237837E+01  0.9334411580E+00
  0.9839229428E+00  0.4005703445E+01  0.9340915433E+00
  0.9840837134E+00  0.4007084815E+01  0.9347356536E+00
  0.9842428762E+00  0.4008448305E+01  0.9353735412E+00
  0.9844004475E+00  0.4009810350E+01  0.9360052647E+00
  0.9845564430E+00  0.4011201569E+01  0.9366308856E+00
  0.9847108786E+00  0.4012638636E+01  0.9372504688E+00
  0.9848637698E+00  0.4014077994E+01  0.9378640760E+00
  0.9850151321E+00  0.4015555013E+01  0.9384717679E+00
  0.9851649808E+00  0.4017078138E+01  0.9390736076E+00
  0.9853133310E+00  0.4018591724E+01  0.9396696542E+00
  0.9854601977E+00  0.4020095990E+01  0.9402599619E+00
  0.9856055957E+00  0.4021591143E+01  0.9408445847E+00
  0.9857495397E+00  0.4023077379E+01  0.9414235757E+00
  0.9858920443E+00  0.4024554883E+01  0.9419969880E+00
  0.9860331239E+00  0.4026023827E+01  0.9425648741E+00
  0.9861727926E+00  0.4027483779E+01  0.9431272858E+00
  0.9863110647E+00  0.4028917494E+01  0.9436842734E+00
  0.9864479541E+00  0.4030349542E+01  0.9442358874E+00
  0.9865834745E+00  0.4031774285E+01  0.9447821787E+00
  0.9867176398E+00  0.4033191657E+01  0.9453231978E+00
  0.9868504634E+00  0.4034563834E+01  0.9458589920E+00
  0.9869819588E+00  0.4035866866E+01  0.9463896041E+00
  0.9871121392E+00  0.4037159128E+01  0.9469150790E+00
  0.9872410178E+00  0.4038447047E+01  0.9474354655E+00
  0.9873686076E+00  0.4039730673E+01  0.9479508121E+00
  0.9874949215E+00  0.4040945758E+01  0.9484611631E+00
  0.9876199723E+00  0.4042150487E+01  0.9489665619E+00
  0.9877437726E+00  0.4043361016E+01  0.9494670561E+00
  0.9878663349E+00  0.4044600085E+01  0.9499626956E+00
  0.9879876715E+00  0.4045835663E+01  0.9504535288E+00
  0.9881077948E+00  0.4047067753E+01  0.9509396019E+00
  0.9882267168E+00  0.4048296353E+01  0.9514209605E+00
  0.9883444497E+00  0.4049521452E+01  0.9518976500E+00
  0.9884610052E+00  0.4050748202E+01  0.9523697155E+00
  0.9885763951E+00  0.4051977496E+01  0.9528372021E+00
  0.9886906312E+00  0.4053202733E+01  0.9533001540E+00
  0.9888037249E+00  0.4054432805E+01  0.9537586152E+00
  0.9889156876E+00  0.4055673519E+01  0.9542126301E+00
  0.9890265307E+00  0.4056902505E+01  0.9546622417E+00
  0.9891362654E+00  0.4058112775E+01  0.9551074911E+00
  0.9892449028E+00  0.4059318984E+01  0.9555484192E+00
  0.9893524538E+00  0.4060521086E+01  0.9559850675E+00
  0.9894589292E+00  0.4061719031E+01  0.9564174772E+00
  0.9895643399E+00  0.4062912770E+01  0.9568456888E+00
  0.9896686965E+00  0.4064102248E+01  0.9572697426E+00
  0.9897720096E+00  0.4065287412E+01  0.9576896785E+00
  0.9898742895E+00  0.4066468203E+01  0.9581055361E+00
  0.9899755466E+00  0.4067642868E+01  0.9585173544E+00
  0.9900757911E+00  0.4068798770E+01  0.9589251713E+00
  0.9901750332E+00  0.4069950620E+01  0.9593290246E+00
  0.9902732829E+00  0.4071098347E+01  0.9597289522E+00
  0.9903705500E+00  0.4072257040E+01  0.9601249928E+00
  0.9904668445E+00  0.4073417788E+01  0.9605171846E+00
  0.9905621761E+00  0.4074573406E+01  0.9609055650E+00
  0.9906565543E+00  0.4075725885E+01  0.9612901704E+00
  0.9907499888E+00  0.4076876237E+01  0.9616710374E+00
  0.9908424889E+00  0.4078021157E+01  0.9620482019E+00
  0.9909340640E+00  0.4079161830E+01  0.9624216993E+00
  0.9910247234E+00  0.4080306514E+01  0.9627915654E+00
  0.9911144761E+00  0.4081445273E+01  0.9631578353E+00
  0.9912033314E+00  0.4082582281E+01  0.9635205436E+00
  0.9912912981E+00  0.4083715729E+01  0.9638797247E+00
  0.9913783851E+00  0.4084842912E+01  0.9642354124E+00
  0.9914646012E+00  0.4085963802E+01  0.9645876402E+00
  0.9915499552E+00  0.4087078370E+01  0.9649364411E+00
  0.9916344557E+00  0.4088186590E+01  0.9652818478E+00
  0.9917181111E+00  0.4089288434E+01  0.9656238930E+00
  0.9918009300E+00  0.4090383877E+01  0.9659626087E+00
  0.9918829207E+00  0.4091472894E+01  0.9662980267E+00
  0.9919640915E+00  0.4092555460E+01  0.9666301788E+00
  0.9920444506E+00  0.4093631554E+01  0.9669590960E+00
  0.9921240061E+00  0.4094701151E+01  0.9672848095E+00
  0.9922027660E+00  0.4095764232E+01  0.9676073497E+00
  0.9922807383E+00  0.4096809728E+01  0.9679267468E+00
  0.9923579310E+00  0.4097844090E+01  0.9682430302E+00
  0.9924343516E+00  0.4098872413E+01  0.9685562296E+00
  0.9925100081E+00  0.4099894667E+01  0.9688663745E+00
  0.9925849081E+00  0.4100910824E+01  0.9691734943E+00
  0.9926590590E+00  0.4101930025E+01  0.9694776184E+00
  0.9927324684E+00  0.4102943058E+01  0.9697787759E+00
  0.9928051437E+00  0.4103949569E+01  0.9700769951E+00
  0.9928770923E+00  0.4104949545E+01  0.9703723044E+00
  0.9929483213E+00  0.4105943050E+01  0.9706647315E+00
  0.9930188381E+00  0.4106933073E+01  0.9709543044E+00
  0.9930886497E+00  0.4107916427E+01  0.9712410503E+00
  0.9931577632E+00  0.4108893108E+01  0.9715249966E+00
  0.9932261856E+00  0.4109863110E+01  0.9718061700E+00
  0.9932939238E+00  0.4110826432E+01  0.9720845971E+00
  0.9933609845E+00  0.4111783073E+01  0.9723603043E+00
  0.9934273747E+00  0.4112733031E+01  0.9726333178E+00
  0.9934931009E+00  0.4113676307E+01  0.9729036633E+00
  0.9935581699E+00  0.4114612903E+01  0.9731713665E+00
  0.9936225882E+00  0.4115542823E+01  0.9734364529E+00
  0.9936863623E+00  0.4116466070E+01  0.9736989474E+00
  0.9937494987E+00  0.4117382649E+01  0.9739588751E+00
  0.9938120037E+00  0.4118292566E+01  0.9742162606E+00
  0.9938738837E+00  0.4119195830E+01  0.9744711283E+00
  0.9939351449E+00  0.4120092447E+01  0.9747235025E+00
  0.9939957934E+00  0.4120982427E+01  0.9749734071E+00
  0.9940558355E+00  0.4121865781E+01  0.9752208660E+00
  0.9941152771E+00  0.4122742519E+01  0.9754659025E+00
  0.9941741243E+00  0.4123612655E+01  0.9757085401E+00
  0.9942323831E+00  0.4124476201E+01  0.9759488018E+00
  0.9942900593E+00  0.4125333172E+01  0.9761867105E+00
  0.9943471587E+00  0.4126183581E+01  0.9764222888E+00
  0.9944036871E+00  0.4127027447E+01  0.9766555593E+00
  0.9944596502E+00  0.4127864784E+01  0.9768865441E+00
  0.9945150537E+00  0.4128695612E+01  0.9771152653E+00
  0.9945699032E+00  0.4129519948E+01  0.9773417446E+00
  0.9946242041E+00  0.4130337812E+01  0.9775660037E+00
  0.9946779621E+00  0.4131149225E+01  0.9777880641E+00
  0.9947311825E+00  0.4131954206E+01  0.9780079468E+00
  0.9947838707E+00  0.4132752777E+01  0.9782256730E+00
  0.9948360320E+00  0.4133544962E+01  0.9784412634E+00
  0.9948876716E+00  0.4134329114E+01  0.9786547386E+00
  0.9949387949E+00  0.4135106221E+01  0.9788661189E+00
  0.9949894070E+00  0.4135875961E+01  0.9790754246E+00
  0.9950395129E+00  0.4136639067E+01  0.9792826756E+00
  0.9950891178E+00  0.4137396055E+01  0.9794878919E+00
  0.9951382266E+00  0.4138146945E+01  0.9796910929E+00
  0.9951868443E+00  0.4138891762E+01  0.9798922984E+00
  0.9952349759E+00  0.4139630527E+01  0.9800915275E+00
  0.9952826261E+00  0.4140363265E+01  0.9802887993E+00
  0.9953297999E+00  0.4141090001E+01  0.9804841329E+00
  0.9953765019E+00  0.4141810759E+01  0.9806775469E+00
  0.9954227368E+00  0.4142525566E+01  0.9808690599E+00
  0.9954685095E+00  0.4143234448E+01  0.9810586905E+00
  0.9955138244E+00  0.4143937432E+01  0.9812464567E+00
  0.9955586861E+00  0.4144634545E+01  0.9814323766E+00
  0.9956030993E+00  0.4145325815E+01  0.9816164682E+00
  0.9956470683E+00  0.4146011271E+01  0.9817987491E+00
  0.9956905976E+00  0.4146690941E+01  0.9819792370E+00
  0.9957336916E+00  0.4147364854E+01  0.9821579491E+00
  0.9957763547E+00  0.4148033041E+01  0.9823349027E+00
  0.9958185912E+00  0.4148695531E+01  0.9825101149E+00
  0.9958604053E+00  0.4149352356E+01  0.9826836026E+00
  0.9959018012E+00  0.4150003545E+01  0.9828553824E+00
  0.9959427832E+00  0.4150649129E+01  0.9830254710E+00
  0.9959833554E+00  0.4151289142E+01  0.9831938848E+00
  0.9960235218E+00  0.4151923614E+01  0.9833606401E+00
  0.9960632866E+00  0.4152552577E+01  0.9835257530E+00
  0.9961026537E+00  0.4153176064E+01  0.9836892393E+00
  0.9961416272E+00  0.4153794107E+01  0.9838511150E+00
  0.9961802109E+00  0.4154406740E+01  0.9840113957E+00
  0.9962184088E+00  0.4155013996E+01  0.9841700969E+00
  0.9962562247E+00  0.4155615907E+01  0.9843272339E+00
  0.9962936625E+00  0.4156212508E+01  0.9844828220E+00
  0.9963307258E+00  0.4156803832E+01  0.9846368762E+00
  0.9963674186E+00  0.4157389912E+01  0.9847894115E+00
  0.9964037444E+00  0.4157970784E+01  0.9849404426E+00
  0.9964397070E+00  0.4158546481E+01  0.9850899842E+00
  0.9964753099E+00  0.4159117038E+01  0.9852380508E+00
  0.9965105568E+00  0.4159682489E+01  0.9853846568E+00
  0.9965454512E+00  0.4160242868E+01  0.9855298163E+00
  0.9965799967E+00  0.4160798211E+01  0.9856735435E+00
  0.9966141967E+00  0.4161348551E+01  0.9858158524E+00
  0.9966480548E+00  0.4161893924E+01  0.9859567567E+00
  0.9966815742E+00  0.4162434364E+01  0.9860962701E+00
  0.9967147585E+00  0.4162969907E+01  0.9862344063E+00
  0.9967476109E+00  0.4163500588E+01  0.9863711787E+00
  0.9967801348E+00  0.4164026440E+01  0.9865066005E+00
  0.9968123334E+00  0.4164547500E+01  0.9866406849E+00
  0.9968442101E+00  0.4165063802E+01  0.9867734450E+00
  0.9968757680E+00  0.4165575382E+01  0.9869048937E+00
  0.9969070103E+00  0.4166082273E+01  0.9870350439E+00
  0.9969379402E+00  0.4166584512E+01  0.9871639082E+00
  0.9969685608E+00  0.4167082133E+01  0.9872914991E+00
  0.9969988752E+00  0.4167575171E+01  0.9874178291E+00
  0.9970288865E+00  0.4168063660E+01  0.9875429106E+00
  0.9970585976E+00  0.4168547637E+01  0.9876667557E+00
  0.9970880116E+00  0.4169027134E+01  0.9877893765E+00
  0.9971171315E+00  0.4169502188E+01  0.9879107850E+00
  0.9971459602E+00  0.4169972833E+01  0.9880309930E+00
  0.9971745006E+00  0.4170439102E+01  0.9881500124E+00
  0.9972027556E+00  0.4170901032E+01  0.9882678546E+00
  0.9972307280E+00  0.4171358655E+01  0.9883845313E+00
  0.9972584207E+00  0.4171812007E+01  0.9885000539E+00
  0.9972858365E+00  0.4172261121E+01  0.9886144336E+00
  0.9973129782E+00  0.4172706032E+01  0.9887276816E+00
  0.9973398484E+00  0.4173146773E+01  0.9888398090E+00
  0.9973664499E+00  0.4173583379E+01  0.9889508269E+00
  0.9973927854E+00  0.4174015883E+01  0.9890607460E+00
  0.9974188575E+00  0.4174444318E+01  0.9891695771E+00
  0.9974446690E+00  0.4174868718E+01  0.9892773309E+00
  0.9974702223E+00  0.4175289117E+01  0.9893840180E+00
  0.9974955201E+00  0.4175705547E+01  0.9894896488E+00
  0.9975205649E+00  0.4176118042E+01  0.9895942337E+00
  0.9975453592E+00  0.4176526635E+01  0.9896977829E+00
  0.9975699056E+00  0.4176931358E+01  0.9898003066E+00
  0.9975942066E+00  0.4177332243E+01  0.9899018148E+00
  0.9976182645E+00  0.4177729324E+01  0.9900023176E+00
  0.9976420819E+00  0.4178122633E+01  0.9901018248E+00
  0.9976656610E+00  0.4178512201E+01  0.9902003461E+00
  0.9976890044E+00  0.4178898061E+01  0.9902978912E+00
  0.9977121144E+00  0.4179280245E+01  0.9903944698E+00
  0.9977349932E+00  0.4179658783E+01  0.9904900912E+00
  0.9977576433E+00  0.4180033708E+01  0.9905847650E+00
  0.9977800669E+00  0.4180405051E+01  0.9906785005E+00
  0.9978022662E+00  0.4180772843E+01  0.9907713068E+00
  0.9978242435E+00  0.4181137115E+01  0.9908631930E+00
  0.9978460011E+00  0.4181497897E+01  0.9909541683E+00
  0.9978675411E+00  0.4181855220E+01  0.9910442416E+00
  0.9978888657E+00  0.4182209115E+01  0.9911334217E+00
  0.9979099770E+00  0.4182559611E+01  0.9912217174E+00
  0.9979308773E+00  0.4182906739E+01  0.9913091375E+00
  0.9979515685E+00  0.4183250529E+01  0.9913956906E+00
  0.9979720528E+00  0.4183591010E+01  0.9914813851E+00
  0.9979923323E+00  0.4183928211E+01  0.9915662295E+00
  0.9980124089E+00  0.4184262162E+01  0.9916502322E+00
  0.9980322849E+00  0.4184592892E+01  0.9917334015E+00
  0.9980519620E+00  0.4184920430E+01  0.9918157456E+00
  0.9980714424E+00  0.4185244803E+01  0.9918972726E+00
  0.9980907280E+00  0.4185566042E+01  0.9919779906E+00
  0.9981098207E+00  0.4185884174E+01  0.9920579075E+00
  0.9981287225E+00  0.4186199227E+01  0.9921370312E+00
  0.9981474353E+00  0.4186511229E+01  0.9922153695E+00
  0.9981659609E+00  0.4186820208E+01  0.9922929302E+00
  0.9981843013E+00  0.4187126191E+01  0.9923697209E+00
  0.9982024583E+00  0.4187429206E+01  0.9924457492E+00
  0.9982204337E+00  0.4187729279E+01  0.9925210227E+00
  0.9982382294E+00  0.4188026438E+01  0.9925955488E+00
  0.9982558471E+00  0.4188320708E+01  0.9926693348E+00
  0.9982732886E+00  0.4188612118E+01  0.9927423881E+00
  0.9982905557E+00  0.4188900693E+01  0.9928147158E+00
  0.9983076502E+00  0.4189186459E+01  0.9928863252E+00
  0.9983245737E+00  0.4189469441E+01  0.9929572232E+00
  0.9983413279E+00  0.4189749667E+01  0.9930274171E+00
  0.9983579146E+00  0.4190027161E+01  0.9930969136E+00
  0.9983743355E+00  0.4190301948E+01  0.9931657197E+00
  0.9983905921E+00  0.4190574055E+01  0.9932338421E+00
  0.9984066862E+00  0.4190843504E+01  0.9933012877E+00
  0.9984226194E+00  0.4191110322E+01  0.9933680631E+00
  0.9984383932E+00  0.4191374533E+01  0.9934341750E+00
  0.9984540092E+00  0.4191636162E+01  0.9934996298E+00
  0.9984694691E+00  0.4191895231E+01  0.9935644341E+00
  0.9984847744E+00  0.4192151766E+01  0.9936285943E+00
  0.9984999267E+00  0.4192405790E+01  0.9936921168E+00
  0.9985149274E+00  0.4192657327E+01  0.9937550079E+00
  0.9985297782E+00  0.4192906400E+01  0.9938172737E+00
  0.9985444804E+00  0.4193153032E+01  0.9938789206E+00
  0.9985590356E+00  0.4193397246E+01  0.9939399545E+00
  0.9985734452E+00  0.4193639065E+01  0.9940003816E+00
  0.9985877108E+00  0.4193878512E+01  0.9940602079E+00
  0.9986018337E+00  0.4194115609E+01  0.9941194392E+00
  0.9986158153E+00  0.4194350378E+01  0.9941780816E+00
  0.9986296572E+00  0.4194582842E+01  0.9942361408E+00
  0.9986433606E+00  0.4194813022E+01  0.9942936225E+00
  0.9986569270E+00  0.4195040940E+01  0.9943505325E+00
  0.9986703577E+00  0.4195266617E+01  0.9944068765E+00
  0.9986836541E+00  0.4195490075E+01  0.9944626600E+00
  0.9986968176E+00  0.4195711334E+01  0.9945178886E+00
  0.9987098494E+00  0.4195930417E+01  0.9945725678E+00
  0.9987227509E+00  0.4196147343E+01  0.9946267031E+00
  0.9987355234E+00  0.4196362133E+01  0.9946802997E+00
  0.9987481682E+00  0.4196574808E+01  0.9947333631E+00
  0.9987606865E+00  0.4196785387E+01  0.9947858984E+00
  0.9987730796E+00  0.4196993892E+01  0.9948379110E+00
  0.9987853488E+00  0.4197200341E+01  0.9948894061E+00
  0.9987974954E+00  0.4197404755E+01  0.9949403887E+00
  0.9988095204E+00  0.4197607153E+01  0.9949908639E+00
  0.9988214252E+00  0.4197807554E+01  0.9950408367E+00
  0.9988332109E+00  0.4198005978E+01  0.9950903122E+00
  0.9988448788E+00  0.4198202443E+01  0.9951392952E+00
  0.9988564300E+00  0.4198396969E+01  0.9951877907E+00
  0.9988678657E+00  0.4198589574E+01  0.9952358034E+00
  0.9988791871E+00  0.4198780276E+01  0.9952833381E+00
  0.9988903952E+00  0.4198969095E+01  0.9953303997E+00
  0.9989014913E+00  0.4199156048E+01  0.9953769927E+00
  0.9989124764E+00  0.4199341153E+01  0.9954231218E+00
  0.9989233516E+00  0.4199524428E+01  0.9954687916E+00
  0.9989341181E+00  0.4199705891E+01  0.9955140067E+00
  0.9989447769E+00  0.4199885559E+01  0.9955587715E+00
  0.9989553291E+00  0.4200063450E+01  0.9956030906E+00
  0.9989657758E+00  0.4200239582E+01  0.9956469684E+00
  0.9989761181E+00  0.4200413970E+01  0.9956904092E+00
  0.9989863569E+00  0.4200586632E+01  0.9957334174E+00
  0.9989964933E+00  0.4200757585E+01  0.9957759972E+00
  0.9990065284E+00  0.4200926845E+01  0.9958181529E+00
  0.9990164631E+00  0.4201094429E+01  0.9958598888E+00
  0.9990262985E+00  0.4201260353E+01  0.9959012089E+00
  0.9990360355E+00  0.4201424633E+01  0.9959421174E+00
  0.9990456751E+00  0.4201587285E+01  0.9959826185E+00
  0.9990552184E+00  0.4201748326E+01  0.9960227160E+00
  0.9990646662E+00  0.4201907770E+01  0.9960624141E+00
  0.9990740195E+00  0.4202065634E+01  0.9961017167E+00
  0.9990832793E+00  0.4202221932E+01  0.9961406277E+00
  0.9990924466E+00  0.4202376681E+01  0.9961791511E+00
  0.9991015221E+00  0.4202529895E+01  0.9962172906E+00
  0.9991105069E+00  0.4202681589E+01  0.9962550501E+00
  0.9991194018E+00  0.4202831778E+01  0.9962924333E+00
  0.9991282078E+00  0.4202980477E+01  0.9963294440E+00
  0.9991369257E+00  0.4203127700E+01  0.9963660859E+00
  0.9991455564E+00  0.4203273462E+01  0.9964023627E+00
  0.9991541009E+00  0.4203417777E+01  0.9964382779E+00
  0.9991625599E+00  0.4203560659E+01  0.9964738352E+00
  0.9991709343E+00  0.4203702122E+01  0.9965090381E+00
  0.9991792249E+00  0.4203842181E+01  0.9965438901E+00
  0.9991874327E+00  0.4203980849E+01  0.9965783948E+00
  0.9991955584E+00  0.4204118139E+01  0.9966125555E+00
  0.9992036028E+00  0.4204254066E+01  0.9966463757E+00
  0.9992115667E+00  0.4204388642E+01  0.9966798588E+00
  0.9992194511E+00  0.4204521881E+01  0.9967130081E+00
  0.9992272566E+00  0.4204653795E+01  0.9967458270E+00
  0.9992349840E+00  0.4204784399E+01  0.9967783187E+00
  0.9992426342E+00  0.4204913705E+01  0.9968104865E+00
  0.9992502078E+00  0.4205041725E+01  0.9968423335E+00
  0.9992577057E+00  0.4205168472E+01  0.9968738631E+00
  0.9992651287E+00  0.4205293959E+01  0.9969050783E+00
  0.9992724774E+00  0.4205418198E+01  0.9969359822E+00
  0.9992797526E+00  0.4205541202E+01  0.9969665780E+00
  0.9992869551E+00  0.4205662982E+01  0.9969968688E+00
  0.9992940855E+00  0.4205783551E+01  0.9970268575E+00
  0.9993011447E+00  0.4205902926E+01  0.9970565471E+00
  0.9993081332E+00  0.4206021116E+01  0.9970859407E+00
  0.9993150519E+00  0.4206138130E+01  0.9971150412E+00
  0.9993219014E+00  0.4206253980E+01  0.9971438514E+00
  0.9993286824E+00  0.4206368676E+01  0.9971723744E+00
  0.9993353956E+00  0.4206482231E+01  0.9972006129E+00
  0.9993420416E+00  0.4206594656E+01  0.9972285697E+00
  0.9993486212E+00  0.4206705961E+01  0.9972562477E+00
  0.9993551350E+00  0.4206816157E+01  0.9972836497E+00
  0.9993615836E+00  0.4206925257E+01  0.9973107783E+00
  0.9993679678E+00  0.4207033270E+01  0.9973376363E+00
  0.9993742881E+00  0.4207140207E+01  0.9973642265E+00
  0.9993805452E+00  0.4207246079E+01  0.9973905514E+00
  0.9993867398E+00  0.4207350897E+01  0.9974166137E+00
  0.9993928724E+00  0.4207454671E+01  0.9974424160E+00
  0.9993989436E+00  0.4207557411E+01  0.9974679610E+00
  0.9994049542E+00  0.4207659127E+01  0.9974932511E+00
  0.9994109047E+00  0.4207759830E+01  0.9975182889E+00
  0.9994167956E+00  0.4207859529E+01  0.9975430769E+00
  0.9994226277E+00  0.4207958235E+01  0.9975676176E+00
  0.9994284014E+00  0.4208055958E+01  0.9975919134E+00
  0.9994341174E+00  0.4208152707E+01  0.9976159669E+00
  0.9994397762E+00  0.4208248491E+01  0.9976397804E+00
  0.9994453784E+00  0.4208343321E+01  0.9976633563E+00
  0.9994509247E+00  0.4208437205E+01  0.9976866969E+00
  0.9994564154E+00  0.4208530154E+01  0.9977098047E+00
  0.9994618513E+00  0.4208622176E+01  0.9977326818E+00
  0.9994672327E+00  0.4208713281E+01  0.9977553307E+00
  0.9994725604E+00  0.4208803477E+01  0.9977777536E+00
  0.9994778348E+00  0.4208892774E+01  0.9977999527E+00
  0.9994830565E+00  0.4208981181E+01  0.9978219303E+00
  0.9994882259E+00  0.4209068706E+01  0.9978436886E+00
  0.9994933436E+00  0.4209155359E+01  0.9978652298E+00
  0.9994984102E+00  0.4209241147E+01  0.9978865559E+00
  0.9995034261E+00  0.4209326080E+01  0.9979076693E+00
  0.9995083918E+00  0.4209410166E+01  0.9979285719E+00
  0.9995133079E+00  0.4209493413E+01  0.9979492659E+00
  0.9995181748E+00  0.4209575830E+01  0.9979697534E+00
  0.9995229931E+00  0.4209657425E+01  0.9979900364E+00
  0.9995277632E+00  0.4209738206E+01  0.9980101169E+00
  0.9995324855E+00  0.4209818181E+01  0.9980299970E+00
  0.9995371607E+00  0.4209897359E+01  0.9980496787E+00
  0.9995417891E+00  0.4209975746E+01  0.9980691640E+00
  0.9995463712E+00  0.4210053352E+01  0.9980884547E+00
  0.9995509075E+00  0.4210130183E+01  0.9981075529E+00
  0.9995553984E+00  0.4210206247E+01  0.9981264605E+00
  0.9995598444E+00  0.4210281553E+01  0.9981451793E+00
  0.9995642460E+00  0.4210356107E+01  0.9981637112E+00
  0.9995686035E+00  0.4210429918E+01  0.9981820582E+00
  0.9995729175E+00  0.4210502992E+01  0.9982002220E+00
  0.9995771883E+00  0.4210575336E+01  0.9982182045E+00
  0.9995814164E+00  0.4210646959E+01  0.9982360074E+00
  0.9995856022E+00  0.4210717867E+01  0.9982536327E+00
  0.9995897462E+00  0.4210788067E+01  0.9982710819E+00
  0.9995938488E+00  0.4210857566E+01  0.9982883570E+00
  0.9995979103E+00  0.4210926372E+01  0.9983054596E+00
  0.9996019312E+00  0.4210994491E+01  0.9983223914E+00
  0.9996059119E+00  0.4211061930E+01  0.9983391542E+00
  0.9996098527E+00  0.4211128697E+01  0.9983557496E+00
  0.9996137542E+00  0.4211194796E+01  0.9983721794E+00
  0.9996176167E+00  0.4211260236E+01  0.9983884450E+00
  0.9996214405E+00  0.4211325022E+01  0.9984045483E+00
  0.9996252261E+00  0.4211389162E+01  0.9984204908E+00
  0.9996289738E+00  0.4211452661E+01  0.9984362741E+00
  0.9996326841E+00  0.4211515527E+01  0.9984518998E+00
  0.9996363573E+00  0.4211577765E+01  0.9984673695E+00
  0.9996399937E+00  0.4211639381E+01  0.9984826847E+00
  0.9996435938E+00  0.4211700382E+01  0.9984978470E+00
  0.9996471578E+00  0.4211760775E+01  0.9985128579E+00
  0.9996506862E+00  0.4211820564E+01  0.9985277188E+00
  0.9996541794E+00  0.4211879756E+01  0.9985424314E+00
  0.9996576376E+00  0.4211938357E+01  0.9985569971E+00
  0.9996610612E+00  0.4211996373E+01  0.9985714173E+00
  0.9996644506E+00  0.4212053810E+01  0.9985856934E+00
  0.9996678400E+00  0.4212111247E+01  0.9985999698E+00
  0.9996712294E+00  0.4212168685E+01  0.9986142464E+00
  0.9996746188E+00  0.4212226124E+01  0.9986285232E+00
  0.9996780081E+00  0.4212283564E+01  0.9986428001E+00
  0.9996813975E+00  0.4212341005E+01  0.9986570773E+00
  0.9996847869E+00  0.4212398446E+01  0.9986713547E+00
  0.9996881763E+00  0.4212455888E+01  0.9986856322E+00
  0.9996915657E+00  0.4212513331E+01  0.9986999100E+00
  0.9996949551E+00  0.4212570775E+01  0.9987141879E+00
  0.9996983445E+00  0.4212628220E+01  0.9987284660E+00
  0.9997017339E+00  0.4212685665E+01  0.9987427444E+00
  0.9997051232E+00  0.4212743111E+01  0.9987570229E+00
  0.9997085126E+00  0.4212800558E+01  0.9987713016E+00
  0.9997119020E+00  0.4212858006E+01  0.9987855805E+00
  0.9997152914E+00  0.4212915454E+01  0.9987998596E+00
  0.9997186808E+00  0.4212972903E+01  0.9988141389E+00
  0.9997220702E+00  0.4213030353E+01  0.9988284184E+00
  0.9997254596E+00  0.4213087803E+01  0.9988426981E+00
  0.9997288490E+00  0.4213145255E+01  0.9988569780E+00
  0.9997322384E+00  0.4213202707E+01  0.9988712581E+00
  0.9997356277E+00  0.4213260159E+01  0.9988855383E+00
  0.9997390171E+00  0.4213317613E+01  0.9988998188E+00
  0.9997424065E+00  0.4213375067E+01  0.9989140995E+00
  0.9997457959E+00  0.4213432521E+01  0.9989283803E+00
  0.9997491853E+00  0.4213489977E+01  0.9989426614E+00
  0.9997525747E+00  0.4213547433E+01  0.9989569427E+00
  0.9997559641E+00  0.4213604890E+01  0.9989712241E+00
  0.9997593535E+00  0.4213662348E+01  0.9989855057E+00
  0.9997627428E+00  0.4213719806E+01  0.9989997876E+00
  0.9997661322E+00  0.4213777265E+01  0.9990140696E+00
  0.9997695216E+00  0.4213834724E+01  0.9990283518E+00
  0.9997729110E+00  0.4213892184E+01  0.9990426342E+00
  0.9997763004E+00  0.4213949645E+01  0.9990569169E+00
  0.9997796898E+00  0.4214007107E+01  0.9990711997E+00
  0.9997830792E+00  0.4214064569E+01  0.9990854827E+00
  0.9997864686E+00  0.4214122032E+01  0.9990997659E+00
  0.9997898579E+00  0.4214179495E+01  0.9991140492E+00
  0.9997932473E+00  0.4214236959E+01  0.9991283328E+00
  0.9997966367E+00  0.4214294424E+01  0.9991426166E+00
  0.9998000261E+00  0.4214351889E+01  0.9991569006E+00
  0.9998034155E+00  0.4214409355E+01  0.9991711848E+00
  0.9998068049E+00  0.4214466821E+01  0.9991854691E+00
  0.9998101943E+00  0.4214524288E+01  0.9991997537E+00
  0.9998135837E+00  0.4214581756E+01  0.9992140384E+00
  0.9998169731E+00  0.4214639224E+01  0.9992283234E+00
  0.9998203624E+00  0.4214696693E+01  0.9992426085E+00
  0.9998237518E+00  0.4214754163E+01  0.9992568939E+00
  0.9998271412E+00  0.4214811633E+01  0.9992711794E+00
  0.9998305306E+00  0.4214869103E+01  0.9992854651E+00
  0.9998339200E+00  0.4214926574E+01  0.9992997511E+00
  0.9998373094E+00  0.4214984046E+01  0.9993140372E+00
  0.9998406988E+00  0.4215041518E+01  0.9993283235E+00
  0.9998440882E+00  0.4215098991E+01  0.9993426100E+00
  0.9998474775E+00  0.4215156464E+01  0.9993568967E+00
  0.9998508669E+00  0.4215213938E+01  0.9993711836E+00
  0.9998542563E+00  0.4215271413E+01  0.9993854707E+00
  0.9998576457E+00  0.4215328888E+01  0.9993997580E+00
  0.9998610351E+00  0.4215386363E+01  0.9994140455E+00
  0.9998644245E+00  0.4215443839E+01  0.9994283331E+00
  0.9998678139E+00  0.4215501315E+01  0.9994426210E+00
  0.9998712033E+00  0.4215558792E+01  0.9994569091E+00
  0.9998745926E+00  0.4215616270E+01  0.9994711973E+00
  0.9998779820E+00  0.4215673748E+01  0.9994854858E+00
  0.9998813714E+00  0.4215731226E+01  0.9994997745E+00
  0.9998847608E+00  0.4215788705E+01  0.9995140633E+00
  0.9998881502E+00  0.4215846185E+01  0.9995283523E+00
  0.9998915396E+00  0.4215903665E+01  0.9995426416E+00
  0.9998949290E+00  0.4215961145E+01  0.9995569310E+00
  0.9998983184E+00  0.4216018626E+01  0.9995712206E+00
  0.9999017077E+00  0.4216076107E+01  0.9995855105E+00
  0.9999050971E+00  0.4216133589E+01  0.9995998005E+00
  0.9999084865E+00  0.4216191071E+01  0.9996140907E+00
  0.9999118759E+00  0.4216248554E+01  0.9996283811E+00
  0.9999152653E+00  0.4216306037E+01  0.9996426717E+00
  0.9999186547E+00  0.4216363521E+01  0.9996569625E+00
  0.9999220441E+00  0.4216421005E+01  0.9996712535E+00
  0.9999254335E+00  0.4216478489E+01  0.9996855447E+00
  0.9999288229E+00  0.4216535974E+01  0.9996998360E+00
  0.9999322122E+00  0.4216593459E+01  0.9997141276E+00
  0.9999356016E+00  0.4216650945E+01  0.9997284194E+00
  0.9999389910E+00  0.4216708431E+01  0.9997427113E+00
  0.9999423804E+00  0.4216765917E+01  0.9997570035E+00
  0.9999457698E+00  0.4216823404E+01  0.9997712958E+00
  0.9999491592E+00  0.4216880891E+01  0.9997855884E+00
  0.9999525486E+00  0.4216938379E+01  0.9997998811E+00
  0.9999559380E+00  0.4216995867E+01  0.9998141741E+00
  0.9999593273E+00  0.4217053355E+01  0.9998284672E+00
  0.9999627167E+00  0.4217110844E+01  0.9998427605E+00
  0.9999661061E+00  0.4217168333E+01  0.9998570541E+00
  0.9999694955E+00  0.4217225823E+01  0.9998713478E+00
  0.9999728849E+00  0.4217283312E+01  0.9998856417E+00
  0.9999762743E+00  0.4217340803E+01  0.9998999358E+00
  0.9999796637E+00  0.4217398293E+01  0.9999142301E+00
  0.9999830531E+00  0.4217455784E+01  0.9999285246E+00
  0.9999864424E+00  0.4217513275E+01  0.9999428193E+00
  0.9999898318E+00  0.4217570767E+01  0.9999571142E+00
  0.9999932212E+00  0.4217628258E+01  0.9999714093E+00
  0.9999966106E+00  0.4217685750E+01  0.9999857045E+00
  0.1000000000E+01  0.4217745164E+01  0.1000000000E+01
  0.1000000000E+01  0.4217745164E+01  0.1000000000E+01
