  0.0000000000E+00  0.4217743141E+01 -0.1000000000E+01
  0.6996492144E-18  0.4217743141E+01 -0.1000000000E+01
  0.3389387958E-05  0.4217699859E+01 -0.9999857045E+00
  0.6778775916E-05  0.4217656577E+01 -0.9999714092E+00
  0.1016816387E-04  0.4217613296E+01 -0.9999571140E+00
  0.1355755183E-04  0.4217570015E+01 -0.9999428189E+00
  0.1694693979E-04  0.4217526734E+01 -0.9999285240E+00
  0.2033632775E-04  0.4217483453E+01 -0.9999142292E+00
  0.2372571571E-04  0.4217440173E+01 -0.9998999346E+00
  0.2711510367E-04  0.4217396893E+01 -0.9998856402E+00
  0.3050449162E-04  0.4217353614E+01 -0.9998713458E+00
  0.3389387958E-04  0.4217310334E+01 -0.9998570517E+00
  0.3728326754E-04  0.4217267056E+01 -0.9998427576E+00
  0.4067265550E-04  0.4217223777E+01 -0.9998284637E+00
  0.4406204346E-04  0.4217180499E+01 -0.9998141700E+00
  0.4745143141E-04  0.4217137221E+01 -0.9997998764E+00
  0.5084081937E-04  0.4217093943E+01 -0.9997855830E+00
  0.5423020733E-04  0.4217050666E+01 -0.9997712897E+00
  0.5761959529E-04  0.4217007389E+01 -0.9997569965E+00
  0.6100898325E-04  0.4216964113E+01 -0.9997427035E+00
  0.6439837120E-04  0.4216920837E+01 -0.9997284107E+00
  0.6778775916E-04  0.4216877561E+01 -0.9997141180E+00
  0.7117714712E-04  0.4216834285E+01 -0.9996998254E+00
  0.7456653508E-04  0.4216791010E+01 -0.9996855330E+00
  0.7795592304E-04  0.4216747735E+01 -0.9996712407E+00
  0.8134531100E-04  0.4216704461E+01 -0.9996569486E+00
  0.8473469895E-04  0.4216661187E+01 -0.9996426566E+00
  0.8812408691E-04  0.4216617913E+01 -0.9996283648E+00
  0.9151347487E-04  0.4216574640E+01 -0.9996140731E+00
  0.9490286283E-04  0.4216531367E+01 -0.9995997816E+00
  0.9829225079E-04  0.4216488095E+01 -0.9995854902E+00
  0.1016816387E-03  0.4216444823E+01 -0.9995711990E+00
  0.1050710267E-03  0.4216401551E+01 -0.9995569079E+00
  0.1084604147E-03  0.4216358280E+01 -0.9995426169E+00
  0.1118498026E-03  0.4216315009E+01 -0.9995283261E+00
  0.1152391906E-03  0.4216271738E+01 -0.9995140355E+00
  0.1186285785E-03  0.4216228468E+01 -0.9994997450E+00
  0.1220179665E-03  0.4216185198E+01 -0.9994854546E+00
  0.1254073545E-03  0.4216141928E+01 -0.9994711644E+00
  0.1287967424E-03  0.4216098659E+01 -0.9994568743E+00
  0.1321861304E-03  0.4216055391E+01 -0.9994425844E+00
  0.1355755183E-03  0.4216012123E+01 -0.9994282946E+00
  0.1389649063E-03  0.4215968855E+01 -0.9994140050E+00
  0.1423542942E-03  0.4215925587E+01 -0.9993997155E+00
  0.1457436822E-03  0.4215882320E+01 -0.9993854262E+00
  0.1491330702E-03  0.4215839054E+01 -0.9993711370E+00
  0.1525224581E-03  0.4215795788E+01 -0.9993568480E+00
  0.1559118461E-03  0.4215752522E+01 -0.9993425591E+00
  0.1593012340E-03  0.4215709256E+01 -0.9993282703E+00
  0.1626906220E-03  0.4215665992E+01 -0.9993139817E+00
  0.1660800099E-03  0.4215622727E+01 -0.9992996933E+00
  0.1694693979E-03  0.4215579463E+01 -0.9992854050E+00
  0.1728587859E-03  0.4215536199E+01 -0.9992711168E+00
  0.1762481738E-03  0.4215492936E+01 -0.9992568288E+00
  0.1796375618E-03  0.4215449673E+01 -0.9992425409E+00
  0.1830269497E-03  0.4215406411E+01 -0.9992282532E+00
  0.1864163377E-03  0.4215363149E+01 -0.9992139656E+00
  0.1898057257E-03  0.4215319888E+01 -0.9991996782E+00
  0.1931951136E-03  0.4215276627E+01 -0.9991853909E+00
  0.1965845016E-03  0.4215233366E+01 -0.9991711038E+00
  0.1999738895E-03  0.4215190106E+01 -0.9991568168E+00
  0.2033632775E-03  0.4215146846E+01 -0.9991425299E+00
  0.2067526654E-03  0.4215103587E+01 -0.9991282433E+00
  0.2101420534E-03  0.4215060328E+01 -0.9991139567E+00
  0.2135314414E-03  0.4215017070E+01 -0.9990996703E+00
  0.2169208293E-03  0.4214973812E+01 -0.9990853841E+00
  0.2203102173E-03  0.4214930555E+01 -0.9990710979E+00
  0.2236996052E-03  0.4214887298E+01 -0.9990568120E+00
  0.2270889932E-03  0.4214844042E+01 -0.9990425262E+00
  0.2304783812E-03  0.4214800786E+01 -0.9990282405E+00
  0.2338677691E-03  0.4214757530E+01 -0.9990139550E+00
  0.2372571571E-03  0.4214714275E+01 -0.9989996696E+00
  0.2406465450E-03  0.4214671021E+01 -0.9989853844E+00
  0.2440359330E-03  0.4214627767E+01 -0.9989710993E+00
  0.2474253209E-03  0.4214584513E+01 -0.9989568144E+00
  0.2508147089E-03  0.4214541260E+01 -0.9989425296E+00
  0.2542040969E-03  0.4214498008E+01 -0.9989282449E+00
  0.2575934848E-03  0.4214454756E+01 -0.9989139604E+00
  0.2609828728E-03  0.4214411504E+01 -0.9988996761E+00
  0.2643722607E-03  0.4214368253E+01 -0.9988853919E+00
  0.2677616487E-03  0.4214325002E+01 -0.9988711078E+00
  0.2711510367E-03  0.4214281752E+01 -0.9988568239E+00
  0.2745404246E-03  0.4214238503E+01 -0.9988425402E+00
  0.2779298126E-03  0.4214195254E+01 -0.9988282565E+00
  0.2813192005E-03  0.4214152005E+01 -0.9988139731E+00
  0.2847085885E-03  0.4214108757E+01 -0.9987996897E+00
  0.2880979764E-03  0.4214065509E+01 -0.9987854066E+00
  0.2914873644E-03  0.4214022262E+01 -0.9987711235E+00
  0.2948767524E-03  0.4213979016E+01 -0.9987568407E+00
  0.2982661403E-03  0.4213935770E+01 -0.9987425579E+00
  0.3016555283E-03  0.4213892525E+01 -0.9987282753E+00
  0.3050449162E-03  0.4213849280E+01 -0.9987139929E+00
  0.3084343042E-03  0.4213806035E+01 -0.9986997106E+00
  0.3118236921E-03  0.4213762791E+01 -0.9986854284E+00
  0.3152130801E-03  0.4213719548E+01 -0.9986711464E+00
  0.3186024681E-03  0.4213676305E+01 -0.9986568646E+00
  0.3219918560E-03  0.4213633063E+01 -0.9986425829E+00
  0.3253812440E-03  0.4213589821E+01 -0.9986283013E+00
  0.3287706319E-03  0.4213546580E+01 -0.9986140199E+00
  0.3321600199E-03  0.4213503340E+01 -0.9985997386E+00
  0.3355494079E-03  0.4213460099E+01 -0.9985854575E+00
  0.3389387958E-03  0.4213416860E+01 -0.9985711765E+00
  0.3423624200E-03  0.4213373184E+01 -0.9985567514E+00
  0.3458206263E-03  0.4213329068E+01 -0.9985421808E+00
  0.3493137639E-03  0.4213284507E+01 -0.9985274631E+00
  0.3528421858E-03  0.4213239496E+01 -0.9985125970E+00
  0.3564062483E-03  0.4213194031E+01 -0.9984975808E+00
  0.3600063114E-03  0.4213148107E+01 -0.9984824131E+00
  0.3636427388E-03  0.4213101721E+01 -0.9984670924E+00
  0.3673158977E-03  0.4213054866E+01 -0.9984516171E+00
  0.3710261593E-03  0.4213007539E+01 -0.9984359856E+00
  0.3747738983E-03  0.4212959734E+01 -0.9984201965E+00
  0.3785594932E-03  0.4212911448E+01 -0.9984042480E+00
  0.3823833265E-03  0.4212862674E+01 -0.9983881386E+00
  0.3862457844E-03  0.4212813408E+01 -0.9983718667E+00
  0.3901472569E-03  0.4212763646E+01 -0.9983554306E+00
  0.3940881383E-03  0.4212713382E+01 -0.9983388287E+00
  0.3980688266E-03  0.4212662610E+01 -0.9983220593E+00
  0.4020897238E-03  0.4212611327E+01 -0.9983051208E+00
  0.4061512362E-03  0.4212559527E+01 -0.9982880113E+00
  0.4102537739E-03  0.4212507204E+01 -0.9982707292E+00
  0.4143977514E-03  0.4212454354E+01 -0.9982532728E+00
  0.4185835873E-03  0.4212400971E+01 -0.9982356403E+00
  0.4228117043E-03  0.4212347049E+01 -0.9982178299E+00
  0.4270825296E-03  0.4212292584E+01 -0.9981998398E+00
  0.4313964946E-03  0.4212237569E+01 -0.9981816682E+00
  0.4357540349E-03  0.4212182000E+01 -0.9981633133E+00
  0.4401555908E-03  0.4212125871E+01 -0.9981447733E+00
  0.4446016069E-03  0.4212069176E+01 -0.9981260462E+00
  0.4490925322E-03  0.4212011909E+01 -0.9981071303E+00
  0.4536288204E-03  0.4211954065E+01 -0.9980880235E+00
  0.4582109297E-03  0.4211895638E+01 -0.9980687240E+00
  0.4628393230E-03  0.4211836622E+01 -0.9980492298E+00
  0.4675144676E-03  0.4211777011E+01 -0.9980295390E+00
  0.4722368360E-03  0.4211716799E+01 -0.9980096496E+00
  0.4770069051E-03  0.4211655980E+01 -0.9979895596E+00
  0.4818251566E-03  0.4211594548E+01 -0.9979692669E+00
  0.4866920774E-03  0.4211532497E+01 -0.9979487696E+00
  0.4916081590E-03  0.4211469820E+01 -0.9979280655E+00
  0.4965738980E-03  0.4211406512E+01 -0.9979071526E+00
  0.5015897959E-03  0.4211342566E+01 -0.9978860288E+00
  0.5066563595E-03  0.4211277975E+01 -0.9978646919E+00
  0.5117741005E-03  0.4211212734E+01 -0.9978431398E+00
  0.5169435359E-03  0.4211146835E+01 -0.9978213704E+00
  0.5221651878E-03  0.4211080272E+01 -0.9977993814E+00
  0.5274395836E-03  0.4211013039E+01 -0.9977771707E+00
  0.5327672562E-03  0.4210945127E+01 -0.9977547360E+00
  0.5381487436E-03  0.4210876532E+01 -0.9977320750E+00
  0.5435845895E-03  0.4210807246E+01 -0.9977091855E+00
  0.5490753429E-03  0.4210737261E+01 -0.9976860652E+00
  0.5546215585E-03  0.4210666572E+01 -0.9976627118E+00
  0.5602237965E-03  0.4210595171E+01 -0.9976391228E+00
  0.5658826227E-03  0.4210523050E+01 -0.9976152960E+00
  0.5715986088E-03  0.4210450203E+01 -0.9975912289E+00
  0.5773723321E-03  0.4210376622E+01 -0.9975669191E+00
  0.5832043759E-03  0.4210302300E+01 -0.9975423643E+00
  0.5890953291E-03  0.4210227229E+01 -0.9975175618E+00
  0.5950457870E-03  0.4210151403E+01 -0.9974925092E+00
  0.6010563505E-03  0.4210074812E+01 -0.9974672041E+00
  0.6071276268E-03  0.4209997451E+01 -0.9974416438E+00
  0.6132602291E-03  0.4209919311E+01 -0.9974158258E+00
  0.6194547769E-03  0.4209840383E+01 -0.9973897475E+00
  0.6257118958E-03  0.4209760661E+01 -0.9973634063E+00
  0.6320322180E-03  0.4209680137E+01 -0.9973367995E+00
  0.6384163818E-03  0.4209598802E+01 -0.9973099244E+00
  0.6448650321E-03  0.4209516648E+01 -0.9972827785E+00
  0.6513788203E-03  0.4209433667E+01 -0.9972553588E+00
  0.6579584044E-03  0.4209349851E+01 -0.9972276628E+00
  0.6646044489E-03  0.4209265191E+01 -0.9971996876E+00
  0.6713176251E-03  0.4209179679E+01 -0.9971714303E+00
  0.6780986112E-03  0.4209093307E+01 -0.9971428882E+00
  0.6849480921E-03  0.4209006065E+01 -0.9971140584E+00
  0.6918667597E-03  0.4208917946E+01 -0.9970849380E+00
  0.6988553129E-03  0.4208828940E+01 -0.9970555241E+00
  0.7059144575E-03  0.4208739038E+01 -0.9970258136E+00
  0.7130449065E-03  0.4208648232E+01 -0.9969958038E+00
  0.7202473803E-03  0.4208556512E+01 -0.9969654914E+00
  0.7275226064E-03  0.4208463870E+01 -0.9969348736E+00
  0.7348713196E-03  0.4208370296E+01 -0.9969039471E+00
  0.7422942622E-03  0.4208275780E+01 -0.9968727090E+00
  0.7497921840E-03  0.4208180315E+01 -0.9968411560E+00
  0.7573658425E-03  0.4208083889E+01 -0.9968092850E+00
  0.7650160025E-03  0.4207986493E+01 -0.9967770929E+00
  0.7727434369E-03  0.4207888118E+01 -0.9967445763E+00
  0.7805489261E-03  0.4207788755E+01 -0.9967117321E+00
  0.7884332587E-03  0.4207688392E+01 -0.9966785569E+00
  0.7963972310E-03  0.4207587021E+01 -0.9966450474E+00
  0.8044416475E-03  0.4207484631E+01 -0.9966112002E+00
  0.8125673207E-03  0.4207381211E+01 -0.9965770120E+00
  0.8207750714E-03  0.4207276753E+01 -0.9965424793E+00
  0.8290657287E-03  0.4207171244E+01 -0.9965075986E+00
  0.8374401300E-03  0.4207064675E+01 -0.9964723665E+00
  0.8458991212E-03  0.4206957036E+01 -0.9964367795E+00
  0.8544435568E-03  0.4206848315E+01 -0.9964008339E+00
  0.8630742998E-03  0.4206738502E+01 -0.9963645261E+00
  0.8717922220E-03  0.4206627586E+01 -0.9963278526E+00
  0.8805982040E-03  0.4206515556E+01 -0.9962908096E+00
  0.8894931354E-03  0.4206402401E+01 -0.9962533934E+00
  0.8984779145E-03  0.4206288110E+01 -0.9962156003E+00
  0.9075534490E-03  0.4206172671E+01 -0.9961774265E+00
  0.9167206556E-03  0.4206056073E+01 -0.9961388682E+00
  0.9259804602E-03  0.4205938305E+01 -0.9960999215E+00
  0.9353337982E-03  0.4205819354E+01 -0.9960605825E+00
  0.9447816143E-03  0.4205699210E+01 -0.9960208473E+00
  0.9543248629E-03  0.4205577860E+01 -0.9959807118E+00
  0.9639645080E-03  0.4205455292E+01 -0.9959401721E+00
  0.9737015233E-03  0.4205331495E+01 -0.9958992241E+00
  0.9835368922E-03  0.4205206456E+01 -0.9958578638E+00
  0.9934716083E-03  0.4205080162E+01 -0.9958160869E+00
  0.1003506675E-02  0.4204952602E+01 -0.9957738892E+00
  0.1013643106E-02  0.4204823763E+01 -0.9957312667E+00
  0.1023881925E-02  0.4204693632E+01 -0.9956882149E+00
  0.1034224167E-02  0.4204562196E+01 -0.9956447296E+00
  0.1044670876E-02  0.4204429443E+01 -0.9956008065E+00
  0.1055223107E-02  0.4204295359E+01 -0.9955564411E+00
  0.1065881926E-02  0.4204159931E+01 -0.9955116290E+00
  0.1076648410E-02  0.4204023146E+01 -0.9954663657E+00
  0.1087523647E-02  0.4203884991E+01 -0.9954206467E+00
  0.1098508734E-02  0.4203745452E+01 -0.9953744674E+00
  0.1109604782E-02  0.4203604516E+01 -0.9953278233E+00
  0.1120812911E-02  0.4203462168E+01 -0.9952807095E+00
  0.1132134253E-02  0.4203318394E+01 -0.9952331215E+00
  0.1143569953E-02  0.4203173182E+01 -0.9951850544E+00
  0.1155121165E-02  0.4203026515E+01 -0.9951365035E+00
  0.1166789055E-02  0.4202878381E+01 -0.9950874640E+00
  0.1178574803E-02  0.4202728765E+01 -0.9950379308E+00
  0.1190479599E-02  0.4202577651E+01 -0.9949878990E+00
  0.1202504646E-02  0.4202425027E+01 -0.9949373638E+00
  0.1214651157E-02  0.4202270875E+01 -0.9948863199E+00
  0.1226920361E-02  0.4202115182E+01 -0.9948347623E+00
  0.1239313496E-02  0.4201957933E+01 -0.9947826859E+00
  0.1251831814E-02  0.4201799112E+01 -0.9947300855E+00
  0.1264476580E-02  0.4201638703E+01 -0.9946769557E+00
  0.1277249070E-02  0.4201476692E+01 -0.9946232914E+00
  0.1290150576E-02  0.4201313062E+01 -0.9945690870E+00
  0.1303182400E-02  0.4201147798E+01 -0.9945143374E+00
  0.1316345859E-02  0.4200980883E+01 -0.9944590368E+00
  0.1329642282E-02  0.4200812302E+01 -0.9944031799E+00
  0.1343073012E-02  0.4200642039E+01 -0.9943467611E+00
  0.1356639406E-02  0.4200470093E+01 -0.9942897747E+00
  0.1370342834E-02  0.4200296432E+01 -0.9942322150E+00
  0.1384184681E-02  0.4200121039E+01 -0.9941740764E+00
  0.1398166344E-02  0.4199943897E+01 -0.9941153530E+00
  0.1412289237E-02  0.4199764990E+01 -0.9940560389E+00
  0.1426554785E-02  0.4199584300E+01 -0.9939961282E+00
  0.1440964429E-02  0.4199401809E+01 -0.9939356150E+00
  0.1455519625E-02  0.4199217501E+01 -0.9938744932E+00
  0.1470221844E-02  0.4199031358E+01 -0.9938127568E+00
  0.1485072569E-02  0.4198843362E+01 -0.9937503995E+00
  0.1500073302E-02  0.4198653494E+01 -0.9936874152E+00
  0.1515225558E-02  0.4198461738E+01 -0.9936237976E+00
  0.1530530867E-02  0.4198268074E+01 -0.9935595403E+00
  0.1545990774E-02  0.4198072484E+01 -0.9934946370E+00
  0.1561606843E-02  0.4197874950E+01 -0.9934290811E+00
  0.1577380649E-02  0.4197675452E+01 -0.9933628663E+00
  0.1593313787E-02  0.4197473973E+01 -0.9932959857E+00
  0.1609407866E-02  0.4197270492E+01 -0.9932284329E+00
  0.1625664511E-02  0.4197064991E+01 -0.9931602010E+00
  0.1642085364E-02  0.4196857450E+01 -0.9930912833E+00
  0.1658672085E-02  0.4196647849E+01 -0.9930216730E+00
  0.1675426349E-02  0.4196436170E+01 -0.9929513630E+00
  0.1692349847E-02  0.4196222391E+01 -0.9928803464E+00
  0.1709444290E-02  0.4196006493E+01 -0.9928086162E+00
  0.1726711404E-02  0.4195788456E+01 -0.9927361651E+00
  0.1744152934E-02  0.4195568259E+01 -0.9926629861E+00
  0.1761770640E-02  0.4195345881E+01 -0.9925890718E+00
  0.1779566303E-02  0.4195121303E+01 -0.9925144148E+00
  0.1797541720E-02  0.4194894502E+01 -0.9924390078E+00
  0.1815698707E-02  0.4194665457E+01 -0.9923628432E+00
  0.1834039098E-02  0.4194434148E+01 -0.9922859135E+00
  0.1852564746E-02  0.4194200553E+01 -0.9922082111E+00
  0.1871277521E-02  0.4193964651E+01 -0.9921297282E+00
  0.1890179314E-02  0.4193726419E+01 -0.9920504570E+00
  0.1909272034E-02  0.4193485835E+01 -0.9919703896E+00
  0.1928557610E-02  0.4193242877E+01 -0.9918895182E+00
  0.1948037990E-02  0.4192997524E+01 -0.9918078346E+00
  0.1967715142E-02  0.4192749752E+01 -0.9917253308E+00
  0.1987591052E-02  0.4192499538E+01 -0.9916419985E+00
  0.2007667730E-02  0.4192246861E+01 -0.9915578296E+00
  0.2027947202E-02  0.4191991696E+01 -0.9914728157E+00
  0.2048431517E-02  0.4191734020E+01 -0.9913869482E+00
  0.2069122744E-02  0.4191473811E+01 -0.9913002188E+00
  0.2090022974E-02  0.4191211044E+01 -0.9912126188E+00
  0.2111134317E-02  0.4190945696E+01 -0.9911241395E+00
  0.2132458906E-02  0.4190677711E+01 -0.9910347721E+00
  0.2153998895E-02  0.4190407022E+01 -0.9909445079E+00
  0.2175756460E-02  0.4190133674E+01 -0.9908533378E+00
  0.2197733798E-02  0.4189857644E+01 -0.9907612529E+00
  0.2219933129E-02  0.4189578906E+01 -0.9906682439E+00
  0.2242356696E-02  0.4189297435E+01 -0.9905743018E+00
  0.2265006764E-02  0.4189013207E+01 -0.9904794171E+00
  0.2287885620E-02  0.4188726195E+01 -0.9903835806E+00
  0.2310995576E-02  0.4188436375E+01 -0.9902867827E+00
  0.2334338965E-02  0.4188143720E+01 -0.9901890138E+00
  0.2357918147E-02  0.4187848204E+01 -0.9900902643E+00
  0.2381735502E-02  0.4187549802E+01 -0.9899905243E+00
  0.2405793436E-02  0.4187248486E+01 -0.9898897842E+00
  0.2430094380E-02  0.4186944232E+01 -0.9897880338E+00
  0.2454640788E-02  0.4186637011E+01 -0.9896852631E+00
  0.2479435139E-02  0.4186326797E+01 -0.9895814620E+00
  0.2504479939E-02  0.4186013563E+01 -0.9894766202E+00
  0.2529777716E-02  0.4185697281E+01 -0.9893707274E+00
  0.2555331026E-02  0.4185377925E+01 -0.9892637730E+00
  0.2581142450E-02  0.4185055467E+01 -0.9891557466E+00
  0.2607214596E-02  0.4184729879E+01 -0.9890466375E+00
  0.2633550097E-02  0.4184401133E+01 -0.9889364349E+00
  0.2660151614E-02  0.4184069201E+01 -0.9888251279E+00
  0.2687021832E-02  0.4183734055E+01 -0.9887127055E+00
  0.2714163467E-02  0.4183395665E+01 -0.9885991567E+00
  0.2741579259E-02  0.4183054005E+01 -0.9884844703E+00
  0.2769271979E-02  0.4182709044E+01 -0.9883686349E+00
  0.2797244423E-02  0.4182360755E+01 -0.9882516392E+00
  0.2825499417E-02  0.4182009107E+01 -0.9881334716E+00
  0.2854039815E-02  0.4181654071E+01 -0.9880141205E+00
  0.2882868500E-02  0.4181295619E+01 -0.9878935740E+00
  0.2911988384E-02  0.4180933721E+01 -0.9877718205E+00
  0.2941402408E-02  0.4180568346E+01 -0.9876488478E+00
  0.2971113544E-02  0.4180199465E+01 -0.9875246438E+00
  0.3001124792E-02  0.4179827048E+01 -0.9873991964E+00
  0.3031439184E-02  0.4179451064E+01 -0.9872724932E+00
  0.3062059781E-02  0.4179071484E+01 -0.9871445217E+00
  0.3092989678E-02  0.4178688277E+01 -0.9870152694E+00
  0.3124231998E-02  0.4178301412E+01 -0.9868847235E+00
  0.3155789897E-02  0.4177910859E+01 -0.9867528712E+00
  0.3187666563E-02  0.4177516586E+01 -0.9866196997E+00
  0.3219865215E-02  0.4177118563E+01 -0.9864851957E+00
  0.3252389106E-02  0.4176716759E+01 -0.9863493460E+00
  0.3285241521E-02  0.4176311142E+01 -0.9862121375E+00
  0.3318425779E-02  0.4175901681E+01 -0.9860735565E+00
  0.3351945231E-02  0.4175488345E+01 -0.9859335895E+00
  0.3385803264E-02  0.4175071102E+01 -0.9857922227E+00
  0.3420003297E-02  0.4174649920E+01 -0.9856494424E+00
  0.3454548785E-02  0.4174224768E+01 -0.9855052344E+00
  0.3489443217E-02  0.4173795614E+01 -0.9853595847E+00
  0.3524690118E-02  0.4173362426E+01 -0.9852124789E+00
  0.3560293049E-02  0.4172925172E+01 -0.9850639028E+00
  0.3596255605E-02  0.4172483820E+01 -0.9849138417E+00
  0.3632581419E-02  0.4172038338E+01 -0.9847622809E+00
  0.3669274160E-02  0.4171588694E+01 -0.9846092056E+00
  0.3706337536E-02  0.4171134855E+01 -0.9844546009E+00
  0.3743775289E-02  0.4170676790E+01 -0.9842984515E+00
  0.3781591201E-02  0.4170214467E+01 -0.9841407423E+00
  0.3819789092E-02  0.4169747852E+01 -0.9839814578E+00
  0.3858372820E-02  0.4169276914E+01 -0.9838205825E+00
  0.3897346283E-02  0.4168801621E+01 -0.9836581006E+00
  0.3936713417E-02  0.4168321940E+01 -0.9834939963E+00
  0.3976478199E-02  0.4167837838E+01 -0.9833282535E+00
  0.4016644645E-02  0.4167349285E+01 -0.9831608561E+00
  0.4057216813E-02  0.4166856247E+01 -0.9829917877E+00
  0.4098198801E-02  0.4166358693E+01 -0.9828210318E+00
  0.4139594749E-02  0.4165856590E+01 -0.9826485718E+00
  0.4181408837E-02  0.4165349907E+01 -0.9824743909E+00
  0.4223645290E-02  0.4164838611E+01 -0.9822984721E+00
  0.4266308374E-02  0.4164322671E+01 -0.9821207983E+00
  0.4309402398E-02  0.4163802055E+01 -0.9819413521E+00
  0.4352931715E-02  0.4163276732E+01 -0.9817601160E+00
  0.4396900722E-02  0.4162746669E+01 -0.9815770726E+00
  0.4441313861E-02  0.4162211837E+01 -0.9813922038E+00
  0.4486175617E-02  0.4161672203E+01 -0.9812054918E+00
  0.4531490522E-02  0.4161127736E+01 -0.9810169183E+00
  0.4577263154E-02  0.4160578407E+01 -0.9808264651E+00
  0.4623498135E-02  0.4160024185E+01 -0.9806341137E+00
  0.4670200136E-02  0.4159465038E+01 -0.9804398453E+00
  0.4717373875E-02  0.4158900938E+01 -0.9802436411E+00
  0.4765024116E-02  0.4158331855E+01 -0.9800454820E+00
  0.4813155673E-02  0.4157757758E+01 -0.9798453488E+00
  0.4861773407E-02  0.4157178619E+01 -0.9796432221E+00
  0.4910882230E-02  0.4156594410E+01 -0.9794390823E+00
  0.4960487101E-02  0.4156005101E+01 -0.9792329096E+00
  0.5010593031E-02  0.4155410664E+01 -0.9790246840E+00
  0.5061205082E-02  0.4154811072E+01 -0.9788143853E+00
  0.5112328365E-02  0.4154206298E+01 -0.9786019932E+00
  0.5163968046E-02  0.4153596314E+01 -0.9783874871E+00
  0.5216129339E-02  0.4152981094E+01 -0.9781708461E+00
  0.5268817514E-02  0.4152360613E+01 -0.9779520495E+00
  0.5322037893E-02  0.4151734844E+01 -0.9777310759E+00
  0.5375795852E-02  0.4151103764E+01 -0.9775079041E+00
  0.5430096820E-02  0.4150467347E+01 -0.9772825124E+00
  0.5484946283E-02  0.4149824297E+01 -0.9770548792E+00
  0.5540349781E-02  0.4149174784E+01 -0.9768249824E+00
  0.5596312910E-02  0.4148519775E+01 -0.9765927999E+00
  0.5652841323E-02  0.4147859246E+01 -0.9763583093E+00
  0.5709940730E-02  0.4147193173E+01 -0.9761214880E+00
  0.5767616899E-02  0.4146521534E+01 -0.9758823132E+00
  0.5825875656E-02  0.4145844305E+01 -0.9756407617E+00
  0.5884722885E-02  0.4145161465E+01 -0.9753968104E+00
  0.5944164530E-02  0.4144472993E+01 -0.9751504356E+00
  0.6004206596E-02  0.4143778870E+01 -0.9749016137E+00
  0.6064855147E-02  0.4143079076E+01 -0.9746503208E+00
  0.6126116310E-02  0.4142373594E+01 -0.9743965325E+00
  0.6187996273E-02  0.4141662405E+01 -0.9741402246E+00
  0.6250501286E-02  0.4140945493E+01 -0.9738813724E+00
  0.6313637663E-02  0.4140225941E+01 -0.9736199508E+00
  0.6377411780E-02  0.4139502573E+01 -0.9733559346E+00
  0.6441830081E-02  0.4138773619E+01 -0.9730892984E+00
  0.6506899072E-02  0.4138039073E+01 -0.9728200164E+00
  0.6572625325E-02  0.4137298928E+01 -0.9725480630E+00
  0.6639015480E-02  0.4136553180E+01 -0.9722734118E+00
  0.6706076242E-02  0.4135801825E+01 -0.9719960366E+00
  0.6773814386E-02  0.4135044861E+01 -0.9717159107E+00
  0.6842236754E-02  0.4134282288E+01 -0.9714330072E+00
  0.6911350256E-02  0.4133514106E+01 -0.9711472990E+00
  0.6981161875E-02  0.4132740319E+01 -0.9708587587E+00
  0.7051678662E-02  0.4131960931E+01 -0.9705673586E+00
  0.7122907739E-02  0.4131175946E+01 -0.9702730708E+00
  0.7194856302E-02  0.4130385374E+01 -0.9699758671E+00
  0.7267531618E-02  0.4129589223E+01 -0.9696757190E+00
  0.7340941029E-02  0.4128787505E+01 -0.9693725977E+00
  0.7415091948E-02  0.4127980233E+01 -0.9690664742E+00
  0.7489991867E-02  0.4127167422E+01 -0.9687573193E+00
  0.7565648350E-02  0.4126349089E+01 -0.9684451033E+00
  0.7642069041E-02  0.4125525254E+01 -0.9681297963E+00
  0.7719261657E-02  0.4124695938E+01 -0.9678113682E+00
  0.7797233997E-02  0.4123861164E+01 -0.9674897886E+00
  0.7875993937E-02  0.4123020960E+01 -0.9671650266E+00
  0.7955549431E-02  0.4122175352E+01 -0.9668370513E+00
  0.8035908516E-02  0.4121324372E+01 -0.9665058312E+00
  0.8117079309E-02  0.4120468054E+01 -0.9661713348E+00
  0.8199070009E-02  0.4119606432E+01 -0.9658335301E+00
  0.8281888898E-02  0.4118739547E+01 -0.9654923847E+00
  0.8365544342E-02  0.4117869452E+01 -0.9651478661E+00
  0.8450044790E-02  0.4116994338E+01 -0.9647999413E+00
  0.8535398777E-02  0.4116114178E+01 -0.9644485770E+00
  0.8621614927E-02  0.4115229024E+01 -0.9640937396E+00
  0.8708701946E-02  0.4114338769E+01 -0.9637353954E+00
  0.8796668632E-02  0.4113419503E+01 -0.9633735110E+00
  0.8885523871E-02  0.4112494613E+01 -0.9630080533E+00
  0.8975276638E-02  0.4111563389E+01 -0.9626389873E+00
  0.9065935997E-02  0.4110618226E+01 -0.9622662784E+00
  0.9157511109E-02  0.4109667241E+01 -0.9618898916E+00
  0.9250011221E-02  0.4108710481E+01 -0.9615097912E+00
  0.9343445678E-02  0.4107747999E+01 -0.9611259410E+00
  0.9437823917E-02  0.4106779848E+01 -0.9607383047E+00
  0.9533155471E-02  0.4105803578E+01 -0.9603468455E+00
  0.9629449971E-02  0.4104828748E+01 -0.9599515262E+00
  0.9726717143E-02  0.4103851927E+01 -0.9595523086E+00
  0.9824966811E-02  0.4102882771E+01 -0.9591491541E+00
  0.9924208900E-02  0.4101908907E+01 -0.9587420238E+00
  0.1002445343E-01  0.4100930875E+01 -0.9583308788E+00
  0.1012571054E-01  0.4099948754E+01 -0.9579156802E+00
  0.1022799044E-01  0.4098981550E+01 -0.9574963873E+00
  0.1033130348E-01  0.4098006922E+01 -0.9570729594E+00
  0.1043566008E-01  0.4097009368E+01 -0.9566453574E+00
  0.1054107079E-01  0.4096007810E+01 -0.9562135415E+00
  0.1064754625E-01  0.4095002371E+01 -0.9557774707E+00
  0.1075509722E-01  0.4093993181E+01 -0.9553371035E+00
  0.1086373457E-01  0.4092980373E+01 -0.9548923980E+00
  0.1097346926E-01  0.4091964087E+01 -0.9544433118E+00
  0.1108431238E-01  0.4090944466E+01 -0.9539898022E+00
  0.1119627514E-01  0.4089921662E+01 -0.9535318261E+00
  0.1130936882E-01  0.4088895827E+01 -0.9530693397E+00
  0.1142360487E-01  0.4087867124E+01 -0.9526022992E+00
  0.1153899482E-01  0.4086846594E+01 -0.9521306593E+00
  0.1165555032E-01  0.4085843800E+01 -0.9516543733E+00
  0.1177328316E-01  0.4084859327E+01 -0.9511733933E+00
  0.1189220521E-01  0.4083874005E+01 -0.9506876720E+00
  0.1201232849E-01  0.4082888027E+01 -0.9501971629E+00
  0.1213366514E-01  0.4081881846E+01 -0.9497018199E+00
  0.1225622742E-01  0.4080870398E+01 -0.9492015972E+00
  0.1238002770E-01  0.4079854363E+01 -0.9486964472E+00
  0.1250507848E-01  0.4078837886E+01 -0.9481863218E+00
  0.1263139240E-01  0.4077821191E+01 -0.9476711720E+00
  0.1275898223E-01  0.4076804506E+01 -0.9471509484E+00
  0.1288786083E-01  0.4075788065E+01 -0.9466256010E+00
  0.1301804125E-01  0.4074766285E+01 -0.9460950797E+00
  0.1314953661E-01  0.4073728309E+01 -0.9455593351E+00
  0.1328236022E-01  0.4072652731E+01 -0.9450183192E+00
  0.1341652547E-01  0.4071558546E+01 -0.9444719841E+00
  0.1355204593E-01  0.4070473170E+01 -0.9439202782E+00
  0.1368893528E-01  0.4069394864E+01 -0.9433631476E+00
  0.1382720736E-01  0.4068317085E+01 -0.9428005384E+00
  0.1396687612E-01  0.4067240109E+01 -0.9422323968E+00
  0.1410795567E-01  0.4066164218E+01 -0.9416586683E+00
  0.1425046028E-01  0.4065089699E+01 -0.9410792977E+00
  0.1439440432E-01  0.4064026566E+01 -0.9404942288E+00
  0.1453980234E-01  0.4062983426E+01 -0.9399034032E+00
  0.1468666903E-01  0.4061967325E+01 -0.9393067609E+00
  0.1483501923E-01  0.4060971898E+01 -0.9387042411E+00
  0.1498486790E-01  0.4059972088E+01 -0.9380957847E+00
  0.1513623021E-01  0.4058977918E+01 -0.9374813332E+00
  0.1528912142E-01  0.4057989772E+01 -0.9368608267E+00
  0.1544355699E-01  0.4057008040E+01 -0.9362342046E+00
  0.1559955252E-01  0.4056082628E+01 -0.9356014016E+00
  0.1575712375E-01  0.4055163231E+01 -0.9349623521E+00
  0.1591628662E-01  0.4054197897E+01 -0.9343169975E+00
  0.1607705719E-01  0.4053240309E+01 -0.9336652788E+00
  0.1623945171E-01  0.4052286583E+01 -0.9330071322E+00
  0.1640348657E-01  0.4051303795E+01 -0.9323424965E+00
  0.1656917836E-01  0.4050328269E+01 -0.9316713096E+00
  0.1673654380E-01  0.4049360341E+01 -0.9309935056E+00
  0.1690559979E-01  0.4048400340E+01 -0.9303090181E+00
  0.1707636343E-01  0.4047448593E+01 -0.9296177798E+00
  0.1724885195E-01  0.4046521331E+01 -0.9289197214E+00
  0.1742308278E-01  0.4045642069E+01 -0.9282147692E+00
  0.1759907351E-01  0.4044753804E+01 -0.9275028519E+00
  0.1777684193E-01  0.4043874968E+01 -0.9267839005E+00
  0.1795640599E-01  0.4043013553E+01 -0.9260578432E+00
  0.1813778383E-01  0.4042174211E+01 -0.9253246063E+00
  0.1832099377E-01  0.4041339135E+01 -0.9245841163E+00
  0.1850605431E-01  0.4040526478E+01 -0.9238362991E+00
  0.1869298415E-01  0.4039771655E+01 -0.9230810747E+00
  0.1888180217E-01  0.4039030058E+01 -0.9223183630E+00
  0.1907252745E-01  0.4038301877E+01 -0.9215480873E+00
  0.1926517924E-01  0.4037587280E+01 -0.9207701701E+00
  0.1945977701E-01  0.4036886409E+01 -0.9199845328E+00
  0.1965634041E-01  0.4036207194E+01 -0.9191910954E+00
  0.1985488931E-01  0.4035600790E+01 -0.9183897711E+00
  0.2005544374E-01  0.4034993238E+01 -0.9175804744E+00
  0.2025802398E-01  0.4034417732E+01 -0.9167631228E+00
  0.2046265049E-01  0.4033961647E+01 -0.9159376207E+00
  0.2066934393E-01  0.4033561632E+01 -0.9151038686E+00
  0.2087812518E-01  0.4033182827E+01 -0.9142617761E+00
  0.2108901533E-01  0.4032821378E+01 -0.9134112557E+00
  0.2130203569E-01  0.4032462974E+01 -0.9125522208E+00
  0.2151720777E-01  0.4032037352E+01 -0.9116845931E+00
  0.2173455330E-01  0.4031629260E+01 -0.9108082922E+00
  0.2195409424E-01  0.4031238519E+01 -0.9099232274E+00
  0.2217585277E-01  0.4030863154E+01 -0.9090293075E+00
  0.2239985128E-01  0.4030454345E+01 -0.9081264459E+00
  0.2262611241E-01  0.4030045725E+01 -0.9072145570E+00
  0.2285465900E-01  0.4029640024E+01 -0.9062935502E+00
  0.2308551414E-01  0.4029152908E+01 -0.9053633433E+00
  0.2331870115E-01  0.4028640868E+01 -0.9044238568E+00
  0.2355424359E-01  0.4028095853E+01 -0.9034750051E+00
  0.2379216524E-01  0.4027472846E+01 -0.9025167080E+00
  0.2403249014E-01  0.4026854010E+01 -0.9015488804E+00
  0.2427524257E-01  0.4026272337E+01 -0.9005714224E+00
  0.2452044704E-01  0.4025746368E+01 -0.8995842269E+00
  0.2476812832E-01  0.4025234491E+01 -0.8985871883E+00
  0.2501831143E-01  0.4024736321E+01 -0.8975802049E+00
  0.2527102165E-01  0.4024251424E+01 -0.8965631742E+00
  0.2552628449E-01  0.4023779321E+01 -0.8955359926E+00
  0.2578412575E-01  0.4023319481E+01 -0.8944985555E+00
  0.2604457147E-01  0.4022865426E+01 -0.8934507583E+00
  0.2630764795E-01  0.4022387760E+01 -0.8923924999E+00
  0.2657338176E-01  0.4021913954E+01 -0.8913236784E+00
  0.2684179976E-01  0.4021446130E+01 -0.8902441871E+00
  0.2711292905E-01  0.4020983391E+01 -0.8891539180E+00
  0.2738679702E-01  0.4020583574E+01 -0.8880527542E+00
  0.2766343134E-01  0.4020195437E+01 -0.8869405765E+00
  0.2794285993E-01  0.4019553062E+01 -0.8858173087E+00
  0.2822511105E-01  0.4018865698E+01 -0.8846828823E+00
  0.2851021318E-01  0.4018396543E+01 -0.8835371620E+00
  0.2879819513E-01  0.4018303282E+01 -0.8823799498E+00
  0.2908908599E-01  0.4018230824E+01 -0.8812110726E+00
  0.2938291514E-01  0.4018158268E+01 -0.8800304099E+00
  0.2967971226E-01  0.4018088046E+01 -0.8788378426E+00
  0.2997950734E-01  0.4018031375E+01 -0.8776332480E+00
  0.3028233064E-01  0.4018032000E+01 -0.8764164944E+00
  0.3058821277E-01  0.4018145218E+01 -0.8751874329E+00
  0.3089718462E-01  0.4018237201E+01 -0.8739459250E+00
  0.3120927739E-01  0.4018315035E+01 -0.8726918500E+00
  0.3152452262E-01  0.4018346748E+01 -0.8714250904E+00
  0.3184295214E-01  0.4018258797E+01 -0.8701455442E+00
  0.3216459812E-01  0.4018083588E+01 -0.8688531155E+00
  0.3248949305E-01  0.4017886590E+01 -0.8675476926E+00
  0.3281766975E-01  0.4017549986E+01 -0.8662291710E+00
  0.3314916136E-01  0.4017105796E+01 -0.8648974605E+00
  0.3348400137E-01  0.4016505167E+01 -0.8635524733E+00
  0.3382222361E-01  0.4015803697E+01 -0.8621941206E+00
  0.3416386223E-01  0.4015094135E+01 -0.8608222882E+00
  0.3450895175E-01  0.4014269905E+01 -0.8594368635E+00
  0.3485752702E-01  0.4013196458E+01 -0.8580377754E+00
  0.3520962325E-01  0.4011966568E+01 -0.8566249605E+00
  0.3556527601E-01  0.4010725808E+01 -0.8551983142E+00
  0.3592452122E-01  0.4009449354E+01 -0.8537577094E+00
  0.3628739518E-01  0.4008180721E+01 -0.8523030149E+00
  0.3665393452E-01  0.4006958532E+01 -0.8508340829E+00
  0.3702417628E-01  0.4005863583E+01 -0.8493507422E+00
  0.3739815786E-01  0.4004788588E+01 -0.8478528240E+00
  0.3777591703E-01  0.4003741906E+01 -0.8463401761E+00
  0.3815749195E-01  0.4002729036E+01 -0.8448126419E+00
  0.3854292116E-01  0.4001755842E+01 -0.8432700607E+00
  0.3893224360E-01  0.4000944250E+01 -0.8417122454E+00
  0.3932549859E-01  0.4000230398E+01 -0.8401389945E+00
  0.3972272585E-01  0.3999580741E+01 -0.8385501229E+00
  0.4012396550E-01  0.3999002730E+01 -0.8369454485E+00
  0.4052925808E-01  0.3998504139E+01 -0.8353247834E+00
  0.4093864453E-01  0.3997986632E+01 -0.8336879559E+00
  0.4135216619E-01  0.3997415419E+01 -0.8320348200E+00
  0.4176986484E-01  0.3996977437E+01 -0.8303651964E+00
  0.4219178266E-01  0.3996465269E+01 -0.8286789084E+00
  0.4261796229E-01  0.3996059280E+01 -0.8269757829E+00
  0.4304844675E-01  0.3995635842E+01 -0.8252556326E+00
  0.4348327955E-01  0.3995256116E+01 -0.8235182816E+00
  0.4392250460E-01  0.3995010742E+01 -0.8217635190E+00
  0.4436616626E-01  0.3995010245E+01 -0.8199910860E+00
  0.4481430935E-01  0.3995187317E+01 -0.8182007100E+00
  0.4526697914E-01  0.3995554414E+01 -0.8163921264E+00
  0.4572422136E-01  0.3996230300E+01 -0.8145650357E+00
  0.4618608218E-01  0.3996924165E+01 -0.8127191732E+00
  0.4665260826E-01  0.3997672877E+01 -0.8108543292E+00
  0.4712384673E-01  0.3998606612E+01 -0.8089702520E+00
  0.4759984518E-01  0.3999732006E+01 -0.8070666536E+00
  0.4808065170E-01  0.4001055107E+01 -0.8051432383E+00
  0.4856631485E-01  0.4002581309E+01 -0.8031997027E+00
  0.4905688368E-01  0.4004105481E+01 -0.8012357871E+00
  0.4955240776E-01  0.4005816146E+01 -0.7992512326E+00
  0.5005293713E-01  0.4007724716E+01 -0.7972457263E+00
  0.5055852235E-01  0.4010152487E+01 -0.7952188662E+00
  0.5106921450E-01  0.4012819346E+01 -0.7931702319E+00
  0.5158506515E-01  0.4015686921E+01 -0.7910994768E+00
  0.5210612641E-01  0.4018752962E+01 -0.7890062591E+00
  0.5263245092E-01  0.4022177822E+01 -0.7868901896E+00
  0.5316409184E-01  0.4025984270E+01 -0.7847508235E+00
  0.5370110287E-01  0.4029998852E+01 -0.7825877476E+00
  0.5424353825E-01  0.4034212285E+01 -0.7804005908E+00
  0.5479145278E-01  0.4038617999E+01 -0.7781889803E+00
  0.5534490180E-01  0.4043149553E+01 -0.7759525572E+00
  0.5590394121E-01  0.4047573114E+01 -0.7736910408E+00
  0.5646862749E-01  0.4052158403E+01 -0.7714041372E+00
  0.5703901766E-01  0.4056933593E+01 -0.7690914640E+00
  0.5761516936E-01  0.4061814429E+01 -0.7667526487E+00
  0.5819714076E-01  0.4066786935E+01 -0.7643873420E+00
  0.5878499067E-01  0.4071836514E+01 -0.7619951974E+00
  0.5937877846E-01  0.4076948011E+01 -0.7595758731E+00
  0.5997856410E-01  0.4082273013E+01 -0.7571289813E+00
  0.6058440818E-01  0.4087946052E+01 -0.7546540418E+00
  0.6119637190E-01  0.4093601946E+01 -0.7521506366E+00
  0.6181451707E-01  0.4099017313E+01 -0.7496185226E+00
  0.6243890613E-01  0.4104422237E+01 -0.7470574536E+00
  0.6306960215E-01  0.4109439354E+01 -0.7444672287E+00
  0.6370666884E-01  0.4113849778E+01 -0.7418478369E+00
  0.6435017054E-01  0.4117882497E+01 -0.7391992700E+00
  0.6500017227E-01  0.4121795640E+01 -0.7365213675E+00
  0.6565673966E-01  0.4125013685E+01 -0.7338140745E+00
  0.6631993905E-01  0.4127866282E+01 -0.7310774220E+00
  0.6698983743E-01  0.4130692916E+01 -0.7283112243E+00
  0.6766650245E-01  0.4133705579E+01 -0.7255151096E+00
  0.6835000248E-01  0.4136288129E+01 -0.7226888391E+00
  0.6904040654E-01  0.4138583391E+01 -0.7198323367E+00
  0.6973778439E-01  0.4140531037E+01 -0.7169455012E+00
  0.7044220645E-01  0.4142316170E+01 -0.7140281910E+00
  0.7115374389E-01  0.4143772729E+01 -0.7110802598E+00
  0.7187246858E-01  0.4145206226E+01 -0.7081015129E+00
  0.7259845311E-01  0.4146449549E+01 -0.7050917060E+00
  0.7333177082E-01  0.4147302999E+01 -0.7020507282E+00
  0.7407249577E-01  0.4147687262E+01 -0.6989785750E+00
  0.7482070280E-01  0.4147616556E+01 -0.6958752727E+00
  0.7557646748E-01  0.4146749360E+01 -0.6927409783E+00
  0.7633986614E-01  0.4144768083E+01 -0.6895761117E+00
  0.7711097590E-01  0.4141571689E+01 -0.6863812729E+00
  0.7788987464E-01  0.4138149605E+01 -0.6831567407E+00
  0.7867664105E-01  0.4134137870E+01 -0.6799025617E+00
  0.7947135460E-01  0.4129780313E+01 -0.6766188378E+00
  0.8027409556E-01  0.4125270688E+01 -0.6733055041E+00
  0.8108494501E-01  0.4120716079E+01 -0.6699623772E+00
  0.8190398485E-01  0.4115847047E+01 -0.6665893404E+00
  0.8273129783E-01  0.4109357812E+01 -0.6631869311E+00
  0.8356696751E-01  0.4102032284E+01 -0.6597559262E+00
  0.8441107829E-01  0.4093611129E+01 -0.6562969107E+00
  0.8526371544E-01  0.4084646906E+01 -0.6528103674E+00
  0.8612496510E-01  0.4075398518E+01 -0.6492964493E+00
  0.8699491424E-01  0.4066182163E+01 -0.6457550687E+00
  0.8787365075E-01  0.4056551793E+01 -0.6421861973E+00
  0.8876126338E-01  0.4045167603E+01 -0.6385906030E+00
  0.8965784180E-01  0.4033311110E+01 -0.6349691082E+00
  0.9056347656E-01  0.4021945355E+01 -0.6313215480E+00
  0.9147825915E-01  0.4010802363E+01 -0.6276474392E+00
  0.9240228197E-01  0.4000805398E+01 -0.6239459850E+00
  0.9333563836E-01  0.3990921017E+01 -0.6202164205E+00
  0.9427842258E-01  0.3981578584E+01 -0.6164582471E+00
  0.9523072988E-01  0.3973700862E+01 -0.6126703118E+00
  0.9619265645E-01  0.3965908397E+01 -0.6088516512E+00
  0.9716429944E-01  0.3958991524E+01 -0.6050015645E+00
  0.9814575701E-01  0.3952683214E+01 -0.6011190780E+00
  0.9913712829E-01  0.3946857624E+01 -0.5972033890E+00
  0.1001385134E+00  0.3941085366E+01 -0.5932539546E+00
  0.1011500136E+00  0.3935336287E+01 -0.5892704538E+00
  0.1021717309E+00  0.3929887719E+01 -0.5852524360E+00
  0.1032037686E+00  0.3924789911E+01 -0.5811992744E+00
  0.1042462309E+00  0.3919537178E+01 -0.5771105667E+00
  0.1052992231E+00  0.3914037324E+01 -0.5729862202E+00
  0.1063628516E+00  0.3909080433E+01 -0.5688257746E+00
  0.1074372239E+00  0.3904370442E+01 -0.5646284972E+00
  0.1085224483E+00  0.3900205625E+01 -0.5603936387E+00
  0.1096186347E+00  0.3896743932E+01 -0.5561201839E+00
  0.1107258936E+00  0.3893749411E+01 -0.5518071372E+00
  0.1118443370E+00  0.3890927294E+01 -0.5474537772E+00
  0.1129740778E+00  0.3888110191E+01 -0.5430596293E+00
  0.1141152301E+00  0.3885157617E+01 -0.5386243880E+00
  0.1152679092E+00  0.3881427995E+01 -0.5341481976E+00
  0.1164322315E+00  0.3878218688E+01 -0.5296308327E+00
  0.1176083146E+00  0.3875474835E+01 -0.5250713386E+00
  0.1187962774E+00  0.3872088023E+01 -0.5204694304E+00
  0.1199962398E+00  0.3867904574E+01 -0.5158255804E+00
  0.1212083230E+00  0.3863857294E+01 -0.5111398110E+00
  0.1224326495E+00  0.3861032022E+01 -0.5064109176E+00
  0.1236693429E+00  0.3858288224E+01 -0.5016377013E+00
  0.1249185282E+00  0.3855119499E+01 -0.4968199636E+00
  0.1261803315E+00  0.3851456431E+01 -0.4919578721E+00
  0.1274548803E+00  0.3847470945E+01 -0.4870515427E+00
  0.1287423034E+00  0.3844498425E+01 -0.4821001335E+00
  0.1300427307E+00  0.3841010033E+01 -0.4771029109E+00
  0.1313562936E+00  0.3834690986E+01 -0.4720616528E+00
  0.1326831249E+00  0.3827484263E+01 -0.4669784460E+00
  0.1340233585E+00  0.3818910147E+01 -0.4618544687E+00
  0.1353771298E+00  0.3809240646E+01 -0.4566910829E+00
  0.1367445755E+00  0.3800481955E+01 -0.4514881415E+00
  0.1381258338E+00  0.3791242966E+01 -0.4462450748E+00
  0.1395210443E+00  0.3781135265E+01 -0.4409625442E+00
  0.1409303478E+00  0.3771759278E+01 -0.4356403839E+00
  0.1423538866E+00  0.3762227404E+01 -0.4302779225E+00
  0.1437918047E+00  0.3751908931E+01 -0.4248755664E+00
  0.1452442472E+00  0.3741397484E+01 -0.4194337681E+00
  0.1467113608E+00  0.3732056604E+01 -0.4139515650E+00
  0.1481932937E+00  0.3723649364E+01 -0.4084271369E+00
  0.1496901957E+00  0.3716724521E+01 -0.4028583818E+00
  0.1512022178E+00  0.3709995399E+01 -0.3972436992E+00
  0.1527295130E+00  0.3703187620E+01 -0.3915826400E+00
  0.1542722353E+00  0.3697950360E+01 -0.3858736895E+00
  0.1558305407E+00  0.3692347857E+01 -0.3801155187E+00
  0.1574045866E+00  0.3687481845E+01 -0.3743074235E+00
  0.1589945319E+00  0.3682731677E+01 -0.3684483052E+00
  0.1606005373E+00  0.3675784915E+01 -0.3625393966E+00
  0.1622227649E+00  0.3667304721E+01 -0.3565833151E+00
  0.1638613787E+00  0.3655566147E+01 -0.3505836365E+00
  0.1655165442E+00  0.3639147840E+01 -0.3445466573E+00
  0.1671884284E+00  0.3617544872E+01 -0.3384804820E+00
  0.1688772004E+00  0.3591257236E+01 -0.3323934704E+00
  0.1705830308E+00  0.3563220705E+01 -0.3262913078E+00
  0.1723060917E+00  0.3536484899E+01 -0.3201746951E+00
  0.1740465572E+00  0.3512080759E+01 -0.3140408022E+00
  0.1758046033E+00  0.3485429070E+01 -0.3078898300E+00
  0.1775804074E+00  0.3458599712E+01 -0.3017242127E+00
  0.1793741488E+00  0.3431364030E+01 -0.2955448058E+00
  0.1811860089E+00  0.3402643115E+01 -0.2893536734E+00
  0.1830161706E+00  0.3373616159E+01 -0.2831528483E+00
  0.1848648188E+00  0.3344812989E+01 -0.2769428424E+00
  0.1867321402E+00  0.3316963141E+01 -0.2707230038E+00
  0.1886183235E+00  0.3290295301E+01 -0.2644917537E+00
  0.1905235591E+00  0.3262668024E+01 -0.2582492843E+00
  0.1924480394E+00  0.3232035601E+01 -0.2519998194E+00
  0.1943919590E+00  0.3202060386E+01 -0.2457461367E+00
  0.1963555142E+00  0.3172186957E+01 -0.2394880437E+00
  0.1983389032E+00  0.3139755542E+01 -0.2332285249E+00
  0.2003423265E+00  0.3104177528E+01 -0.2269739045E+00
  0.2023659863E+00  0.3065095092E+01 -0.2207316498E+00
  0.2044100872E+00  0.3023765861E+01 -0.2145085268E+00
  0.2064748356E+00  0.2981476874E+01 -0.2083088693E+00
  0.2085604400E+00  0.2939654041E+01 -0.2021343010E+00
  0.2106671111E+00  0.2894587013E+01 -0.1959888874E+00
  0.2127950617E+00  0.2850640362E+01 -0.1898761074E+00
  0.2149445068E+00  0.2806295075E+01 -0.1837964714E+00
  0.2171156634E+00  0.2763723302E+01 -0.1777497802E+00
  0.2193087509E+00  0.2722230029E+01 -0.1717341923E+00
  0.2215239908E+00  0.2682689503E+01 -0.1657475956E+00
  0.2237616069E+00  0.2643488734E+01 -0.1597886246E+00
  0.2260218251E+00  0.2603875009E+01 -0.1538585310E+00
  0.2283048739E+00  0.2561464019E+01 -0.1479621706E+00
  0.2306109837E+00  0.2516390306E+01 -0.1421071257E+00
  0.2329403876E+00  0.2469178183E+01 -0.1363004244E+00
  0.2352933208E+00  0.2420217809E+01 -0.1305482133E+00
  0.2376700210E+00  0.2368667913E+01 -0.1248573404E+00
  0.2400707283E+00  0.2314865560E+01 -0.1192354440E+00
  0.2424956851E+00  0.2257783052E+01 -0.1136912062E+00
  0.2449451365E+00  0.2199434073E+01 -0.1082323379E+00
  0.2474193298E+00  0.2136931657E+01 -0.1028678344E+00
  0.2499185149E+00  0.2071989085E+01 -0.9760839829E-01
  0.2524429444E+00  0.2006110355E+01 -0.9246096114E-01
  0.2549928731E+00  0.1940319145E+01 -0.8742940415E-01
  0.2575685587E+00  0.1874198471E+01 -0.8251690513E-01
  0.2601702613E+00  0.1810374325E+01 -0.7772382379E-01
  0.2627982438E+00  0.1747661986E+01 -0.7304859532E-01
  0.2654527715E+00  0.1688607798E+01 -0.6848775864E-01
  0.2681341126E+00  0.1637949998E+01 -0.6402794052E-01
  0.2708425380E+00  0.1591635459E+01 -0.5965439491E-01
  0.2735783212E+00  0.1552078432E+01 -0.5535413507E-01
  0.2763417386E+00  0.1511196002E+01 -0.5112158216E-01
  0.2791330693E+00  0.1466277332E+01 -0.4696602580E-01
  0.2819525952E+00  0.1417711073E+01 -0.4290028573E-01
  0.2848006012E+00  0.1366498525E+01 -0.3893556289E-01
  0.2876773750E+00  0.1311452692E+01 -0.3508363301E-01
  0.2905832071E+00  0.1258434043E+01 -0.3134980336E-01
  0.2935183910E+00  0.1203494651E+01 -0.2773669661E-01
  0.2964832232E+00  0.1151051900E+01 -0.2424627886E-01
  0.2994780032E+00  0.1096700505E+01 -0.2088051685E-01
  0.3025030336E+00  0.1044788675E+01 -0.1764148198E-01
  0.3055586198E+00  0.9974078371E+00 -0.1452142824E-01
  0.3086450705E+00  0.9522273996E+00 -0.1151270172E-01
  0.3117626974E+00  0.9131836635E+00 -0.8604873794E-02
  0.3149118156E+00  0.8813907269E+00 -0.5779210397E-02
  0.3180927430E+00  0.8490827052E+00 -0.3026955193E-02
  0.3213058010E+00  0.8238632480E+00 -0.3393189952E-03
  0.3245513142E+00  0.8072685463E+00  0.2307610842E-02
  0.3278296103E+00  0.7965980326E+00  0.4936585620E-02
  0.3311410205E+00  0.7806398416E+00  0.7548026416E-02
  0.3344858793E+00  0.7610159644E+00  0.1012633690E-01
  0.3378645245E+00  0.7386175282E+00  0.1265970169E-01
  0.3412772975E+00  0.7207588115E+00  0.1514996176E-01
  0.3447245429E+00  0.7046258207E+00  0.1760678709E-01
  0.3482066090E+00  0.6886986013E+00  0.2003261095E-01
  0.3517238475E+00  0.6716487415E+00  0.2242494395E-01
  0.3552766136E+00  0.6594184370E+00  0.2478942915E-01
  0.3588652663E+00  0.6483650465E+00  0.2713601949E-01
  0.3624901680E+00  0.6408415895E+00  0.2947264314E-01
  0.3661516848E+00  0.6337457751E+00  0.3180610470E-01
  0.3698501867E+00  0.6230147698E+00  0.3413017031E-01
  0.3735860472E+00  0.6121564656E+00  0.3643738400E-01
  0.3773596436E+00  0.6072060823E+00  0.3873807509E-01
  0.3811713572E+00  0.6030076331E+00  0.4104456911E-01
  0.3850215729E+00  0.5974187562E+00  0.4335551939E-01
  0.3889106797E+00  0.5907053421E+00  0.4566589014E-01
  0.3928390704E+00  0.5871157001E+00  0.4797936076E-01
  0.3968071418E+00  0.5783256533E+00  0.5029163802E-01
  0.4008152948E+00  0.5728546572E+00  0.5259869140E-01
  0.4048639341E+00  0.5676989449E+00  0.5490753649E-01
  0.4089534688E+00  0.5610526506E+00  0.5721557089E-01
  0.4130843119E+00  0.5518367746E+00  0.5951415671E-01
  0.4172568807E+00  0.5462454888E+00  0.6180506861E-01
  0.4214715967E+00  0.5424273016E+00  0.6409929190E-01
  0.4257288855E+00  0.5505348127E+00  0.6642581962E-01
  0.4300291773E+00  0.5658353662E+00  0.6882617837E-01
  0.4343729064E+00  0.5872627582E+00  0.7133055128E-01
  0.4387605115E+00  0.6107108732E+00  0.7395866890E-01
  0.4431924359E+00  0.6331262798E+00  0.7671496499E-01
  0.4476691271E+00  0.6495826891E+00  0.7958611101E-01
  0.4521910375E+00  0.6621109212E+00  0.8255179148E-01
  0.4567586237E+00  0.6628065959E+00  0.8557762899E-01
  0.4613723472E+00  0.6626163232E+00  0.8863519641E-01
  0.4660326740E+00  0.6658978640E+00  0.9173085150E-01
  0.4707400747E+00  0.6743150628E+00  0.9488531117E-01
  0.4754950250E+00  0.6878813745E+00  0.9812389931E-01
  0.4802980050E+00  0.7088687784E+00  0.1014781809E+00
  0.4851495000E+00  0.7384596831E+00  0.1049890343E+00
  0.4900500000E+00  0.7694457955E+00  0.1086837797E+00
  0.4950000000E+00  0.8047814114E+00  0.1125799920E+00
  0.5000000000E+00  0.8454383765E+00  0.1166395138E+00
  0.5050000000E+00  0.8841993799E+00  0.1209636082E+00
  0.5099500000E+00  0.9165779968E+00  0.1254205322E+00
  0.5148505000E+00  0.9400318738E+00  0.1299696906E+00
  0.5197019950E+00  0.9533315793E+00  0.1345625122E+00
  0.5245049750E+00  0.9639493191E+00  0.1391668432E+00
  0.5292599253E+00  0.9719825609E+00  0.1437694731E+00
  0.5339673260E+00  0.9827383545E+00  0.1483703004E+00
  0.5386276528E+00  0.9940447864E+00  0.1529765281E+00
  0.5432413763E+00  0.1010249559E+01  0.1576001580E+00
  0.5478089625E+00  0.1022643663E+01  0.1622428656E+00
  0.5523308729E+00  0.1036812876E+01  0.1668992045E+00
  0.5568075641E+00  0.1056124592E+01  0.1715839220E+00
  0.5612394885E+00  0.1072842142E+01  0.1763016317E+00
  0.5656270936E+00  0.1087244013E+01  0.1810404343E+00
  0.5699708227E+00  0.1099415533E+01  0.1857895626E+00
  0.5742711145E+00  0.1104377932E+01  0.1905280400E+00
  0.5785284033E+00  0.1101710816E+01  0.1952240186E+00
  0.5827431193E+00  0.1087315524E+01  0.1998370807E+00
  0.5869156881E+00  0.1072278529E+01  0.2043426081E+00
  0.5910465312E+00  0.1062224440E+01  0.2087512565E+00
  0.5951360659E+00  0.1057283736E+01  0.2130851576E+00
  0.5991847052E+00  0.1048731765E+01  0.2173484062E+00
  0.6031928582E+00  0.1038878290E+01  0.2215321364E+00
  0.6071609296E+00  0.1025181805E+01  0.2256273054E+00
  0.6110893203E+00  0.1007670515E+01  0.2296202245E+00
  0.6149784271E+00  0.9938912130E+00  0.2335123681E+00
  0.6188286428E+00  0.9810220503E+00  0.2373142892E+00
  0.6226403564E+00  0.9684882731E+00  0.2410297766E+00
  0.6264139528E+00  0.9546344206E+00  0.2446583211E+00
  0.6301498133E+00  0.9430242076E+00  0.2482030151E+00
  0.6338483152E+00  0.9315895271E+00  0.2516696462E+00
  0.6375098320E+00  0.9241800997E+00  0.2550671121E+00
  0.6411347337E+00  0.9176449586E+00  0.2584053295E+00
  0.6447233864E+00  0.9129879938E+00  0.2616900824E+00
  0.6482761525E+00  0.9054698519E+00  0.2649203601E+00
  0.6517933910E+00  0.8959269631E+00  0.2680883312E+00
  0.6552754571E+00  0.8776154160E+00  0.2711761271E+00
  0.6587227025E+00  0.8628730239E+00  0.2741760725E+00
  0.6621354755E+00  0.8511342569E+00  0.2771008314E+00
  0.6655141207E+00  0.8391607111E+00  0.2799562849E+00
  0.6688589795E+00  0.8296353562E+00  0.2827472285E+00
  0.6721703897E+00  0.8247996659E+00  0.2854864850E+00
  0.6754486858E+00  0.8196834500E+00  0.2881820363E+00
  0.6786941990E+00  0.8072243769E+00  0.2908221117E+00
  0.6819072570E+00  0.7917483878E+00  0.2933909078E+00
  0.6850881844E+00  0.7770181930E+00  0.2958859741E+00
  0.6882373026E+00  0.7657404096E+00  0.2983151387E+00
  0.6913549295E+00  0.7608954287E+00  0.3006948792E+00
  0.6944413802E+00  0.7587706098E+00  0.3030400664E+00
  0.6974969664E+00  0.7605943051E+00  0.3053613416E+00
  0.7005219968E+00  0.7634838084E+00  0.3076665329E+00
  0.7035167768E+00  0.7660210054E+00  0.3099567981E+00
  0.7064816090E+00  0.7712890518E+00  0.3122357313E+00
  0.7094167929E+00  0.7788496950E+00  0.3145107025E+00
  0.7123226250E+00  0.7870161412E+00  0.3167857741E+00
  0.7151993988E+00  0.7951383920E+00  0.3190615244E+00
  0.7180474048E+00  0.8025476202E+00  0.3213366341E+00
  0.7208669307E+00  0.8084611625E+00  0.3236077746E+00
  0.7236582614E+00  0.8118087192E+00  0.3258691291E+00
  0.7264216788E+00  0.8111196734E+00  0.3281115434E+00
  0.7291574620E+00  0.8073561146E+00  0.3303254428E+00
  0.7318658874E+00  0.8102479327E+00  0.3325160228E+00
  0.7345472285E+00  0.8184207723E+00  0.3346995310E+00
  0.7372017562E+00  0.8284973224E+00  0.3368854258E+00
  0.7398297387E+00  0.8404783551E+00  0.3390784452E+00
  0.7424314413E+00  0.8561684776E+00  0.3412855305E+00
  0.7450071269E+00  0.8778737788E+00  0.3435187043E+00
  0.7475570556E+00  0.9061841750E+00  0.3457933146E+00
  0.7500814851E+00  0.9355382644E+00  0.3481179638E+00
  0.7525806702E+00  0.9603441130E+00  0.3504870443E+00
  0.7550548635E+00  0.9796131195E+00  0.3528869589E+00
  0.7575043149E+00  0.9999802257E+00  0.3553114177E+00
  0.7599292717E+00  0.1019595935E+01  0.3577601102E+00
  0.7623299790E+00  0.1036334572E+01  0.3602279539E+00
  0.7647066792E+00  0.1052642186E+01  0.3627103897E+00
  0.7670596124E+00  0.1070033001E+01  0.3652076461E+00
  0.7693890163E+00  0.1086558835E+01  0.3677194328E+00
  0.7716951261E+00  0.1099177818E+01  0.3702397072E+00
  0.7739781749E+00  0.1114283999E+01  0.3727664278E+00
  0.7762383931E+00  0.1136633152E+01  0.3753102098E+00
  0.7784760092E+00  0.1163232743E+01  0.3778833183E+00
  0.7806912491E+00  0.1191715453E+01  0.3804917059E+00
  0.7828843366E+00  0.1220216471E+01  0.3831364948E+00
  0.7850554932E+00  0.1251185801E+01  0.3858193955E+00
  0.7872049383E+00  0.1281173421E+01  0.3885409790E+00
  0.7893328889E+00  0.1308241896E+01  0.3912960530E+00
  0.7914395600E+00  0.1334593114E+01  0.3940798451E+00
  0.7935251644E+00  0.1360580710E+01  0.3968903783E+00
  0.7955899128E+00  0.1384897814E+01  0.3997247394E+00
  0.7976340137E+00  0.1408404843E+01  0.4025796356E+00
  0.7996576735E+00  0.1431361531E+01  0.4054529962E+00
  0.8016610968E+00  0.1454709985E+01  0.4083440076E+00
  0.8036444858E+00  0.1479882370E+01  0.4112542268E+00
  0.8056080410E+00  0.1508564056E+01  0.4141882164E+00
  0.8075519606E+00  0.1537488733E+01  0.4171488573E+00
  0.8094764409E+00  0.1567267926E+01  0.4201363789E+00
  0.8113816765E+00  0.1596740532E+01  0.4231504697E+00
  0.8132678598E+00  0.1625467384E+01  0.4261893070E+00
  0.8151351812E+00  0.1653165567E+01  0.4292504377E+00
  0.8169838294E+00  0.1679779639E+01  0.4323311593E+00
  0.8188139911E+00  0.1709503953E+01  0.4354326278E+00
  0.8206258512E+00  0.1738989027E+01  0.4385567212E+00
  0.8224195926E+00  0.1766007885E+01  0.4417002504E+00
  0.8241953967E+00  0.1791769009E+01  0.4448592077E+00
  0.8259534428E+00  0.1815097077E+01  0.4480297260E+00
  0.8276939083E+00  0.1839973492E+01  0.4512104883E+00
  0.8294169692E+00  0.1864898356E+01  0.4544023482E+00
  0.8311227996E+00  0.1890059619E+01  0.4576050088E+00
  0.8328115716E+00  0.1914924896E+01  0.4608178844E+00
  0.8344834558E+00  0.1941896908E+01  0.4640419643E+00
  0.8361386213E+00  0.1970542915E+01  0.4672798319E+00
  0.8377772351E+00  0.2000126285E+01  0.4705330286E+00
  0.8393994627E+00  0.2029865352E+01  0.4738018105E+00
  0.8410054681E+00  0.2058301216E+01  0.4770846192E+00
  0.8425954134E+00  0.2085579351E+01  0.4803788910E+00
  0.8441694593E+00  0.2112296764E+01  0.4836827158E+00
  0.8457277647E+00  0.2139567079E+01  0.4869955670E+00
  0.8472704870E+00  0.2166532175E+01  0.4903171248E+00
  0.8487977822E+00  0.2193095208E+01  0.4936463436E+00
  0.8503098043E+00  0.2220267681E+01  0.4969828949E+00
  0.8518067063E+00  0.2247101205E+01  0.5003265015E+00
  0.8532886392E+00  0.2274238663E+01  0.5036766627E+00
  0.8547557528E+00  0.2300619376E+01  0.5070325810E+00
  0.8562081953E+00  0.2325709166E+01  0.5103923190E+00
  0.8576461134E+00  0.2348886939E+01  0.5137531620E+00
  0.8590696522E+00  0.2371341936E+01  0.5171128767E+00
  0.8604789557E+00  0.2393253526E+01  0.5204702571E+00
  0.8618741662E+00  0.2414870211E+01  0.5238244294E+00
  0.8632554245E+00  0.2436611307E+01  0.5271750040E+00
  0.8646228702E+00  0.2458421136E+01  0.5305218497E+00
  0.8659766415E+00  0.2479992788E+01  0.5338645912E+00
  0.8673168751E+00  0.2501417245E+01  0.5372027177E+00
  0.8686437064E+00  0.2523145744E+01  0.5405360913E+00
  0.8699572693E+00  0.2544364553E+01  0.5438643382E+00
  0.8712576966E+00  0.2564739661E+01  0.5471863475E+00
  0.8725451197E+00  0.2585272184E+01  0.5505014694E+00
  0.8738196685E+00  0.2606397621E+01  0.5538099877E+00
  0.8750814718E+00  0.2627388708E+01  0.5571119922E+00
  0.8763306571E+00  0.2648700593E+01  0.5604073987E+00
  0.8775673505E+00  0.2670171375E+01  0.5636963057E+00
  0.8787916770E+00  0.2691072749E+01  0.5669782623E+00
  0.8800037602E+00  0.2710756029E+01  0.5702519954E+00
  0.8812037226E+00  0.2730639050E+01  0.5735167301E+00
  0.8823916854E+00  0.2751670359E+01  0.5767731199E+00
  0.8835677685E+00  0.2770946798E+01  0.5800206483E+00
  0.8847320908E+00  0.2790383328E+01  0.5832582387E+00
  0.8858847699E+00  0.2810910006E+01  0.5864864856E+00
  0.8870259222E+00  0.2830811786E+01  0.5897055175E+00
  0.8881556630E+00  0.2850605436E+01  0.5929147818E+00
  0.8892741064E+00  0.2870676132E+01  0.5961142465E+00
  0.8903813653E+00  0.2890836435E+01  0.5993039897E+00
  0.8914775517E+00  0.2910796788E+01  0.6024838252E+00
  0.8925627761E+00  0.2931894463E+01  0.6056541410E+00
  0.8936371484E+00  0.2951720537E+01  0.6088147374E+00
  0.8947007769E+00  0.2970349116E+01  0.6119641784E+00
  0.8957537691E+00  0.2988943126E+01  0.6151017227E+00
  0.8967962314E+00  0.3006986512E+01  0.6182269880E+00
  0.8978282691E+00  0.3024034657E+01  0.6213391085E+00
  0.8988499864E+00  0.3040644862E+01  0.6244373026E+00
  0.8998614866E+00  0.3056748021E+01  0.6275210594E+00
  0.9008628717E+00  0.3073171765E+01  0.6305902647E+00
  0.9018542430E+00  0.3090516001E+01  0.6336455162E+00
  0.9028357006E+00  0.3107539720E+01  0.6366870806E+00
  0.9038073436E+00  0.3124209802E+01  0.6397145985E+00
  0.9047692701E+00  0.3140505277E+01  0.6427276964E+00
  0.9057215774E+00  0.3156456541E+01  0.6457260177E+00
  0.9066643616E+00  0.3172281924E+01  0.6487093351E+00
  0.9075977180E+00  0.3187999405E+01  0.6516775397E+00
  0.9085217408E+00  0.3202472529E+01  0.6546300107E+00
  0.9094365234E+00  0.3215856199E+01  0.6575656984E+00
  0.9103421582E+00  0.3228673406E+01  0.6604838934E+00
  0.9112387366E+00  0.3242341043E+01  0.6633847793E+00
  0.9121263493E+00  0.3256626429E+01  0.6662690622E+00
  0.9130050858E+00  0.3270767902E+01  0.6691369920E+00
  0.9138750349E+00  0.3284595051E+01  0.6719884082E+00
  0.9147362846E+00  0.3297550586E+01  0.6748228435E+00
  0.9155889217E+00  0.3309832000E+01  0.6776396935E+00
  0.9164330325E+00  0.3321772688E+01  0.6804385980E+00
  0.9172687022E+00  0.3333196099E+01  0.6832192758E+00
  0.9180960151E+00  0.3344193777E+01  0.6859814214E+00
  0.9189150550E+00  0.3354291229E+01  0.6887245845E+00
  0.9197259044E+00  0.3364033133E+01  0.6914483593E+00
  0.9205286454E+00  0.3373445832E+01  0.6941525845E+00
  0.9213233589E+00  0.3382533327E+01  0.6968371185E+00
  0.9221101254E+00  0.3391305477E+01  0.6995018330E+00
  0.9228890241E+00  0.3400288689E+01  0.7021468150E+00
  0.9236601339E+00  0.3409666768E+01  0.7047724266E+00
  0.9244235325E+00  0.3419861112E+01  0.7073792528E+00
  0.9251792972E+00  0.3429947720E+01  0.7099676746E+00
  0.9259275042E+00  0.3440018064E+01  0.7125377529E+00
  0.9266682292E+00  0.3449815699E+01  0.7150894888E+00
  0.9274015469E+00  0.3459527635E+01  0.7176228608E+00
  0.9281275314E+00  0.3469284561E+01  0.7201379660E+00
  0.9288462561E+00  0.3478889654E+01  0.7226348782E+00
  0.9295577935E+00  0.3488708169E+01  0.7251137315E+00
  0.9302622156E+00  0.3498491454E+01  0.7275747003E+00
  0.9309595935E+00  0.3508086791E+01  0.7300178165E+00
  0.9316499975E+00  0.3517291979E+01  0.7324429916E+00
  0.9323334975E+00  0.3526223924E+01  0.7348501132E+00
  0.9330101626E+00  0.3535421918E+01  0.7372392976E+00
  0.9336800609E+00  0.3544645744E+01  0.7396107605E+00
  0.9343432603E+00  0.3553899970E+01  0.7419646361E+00
  0.9349998277E+00  0.3563460731E+01  0.7443011496E+00
  0.9356498295E+00  0.3573265263E+01  0.7466205917E+00
  0.9362933312E+00  0.3583501387E+01  0.7489232874E+00
  0.9369303978E+00  0.3594374228E+01  0.7512096802E+00
  0.9375610939E+00  0.3605034191E+01  0.7534799993E+00
  0.9381854829E+00  0.3615635826E+01  0.7557342530E+00
  0.9388036281E+00  0.3626247367E+01  0.7579725205E+00
  0.9394155918E+00  0.3636735729E+01  0.7601948616E+00
  0.9400214359E+00  0.3647082933E+01  0.7624012908E+00
  0.9406212215E+00  0.3657427712E+01  0.7645918611E+00
  0.9412150093E+00  0.3667948453E+01  0.7667667206E+00
  0.9418028592E+00  0.3678290805E+01  0.7689259636E+00
  0.9423848306E+00  0.3688446871E+01  0.7710695789E+00
  0.9429609823E+00  0.3698735370E+01  0.7731976477E+00
  0.9435313725E+00  0.3708620104E+01  0.7753101891E+00
  0.9440960588E+00  0.3718013795E+01  0.7774070482E+00
  0.9446550982E+00  0.3726997648E+01  0.7794880757E+00
  0.9452085472E+00  0.3735689586E+01  0.7815531841E+00
  0.9457564617E+00  0.3744079646E+01  0.7836023212E+00
  0.9462988971E+00  0.3752187027E+01  0.7856354414E+00
  0.9468359082E+00  0.3760305718E+01  0.7876525871E+00
  0.9473675491E+00  0.3768104822E+01  0.7896537926E+00
  0.9478938736E+00  0.3775581696E+01  0.7916390062E+00
  0.9484149348E+00  0.3782735620E+01  0.7936081794E+00
  0.9489307855E+00  0.3789667226E+01  0.7955612939E+00
  0.9494414776E+00  0.3796311302E+01  0.7974983437E+00
  0.9499470629E+00  0.3802910943E+01  0.7994193709E+00
  0.9504475922E+00  0.3809523074E+01  0.8013244943E+00
  0.9509431163E+00  0.3815586082E+01  0.8032137069E+00
  0.9514336852E+00  0.3821356668E+01  0.8050869300E+00
  0.9519193483E+00  0.3826846290E+01  0.8069441551E+00
  0.9524001548E+00  0.3831589732E+01  0.8087852681E+00
  0.9528761533E+00  0.3836196109E+01  0.8106101952E+00
  0.9533473917E+00  0.3840589579E+01  0.8124189936E+00
  0.9538139178E+00  0.3844766454E+01  0.8142117031E+00
  0.9542757786E+00  0.3848739319E+01  0.8159883675E+00
  0.9547330209E+00  0.3852521139E+01  0.8177490382E+00
  0.9551856906E+00  0.3856125128E+01  0.8194937739E+00
  0.9556338337E+00  0.3859585762E+01  0.8212226451E+00
  0.9560774954E+00  0.3862919508E+01  0.8229357349E+00
  0.9565167205E+00  0.3866114639E+01  0.8246331276E+00
  0.9569515532E+00  0.3869243189E+01  0.8263149212E+00
  0.9573820377E+00  0.3872284324E+01  0.8279812249E+00
  0.9578082173E+00  0.3875149406E+01  0.8296321241E+00
  0.9582301352E+00  0.3877923989E+01  0.8312677040E+00
  0.9586478338E+00  0.3880619431E+01  0.8328880706E+00
  0.9590613555E+00  0.3883246520E+01  0.8344933340E+00
  0.9594707419E+00  0.3885814533E+01  0.8360836081E+00
  0.9598760345E+00  0.3888154422E+01  0.8376589741E+00
  0.9602772742E+00  0.3890462993E+01  0.8392195190E+00
  0.9606745014E+00  0.3892748585E+01  0.8407653709E+00
  0.9610677564E+00  0.3895018791E+01  0.8422966600E+00
  0.9614570788E+00  0.3897304138E+01  0.8438135231E+00
  0.9618425080E+00  0.3899551225E+01  0.8453160910E+00
  0.9622240830E+00  0.3901783007E+01  0.8468044878E+00
  0.9626018421E+00  0.3903562172E+01  0.8482787581E+00
  0.9629758237E+00  0.3905526908E+01  0.8497389858E+00
  0.9633460655E+00  0.3907889129E+01  0.8511854123E+00
  0.9637126048E+00  0.3910196350E+01  0.8526182303E+00
  0.9640754788E+00  0.3912407683E+01  0.8540375399E+00
  0.9644347240E+00  0.3914619318E+01  0.8554434509E+00
  0.9647903767E+00  0.3916735235E+01  0.8568360723E+00
  0.9651424730E+00  0.3918787701E+01  0.8582155014E+00
  0.9654910483E+00  0.3921119862E+01  0.8595819003E+00
  0.9658361378E+00  0.3923626509E+01  0.8609354702E+00
  0.9661777764E+00  0.3925917121E+01  0.8622763238E+00
  0.9665159986E+00  0.3928165326E+01  0.8636045365E+00
  0.9668508386E+00  0.3930498423E+01  0.8649202340E+00
  0.9671823303E+00  0.3932868829E+01  0.8662235542E+00
  0.9675105070E+00  0.3935259492E+01  0.8675146224E+00
  0.9678354019E+00  0.3937792343E+01  0.8687935797E+00
  0.9681570479E+00  0.3940773608E+01  0.8700606342E+00
  0.9684754774E+00  0.3943852295E+01  0.8713159830E+00
  0.9687907226E+00  0.3946912636E+01  0.8725597460E+00
  0.9691028154E+00  0.3949993302E+01  0.8737920297E+00
  0.9694117872E+00  0.3953051909E+01  0.8750129389E+00
  0.9697176694E+00  0.3956083530E+01  0.8762225705E+00
  0.9700204927E+00  0.3959087931E+01  0.8774210197E+00
  0.9703202877E+00  0.3962239536E+01  0.8786084072E+00
  0.9706170849E+00  0.3965408054E+01  0.8797848587E+00
  0.9709109140E+00  0.3968674681E+01  0.8809504911E+00
  0.9712018049E+00  0.3972090484E+01  0.8821054391E+00
  0.9714897868E+00  0.3975487335E+01  0.8832498185E+00
  0.9717748890E+00  0.3978877052E+01  0.8843837217E+00
  0.9720571401E+00  0.3982227066E+01  0.8855072369E+00
  0.9723365687E+00  0.3985535785E+01  0.8866204473E+00
  0.9726132030E+00  0.3988801740E+01  0.8877234350E+00
  0.9728870709E+00  0.3992023587E+01  0.8888162812E+00
  0.9731582002E+00  0.3995200104E+01  0.8898990664E+00
  0.9734266182E+00  0.3998330196E+01  0.8909718701E+00
  0.9736923521E+00  0.4001367847E+01  0.8920347652E+00
  0.9739554285E+00  0.4004181444E+01  0.8930878011E+00
  0.9742158742E+00  0.4006809939E+01  0.8941310153E+00
  0.9744737155E+00  0.4009399079E+01  0.8951644700E+00
  0.9747289784E+00  0.4011860329E+01  0.8961882347E+00
  0.9749816886E+00  0.4014209846E+01  0.8972023697E+00
  0.9752318717E+00  0.4016523051E+01  0.8982069466E+00
  0.9754795530E+00  0.4018808983E+01  0.8992020472E+00
  0.9757247574E+00  0.4021013128E+01  0.9001877474E+00
  0.9759675099E+00  0.4023120025E+01  0.9011641138E+00
  0.9762078348E+00  0.4025145338E+01  0.9021312131E+00
  0.9764457564E+00  0.4027139367E+01  0.9030891196E+00
  0.9766812989E+00  0.4029102103E+01  0.9040379129E+00
  0.9769144859E+00  0.4031033602E+01  0.9049776724E+00
  0.9771453410E+00  0.4032933985E+01  0.9059084766E+00
  0.9773738876E+00  0.4034803429E+01  0.9068304035E+00
  0.9776001487E+00  0.4036633482E+01  0.9077435297E+00
  0.9778241472E+00  0.4038401346E+01  0.9086479276E+00
  0.9780459058E+00  0.4040080818E+01  0.9095436638E+00
  0.9782654467E+00  0.4041742869E+01  0.9104308094E+00
  0.9784827922E+00  0.4043379362E+01  0.9113094420E+00
  0.9786979643E+00  0.4044990656E+01  0.9121796377E+00
  0.9789109847E+00  0.4046592959E+01  0.9130414737E+00
  0.9791218748E+00  0.4048216251E+01  0.9138950315E+00
  0.9793306561E+00  0.4049813943E+01  0.9147403899E+00
  0.9795373495E+00  0.4051386500E+01  0.9155776224E+00
  0.9797419760E+00  0.4052925420E+01  0.9164068009E+00
  0.9799445563E+00  0.4054499328E+01  0.9172280029E+00
  0.9801451107E+00  0.4056041414E+01  0.9180413054E+00
  0.9803436596E+00  0.4057527203E+01  0.9188467754E+00
  0.9805402230E+00  0.4058982796E+01  0.9196444798E+00
  0.9807348208E+00  0.4060408650E+01  0.9204344876E+00
  0.9809274726E+00  0.4061811255E+01  0.9212168677E+00
  0.9811181978E+00  0.4063182765E+01  0.9219916885E+00
  0.9813070158E+00  0.4064500498E+01  0.9227590151E+00
  0.9814939457E+00  0.4065797536E+01  0.9235189127E+00
  0.9816790062E+00  0.4067074522E+01  0.9242714496E+00
  0.9818622162E+00  0.4068336166E+01  0.9250166936E+00
  0.9820435940E+00  0.4069552443E+01  0.9257547100E+00
  0.9822231581E+00  0.4070750246E+01  0.9264855629E+00
  0.9824009265E+00  0.4071945468E+01  0.9272093199E+00
  0.9825769172E+00  0.4073147785E+01  0.9279260504E+00
  0.9827511481E+00  0.4074332050E+01  0.9286358215E+00
  0.9829236366E+00  0.4075498904E+01  0.9293386976E+00
  0.9830944002E+00  0.4076648973E+01  0.9300347428E+00
  0.9832634562E+00  0.4077782869E+01  0.9307240206E+00
  0.9834308216E+00  0.4078901187E+01  0.9314065941E+00
  0.9835965134E+00  0.4080004504E+01  0.9320825260E+00
  0.9837605483E+00  0.4081093382E+01  0.9327518782E+00
  0.9839229428E+00  0.4082145383E+01  0.9334147109E+00
  0.9840837134E+00  0.4083181787E+01  0.9340710830E+00
  0.9842428762E+00  0.4084164070E+01  0.9347210521E+00
  0.9844004475E+00  0.4085107381E+01  0.9353646732E+00
  0.9845564430E+00  0.4086072355E+01  0.9360020069E+00
  0.9847108786E+00  0.4086977568E+01  0.9366331118E+00
  0.9848637698E+00  0.4087800014E+01  0.9372580376E+00
  0.9850151321E+00  0.4088633191E+01  0.9378768395E+00
  0.9851649808E+00  0.4089484197E+01  0.9384895795E+00
  0.9853133310E+00  0.4090361082E+01  0.9390963203E+00
  0.9854601977E+00  0.4091231721E+01  0.9396971221E+00
  0.9856055957E+00  0.4092084952E+01  0.9402920411E+00
  0.9857495397E+00  0.4092915633E+01  0.9408811321E+00
  0.9858920443E+00  0.4093742041E+01  0.9414644503E+00
  0.9860331239E+00  0.4094573414E+01  0.9420420523E+00
  0.9861727926E+00  0.4095413887E+01  0.9426139950E+00
  0.9863110647E+00  0.4096249601E+01  0.9431803341E+00
  0.9864479541E+00  0.4097083315E+01  0.9437411241E+00
  0.9865834745E+00  0.4097930606E+01  0.9442964202E+00
  0.9867176398E+00  0.4098773147E+01  0.9448462766E+00
  0.9868504634E+00  0.4099612602E+01  0.9453907462E+00
  0.9869819588E+00  0.4100459960E+01  0.9459298819E+00
  0.9871121392E+00  0.4101302731E+01  0.9464637364E+00
  0.9872410178E+00  0.4102141063E+01  0.9469923606E+00
  0.9873686076E+00  0.4102975090E+01  0.9475158052E+00
  0.9874949215E+00  0.4103804940E+01  0.9480341205E+00
  0.9876199723E+00  0.4104610197E+01  0.9485473549E+00
  0.9877437726E+00  0.4105410207E+01  0.9490555563E+00
  0.9878663349E+00  0.4106207103E+01  0.9495587735E+00
  0.9879876715E+00  0.4107000956E+01  0.9500570551E+00
  0.9881077948E+00  0.4107791829E+01  0.9505504491E+00
  0.9882267168E+00  0.4108594828E+01  0.9510390038E+00
  0.9883444497E+00  0.4109409199E+01  0.9515227683E+00
  0.9884610052E+00  0.4110219751E+01  0.9520017898E+00
  0.9885763951E+00  0.4111026543E+01  0.9524761144E+00
  0.9886906312E+00  0.4111829628E+01  0.9529457877E+00
  0.9888037249E+00  0.4112629052E+01  0.9534108549E+00
  0.9889156876E+00  0.4113424857E+01  0.9538713607E+00
  0.9890265307E+00  0.4114217080E+01  0.9543273494E+00
  0.9891362654E+00  0.4115005753E+01  0.9547788651E+00
  0.9892449028E+00  0.4115790901E+01  0.9552259510E+00
  0.9893524538E+00  0.4116572548E+01  0.9556686504E+00
  0.9894589292E+00  0.4117350711E+01  0.9561070057E+00
  0.9895643399E+00  0.4118125407E+01  0.9565410594E+00
  0.9896686965E+00  0.4118896646E+01  0.9569708532E+00
  0.9897720096E+00  0.4119662273E+01  0.9573964285E+00
  0.9898742895E+00  0.4120413832E+01  0.9578178256E+00
  0.9899755466E+00  0.4121180779E+01  0.9582350856E+00
  0.9900757911E+00  0.4121957695E+01  0.9586482504E+00
  0.9901750332E+00  0.4122730524E+01  0.9590573604E+00
  0.9902732829E+00  0.4123503302E+01  0.9594624553E+00
  0.9903705500E+00  0.4124279892E+01  0.9598635746E+00
  0.9904668445E+00  0.4125052028E+01  0.9602607572E+00
  0.9905621761E+00  0.4125819720E+01  0.9606540414E+00
  0.9906565543E+00  0.4126578264E+01  0.9610434648E+00
  0.9907499888E+00  0.4127332234E+01  0.9614290647E+00
  0.9908424889E+00  0.4128081117E+01  0.9618108780E+00
  0.9909340640E+00  0.4128824432E+01  0.9621889415E+00
  0.9910247234E+00  0.4129563604E+01  0.9625632916E+00
  0.9911144761E+00  0.4130298630E+01  0.9629339643E+00
  0.9912033314E+00  0.4131029504E+01  0.9633009955E+00
  0.9912912981E+00  0.4131756221E+01  0.9636644204E+00
  0.9913783851E+00  0.4132474337E+01  0.9640242740E+00
  0.9914646012E+00  0.4133169734E+01  0.9643805900E+00
  0.9915499552E+00  0.4133843951E+01  0.9647334013E+00
  0.9916344557E+00  0.4134515338E+01  0.9650827413E+00
  0.9917181111E+00  0.4135183859E+01  0.9654286440E+00
  0.9918009300E+00  0.4135859027E+01  0.9657711433E+00
  0.9918829207E+00  0.4136529930E+01  0.9661102728E+00
  0.9919640915E+00  0.4137198156E+01  0.9664460653E+00
  0.9920444506E+00  0.4137863045E+01  0.9667785535E+00
  0.9921240061E+00  0.4138526582E+01  0.9671077696E+00
  0.9922027660E+00  0.4139187915E+01  0.9674337458E+00
  0.9922807383E+00  0.4139845718E+01  0.9677565136E+00
  0.9923579310E+00  0.4140499971E+01  0.9680761044E+00
  0.9924343516E+00  0.4141150650E+01  0.9683925491E+00
  0.9925100081E+00  0.4141797735E+01  0.9687058785E+00
  0.9925849081E+00  0.4142443079E+01  0.9690161230E+00
  0.9926590590E+00  0.4143090592E+01  0.9693233129E+00
  0.9927324684E+00  0.4143734176E+01  0.9696274784E+00
  0.9928051437E+00  0.4144373817E+01  0.9699286488E+00
  0.9928770923E+00  0.4145008547E+01  0.9702268534E+00
  0.9929483213E+00  0.4145633790E+01  0.9705221208E+00
  0.9930188381E+00  0.4146246319E+01  0.9708144792E+00
  0.9930886497E+00  0.4146854843E+01  0.9711039566E+00
  0.9931577632E+00  0.4147459947E+01  0.9713905812E+00
  0.9932261856E+00  0.4148068209E+01  0.9716743810E+00
  0.9932939238E+00  0.4148676019E+01  0.9719553840E+00
  0.9933609845E+00  0.4149279990E+01  0.9722336176E+00
  0.9934273747E+00  0.4149880113E+01  0.9725091089E+00
  0.9934931009E+00  0.4150475741E+01  0.9727818846E+00
  0.9935581699E+00  0.4151063447E+01  0.9730519709E+00
  0.9936225882E+00  0.4151647442E+01  0.9733193942E+00
  0.9936863623E+00  0.4152227714E+01  0.9735841804E+00
  0.9937494987E+00  0.4152804252E+01  0.9738463552E+00
  0.9938120037E+00  0.4153377046E+01  0.9741059442E+00
  0.9938738837E+00  0.4153946085E+01  0.9743629726E+00
  0.9939351449E+00  0.4154511362E+01  0.9746174655E+00
  0.9939957934E+00  0.4155072870E+01  0.9748694476E+00
  0.9940558355E+00  0.4155630600E+01  0.9751189435E+00
  0.9941152771E+00  0.4156184548E+01  0.9753659775E+00
  0.9941741243E+00  0.4156734709E+01  0.9756105736E+00
  0.9942323831E+00  0.4157281079E+01  0.9758527557E+00
  0.9942900593E+00  0.4157823654E+01  0.9760925474E+00
  0.9943471587E+00  0.4158362432E+01  0.9763299721E+00
  0.9944036871E+00  0.4158897412E+01  0.9765650528E+00
  0.9944596502E+00  0.4159428592E+01  0.9767978126E+00
  0.9945150537E+00  0.4159955974E+01  0.9770282741E+00
  0.9945699032E+00  0.4160479557E+01  0.9772564598E+00
  0.9946242041E+00  0.4160999343E+01  0.9774823920E+00
  0.9946779621E+00  0.4161515335E+01  0.9777060927E+00
  0.9947311825E+00  0.4162028064E+01  0.9779275837E+00
  0.9947838707E+00  0.4162537385E+01  0.9781468868E+00
  0.9948360320E+00  0.4163042890E+01  0.9783640233E+00
  0.9948876716E+00  0.4163546027E+01  0.9785790145E+00
  0.9949387949E+00  0.4164045514E+01  0.9787918814E+00
  0.9949894070E+00  0.4164541144E+01  0.9790026449E+00
  0.9950395129E+00  0.4165032926E+01  0.9792113254E+00
  0.9950891178E+00  0.4165520870E+01  0.9794179434E+00
  0.9951382266E+00  0.4166004987E+01  0.9796225191E+00
  0.9951868443E+00  0.4166485289E+01  0.9798250725E+00
  0.9952349759E+00  0.4166961788E+01  0.9800256234E+00
  0.9952826261E+00  0.4167434495E+01  0.9802241914E+00
  0.9953297999E+00  0.4167903425E+01  0.9804207960E+00
  0.9953765019E+00  0.4168368589E+01  0.9806154562E+00
  0.9954227368E+00  0.4168830002E+01  0.9808081914E+00
  0.9954685095E+00  0.4169287677E+01  0.9809990201E+00
  0.9955138244E+00  0.4169741630E+01  0.9811879613E+00
  0.9955586861E+00  0.4170191875E+01  0.9813750333E+00
  0.9956030993E+00  0.4170638782E+01  0.9815602546E+00
  0.9956470683E+00  0.4171082502E+01  0.9817436432E+00
  0.9956905976E+00  0.4171522531E+01  0.9819252171E+00
  0.9957336916E+00  0.4171958886E+01  0.9821049942E+00
  0.9957763547E+00  0.4172391584E+01  0.9822829921E+00
  0.9958185912E+00  0.4172820643E+01  0.9824592282E+00
  0.9958604053E+00  0.4173246998E+01  0.9826337198E+00
  0.9959018012E+00  0.4173669315E+01  0.9828064840E+00
  0.9959427832E+00  0.4174087195E+01  0.9829775379E+00
  0.9959833554E+00  0.4174501356E+01  0.9831468980E+00
  0.9960235218E+00  0.4174911993E+01  0.9833145812E+00
  0.9960632866E+00  0.4175319124E+01  0.9834806037E+00
  0.9961026537E+00  0.4175722768E+01  0.9836449820E+00
  0.9961416272E+00  0.4176122944E+01  0.9838077322E+00
  0.9961802109E+00  0.4176518681E+01  0.9839688702E+00
  0.9962184088E+00  0.4176910772E+01  0.9841284119E+00
  0.9962562247E+00  0.4177299501E+01  0.9842863729E+00
  0.9962936625E+00  0.4177684885E+01  0.9844427689E+00
  0.9963307258E+00  0.4178066945E+01  0.9845976150E+00
  0.9963674186E+00  0.4178445697E+01  0.9847509267E+00
  0.9964037444E+00  0.4178821162E+01  0.9849027190E+00
  0.9964397070E+00  0.4179193358E+01  0.9850530068E+00
  0.9964753099E+00  0.4179562306E+01  0.9852018049E+00
  0.9965105568E+00  0.4179928024E+01  0.9853491279E+00
  0.9965454512E+00  0.4180290532E+01  0.9854949905E+00
  0.9965799967E+00  0.4180649851E+01  0.9856394069E+00
  0.9966141967E+00  0.4181005999E+01  0.9857823913E+00
  0.9966480548E+00  0.4181358998E+01  0.9859239579E+00
  0.9966815742E+00  0.4181708867E+01  0.9860641206E+00
  0.9967147585E+00  0.4182055626E+01  0.9862028933E+00
  0.9967476109E+00  0.4182399297E+01  0.9863402896E+00
  0.9967801348E+00  0.4182739898E+01  0.9864763230E+00
  0.9968123334E+00  0.4183077452E+01  0.9866110070E+00
  0.9968442101E+00  0.4183411978E+01  0.9867443549E+00
  0.9968757680E+00  0.4183743497E+01  0.9868763799E+00
  0.9969070103E+00  0.4184072030E+01  0.9870070948E+00
  0.9969379402E+00  0.4184397597E+01  0.9871365128E+00
  0.9969685608E+00  0.4184720220E+01  0.9872646465E+00
  0.9969988752E+00  0.4185039919E+01  0.9873915086E+00
  0.9970288865E+00  0.4185356716E+01  0.9875171116E+00
  0.9970585976E+00  0.4185670630E+01  0.9876414680E+00
  0.9970880116E+00  0.4185981682E+01  0.9877645900E+00
  0.9971171315E+00  0.4186289895E+01  0.9878864897E+00
  0.9971459602E+00  0.4186595288E+01  0.9880071794E+00
  0.9971745006E+00  0.4186897882E+01  0.9881266708E+00
  0.9972027556E+00  0.4187197699E+01  0.9882449758E+00
  0.9972307280E+00  0.4187494759E+01  0.9883621061E+00
  0.9972584207E+00  0.4187789083E+01  0.9884780733E+00
  0.9972858365E+00  0.4188080692E+01  0.9885928889E+00
  0.9973129782E+00  0.4188369606E+01  0.9887065641E+00
  0.9973398484E+00  0.4188655847E+01  0.9888191104E+00
  0.9973664499E+00  0.4188939434E+01  0.9889305388E+00
  0.9973927854E+00  0.4189220390E+01  0.9890408603E+00
  0.9974188575E+00  0.4189498734E+01  0.9891500859E+00
  0.9974446690E+00  0.4189774487E+01  0.9892582264E+00
  0.9974702223E+00  0.4190047669E+01  0.9893652925E+00
  0.9974955201E+00  0.4190318301E+01  0.9894712948E+00
  0.9975205649E+00  0.4190586404E+01  0.9895762438E+00
  0.9975453592E+00  0.4190851998E+01  0.9896801500E+00
  0.9975699056E+00  0.4191115102E+01  0.9897830236E+00
  0.9975942066E+00  0.4191375738E+01  0.9898848748E+00
  0.9976182645E+00  0.4191633925E+01  0.9899857137E+00
  0.9976420819E+00  0.4191889683E+01  0.9900855504E+00
  0.9976656610E+00  0.4192143033E+01  0.9901843947E+00
  0.9976890044E+00  0.4192393995E+01  0.9902822565E+00
  0.9977121144E+00  0.4192642587E+01  0.9903791454E+00
  0.9977349932E+00  0.4192888830E+01  0.9904750711E+00
  0.9977576433E+00  0.4193132744E+01  0.9905700431E+00
  0.9977800669E+00  0.4193374348E+01  0.9906640708E+00
  0.9978022662E+00  0.4193613661E+01  0.9907571635E+00
  0.9978242435E+00  0.4193850704E+01  0.9908493306E+00
  0.9978460011E+00  0.4194085494E+01  0.9909405811E+00
  0.9978675411E+00  0.4194318052E+01  0.9910309242E+00
  0.9978888657E+00  0.4194548397E+01  0.9911203688E+00
  0.9979099770E+00  0.4194776547E+01  0.9912089237E+00
  0.9979308773E+00  0.4195002521E+01  0.9912965979E+00
  0.9979515685E+00  0.4195226339E+01  0.9913833999E+00
  0.9979720528E+00  0.4195448018E+01  0.9914693385E+00
  0.9979923323E+00  0.4195667578E+01  0.9915544222E+00
  0.9980124089E+00  0.4195885037E+01  0.9916386595E+00
  0.9980322849E+00  0.4196100413E+01  0.9917220587E+00
  0.9980519620E+00  0.4196313724E+01  0.9918046281E+00
  0.9980714424E+00  0.4196524989E+01  0.9918863759E+00
  0.9980907280E+00  0.4196734226E+01  0.9919673103E+00
  0.9981098207E+00  0.4196941452E+01  0.9920474394E+00
  0.9981287225E+00  0.4197146686E+01  0.9921267710E+00
  0.9981474353E+00  0.4197349944E+01  0.9922053132E+00
  0.9981659609E+00  0.4197551245E+01  0.9922830737E+00
  0.9981843013E+00  0.4197750607E+01  0.9923600603E+00
  0.9982024583E+00  0.4197948045E+01  0.9924362805E+00
  0.9982204337E+00  0.4198143579E+01  0.9925117422E+00
  0.9982382294E+00  0.4198337224E+01  0.9925864526E+00
  0.9982558471E+00  0.4198528998E+01  0.9926604194E+00
  0.9982732886E+00  0.4198718917E+01  0.9927336498E+00
  0.9982905557E+00  0.4198906999E+01  0.9928061512E+00
  0.9983076502E+00  0.4199093260E+01  0.9928779308E+00
  0.9983245737E+00  0.4199277717E+01  0.9929489957E+00
  0.9983413279E+00  0.4199460386E+01  0.9930193530E+00
  0.9983579146E+00  0.4199641282E+01  0.9930890098E+00
  0.9983743355E+00  0.4199820424E+01  0.9931579730E+00
  0.9983905921E+00  0.4199997826E+01  0.9932262494E+00
  0.9984066862E+00  0.4200173504E+01  0.9932938459E+00
  0.9984226194E+00  0.4200347475E+01  0.9933607692E+00
  0.9984383932E+00  0.4200519753E+01  0.9934270261E+00
  0.9984540092E+00  0.4200690355E+01  0.9934926230E+00
  0.9984694691E+00  0.4200859296E+01  0.9935575666E+00
  0.9984847744E+00  0.4201026592E+01  0.9936218633E+00
  0.9984999267E+00  0.4201192257E+01  0.9936855196E+00
  0.9985149274E+00  0.4201356307E+01  0.9937485418E+00
  0.9985297782E+00  0.4201518756E+01  0.9938109362E+00
  0.9985444804E+00  0.4201679621E+01  0.9938727090E+00
  0.9985590356E+00  0.4201838914E+01  0.9939338665E+00
  0.9985734452E+00  0.4201996651E+01  0.9939944146E+00
  0.9985877108E+00  0.4202152847E+01  0.9940543595E+00
  0.9986018337E+00  0.4202307516E+01  0.9941137071E+00
  0.9986158153E+00  0.4202460672E+01  0.9941724635E+00
  0.9986296572E+00  0.4202612330E+01  0.9942306343E+00
  0.9986433606E+00  0.4202762503E+01  0.9942882256E+00
  0.9986569270E+00  0.4202911205E+01  0.9943452429E+00
  0.9986703577E+00  0.4203058451E+01  0.9944016920E+00
  0.9986836541E+00  0.4203204253E+01  0.9944575787E+00
  0.9986968176E+00  0.4203348626E+01  0.9945129083E+00
  0.9987098494E+00  0.4203491584E+01  0.9945676865E+00
  0.9987227509E+00  0.4203633138E+01  0.9946219188E+00
  0.9987355234E+00  0.4203773304E+01  0.9946756106E+00
  0.9987481682E+00  0.4203912093E+01  0.9947287672E+00
  0.9987606865E+00  0.4204049519E+01  0.9947813940E+00
  0.9987730796E+00  0.4204185595E+01  0.9948334962E+00
  0.9987853488E+00  0.4204320334E+01  0.9948850790E+00
  0.9987974954E+00  0.4204453748E+01  0.9949361476E+00
  0.9988095204E+00  0.4204585851E+01  0.9949867072E+00
  0.9988214252E+00  0.4204716654E+01  0.9950367627E+00
  0.9988332109E+00  0.4204846169E+01  0.9950863192E+00
  0.9988448788E+00  0.4204974410E+01  0.9951353816E+00
  0.9988564300E+00  0.4205101389E+01  0.9951839549E+00
  0.9988678657E+00  0.4205227116E+01  0.9952320439E+00
  0.9988791871E+00  0.4205351606E+01  0.9952796534E+00
  0.9988903952E+00  0.4205474868E+01  0.9953267882E+00
  0.9989014913E+00  0.4205596916E+01  0.9953734531E+00
  0.9989124764E+00  0.4205717760E+01  0.9954196526E+00
  0.9989233516E+00  0.4205837413E+01  0.9954653914E+00
  0.9989341181E+00  0.4205955885E+01  0.9955106741E+00
  0.9989447769E+00  0.4206073189E+01  0.9955555053E+00
  0.9989553291E+00  0.4206189335E+01  0.9955998893E+00
  0.9989657758E+00  0.4206304334E+01  0.9956438308E+00
  0.9989761181E+00  0.4206418198E+01  0.9956873340E+00
  0.9989863569E+00  0.4206530937E+01  0.9957304033E+00
  0.9989964933E+00  0.4206642563E+01  0.9957730431E+00
  0.9990065284E+00  0.4206753086E+01  0.9958152576E+00
  0.9990164631E+00  0.4206862517E+01  0.9958570510E+00
  0.9990262985E+00  0.4206970866E+01  0.9958984276E+00
  0.9990360355E+00  0.4207078143E+01  0.9959393915E+00
  0.9990456751E+00  0.4207184360E+01  0.9959799467E+00
  0.9990552184E+00  0.4207289527E+01  0.9960200974E+00
  0.9990646662E+00  0.4207393653E+01  0.9960598476E+00
  0.9990740195E+00  0.4207496748E+01  0.9960992013E+00
  0.9990832793E+00  0.4207598824E+01  0.9961381623E+00
  0.9990924466E+00  0.4207699889E+01  0.9961767347E+00
  0.9991015221E+00  0.4207799954E+01  0.9962149223E+00
  0.9991105069E+00  0.4207899027E+01  0.9962527289E+00
  0.9991194018E+00  0.4207997120E+01  0.9962901583E+00
  0.9991282078E+00  0.4208094241E+01  0.9963272143E+00
  0.9991369257E+00  0.4208190400E+01  0.9963639005E+00
  0.9991455564E+00  0.4208285606E+01  0.9964002208E+00
  0.9991541009E+00  0.4208379868E+01  0.9964361786E+00
  0.9991625599E+00  0.4208473196E+01  0.9964717776E+00
  0.9991709343E+00  0.4208565599E+01  0.9965070215E+00
  0.9991792249E+00  0.4208657086E+01  0.9965419136E+00
  0.9991874327E+00  0.4208747666E+01  0.9965764576E+00
  0.9991955584E+00  0.4208837347E+01  0.9966106569E+00
  0.9992036028E+00  0.4208926139E+01  0.9966445149E+00
  0.9992115667E+00  0.4209014050E+01  0.9966780350E+00
  0.9992194511E+00  0.4209101088E+01  0.9967112206E+00
  0.9992272566E+00  0.4209187263E+01  0.9967440750E+00
  0.9992349840E+00  0.4209272583E+01  0.9967766016E+00
  0.9992426342E+00  0.4209357055E+01  0.9968088035E+00
  0.9992502078E+00  0.4209440689E+01  0.9968406841E+00
  0.9992577057E+00  0.4209523493E+01  0.9968722464E+00
  0.9992651287E+00  0.4209605475E+01  0.9969034938E+00
  0.9992724774E+00  0.4209686642E+01  0.9969344293E+00
  0.9992797526E+00  0.4209767003E+01  0.9969650560E+00
  0.9992869551E+00  0.4209846566E+01  0.9969953770E+00
  0.9992940855E+00  0.4209925338E+01  0.9970253954E+00
  0.9993011447E+00  0.4210003328E+01  0.9970551141E+00
  0.9993081332E+00  0.4210080543E+01  0.9970845362E+00
  0.9993150519E+00  0.4210156991E+01  0.9971136646E+00
  0.9993219014E+00  0.4210232678E+01  0.9971425023E+00
  0.9993286824E+00  0.4210307614E+01  0.9971710521E+00
  0.9993353956E+00  0.4210381804E+01  0.9971993169E+00
  0.9993420416E+00  0.4210455257E+01  0.9972272995E+00
  0.9993486212E+00  0.4210527979E+01  0.9972550028E+00
  0.9993551350E+00  0.4210599978E+01  0.9972824295E+00
  0.9993615836E+00  0.4210671262E+01  0.9973095824E+00
  0.9993679678E+00  0.4210741836E+01  0.9973364643E+00
  0.9993742881E+00  0.4210811708E+01  0.9973630777E+00
  0.9993805452E+00  0.4210880885E+01  0.9973894255E+00
  0.9993867398E+00  0.4210949374E+01  0.9974155102E+00
  0.9993928724E+00  0.4211017182E+01  0.9974413345E+00
  0.9993989436E+00  0.4211084314E+01  0.9974669009E+00
  0.9994049542E+00  0.4211150779E+01  0.9974922121E+00
  0.9994109047E+00  0.4211216582E+01  0.9975172706E+00
  0.9994167956E+00  0.4211281731E+01  0.9975420789E+00
  0.9994226277E+00  0.4211346231E+01  0.9975666394E+00
  0.9994284014E+00  0.4211410088E+01  0.9975909548E+00
  0.9994341174E+00  0.4211473310E+01  0.9976150273E+00
  0.9994397762E+00  0.4211535903E+01  0.9976388595E+00
  0.9994453784E+00  0.4211597873E+01  0.9976624537E+00
  0.9994509247E+00  0.4211659225E+01  0.9976858123E+00
  0.9994564154E+00  0.4211719966E+01  0.9977089376E+00
  0.9994618513E+00  0.4211780103E+01  0.9977318321E+00
  0.9994672327E+00  0.4211839640E+01  0.9977544979E+00
  0.9994725604E+00  0.4211898585E+01  0.9977769373E+00
  0.9994778348E+00  0.4211956942E+01  0.9977991527E+00
  0.9994830565E+00  0.4212014718E+01  0.9978211462E+00
  0.9994882259E+00  0.4212071919E+01  0.9978429201E+00
  0.9994933436E+00  0.4212128549E+01  0.9978644765E+00
  0.9994984102E+00  0.4212184616E+01  0.9978858177E+00
  0.9995034261E+00  0.4212240123E+01  0.9979069457E+00
  0.9995083918E+00  0.4212295078E+01  0.9979278628E+00
  0.9995133079E+00  0.4212349485E+01  0.9979485709E+00
  0.9995181748E+00  0.4212403350E+01  0.9979690722E+00
  0.9995229931E+00  0.4212456677E+01  0.9979893687E+00
  0.9995277632E+00  0.4212509474E+01  0.9980094626E+00
  0.9995324855E+00  0.4212561744E+01  0.9980293557E+00
  0.9995371607E+00  0.4212613493E+01  0.9980490502E+00
  0.9995417891E+00  0.4212664726E+01  0.9980685479E+00
  0.9995463712E+00  0.4212715449E+01  0.9980878509E+00
  0.9995509075E+00  0.4212765666E+01  0.9981069611E+00
  0.9995553984E+00  0.4212815382E+01  0.9981258804E+00
  0.9995598444E+00  0.4212864602E+01  0.9981446108E+00
  0.9995642460E+00  0.4212913332E+01  0.9981631541E+00
  0.9995686035E+00  0.4212961576E+01  0.9981815121E+00
  0.9995729175E+00  0.4213009338E+01  0.9981996868E+00
  0.9995771883E+00  0.4213056625E+01  0.9982176799E+00
  0.9995814164E+00  0.4213103439E+01  0.9982354933E+00
  0.9995856022E+00  0.4213149787E+01  0.9982531288E+00
  0.9995897462E+00  0.4213195673E+01  0.9982705881E+00
  0.9995938488E+00  0.4213241101E+01  0.9982878729E+00
  0.9995979103E+00  0.4213286075E+01  0.9983049852E+00
  0.9996019312E+00  0.4213330602E+01  0.9983219264E+00
  0.9996059119E+00  0.4213374684E+01  0.9983386985E+00
  0.9996098527E+00  0.4213418326E+01  0.9983553030E+00
  0.9996137542E+00  0.4213461533E+01  0.9983717416E+00
  0.9996176167E+00  0.4213504309E+01  0.9983880160E+00
  0.9996214405E+00  0.4213546658E+01  0.9984041278E+00
  0.9996252261E+00  0.4213588584E+01  0.9984200787E+00
  0.9996289738E+00  0.4213630091E+01  0.9984358702E+00
  0.9996326841E+00  0.4213671184E+01  0.9984515039E+00
  0.9996363573E+00  0.4213711867E+01  0.9984669815E+00
  0.9996399937E+00  0.4213752145E+01  0.9984823044E+00
  0.9996435938E+00  0.4213792020E+01  0.9984974743E+00
  0.9996471578E+00  0.4213831497E+01  0.9985124926E+00
  0.9996506862E+00  0.4213870581E+01  0.9985273608E+00
  0.9996541794E+00  0.4213909274E+01  0.9985420805E+00
  0.9996576376E+00  0.4213947581E+01  0.9985566531E+00
  0.9996610612E+00  0.4213985506E+01  0.9985710802E+00
  0.9996644506E+00  0.4214023053E+01  0.9985853631E+00
  0.9996678400E+00  0.4214060600E+01  0.9985996461E+00
  0.9996712294E+00  0.4214098148E+01  0.9986139292E+00
  0.9996746188E+00  0.4214135696E+01  0.9986282125E+00
  0.9996780081E+00  0.4214173245E+01  0.9986424959E+00
  0.9996813975E+00  0.4214210795E+01  0.9986567795E+00
  0.9996847869E+00  0.4214248346E+01  0.9986710631E+00
  0.9996881763E+00  0.4214285898E+01  0.9986853469E+00
  0.9996915657E+00  0.4214323450E+01  0.9986996308E+00
  0.9996949551E+00  0.4214361003E+01  0.9987139149E+00
  0.9996983445E+00  0.4214398556E+01  0.9987281990E+00
  0.9997017339E+00  0.4214436110E+01  0.9987424833E+00
  0.9997051232E+00  0.4214473665E+01  0.9987567677E+00
  0.9997085126E+00  0.4214511221E+01  0.9987710523E+00
  0.9997119020E+00  0.4214548777E+01  0.9987853370E+00
  0.9997152914E+00  0.4214586334E+01  0.9987996218E+00
  0.9997186808E+00  0.4214623892E+01  0.9988139067E+00
  0.9997220702E+00  0.4214661450E+01  0.9988281918E+00
  0.9997254596E+00  0.4214699009E+01  0.9988424770E+00
  0.9997288490E+00  0.4214736569E+01  0.9988567623E+00
  0.9997322384E+00  0.4214774129E+01  0.9988710477E+00
  0.9997356277E+00  0.4214811690E+01  0.9988853333E+00
  0.9997390171E+00  0.4214849251E+01  0.9988996190E+00
  0.9997424065E+00  0.4214886814E+01  0.9989139048E+00
  0.9997457959E+00  0.4214924376E+01  0.9989281907E+00
  0.9997491853E+00  0.4214961940E+01  0.9989424768E+00
  0.9997525747E+00  0.4214999504E+01  0.9989567630E+00
  0.9997559641E+00  0.4215037069E+01  0.9989710494E+00
  0.9997593535E+00  0.4215074634E+01  0.9989853358E+00
  0.9997627428E+00  0.4215112200E+01  0.9989996224E+00
  0.9997661322E+00  0.4215149766E+01  0.9990139091E+00
  0.9997695216E+00  0.4215187334E+01  0.9990281960E+00
  0.9997729110E+00  0.4215224901E+01  0.9990424829E+00
  0.9997763004E+00  0.4215262470E+01  0.9990567700E+00
  0.9997796898E+00  0.4215300039E+01  0.9990710572E+00
  0.9997830792E+00  0.4215337608E+01  0.9990853446E+00
  0.9997864686E+00  0.4215375178E+01  0.9990996321E+00
  0.9997898579E+00  0.4215412749E+01  0.9991139197E+00
  0.9997932473E+00  0.4215450320E+01  0.9991282074E+00
  0.9997966367E+00  0.4215487892E+01  0.9991424953E+00
  0.9998000261E+00  0.4215525464E+01  0.9991567833E+00
  0.9998034155E+00  0.4215563037E+01  0.9991710714E+00
  0.9998068049E+00  0.4215600611E+01  0.9991853596E+00
  0.9998101943E+00  0.4215638185E+01  0.9991996480E+00
  0.9998135837E+00  0.4215675759E+01  0.9992139365E+00
  0.9998169731E+00  0.4215713335E+01  0.9992282251E+00
  0.9998203624E+00  0.4215750910E+01  0.9992425139E+00
  0.9998237518E+00  0.4215788486E+01  0.9992568027E+00
  0.9998271412E+00  0.4215826063E+01  0.9992710918E+00
  0.9998305306E+00  0.4215863640E+01  0.9992853809E+00
  0.9998339200E+00  0.4215901218E+01  0.9992996701E+00
  0.9998373094E+00  0.4215938797E+01  0.9993139595E+00
  0.9998406988E+00  0.4215976375E+01  0.9993282490E+00
  0.9998440882E+00  0.4216013955E+01  0.9993425387E+00
  0.9998474775E+00  0.4216051535E+01  0.9993568285E+00
  0.9998508669E+00  0.4216089115E+01  0.9993711184E+00
  0.9998542563E+00  0.4216126696E+01  0.9993854084E+00
  0.9998576457E+00  0.4216164277E+01  0.9993996985E+00
  0.9998610351E+00  0.4216201859E+01  0.9994139888E+00
  0.9998644245E+00  0.4216239441E+01  0.9994282792E+00
  0.9998678139E+00  0.4216277024E+01  0.9994425698E+00
  0.9998712033E+00  0.4216314607E+01  0.9994568604E+00
  0.9998745926E+00  0.4216352191E+01  0.9994711512E+00
  0.9998779820E+00  0.4216389775E+01  0.9994854421E+00
  0.9998813714E+00  0.4216427360E+01  0.9994997332E+00
  0.9998847608E+00  0.4216464945E+01  0.9995140243E+00
  0.9998881502E+00  0.4216502530E+01  0.9995283156E+00
  0.9998915396E+00  0.4216540116E+01  0.9995426071E+00
  0.9998949290E+00  0.4216577703E+01  0.9995568986E+00
  0.9998983184E+00  0.4216615290E+01  0.9995711903E+00
  0.9999017077E+00  0.4216652877E+01  0.9995854821E+00
  0.9999050971E+00  0.4216690465E+01  0.9995997741E+00
  0.9999084865E+00  0.4216728053E+01  0.9996140661E+00
  0.9999118759E+00  0.4216765642E+01  0.9996283583E+00
  0.9999152653E+00  0.4216803231E+01  0.9996426506E+00
  0.9999186547E+00  0.4216840820E+01  0.9996569431E+00
  0.9999220441E+00  0.4216878410E+01  0.9996712356E+00
  0.9999254335E+00  0.4216916000E+01  0.9996855283E+00
  0.9999288229E+00  0.4216953591E+01  0.9996998212E+00
  0.9999322122E+00  0.4216991182E+01  0.9997141141E+00
  0.9999356016E+00  0.4217028773E+01  0.9997284072E+00
  0.9999389910E+00  0.4217066365E+01  0.9997427004E+00
  0.9999423804E+00  0.4217103957E+01  0.9997569938E+00
  0.9999457698E+00  0.4217141550E+01  0.9997712872E+00
  0.9999491592E+00  0.4217179143E+01  0.9997855808E+00
  0.9999525486E+00  0.4217216736E+01  0.9997998745E+00
  0.9999559380E+00  0.4217254330E+01  0.9998141684E+00
  0.9999593273E+00  0.4217291924E+01  0.9998284624E+00
  0.9999627167E+00  0.4217329519E+01  0.9998427565E+00
  0.9999661061E+00  0.4217367113E+01  0.9998570507E+00
  0.9999694955E+00  0.4217404708E+01  0.9998713450E+00
  0.9999728849E+00  0.4217442304E+01  0.9998856395E+00
  0.9999762743E+00  0.4217479900E+01  0.9998999341E+00
  0.9999796637E+00  0.4217517496E+01  0.9999142289E+00
  0.9999830531E+00  0.4217555092E+01  0.9999285238E+00
  0.9999864424E+00  0.4217592689E+01  0.9999428187E+00
  0.9999898318E+00  0.4217630286E+01  0.9999571139E+00
  0.9999932212E+00  0.4217667884E+01  0.9999714091E+00
  0.9999966106E+00  0.4217705481E+01  0.9999857045E+00
  0.1000000000E+01  0.4217745482E+01  0.1000000000E+01
  0.1000000000E+01  0.4217745482E+01  0.1000000000E+01
