  0.0000000000E+00  0.4217743141E+01 -0.1000000000E+01
  0.6996492144E-18  0.4217743141E+01 -0.1000000000E+01
  0.3389387958E-05  0.4217644584E+01 -0.9999857046E+00
  0.6778775916E-05  0.4217546028E+01 -0.9999714095E+00
  0.1016816387E-04  0.4217447472E+01 -0.9999571148E+00
  0.1355755183E-04  0.4217348916E+01 -0.9999428204E+00
  0.1694693979E-04  0.4217250361E+01 -0.9999285263E+00
  0.2033632775E-04  0.4217151805E+01 -0.9999142326E+00
  0.2372571571E-04  0.4217053251E+01 -0.9998999392E+00
  0.2711510367E-04  0.4216954696E+01 -0.9998856461E+00
  0.3050449162E-04  0.4216856142E+01 -0.9998713534E+00
  0.3389387958E-04  0.4216757588E+01 -0.9998570610E+00
  0.3728326754E-04  0.4216659034E+01 -0.9998427690E+00
  0.4067265550E-04  0.4216560481E+01 -0.9998284772E+00
  0.4406204346E-04  0.4216461928E+01 -0.9998141858E+00
  0.4745143141E-04  0.4216363375E+01 -0.9997998948E+00
  0.5084081937E-04  0.4216264823E+01 -0.9997856041E+00
  0.5423020733E-04  0.4216166271E+01 -0.9997713137E+00
  0.5761959529E-04  0.4216067719E+01 -0.9997570236E+00
  0.6100898325E-04  0.4215969168E+01 -0.9997427339E+00
  0.6439837120E-04  0.4215870617E+01 -0.9997284445E+00
  0.6778775916E-04  0.4215772066E+01 -0.9997141555E+00
  0.7117714712E-04  0.4215673516E+01 -0.9996998667E+00
  0.7456653508E-04  0.4215574965E+01 -0.9996855783E+00
  0.7795592304E-04  0.4215476416E+01 -0.9996712903E+00
  0.8134531100E-04  0.4215377866E+01 -0.9996570026E+00
  0.8473469895E-04  0.4215279317E+01 -0.9996427152E+00
  0.8812408691E-04  0.4215180768E+01 -0.9996284281E+00
  0.9151347487E-04  0.4215082220E+01 -0.9996141414E+00
  0.9490286283E-04  0.4214983672E+01 -0.9995998550E+00
  0.9829225079E-04  0.4214885124E+01 -0.9995855690E+00
  0.1016816387E-03  0.4214786576E+01 -0.9995712833E+00
  0.1050710267E-03  0.4214688029E+01 -0.9995569979E+00
  0.1084604147E-03  0.4214589482E+01 -0.9995427129E+00
  0.1118498026E-03  0.4214490936E+01 -0.9995284281E+00
  0.1152391906E-03  0.4214392390E+01 -0.9995141438E+00
  0.1186285785E-03  0.4214293844E+01 -0.9994998597E+00
  0.1220179665E-03  0.4214195298E+01 -0.9994855760E+00
  0.1254073545E-03  0.4214096753E+01 -0.9994712926E+00
  0.1287967424E-03  0.4213998209E+01 -0.9994570096E+00
  0.1321861304E-03  0.4213899664E+01 -0.9994427269E+00
  0.1355755183E-03  0.4213801120E+01 -0.9994284445E+00
  0.1389649063E-03  0.4213702576E+01 -0.9994141625E+00
  0.1423542942E-03  0.4213604033E+01 -0.9993998808E+00
  0.1457436822E-03  0.4213505490E+01 -0.9993855994E+00
  0.1491330702E-03  0.4213406947E+01 -0.9993713184E+00
  0.1525224581E-03  0.4213308404E+01 -0.9993570377E+00
  0.1559118461E-03  0.4213209862E+01 -0.9993427573E+00
  0.1593012340E-03  0.4213111321E+01 -0.9993284772E+00
  0.1626906220E-03  0.4213012779E+01 -0.9993141975E+00
  0.1660800099E-03  0.4212914238E+01 -0.9992999182E+00
  0.1694693979E-03  0.4212815697E+01 -0.9992856391E+00
  0.1728587859E-03  0.4212717157E+01 -0.9992713604E+00
  0.1762481738E-03  0.4212618617E+01 -0.9992570821E+00
  0.1796375618E-03  0.4212520077E+01 -0.9992428040E+00
  0.1830269497E-03  0.4212421538E+01 -0.9992285264E+00
  0.1864163377E-03  0.4212322999E+01 -0.9992142490E+00
  0.1898057257E-03  0.4212224460E+01 -0.9991999720E+00
  0.1931951136E-03  0.4212125922E+01 -0.9991856953E+00
  0.1965845016E-03  0.4212027384E+01 -0.9991714189E+00
  0.1999738895E-03  0.4211928847E+01 -0.9991571429E+00
  0.2033632775E-03  0.4211830310E+01 -0.9991428672E+00
  0.2067526654E-03  0.4211731773E+01 -0.9991285918E+00
  0.2101420534E-03  0.4211633236E+01 -0.9991143168E+00
  0.2135314414E-03  0.4211534700E+01 -0.9991000421E+00
  0.2169208293E-03  0.4211436164E+01 -0.9990857677E+00
  0.2203102173E-03  0.4211337629E+01 -0.9990714937E+00
  0.2236996052E-03  0.4211239094E+01 -0.9990572200E+00
  0.2270889932E-03  0.4211140559E+01 -0.9990429467E+00
  0.2304783812E-03  0.4211042025E+01 -0.9990286736E+00
  0.2338677691E-03  0.4210943491E+01 -0.9990144010E+00
  0.2372571571E-03  0.4210844957E+01 -0.9990001286E+00
  0.2406465450E-03  0.4210746424E+01 -0.9989858566E+00
  0.2440359330E-03  0.4210647891E+01 -0.9989715849E+00
  0.2474253209E-03  0.4210549359E+01 -0.9989573135E+00
  0.2508147089E-03  0.4210450827E+01 -0.9989430425E+00
  0.2542040969E-03  0.4210352295E+01 -0.9989287718E+00
  0.2575934848E-03  0.4210253764E+01 -0.9989145015E+00
  0.2609828728E-03  0.4210155233E+01 -0.9989002315E+00
  0.2643722607E-03  0.4210056702E+01 -0.9988859618E+00
  0.2677616487E-03  0.4209958172E+01 -0.9988716924E+00
  0.2711510367E-03  0.4209859642E+01 -0.9988574234E+00
  0.2745404246E-03  0.4209761112E+01 -0.9988431548E+00
  0.2779298126E-03  0.4209662583E+01 -0.9988288864E+00
  0.2813192005E-03  0.4209564054E+01 -0.9988146184E+00
  0.2847085885E-03  0.4209465526E+01 -0.9988003507E+00
  0.2880979764E-03  0.4209366998E+01 -0.9987860834E+00
  0.2914873644E-03  0.4209268470E+01 -0.9987718164E+00
  0.2948767524E-03  0.4209169943E+01 -0.9987575497E+00
  0.2982661403E-03  0.4209071416E+01 -0.9987432833E+00
  0.3016555283E-03  0.4208972890E+01 -0.9987290173E+00
  0.3050449162E-03  0.4208874363E+01 -0.9987147517E+00
  0.3084343042E-03  0.4208775838E+01 -0.9987004863E+00
  0.3118236921E-03  0.4208677312E+01 -0.9986862213E+00
  0.3152130801E-03  0.4208578787E+01 -0.9986719566E+00
  0.3186024681E-03  0.4208480263E+01 -0.9986576923E+00
  0.3219918560E-03  0.4208381739E+01 -0.9986434283E+00
  0.3253812440E-03  0.4208283215E+01 -0.9986291646E+00
  0.3287706319E-03  0.4208184691E+01 -0.9986149013E+00
  0.3321600199E-03  0.4208086168E+01 -0.9986006383E+00
  0.3355494079E-03  0.4207987646E+01 -0.9985863756E+00
  0.3389387958E-03  0.4207889123E+01 -0.9985721133E+00
  0.3423624200E-03  0.4207789606E+01 -0.9985577072E+00
  0.3458206263E-03  0.4207689084E+01 -0.9985431560E+00
  0.3493137639E-03  0.4207587547E+01 -0.9985284581E+00
  0.3528421858E-03  0.4207484985E+01 -0.9985136122E+00
  0.3564062483E-03  0.4207381388E+01 -0.9984986166E+00
  0.3600063114E-03  0.4207276744E+01 -0.9984834700E+00
  0.3636427388E-03  0.4207171044E+01 -0.9984681707E+00
  0.3673158977E-03  0.4207064277E+01 -0.9984527173E+00
  0.3710261593E-03  0.4206956431E+01 -0.9984371082E+00
  0.3747738983E-03  0.4206847497E+01 -0.9984213418E+00
  0.3785594932E-03  0.4206737463E+01 -0.9984054166E+00
  0.3823833265E-03  0.4206626318E+01 -0.9983893309E+00
  0.3862457844E-03  0.4206514051E+01 -0.9983730832E+00
  0.3901472569E-03  0.4206400650E+01 -0.9983566719E+00
  0.3940881383E-03  0.4206286105E+01 -0.9983400952E+00
  0.3980688266E-03  0.4206170403E+01 -0.9983233515E+00
  0.4020897238E-03  0.4206053533E+01 -0.9983064391E+00
  0.4061512362E-03  0.4205935483E+01 -0.9982893564E+00
  0.4102537739E-03  0.4205816241E+01 -0.9982721017E+00
  0.4143977514E-03  0.4205695795E+01 -0.9982546731E+00
  0.4185835873E-03  0.4205574133E+01 -0.9982370690E+00
  0.4228117043E-03  0.4205451243E+01 -0.9982192876E+00
  0.4270825296E-03  0.4205327112E+01 -0.9982013271E+00
  0.4313964946E-03  0.4205201728E+01 -0.9981831858E+00
  0.4357540349E-03  0.4205075079E+01 -0.9981648617E+00
  0.4401555908E-03  0.4204947150E+01 -0.9981463531E+00
  0.4446016069E-03  0.4204817931E+01 -0.9981276581E+00
  0.4490925322E-03  0.4204687406E+01 -0.9981087749E+00
  0.4536288204E-03  0.4204555564E+01 -0.9980897015E+00
  0.4582109297E-03  0.4204422391E+01 -0.9980704361E+00
  0.4628393230E-03  0.4204287874E+01 -0.9980509767E+00
  0.4675144676E-03  0.4204151998E+01 -0.9980313214E+00
  0.4722368360E-03  0.4204014751E+01 -0.9980114681E+00
  0.4770069051E-03  0.4203876119E+01 -0.9979914150E+00
  0.4818251566E-03  0.4203736087E+01 -0.9979711600E+00
  0.4866920774E-03  0.4203594641E+01 -0.9979507011E+00
  0.4916081590E-03  0.4203451768E+01 -0.9979300363E+00
  0.4965738980E-03  0.4203307452E+01 -0.9979091634E+00
  0.5015897959E-03  0.4203161679E+01 -0.9978880804E+00
  0.5066563595E-03  0.4203014435E+01 -0.9978667852E+00
  0.5117741005E-03  0.4202865705E+01 -0.9978452756E+00
  0.5169435359E-03  0.4202715473E+01 -0.9978235495E+00
  0.5221651878E-03  0.4202563725E+01 -0.9978016048E+00
  0.5274395836E-03  0.4202410445E+01 -0.9977794392E+00
  0.5327672562E-03  0.4202255618E+01 -0.9977570506E+00
  0.5381487436E-03  0.4202099228E+01 -0.9977344366E+00
  0.5435845895E-03  0.4201941260E+01 -0.9977115951E+00
  0.5490753429E-03  0.4201781697E+01 -0.9976885237E+00
  0.5546215585E-03  0.4201620523E+01 -0.9976652202E+00
  0.5602237965E-03  0.4201457723E+01 -0.9976416821E+00
  0.5658826227E-03  0.4201293280E+01 -0.9976179073E+00
  0.5715986088E-03  0.4201127176E+01 -0.9975938932E+00
  0.5773723321E-03  0.4200959396E+01 -0.9975696376E+00
  0.5832043759E-03  0.4200789923E+01 -0.9975451379E+00
  0.5890953291E-03  0.4200618739E+01 -0.9975203917E+00
  0.5950457870E-03  0.4200445828E+01 -0.9974953966E+00
  0.6010563505E-03  0.4200271171E+01 -0.9974701501E+00
  0.6071276268E-03  0.4200094752E+01 -0.9974446496E+00
  0.6132602291E-03  0.4199916552E+01 -0.9974188927E+00
  0.6194547769E-03  0.4199736553E+01 -0.9973928767E+00
  0.6257118958E-03  0.4199554738E+01 -0.9973665990E+00
  0.6320322180E-03  0.4199371088E+01 -0.9973400570E+00
  0.6384163818E-03  0.4199185585E+01 -0.9973132481E+00
  0.6448650321E-03  0.4198998209E+01 -0.9972861697E+00
  0.6513788203E-03  0.4198808943E+01 -0.9972588189E+00
  0.6579584044E-03  0.4198617766E+01 -0.9972311931E+00
  0.6646044489E-03  0.4198424661E+01 -0.9972032895E+00
  0.6713176251E-03  0.4198229606E+01 -0.9971751054E+00
  0.6780986112E-03  0.4198032583E+01 -0.9971466380E+00
  0.6849480921E-03  0.4197833572E+01 -0.9971178843E+00
  0.6918667597E-03  0.4197632553E+01 -0.9970888416E+00
  0.6988553129E-03  0.4197429505E+01 -0.9970595069E+00
  0.7059144575E-03  0.4197224408E+01 -0.9970298774E+00
  0.7130449065E-03  0.4197017242E+01 -0.9969999500E+00
  0.7202473803E-03  0.4196807985E+01 -0.9969697219E+00
  0.7275226064E-03  0.4196596617E+01 -0.9969391899E+00
  0.7348713196E-03  0.4196383116E+01 -0.9969083511E+00
  0.7422942622E-03  0.4196167461E+01 -0.9968772024E+00
  0.7497921840E-03  0.4195949630E+01 -0.9968457407E+00
  0.7573658425E-03  0.4195729601E+01 -0.9968139628E+00
  0.7650160025E-03  0.4195507352E+01 -0.9967818657E+00
  0.7727434369E-03  0.4195282860E+01 -0.9967494460E+00
  0.7805489261E-03  0.4195056104E+01 -0.9967167007E+00
  0.7884332587E-03  0.4194827060E+01 -0.9966836264E+00
  0.7963972310E-03  0.4194595705E+01 -0.9966502198E+00
  0.8044416475E-03  0.4194362016E+01 -0.9966164777E+00
  0.8125673207E-03  0.4194125969E+01 -0.9965823966E+00
  0.8207750714E-03  0.4193887541E+01 -0.9965479732E+00
  0.8290657287E-03  0.4193646708E+01 -0.9965132042E+00
  0.8374401300E-03  0.4193403445E+01 -0.9964780859E+00
  0.8458991212E-03  0.4193157728E+01 -0.9964426150E+00
  0.8544435568E-03  0.4192909532E+01 -0.9964067879E+00
  0.8630742998E-03  0.4192658833E+01 -0.9963706010E+00
  0.8717922220E-03  0.4192405605E+01 -0.9963340509E+00
  0.8805982040E-03  0.4192149822E+01 -0.9962971337E+00
  0.8894931354E-03  0.4191891460E+01 -0.9962598460E+00
  0.8984779145E-03  0.4191630491E+01 -0.9962221840E+00
  0.9075534490E-03  0.4191366890E+01 -0.9961841439E+00
  0.9167206556E-03  0.4191100630E+01 -0.9961457220E+00
  0.9259804602E-03  0.4190831685E+01 -0.9961069144E+00
  0.9353337982E-03  0.4190560027E+01 -0.9960677174E+00
  0.9447816143E-03  0.4190285629E+01 -0.9960281271E+00
  0.9543248629E-03  0.4190008464E+01 -0.9959881395E+00
  0.9639645080E-03  0.4189728504E+01 -0.9959477506E+00
  0.9737015233E-03  0.4189445720E+01 -0.9959069566E+00
  0.9835368922E-03  0.4189160084E+01 -0.9958657532E+00
  0.9934716083E-03  0.4188871568E+01 -0.9958241365E+00
  0.1003506675E-02  0.4188580142E+01 -0.9957821024E+00
  0.1013643106E-02  0.4188285778E+01 -0.9957396466E+00
  0.1023881925E-02  0.4187988445E+01 -0.9956967650E+00
  0.1034224167E-02  0.4187688114E+01 -0.9956534534E+00
  0.1044670876E-02  0.4187384755E+01 -0.9956097074E+00
  0.1055223107E-02  0.4187078337E+01 -0.9955655228E+00
  0.1065881926E-02  0.4186768829E+01 -0.9955208951E+00
  0.1076648410E-02  0.4186456201E+01 -0.9954758200E+00
  0.1087523647E-02  0.4186140421E+01 -0.9954302931E+00
  0.1098508734E-02  0.4185821457E+01 -0.9953843097E+00
  0.1109604782E-02  0.4185499277E+01 -0.9953378654E+00
  0.1120812911E-02  0.4185173850E+01 -0.9952909556E+00
  0.1132134253E-02  0.4184845141E+01 -0.9952435757E+00
  0.1143569953E-02  0.4184513119E+01 -0.9951957210E+00
  0.1155121165E-02  0.4184177750E+01 -0.9951473867E+00
  0.1166789055E-02  0.4183839001E+01 -0.9950985681E+00
  0.1178574803E-02  0.4183496837E+01 -0.9950492605E+00
  0.1190479599E-02  0.4183151224E+01 -0.9949994589E+00
  0.1202504646E-02  0.4182802127E+01 -0.9949491584E+00
  0.1214651157E-02  0.4182449512E+01 -0.9948983541E+00
  0.1226920361E-02  0.4182093343E+01 -0.9948470409E+00
  0.1239313496E-02  0.4181733585E+01 -0.9947952139E+00
  0.1251831814E-02  0.4181370201E+01 -0.9947428679E+00
  0.1264476580E-02  0.4181003155E+01 -0.9946899978E+00
  0.1277249070E-02  0.4180632410E+01 -0.9946365983E+00
  0.1290150576E-02  0.4180257929E+01 -0.9945826643E+00
  0.1303182400E-02  0.4179879675E+01 -0.9945281904E+00
  0.1316345859E-02  0.4179497609E+01 -0.9944731712E+00
  0.1329642282E-02  0.4179111694E+01 -0.9944176014E+00
  0.1343073012E-02  0.4178721890E+01 -0.9943614755E+00
  0.1356639406E-02  0.4178328160E+01 -0.9943047880E+00
  0.1370342834E-02  0.4177930462E+01 -0.9942475333E+00
  0.1384184681E-02  0.4177528759E+01 -0.9941897058E+00
  0.1398166344E-02  0.4177123008E+01 -0.9941312998E+00
  0.1412289237E-02  0.4176713171E+01 -0.9940723097E+00
  0.1426554785E-02  0.4176299205E+01 -0.9940127295E+00
  0.1440964429E-02  0.4175881069E+01 -0.9939525536E+00
  0.1455519625E-02  0.4175458722E+01 -0.9938917759E+00
  0.1470221844E-02  0.4175032121E+01 -0.9938303905E+00
  0.1485072569E-02  0.4174601224E+01 -0.9937683914E+00
  0.1500073302E-02  0.4174165988E+01 -0.9937057726E+00
  0.1515225558E-02  0.4173726368E+01 -0.9936425279E+00
  0.1530530867E-02  0.4173282322E+01 -0.9935786511E+00
  0.1545990774E-02  0.4172833805E+01 -0.9935141361E+00
  0.1561606843E-02  0.4172380768E+01 -0.9934489763E+00
  0.1577380649E-02  0.4171923162E+01 -0.9933831656E+00
  0.1593313787E-02  0.4171460948E+01 -0.9933166975E+00
  0.1609407866E-02  0.4170994081E+01 -0.9932495654E+00
  0.1625664511E-02  0.4170522514E+01 -0.9931817629E+00
  0.1642085364E-02  0.4170046200E+01 -0.9931132832E+00
  0.1658672085E-02  0.4169565090E+01 -0.9930441198E+00
  0.1675426349E-02  0.4169079138E+01 -0.9929742659E+00
  0.1692349847E-02  0.4168588295E+01 -0.9929037147E+00
  0.1709444290E-02  0.4168092512E+01 -0.9928324592E+00
  0.1726711404E-02  0.4167591739E+01 -0.9927604926E+00
  0.1744152934E-02  0.4167085926E+01 -0.9926878078E+00
  0.1761770640E-02  0.4166575024E+01 -0.9926143978E+00
  0.1779566303E-02  0.4166058980E+01 -0.9925402555E+00
  0.1797541720E-02  0.4165537744E+01 -0.9924653735E+00
  0.1815698707E-02  0.4165011265E+01 -0.9923897447E+00
  0.1834039098E-02  0.4164479488E+01 -0.9923133616E+00
  0.1852564746E-02  0.4163942362E+01 -0.9922362169E+00
  0.1871277521E-02  0.4163399832E+01 -0.9921583031E+00
  0.1890179314E-02  0.4162851846E+01 -0.9920796125E+00
  0.1909272034E-02  0.4162298348E+01 -0.9920001376E+00
  0.1928557610E-02  0.4161739284E+01 -0.9919198707E+00
  0.1948037990E-02  0.4161174597E+01 -0.9918388039E+00
  0.1967715142E-02  0.4160604232E+01 -0.9917569295E+00
  0.1987591052E-02  0.4160028132E+01 -0.9916742394E+00
  0.2007667730E-02  0.4159446240E+01 -0.9915907257E+00
  0.2027947202E-02  0.4158858497E+01 -0.9915063803E+00
  0.2048431517E-02  0.4158264846E+01 -0.9914211950E+00
  0.2069122744E-02  0.4157665228E+01 -0.9913351616E+00
  0.2090022974E-02  0.4157059583E+01 -0.9912482718E+00
  0.2111134317E-02  0.4156447851E+01 -0.9911605171E+00
  0.2132458906E-02  0.4155829971E+01 -0.9910718892E+00
  0.2153998895E-02  0.4155205882E+01 -0.9909823794E+00
  0.2175756460E-02  0.4154575523E+01 -0.9908919791E+00
  0.2197733798E-02  0.4153938830E+01 -0.9908006796E+00
  0.2219933129E-02  0.4153295741E+01 -0.9907084720E+00
  0.2242356696E-02  0.4152646192E+01 -0.9906153476E+00
  0.2265006764E-02  0.4151990119E+01 -0.9905212973E+00
  0.2287885620E-02  0.4151327456E+01 -0.9904263121E+00
  0.2310995576E-02  0.4150658139E+01 -0.9903303829E+00
  0.2334338965E-02  0.4149982100E+01 -0.9902335003E+00
  0.2357918147E-02  0.4149299274E+01 -0.9901356552E+00
  0.2381735502E-02  0.4148609592E+01 -0.9900368381E+00
  0.2405793436E-02  0.4147912987E+01 -0.9899370395E+00
  0.2430094380E-02  0.4147209390E+01 -0.9898362498E+00
  0.2454640788E-02  0.4146498731E+01 -0.9897344594E+00
  0.2479435139E-02  0.4145780940E+01 -0.9896316586E+00
  0.2504479939E-02  0.4145055947E+01 -0.9895278374E+00
  0.2529777716E-02  0.4144323679E+01 -0.9894229860E+00
  0.2555331026E-02  0.4143584066E+01 -0.9893170942E+00
  0.2581142450E-02  0.4142837033E+01 -0.9892101521E+00
  0.2607214596E-02  0.4142082507E+01 -0.9891021493E+00
  0.2633550097E-02  0.4141320415E+01 -0.9889930755E+00
  0.2660151614E-02  0.4140550680E+01 -0.9888829203E+00
  0.2687021832E-02  0.4139773335E+01 -0.9887716733E+00
  0.2714163467E-02  0.4138988485E+01 -0.9886593237E+00
  0.2741579259E-02  0.4138195780E+01 -0.9885458609E+00
  0.2769271979E-02  0.4137395143E+01 -0.9884312741E+00
  0.2797244423E-02  0.4136586495E+01 -0.9883155524E+00
  0.2825499417E-02  0.4135769757E+01 -0.9881986847E+00
  0.2854039815E-02  0.4134944849E+01 -0.9880806599E+00
  0.2882868500E-02  0.4134111693E+01 -0.9879614669E+00
  0.2911988384E-02  0.4133270206E+01 -0.9878410943E+00
  0.2941402408E-02  0.4132420306E+01 -0.9877195307E+00
  0.2971113544E-02  0.4131561911E+01 -0.9875967646E+00
  0.3001124792E-02  0.4130695359E+01 -0.9874727842E+00
  0.3031439184E-02  0.4129820262E+01 -0.9873475780E+00
  0.3062059781E-02  0.4128936440E+01 -0.9872211339E+00
  0.3092989678E-02  0.4128043806E+01 -0.9870934402E+00
  0.3124231998E-02  0.4127142275E+01 -0.9869644846E+00
  0.3155789897E-02  0.4126231761E+01 -0.9868342550E+00
  0.3187666563E-02  0.4125312176E+01 -0.9867027392E+00
  0.3219865215E-02  0.4124383432E+01 -0.9865699246E+00
  0.3252389106E-02  0.4123445440E+01 -0.9864357989E+00
  0.3285241521E-02  0.4122498111E+01 -0.9863003493E+00
  0.3318425779E-02  0.4121541353E+01 -0.9861635631E+00
  0.3351945231E-02  0.4120575076E+01 -0.9860254275E+00
  0.3385803264E-02  0.4119599187E+01 -0.9858859295E+00
  0.3420003297E-02  0.4118613593E+01 -0.9857450559E+00
  0.3454548785E-02  0.4117618201E+01 -0.9856027936E+00
  0.3489443217E-02  0.4116612915E+01 -0.9854591292E+00
  0.3524690118E-02  0.4115597641E+01 -0.9853140492E+00
  0.3560293049E-02  0.4114572281E+01 -0.9851675401E+00
  0.3596255605E-02  0.4113536739E+01 -0.9850195882E+00
  0.3632581419E-02  0.4112490917E+01 -0.9848701796E+00
  0.3669274160E-02  0.4111434715E+01 -0.9847193004E+00
  0.3706337536E-02  0.4110368035E+01 -0.9845669366E+00
  0.3743775289E-02  0.4109290775E+01 -0.9844130738E+00
  0.3781591201E-02  0.4108202833E+01 -0.9842576978E+00
  0.3819789092E-02  0.4107104108E+01 -0.9841007941E+00
  0.3858372820E-02  0.4105994495E+01 -0.9839423481E+00
  0.3897346283E-02  0.4104873892E+01 -0.9837823451E+00
  0.3936713417E-02  0.4103742192E+01 -0.9836207703E+00
  0.3976478199E-02  0.4102599290E+01 -0.9834576086E+00
  0.4016644645E-02  0.4101445079E+01 -0.9832928449E+00
  0.4057216813E-02  0.4100279450E+01 -0.9831264640E+00
  0.4098198801E-02  0.4099102296E+01 -0.9829584506E+00
  0.4139594749E-02  0.4097913507E+01 -0.9827887889E+00
  0.4181408837E-02  0.4096712971E+01 -0.9826174635E+00
  0.4223645290E-02  0.4095500578E+01 -0.9824444585E+00
  0.4266308374E-02  0.4094276215E+01 -0.9822697579E+00
  0.4309402398E-02  0.4093039768E+01 -0.9820933457E+00
  0.4352931715E-02  0.4091791124E+01 -0.9819152057E+00
  0.4396900722E-02  0.4090530167E+01 -0.9817353214E+00
  0.4441313861E-02  0.4089256780E+01 -0.9815536764E+00
  0.4486175617E-02  0.4087970846E+01 -0.9813702540E+00
  0.4531490522E-02  0.4086672248E+01 -0.9811850374E+00
  0.4577263154E-02  0.4085360866E+01 -0.9809980097E+00
  0.4623498135E-02  0.4084036579E+01 -0.9808091537E+00
  0.4670200136E-02  0.4082699268E+01 -0.9806184523E+00
  0.4717373875E-02  0.4081348809E+01 -0.9804258879E+00
  0.4765024116E-02  0.4079985079E+01 -0.9802314432E+00
  0.4813155673E-02  0.4078607955E+01 -0.9800351003E+00
  0.4861773407E-02  0.4077217311E+01 -0.9798368414E+00
  0.4910882230E-02  0.4075813021E+01 -0.9796366486E+00
  0.4960487101E-02  0.4074394958E+01 -0.9794345035E+00
  0.5010593031E-02  0.4072962994E+01 -0.9792303881E+00
  0.5061205082E-02  0.4071517000E+01 -0.9790242837E+00
  0.5112328365E-02  0.4070056846E+01 -0.9788161717E+00
  0.5163968046E-02  0.4068582380E+01 -0.9786060333E+00
  0.5216129339E-02  0.4067090978E+01 -0.9783938497E+00
  0.5268817514E-02  0.4065584921E+01 -0.9781796017E+00
  0.5322037893E-02  0.4064064072E+01 -0.9779632702E+00
  0.5375795852E-02  0.4062528293E+01 -0.9777448357E+00
  0.5430096820E-02  0.4060977445E+01 -0.9775242786E+00
  0.5484946283E-02  0.4059411388E+01 -0.9773015791E+00
  0.5540349781E-02  0.4057829979E+01 -0.9770767174E+00
  0.5596312910E-02  0.4056233075E+01 -0.9768496732E+00
  0.5652841323E-02  0.4054620534E+01 -0.9766204263E+00
  0.5709940730E-02  0.4052992209E+01 -0.9763889564E+00
  0.5767616899E-02  0.4051347954E+01 -0.9761552428E+00
  0.5825875656E-02  0.4049687623E+01 -0.9759192646E+00
  0.5884722885E-02  0.4048011066E+01 -0.9756810011E+00
  0.5944164530E-02  0.4046318133E+01 -0.9754404309E+00
  0.6004206596E-02  0.4044608675E+01 -0.9751975330E+00
  0.6064855147E-02  0.4042882538E+01 -0.9749522856E+00
  0.6126116310E-02  0.4041139570E+01 -0.9747046673E+00
  0.6187996273E-02  0.4039379616E+01 -0.9744546562E+00
  0.6250501286E-02  0.4037602520E+01 -0.9742022303E+00
  0.6313637663E-02  0.4035808126E+01 -0.9739473673E+00
  0.6377411780E-02  0.4033996276E+01 -0.9736900450E+00
  0.6441830081E-02  0.4032166810E+01 -0.9734302408E+00
  0.6506899072E-02  0.4030319568E+01 -0.9731679318E+00
  0.6572625325E-02  0.4028454389E+01 -0.9729030953E+00
  0.6639015480E-02  0.4026571109E+01 -0.9726357081E+00
  0.6706076242E-02  0.4024669564E+01 -0.9723657470E+00
  0.6773814386E-02  0.4022749589E+01 -0.9720931883E+00
  0.6842236754E-02  0.4020811018E+01 -0.9718180086E+00
  0.6911350256E-02  0.4018853683E+01 -0.9715401839E+00
  0.6981161875E-02  0.4016877414E+01 -0.9712596902E+00
  0.7051678662E-02  0.4014882042E+01 -0.9709765033E+00
  0.7122907739E-02  0.4012867395E+01 -0.9706905987E+00
  0.7194856302E-02  0.4010833301E+01 -0.9704019518E+00
  0.7267531618E-02  0.4008779584E+01 -0.9701105379E+00
  0.7340941029E-02  0.4006706071E+01 -0.9698163318E+00
  0.7415091948E-02  0.4004609630E+01 -0.9695193086E+00
  0.7489991867E-02  0.4002490982E+01 -0.9692194430E+00
  0.7565648350E-02  0.4000351382E+01 -0.9689167096E+00
  0.7642069041E-02  0.3998191083E+01 -0.9686110825E+00
  0.7719261657E-02  0.3996009899E+01 -0.9683025359E+00
  0.7797233997E-02  0.3993807644E+01 -0.9679910435E+00
  0.7875993937E-02  0.3991584129E+01 -0.9676765790E+00
  0.7955549431E-02  0.3989339164E+01 -0.9673591158E+00
  0.8035908516E-02  0.3987072560E+01 -0.9670386273E+00
  0.8117079309E-02  0.3984784122E+01 -0.9667150863E+00
  0.8199070009E-02  0.3982473658E+01 -0.9663884658E+00
  0.8281888898E-02  0.3980140973E+01 -0.9660587383E+00
  0.8365544342E-02  0.3977785871E+01 -0.9657258764E+00
  0.8450044790E-02  0.3975408154E+01 -0.9653898522E+00
  0.8535398777E-02  0.3973007624E+01 -0.9650506377E+00
  0.8621614927E-02  0.3970584080E+01 -0.9647082047E+00
  0.8708701946E-02  0.3968137322E+01 -0.9643625249E+00
  0.8796668632E-02  0.3965659769E+01 -0.9640135700E+00
  0.8885523871E-02  0.3963153221E+01 -0.9636613117E+00
  0.8975276638E-02  0.3960622426E+01 -0.9633057213E+00
  0.9065935997E-02  0.3958067168E+01 -0.9629467697E+00
  0.9157511109E-02  0.3955487232E+01 -0.9625844274E+00
  0.9250011221E-02  0.3952870237E+01 -0.9622186654E+00
  0.9343445678E-02  0.3950225913E+01 -0.9618494546E+00
  0.9437823917E-02  0.3947555753E+01 -0.9614767653E+00
  0.9533155471E-02  0.3944859524E+01 -0.9611005672E+00
  0.9629449971E-02  0.3942136990E+01 -0.9607208300E+00
  0.9726717143E-02  0.3939387916E+01 -0.9603375231E+00
  0.9824966811E-02  0.3936612063E+01 -0.9599506160E+00
  0.9924208900E-02  0.3933809193E+01 -0.9595600774E+00
  0.1002445343E-01  0.3930980195E+01 -0.9591658764E+00
  0.1012571054E-01  0.3928130031E+01 -0.9587679810E+00
  0.1022799044E-01  0.3925246073E+01 -0.9583663597E+00
  0.1033130348E-01  0.3922334272E+01 -0.9579609810E+00
  0.1043566008E-01  0.3919394391E+01 -0.9575518130E+00
  0.1054107079E-01  0.3916426195E+01 -0.9571388233E+00
  0.1064754625E-01  0.3913432874E+01 -0.9567219793E+00
  0.1075509722E-01  0.3910421555E+01 -0.9563012478E+00
  0.1086373457E-01  0.3907381700E+01 -0.9558765951E+00
  0.1097346926E-01  0.3904313082E+01 -0.9554479881E+00
  0.1108431238E-01  0.3901215474E+01 -0.9550153935E+00
  0.1119627514E-01  0.3898088651E+01 -0.9545787777E+00
  0.1130936882E-01  0.3894932387E+01 -0.9541381070E+00
  0.1142360487E-01  0.3891746456E+01 -0.9536933473E+00
  0.1153899482E-01  0.3888523607E+01 -0.9532444648E+00
  0.1165555032E-01  0.3885270413E+01 -0.9527914256E+00
  0.1177328316E-01  0.3881986824E+01 -0.9523341950E+00
  0.1189220521E-01  0.3878672627E+01 -0.9518727382E+00
  0.1201232849E-01  0.3875327222E+01 -0.9514070202E+00
  0.1213366514E-01  0.3871963507E+01 -0.9509370051E+00
  0.1225622742E-01  0.3868583282E+01 -0.9504626556E+00
  0.1238002770E-01  0.3865174972E+01 -0.9499839349E+00
  0.1250507848E-01  0.3861735912E+01 -0.9495008067E+00
  0.1263139240E-01  0.3858265912E+01 -0.9490132349E+00
  0.1275898223E-01  0.3854764786E+01 -0.9485211827E+00
  0.1288786083E-01  0.3851232354E+01 -0.9480246137E+00
  0.1301804125E-01  0.3847668433E+01 -0.9475234906E+00
  0.1314953661E-01  0.3844072849E+01 -0.9470177764E+00
  0.1328236022E-01  0.3840445428E+01 -0.9465074337E+00
  0.1341652547E-01  0.3836783884E+01 -0.9459924250E+00
  0.1355204593E-01  0.3833060563E+01 -0.9454727146E+00
  0.1368893528E-01  0.3829313863E+01 -0.9449482659E+00
  0.1382720736E-01  0.3825553632E+01 -0.9444190387E+00
  0.1396687612E-01  0.3821760851E+01 -0.9438849932E+00
  0.1410795567E-01  0.3817935388E+01 -0.9433460907E+00
  0.1425046028E-01  0.3814082332E+01 -0.9428022919E+00
  0.1439440432E-01  0.3810214306E+01 -0.9422535559E+00
  0.1453980234E-01  0.3806313517E+01 -0.9416998418E+00
  0.1468666903E-01  0.3802379841E+01 -0.9411411100E+00
  0.1483501923E-01  0.3798413162E+01 -0.9405773205E+00
  0.1498486790E-01  0.3794413371E+01 -0.9400084329E+00
  0.1513623021E-01  0.3790380366E+01 -0.9394344070E+00
  0.1528912142E-01  0.3786336892E+01 -0.9388552003E+00
  0.1544355699E-01  0.3782288453E+01 -0.9382707678E+00
  0.1559955252E-01  0.3778207586E+01 -0.9376810660E+00
  0.1575712375E-01  0.3774094215E+01 -0.9370860532E+00
  0.1591628662E-01  0.3769955511E+01 -0.9364856870E+00
  0.1607705719E-01  0.3765848018E+01 -0.9358799192E+00
  0.1623945171E-01  0.3761751615E+01 -0.9352686988E+00
  0.1640348657E-01  0.3757580096E+01 -0.9346519825E+00
  0.1656917836E-01  0.3753356184E+01 -0.9340297323E+00
  0.1673654380E-01  0.3749055703E+01 -0.9334019101E+00
  0.1690559979E-01  0.3744706108E+01 -0.9327684774E+00
  0.1707636343E-01  0.3740324298E+01 -0.9321293919E+00
  0.1724885195E-01  0.3735905956E+01 -0.9314846099E+00
  0.1742308278E-01  0.3731418456E+01 -0.9308340909E+00
  0.1759907351E-01  0.3726804987E+01 -0.9301778017E+00
  0.1777684193E-01  0.3722108040E+01 -0.9295157110E+00
  0.1795640599E-01  0.3717386887E+01 -0.9288477780E+00
  0.1813778383E-01  0.3712629242E+01 -0.9281739579E+00
  0.1832099377E-01  0.3707835274E+01 -0.9274942065E+00
  0.1850605431E-01  0.3703005181E+01 -0.9268084794E+00
  0.1869298415E-01  0.3698139192E+01 -0.9261167320E+00
  0.1888180217E-01  0.3693246764E+01 -0.9254189186E+00
  0.1907252745E-01  0.3688328780E+01 -0.9247149921E+00
  0.1926517924E-01  0.3683381891E+01 -0.9240049055E+00
  0.1945977701E-01  0.3678334965E+01 -0.9232886186E+00
  0.1965634041E-01  0.3673240245E+01 -0.9225660933E+00
  0.1985488931E-01  0.3668098676E+01 -0.9218372859E+00
  0.2005544374E-01  0.3662921459E+01 -0.9211021516E+00
  0.2025802398E-01  0.3657709043E+01 -0.9203606441E+00
  0.2046265049E-01  0.3652510483E+01 -0.9196127117E+00
  0.2066934393E-01  0.3647313662E+01 -0.9188582989E+00
  0.2087812518E-01  0.3642084155E+01 -0.9180973541E+00
  0.2108901533E-01  0.3636822532E+01 -0.9173298292E+00
  0.2130203569E-01  0.3631529405E+01 -0.9165556757E+00
  0.2151720777E-01  0.3626205435E+01 -0.9157748448E+00
  0.2173455330E-01  0.3620851333E+01 -0.9149872871E+00
  0.2195409424E-01  0.3615467857E+01 -0.9141929529E+00
  0.2217585277E-01  0.3610055820E+01 -0.9133917922E+00
  0.2239985128E-01  0.3604616086E+01 -0.9125837543E+00
  0.2262611241E-01  0.3599149574E+01 -0.9117687882E+00
  0.2285465900E-01  0.3593657260E+01 -0.9109468425E+00
  0.2308551414E-01  0.3588140178E+01 -0.9101178651E+00
  0.2331870115E-01  0.3582599025E+01 -0.9092818034E+00
  0.2355424359E-01  0.3577017848E+01 -0.9084386066E+00
  0.2379216524E-01  0.3571414443E+01 -0.9075882232E+00
  0.2403249014E-01  0.3565790081E+01 -0.9067305992E+00
  0.2427524257E-01  0.3560122177E+01 -0.9058656830E+00
  0.2452044704E-01  0.3554327798E+01 -0.9049934355E+00
  0.2476812832E-01  0.3548552530E+01 -0.9041138103E+00
  0.2501831143E-01  0.3542760489E+01 -0.9032267469E+00
  0.2527102165E-01  0.3536953354E+01 -0.9023321889E+00
  0.2552628449E-01  0.3531132883E+01 -0.9014300790E+00
  0.2578412575E-01  0.3525202689E+01 -0.9005203717E+00
  0.2604457147E-01  0.3519153375E+01 -0.8996030356E+00
  0.2630764795E-01  0.3513093654E+01 -0.8986780262E+00
  0.2657338176E-01  0.3507025708E+01 -0.8977452846E+00
  0.2684179976E-01  0.3500941145E+01 -0.8968047524E+00
  0.2711292905E-01  0.3494792018E+01 -0.8958563783E+00
  0.2738679702E-01  0.3488620710E+01 -0.8949001118E+00
  0.2766343134E-01  0.3482431781E+01 -0.8939358956E+00
  0.2794285993E-01  0.3476201193E+01 -0.8929636751E+00
  0.2822511105E-01  0.3469961480E+01 -0.8919833940E+00
  0.2851021318E-01  0.3463709132E+01 -0.8909949919E+00
  0.2879819513E-01  0.3457459166E+01 -0.8899984061E+00
  0.2908908599E-01  0.3451214368E+01 -0.8889935711E+00
  0.2938291514E-01  0.3444968147E+01 -0.8879804214E+00
  0.2967971226E-01  0.3438686133E+01 -0.8869588970E+00
  0.2997950734E-01  0.3432470694E+01 -0.8859289275E+00
  0.3028233064E-01  0.3426483221E+01 -0.8848904020E+00
  0.3058821277E-01  0.3420520105E+01 -0.8838432140E+00
  0.3089718462E-01  0.3414584552E+01 -0.8827872865E+00
  0.3120927739E-01  0.3408599096E+01 -0.8817225534E+00
  0.3152452262E-01  0.3402648860E+01 -0.8806489467E+00
  0.3184295214E-01  0.3396632386E+01 -0.8795664008E+00
  0.3216459812E-01  0.3390645647E+01 -0.8784748504E+00
  0.3248949305E-01  0.3384692049E+01 -0.8773742140E+00
  0.3281766975E-01  0.3378789485E+01 -0.8762644054E+00
  0.3314916136E-01  0.3372911053E+01 -0.8751453394E+00
  0.3348400137E-01  0.3367004860E+01 -0.8740169426E+00
  0.3382222361E-01  0.3361148707E+01 -0.8728791371E+00
  0.3416386223E-01  0.3355345403E+01 -0.8717318302E+00
  0.3450895175E-01  0.3349597640E+01 -0.8705749274E+00
  0.3485752702E-01  0.3343907975E+01 -0.8694083321E+00
  0.3520962325E-01  0.3338329629E+01 -0.8682319368E+00
  0.3556527601E-01  0.3332869860E+01 -0.8670456215E+00
  0.3592452122E-01  0.3327594622E+01 -0.8658492515E+00
  0.3628739518E-01  0.3322301213E+01 -0.8646427145E+00
  0.3665393452E-01  0.3317139024E+01 -0.8634259065E+00
  0.3702417628E-01  0.3311900765E+01 -0.8621987328E+00
  0.3739815786E-01  0.3306713337E+01 -0.8609611129E+00
  0.3777591703E-01  0.3301598409E+01 -0.8597129378E+00
  0.3815749195E-01  0.3296574974E+01 -0.8584540890E+00
  0.3854292116E-01  0.3291766736E+01 -0.8571844193E+00
  0.3893224360E-01  0.3287034805E+01 -0.8559037818E+00
  0.3932549859E-01  0.3282378355E+01 -0.8546120546E+00
  0.3972272585E-01  0.3277796239E+01 -0.8533091145E+00
  0.4012396550E-01  0.3273286996E+01 -0.8519948373E+00
  0.4052925808E-01  0.3268378158E+01 -0.8506691931E+00
  0.4093864453E-01  0.3263172634E+01 -0.8493322289E+00
  0.4135216619E-01  0.3257980511E+01 -0.8479839099E+00
  0.4176986484E-01  0.3252815779E+01 -0.8466241345E+00
  0.4219178266E-01  0.3247470691E+01 -0.8452528411E+00
  0.4261796229E-01  0.3242153510E+01 -0.8438699683E+00
  0.4304844675E-01  0.3236746366E+01 -0.8424754354E+00
  0.4348327955E-01  0.3231139457E+01 -0.8410692110E+00
  0.4392250460E-01  0.3225343932E+01 -0.8396512864E+00
  0.4436616626E-01  0.3219344845E+01 -0.8382216557E+00
  0.4481430935E-01  0.3213346362E+01 -0.8367802727E+00
  0.4526697914E-01  0.3207425323E+01 -0.8353270280E+00
  0.4572422136E-01  0.3201664293E+01 -0.8338617748E+00
  0.4618608218E-01  0.3195859411E+01 -0.8323843920E+00
  0.4665260826E-01  0.3190059468E+01 -0.8308947932E+00
  0.4712384673E-01  0.3184266053E+01 -0.8293928795E+00
  0.4759984518E-01  0.3177918828E+01 -0.8278786844E+00
  0.4808065170E-01  0.3171439015E+01 -0.8263522781E+00
  0.4856631485E-01  0.3164846148E+01 -0.8248136280E+00
  0.4905688368E-01  0.3158074859E+01 -0.8232627140E+00
  0.4955240776E-01  0.3151322793E+01 -0.8216994848E+00
  0.5005293713E-01  0.3144488250E+01 -0.8201238656E+00
  0.5055852235E-01  0.3137359376E+01 -0.8185358609E+00
  0.5106921450E-01  0.3130089406E+01 -0.8169354925E+00
  0.5158506515E-01  0.3122489971E+01 -0.8153227939E+00
  0.5210612641E-01  0.3114917597E+01 -0.8136977582E+00
  0.5263245092E-01  0.3107396577E+01 -0.8120602800E+00
  0.5316409184E-01  0.3099900077E+01 -0.8104102535E+00
  0.5370110287E-01  0.3092440209E+01 -0.8087475760E+00
  0.5424353825E-01  0.3085160288E+01 -0.8070721015E+00
  0.5479145278E-01  0.3077922440E+01 -0.8053836802E+00
  0.5534490180E-01  0.3070708675E+01 -0.8036822032E+00
  0.5590394121E-01  0.3063602465E+01 -0.8019675424E+00
  0.5646862749E-01  0.3056615146E+01 -0.8002395410E+00
  0.5703901766E-01  0.3049725621E+01 -0.7984980426E+00
  0.5761516936E-01  0.3042321918E+01 -0.7967430708E+00
  0.5819714076E-01  0.3035057926E+01 -0.7949746402E+00
  0.5878499067E-01  0.3027681214E+01 -0.7931926498E+00
  0.5937877846E-01  0.3020189170E+01 -0.7913970741E+00
  0.5997856410E-01  0.3012954976E+01 -0.7895877774E+00
  0.6058440818E-01  0.3006739176E+01 -0.7877642794E+00
  0.6119637190E-01  0.3001295334E+01 -0.7859259298E+00
  0.6181451707E-01  0.2996310245E+01 -0.7840722344E+00
  0.6243890613E-01  0.2991542367E+01 -0.7822028595E+00
  0.6306960215E-01  0.2987027911E+01 -0.7803175293E+00
  0.6370666884E-01  0.2982770550E+01 -0.7784159494E+00
  0.6435017054E-01  0.2978671669E+01 -0.7764978503E+00
  0.6500017227E-01  0.2974733350E+01 -0.7745629886E+00
  0.6565673966E-01  0.2970819415E+01 -0.7726111605E+00
  0.6631993905E-01  0.2966846124E+01 -0.7706422324E+00
  0.6698983743E-01  0.2962767948E+01 -0.7686561130E+00
  0.6766650245E-01  0.2958782129E+01 -0.7666526601E+00
  0.6835000248E-01  0.2954952690E+01 -0.7646316411E+00
  0.6904040654E-01  0.2951003513E+01 -0.7625928931E+00
  0.6973778439E-01  0.2947598527E+01 -0.7605361159E+00
  0.7044220645E-01  0.2944042509E+01 -0.7584610149E+00
  0.7115374389E-01  0.2940064744E+01 -0.7563676336E+00
  0.7187246858E-01  0.2935918776E+01 -0.7542560264E+00
  0.7259845311E-01  0.2931475140E+01 -0.7521262078E+00
  0.7333177082E-01  0.2926904581E+01 -0.7499781810E+00
  0.7407249577E-01  0.2922316165E+01 -0.7478118491E+00
  0.7482070280E-01  0.2917387140E+01 -0.7456271956E+00
  0.7557646748E-01  0.2912219600E+01 -0.7434242901E+00
  0.7633986614E-01  0.2907519228E+01 -0.7412028997E+00
  0.7711097590E-01  0.2902834446E+01 -0.7389626895E+00
  0.7788987464E-01  0.2897472099E+01 -0.7367037638E+00
  0.7867664105E-01  0.2891958886E+01 -0.7344262989E+00
  0.7947135460E-01  0.2886233578E+01 -0.7321302949E+00
  0.8027409556E-01  0.2880187130E+01 -0.7298158239E+00
  0.8108494501E-01  0.2874253776E+01 -0.7274828313E+00
  0.8190398485E-01  0.2868358560E+01 -0.7251311171E+00
  0.8273129783E-01  0.2862648372E+01 -0.7227604489E+00
  0.8356696751E-01  0.2858228429E+01 -0.7203700673E+00
  0.8441107829E-01  0.2854123285E+01 -0.7179591384E+00
  0.8526371544E-01  0.2850389770E+01 -0.7155271986E+00
  0.8612496510E-01  0.2846965146E+01 -0.7130737761E+00
  0.8699491424E-01  0.2843988641E+01 -0.7105983559E+00
  0.8787365075E-01  0.2841608005E+01 -0.7081002852E+00
  0.8876126338E-01  0.2839138558E+01 -0.7055791340E+00
  0.8965784180E-01  0.2836879433E+01 -0.7030346364E+00
  0.9056347656E-01  0.2835079951E+01 -0.7004662746E+00
  0.9147825915E-01  0.2833057477E+01 -0.6978737179E+00
  0.9240228197E-01  0.2830108288E+01 -0.6952572707E+00
  0.9333563836E-01  0.2827220526E+01 -0.6926171187E+00
  0.9427842258E-01  0.2824818906E+01 -0.6899527919E+00
  0.9523072988E-01  0.2822477657E+01 -0.6872638110E+00
  0.9619265645E-01  0.2820488380E+01 -0.6845497516E+00
  0.9716429944E-01  0.2818809507E+01 -0.6818100594E+00
  0.9814575701E-01  0.2815059949E+01 -0.6790453575E+00
  0.9913712829E-01  0.2810223957E+01 -0.6762569850E+00
  0.1001385134E+00  0.2804861615E+01 -0.6734455534E+00
  0.1011500136E+00  0.2799471994E+01 -0.6706111613E+00
  0.1021717309E+00  0.2793613173E+01 -0.6677538854E+00
  0.1032037686E+00  0.2787212513E+01 -0.6648740741E+00
  0.1042462309E+00  0.2779864427E+01 -0.6619723402E+00
  0.1052992231E+00  0.2771396540E+01 -0.6590496229E+00
  0.1063628516E+00  0.2760880819E+01 -0.6561074789E+00
  0.1074372239E+00  0.2748518062E+01 -0.6531479063E+00
  0.1085224483E+00  0.2737307925E+01 -0.6501712300E+00
  0.1096186347E+00  0.2725287939E+01 -0.6471772185E+00
  0.1107258936E+00  0.2712004897E+01 -0.6441669729E+00
  0.1118443370E+00  0.2697784021E+01 -0.6411417016E+00
  0.1129740778E+00  0.2683100994E+01 -0.6381021990E+00
  0.1141152301E+00  0.2669680228E+01 -0.6350480297E+00
  0.1152679092E+00  0.2658284186E+01 -0.6319773131E+00
  0.1164322315E+00  0.2649376276E+01 -0.6288873994E+00
  0.1176083146E+00  0.2641266934E+01 -0.6257762812E+00
  0.1187962774E+00  0.2633996127E+01 -0.6226428732E+00
  0.1199962398E+00  0.2629098637E+01 -0.6194851152E+00
  0.1212083230E+00  0.2625786978E+01 -0.6163004359E+00
  0.1224326495E+00  0.2624251848E+01 -0.6130865551E+00
  0.1236693429E+00  0.2623691145E+01 -0.6098415068E+00
  0.1249185282E+00  0.2623979876E+01 -0.6065638500E+00
  0.1261803315E+00  0.2624956986E+01 -0.6032522871E+00
  0.1274548803E+00  0.2626895699E+01 -0.5999054158E+00
  0.1287423034E+00  0.2629199760E+01 -0.5965220066E+00
  0.1300427307E+00  0.2630851562E+01 -0.5931018494E+00
  0.1313562936E+00  0.2631864649E+01 -0.5896453950E+00
  0.1326831249E+00  0.2632127201E+01 -0.5861531805E+00
  0.1340233585E+00  0.2632400005E+01 -0.5826253324E+00
  0.1353771298E+00  0.2633083952E+01 -0.5790612019E+00
  0.1367445755E+00  0.2631469384E+01 -0.5754617064E+00
  0.1381258338E+00  0.2625633881E+01 -0.5718309975E+00
  0.1395210443E+00  0.2619238091E+01 -0.5681721474E+00
  0.1409303478E+00  0.2612736780E+01 -0.5644854272E+00
  0.1423538866E+00  0.2606417544E+01 -0.5607705927E+00
  0.1437918047E+00  0.2601945635E+01 -0.5570259930E+00
  0.1452442472E+00  0.2597587283E+01 -0.5532499818E+00
  0.1467113608E+00  0.2594132133E+01 -0.5494415607E+00
  0.1481932937E+00  0.2591046076E+01 -0.5455995175E+00
  0.1496901957E+00  0.2589450290E+01 -0.5417221699E+00
  0.1512022178E+00  0.2588420655E+01 -0.5378076421E+00
  0.1527295130E+00  0.2589970139E+01 -0.5338531766E+00
  0.1542722353E+00  0.2593342781E+01 -0.5298549702E+00
  0.1558305407E+00  0.2597539855E+01 -0.5258104800E+00
  0.1574045866E+00  0.2600490871E+01 -0.5217195106E+00
  0.1589945319E+00  0.2601089190E+01 -0.5175843966E+00
  0.1606005373E+00  0.2601924345E+01 -0.5134063628E+00
  0.1622227649E+00  0.2603611376E+01 -0.5091840808E+00
  0.1638613787E+00  0.2603631870E+01 -0.5049177505E+00
  0.1655165442E+00  0.2602312480E+01 -0.5006094009E+00
  0.1671884284E+00  0.2601079886E+01 -0.4962596660E+00
  0.1688772004E+00  0.2599328701E+01 -0.4918685137E+00
  0.1705830308E+00  0.2597280220E+01 -0.4874362473E+00
  0.1723060917E+00  0.2594244055E+01 -0.4829635910E+00
  0.1740465572E+00  0.2589444670E+01 -0.4784525751E+00
  0.1758046033E+00  0.2585852315E+01 -0.4739033699E+00
  0.1775804074E+00  0.2579989917E+01 -0.4693166081E+00
  0.1793741488E+00  0.2572066583E+01 -0.4646958793E+00
  0.1811860089E+00  0.2564489858E+01 -0.4600425185E+00
  0.1830161706E+00  0.2558747383E+01 -0.4553543422E+00
  0.1848648188E+00  0.2551944263E+01 -0.4506304068E+00
  0.1867321402E+00  0.2542221273E+01 -0.4458741846E+00
  0.1886183235E+00  0.2531318797E+01 -0.4410893715E+00
  0.1905235591E+00  0.2518853435E+01 -0.4362784876E+00
  0.1924480394E+00  0.2504032778E+01 -0.4314452646E+00
  0.1943919590E+00  0.2485984683E+01 -0.4265951682E+00
  0.1963555142E+00  0.2462921106E+01 -0.4217364435E+00
  0.1983389032E+00  0.2438503842E+01 -0.4168757273E+00
  0.2003423265E+00  0.2414128850E+01 -0.4120147886E+00
  0.2023659863E+00  0.2388461577E+01 -0.4071553839E+00
  0.2044100872E+00  0.2362982233E+01 -0.4022991687E+00
  0.2064748356E+00  0.2341629798E+01 -0.3974422487E+00
  0.2085604400E+00  0.2324177971E+01 -0.3925767341E+00
  0.2106671111E+00  0.2306753350E+01 -0.3876988095E+00
  0.2127950617E+00  0.2291452856E+01 -0.3828064316E+00
  0.2149445068E+00  0.2281383031E+01 -0.3778919018E+00
  0.2171156634E+00  0.2269457798E+01 -0.3729516077E+00
  0.2193087509E+00  0.2258805998E+01 -0.3679861683E+00
  0.2215239908E+00  0.2251435758E+01 -0.3629905346E+00
  0.2237616069E+00  0.2240716379E+01 -0.3579646787E+00
  0.2260218251E+00  0.2228649071E+01 -0.3529138080E+00
  0.2283048739E+00  0.2218265895E+01 -0.3478375462E+00
  0.2306109837E+00  0.2210485954E+01 -0.3427309521E+00
  0.2329403876E+00  0.2201175748E+01 -0.3375926811E+00
  0.2352933208E+00  0.2186787051E+01 -0.3324303895E+00
  0.2376700210E+00  0.2170726323E+01 -0.3272521380E+00
  0.2400707283E+00  0.2154733777E+01 -0.3220600562E+00
  0.2424956851E+00  0.2144987409E+01 -0.3168467370E+00
  0.2449451365E+00  0.2133591226E+01 -0.3116066519E+00
  0.2474193298E+00  0.2117220159E+01 -0.3063479874E+00
  0.2499185149E+00  0.2099113162E+01 -0.3010792885E+00
  0.2524429444E+00  0.2077877213E+01 -0.2958070298E+00
  0.2549928731E+00  0.2050598893E+01 -0.2905433699E+00
  0.2575685587E+00  0.2025890085E+01 -0.2852934929E+00
  0.2601702613E+00  0.2003364034E+01 -0.2800520324E+00
  0.2627982438E+00  0.1982109604E+01 -0.2748151551E+00
  0.2654527715E+00  0.1957357032E+01 -0.2695864434E+00
  0.2681341126E+00  0.1924337680E+01 -0.2643823696E+00
  0.2708425380E+00  0.1888697145E+01 -0.2592187094E+00
  0.2735783212E+00  0.1848642671E+01 -0.2541064337E+00
  0.2763417386E+00  0.1807598938E+01 -0.2490545728E+00
  0.2791330693E+00  0.1767272759E+01 -0.2440652483E+00
  0.2819525952E+00  0.1723227084E+01 -0.2391444708E+00
  0.2848006012E+00  0.1681664298E+01 -0.2342958953E+00
  0.2876773750E+00  0.1642814868E+01 -0.2295140081E+00
  0.2905832071E+00  0.1607535835E+01 -0.2247915214E+00
  0.2935183910E+00  0.1571180985E+01 -0.2201264622E+00
  0.2964832232E+00  0.1538210340E+01 -0.2155170504E+00
  0.2994780032E+00  0.1507549755E+01 -0.2109563596E+00
  0.3025030336E+00  0.1475113879E+01 -0.2064450356E+00
  0.3055586198E+00  0.1440854852E+01 -0.2019900387E+00
  0.3086450705E+00  0.1416549160E+01 -0.1975804204E+00
  0.3117626974E+00  0.1398390686E+01 -0.1931924542E+00
  0.3149118156E+00  0.1384285608E+01 -0.1888109660E+00
  0.3180927430E+00  0.1375252484E+01 -0.1844220208E+00
  0.3213058010E+00  0.1370351989E+01 -0.1800111276E+00
  0.3245513142E+00  0.1366315482E+01 -0.1755701825E+00
  0.3278296103E+00  0.1359552090E+01 -0.1711020819E+00
  0.3311410205E+00  0.1352174126E+01 -0.1666122630E+00
  0.3344858793E+00  0.1338916526E+01 -0.1621116039E+00
  0.3378645245E+00  0.1314232132E+01 -0.1576295798E+00
  0.3412772975E+00  0.1287890459E+01 -0.1531893530E+00
  0.3447245429E+00  0.1261006191E+01 -0.1487960168E+00
  0.3482066090E+00  0.1233049448E+01 -0.1444537836E+00
  0.3517238475E+00  0.1205959079E+01 -0.1401644962E+00
  0.3552766136E+00  0.1188026262E+01 -0.1359118612E+00
  0.3588652663E+00  0.1175176444E+01 -0.1316715044E+00
  0.3624901680E+00  0.1167094616E+01 -0.1274262532E+00
  0.3661516848E+00  0.1166874460E+01 -0.1231533197E+00
  0.3698501867E+00  0.1166308619E+01 -0.1188386787E+00
  0.3735860472E+00  0.1162873886E+01 -0.1144879283E+00
  0.3773596436E+00  0.1156283305E+01 -0.1101121466E+00
  0.3811713572E+00  0.1144846150E+01 -0.1057265234E+00
  0.3850215729E+00  0.1130859189E+01 -0.1013455452E+00
  0.3889106797E+00  0.1113073846E+01 -0.9698209757E-01
  0.3928390704E+00  0.1092053936E+01 -0.9265079583E-01
  0.3968071418E+00  0.1067831509E+01 -0.8836550598E-01
  0.4008152948E+00  0.1038729856E+01 -0.8414379591E-01
  0.4048639341E+00  0.1012054128E+01 -0.7999235355E-01
  0.4089534688E+00  0.9882153887E+00 -0.7590226776E-01
  0.4130843119E+00  0.9667446920E+00 -0.7186445106E-01
  0.4172568807E+00  0.9434369536E+00 -0.6787926889E-01
  0.4214715967E+00  0.9146671059E+00 -0.6396357846E-01
  0.4257288855E+00  0.8820281338E+00 -0.6013905315E-01
  0.4300291773E+00  0.8448704317E+00 -0.5642596931E-01
  0.4343729064E+00  0.8012259202E+00 -0.5285087102E-01
  0.4387605115E+00  0.7471446215E+00 -0.4945405177E-01
  0.4431924359E+00  0.6942324282E+00 -0.4626001474E-01
  0.4476691271E+00  0.6492427729E+00 -0.4325285289E-01
  0.4521910375E+00  0.6171706188E+00 -0.4038954896E-01
  0.4567586237E+00  0.5957889903E+00 -0.3761940015E-01
  0.4613723472E+00  0.5827185686E+00 -0.3490074616E-01
  0.4660326740E+00  0.5748616657E+00 -0.3220339510E-01
  0.4707400747E+00  0.5647616526E+00 -0.2952106327E-01
  0.4754950250E+00  0.5553791979E+00 -0.2685795626E-01
  0.4802980050E+00  0.5488830690E+00 -0.2420608144E-01
  0.4851495000E+00  0.5365011544E+00 -0.2157321337E-01
  0.4900500000E+00  0.5294695162E+00 -0.1896131874E-01
  0.4950000000E+00  0.5279791530E+00 -0.1634413328E-01
  0.5000000000E+00  0.5248637844E+00 -0.1368408529E-01
  0.5050000000E+00  0.5182092626E+00 -0.1107640268E-01
  0.5099500000E+00  0.5151806782E+00 -0.8518762574E-02
  0.5148505000E+00  0.5255064770E+00 -0.5968818872E-02
  0.5197019950E+00  0.5461056332E+00 -0.3369358474E-02
  0.5245049750E+00  0.5662885856E+00 -0.6979548539E-03
  0.5292599253E+00  0.5837043853E+00  0.2036124828E-02
  0.5339673260E+00  0.5954675784E+00  0.4811542319E-02
  0.5386276528E+00  0.6009236679E+00  0.7599329377E-02
  0.5432413763E+00  0.6022877894E+00  0.1037497185E-01
  0.5478089625E+00  0.5911315556E+00  0.1310049474E-01
  0.5523308729E+00  0.5720171395E+00  0.1573032181E-01
  0.5568075641E+00  0.5554570032E+00  0.1825399864E-01
  0.5612394885E+00  0.5397505976E+00  0.2068093726E-01
  0.5656270936E+00  0.5295946625E+00  0.2302686963E-01
  0.5699708227E+00  0.5162589744E+00  0.2529832205E-01
  0.5742711145E+00  0.5007900232E+00  0.2748512577E-01
  0.5785284033E+00  0.4836198812E+00  0.2958058442E-01
  0.5827431193E+00  0.4657259611E+00  0.3158119596E-01
  0.5869156881E+00  0.4506117535E+00  0.3349293705E-01
  0.5910465312E+00  0.4448341893E+00  0.3534241040E-01
  0.5951360659E+00  0.4481154785E+00  0.3716828472E-01
  0.5991847052E+00  0.4588628254E+00  0.3900429874E-01
  0.6031928582E+00  0.4674832564E+00  0.4086076713E-01
  0.6071609296E+00  0.4627472173E+00  0.4270637761E-01
  0.6110893203E+00  0.4613931242E+00  0.4452156977E-01
  0.6149784271E+00  0.4616268651E+00  0.4631643143E-01
  0.6188286428E+00  0.4605777874E+00  0.4809177486E-01
  0.6226403564E+00  0.4604349220E+00  0.4984709318E-01
  0.6264139528E+00  0.4638518480E+00  0.5159103581E-01
  0.6301498133E+00  0.4720130156E+00  0.5333916609E-01
  0.6338483152E+00  0.4869811882E+00  0.5511258701E-01
  0.6375098320E+00  0.5032667769E+00  0.5692549182E-01
  0.6411347337E+00  0.5223541514E+00  0.5878437933E-01
  0.6447233864E+00  0.5487412322E+00  0.6070627398E-01
  0.6482761525E+00  0.5774552158E+00  0.6270683028E-01
  0.6517933910E+00  0.6169774776E+00  0.6480738260E-01
  0.6552754571E+00  0.6580006887E+00  0.6702716172E-01
  0.6587227025E+00  0.6987053281E+00  0.6936561102E-01
  0.6621354755E+00  0.7292744788E+00  0.7180229647E-01
  0.6655141207E+00  0.7599364022E+00  0.7431805410E-01
  0.6688589795E+00  0.7928760688E+00  0.7691502332E-01
  0.6721703897E+00  0.8234191399E+00  0.7959113155E-01
  0.6754486858E+00  0.8520637437E+00  0.8233749605E-01
  0.6786941990E+00  0.8815902395E+00  0.8515079445E-01
  0.6819072570E+00  0.9170191870E+00  0.8804031266E-01
  0.6850881844E+00  0.9595790080E+00  0.9102497400E-01
  0.6882373026E+00  0.1006951598E+01  0.9412139261E-01
  0.6913549295E+00  0.1052010829E+01  0.9733093101E-01
  0.6944413802E+00  0.1104965117E+01  0.1006596310E+00
  0.6974969664E+00  0.1157374261E+01  0.1041160175E+00
  0.7005219968E+00  0.1206669417E+01  0.1076916694E+00
  0.7035167768E+00  0.1254635310E+01  0.1113772025E+00
  0.7064816090E+00  0.1298730066E+01  0.1151623525E+00
  0.7094167929E+00  0.1340969859E+01  0.1190363549E+00
  0.7123226250E+00  0.1382153299E+01  0.1229928242E+00
  0.7151993988E+00  0.1426520409E+01  0.1270327836E+00
  0.7180474048E+00  0.1471986336E+01  0.1311602659E+00
  0.7208669307E+00  0.1521426461E+01  0.1353802684E+00
  0.7236582614E+00  0.1573317034E+01  0.1396994947E+00
  0.7264216788E+00  0.1623844060E+01  0.1441170399E+00
  0.7291574620E+00  0.1668207680E+01  0.1486202099E+00
  0.7318658874E+00  0.1713173544E+01  0.1531993193E+00
  0.7345472285E+00  0.1756139402E+01  0.1578505250E+00
  0.7372017562E+00  0.1796309315E+01  0.1625655618E+00
  0.7398297387E+00  0.1832647654E+01  0.1673339794E+00
  0.7424314413E+00  0.1863934140E+01  0.1721426826E+00
  0.7450071269E+00  0.1896917672E+01  0.1769860685E+00
  0.7475570556E+00  0.1929038104E+01  0.1818640258E+00
  0.7500814851E+00  0.1962668595E+01  0.1867761953E+00
  0.7525806702E+00  0.2000748353E+01  0.1917288517E+00
  0.7550548635E+00  0.2035325747E+01  0.1967218654E+00
  0.7575043149E+00  0.2072473266E+01  0.2017527924E+00
  0.7599292717E+00  0.2110503687E+01  0.2068245617E+00
  0.7623299790E+00  0.2150441885E+01  0.2119392032E+00
  0.7647066792E+00  0.2192330806E+01  0.2170999376E+00
  0.7670596124E+00  0.2235583357E+01  0.2223092307E+00
  0.7693890163E+00  0.2278225596E+01  0.2275664728E+00
  0.7716951261E+00  0.2321895210E+01  0.2328706647E+00
  0.7739781749E+00  0.2363447762E+01  0.2382190979E+00
  0.7762383931E+00  0.2405949557E+01  0.2436090373E+00
  0.7784760092E+00  0.2450162248E+01  0.2490420942E+00
  0.7806912491E+00  0.2491434989E+01  0.2545155059E+00
  0.7828843366E+00  0.2528557863E+01  0.2600201477E+00
  0.7850554932E+00  0.2562339193E+01  0.2655467152E+00
  0.7872049383E+00  0.2592683750E+01  0.2710869345E+00
  0.7893328889E+00  0.2619098817E+01  0.2766321425E+00
  0.7914395600E+00  0.2642038101E+01  0.2821738851E+00
  0.7935251644E+00  0.2660075878E+01  0.2877029412E+00
  0.7955899128E+00  0.2674167148E+01  0.2932098759E+00
  0.7976340137E+00  0.2684192086E+01  0.2986863893E+00
  0.7996576735E+00  0.2690067258E+01  0.3041242258E+00
  0.8016610968E+00  0.2690828108E+01  0.3095143313E+00
  0.8036444858E+00  0.2688683354E+01  0.3148491633E+00
  0.8056080410E+00  0.2683903817E+01  0.3201238489E+00
  0.8075519606E+00  0.2677117093E+01  0.3253345456E+00
  0.8094764409E+00  0.2668784800E+01  0.3304785873E+00
  0.8113816765E+00  0.2657082071E+01  0.3355521029E+00
  0.8132678598E+00  0.2645106042E+01  0.3405525521E+00
  0.8151351812E+00  0.2631921778E+01  0.3454795056E+00
  0.8169838294E+00  0.2621225463E+01  0.3503351161E+00
  0.8188139911E+00  0.2613593369E+01  0.3551253986E+00
  0.8206258512E+00  0.2606282666E+01  0.3598542411E+00
  0.8224195926E+00  0.2602494086E+01  0.3645258406E+00
  0.8241953967E+00  0.2602782022E+01  0.3691476159E+00
  0.8259534428E+00  0.2605568796E+01  0.3737258761E+00
  0.8276939083E+00  0.2610049031E+01  0.3782646778E+00
  0.8294169692E+00  0.2616400742E+01  0.3827674234E+00
  0.8311227996E+00  0.2625818856E+01  0.3872385920E+00
  0.8328115716E+00  0.2638327456E+01  0.3916835634E+00
  0.8344834558E+00  0.2653139201E+01  0.3961069234E+00
  0.8361386213E+00  0.2670496676E+01  0.4005126724E+00
  0.8377772351E+00  0.2689379572E+01  0.4049040560E+00
  0.8393994627E+00  0.2709730715E+01  0.4092833490E+00
  0.8410054681E+00  0.2730540141E+01  0.4136519011E+00
  0.8425954134E+00  0.2751193228E+01  0.4180097293E+00
  0.8441694593E+00  0.2771734045E+01  0.4223563997E+00
  0.8457277647E+00  0.2791701495E+01  0.4266911655E+00
  0.8472704870E+00  0.2811367425E+01  0.4310131554E+00
  0.8487977822E+00  0.2831545562E+01  0.4353223521E+00
  0.8503098043E+00  0.2852465001E+01  0.4396195271E+00
  0.8518067063E+00  0.2874025842E+01  0.4439055248E+00
  0.8532886392E+00  0.2895849715E+01  0.4481808091E+00
  0.8547557528E+00  0.2917118552E+01  0.4524449516E+00
  0.8562081953E+00  0.2938974742E+01  0.4566977709E+00
  0.8576461134E+00  0.2962029853E+01  0.4609403514E+00
  0.8590696522E+00  0.2987148419E+01  0.4651747946E+00
  0.8604789557E+00  0.3011609027E+01  0.4694018295E+00
  0.8618741662E+00  0.3037791274E+01  0.4736219227E+00
  0.8632554245E+00  0.3062127157E+01  0.4778347043E+00
  0.8646228702E+00  0.3082802528E+01  0.4820361333E+00
  0.8659766415E+00  0.3102558258E+01  0.4862229153E+00
  0.8673168751E+00  0.3121805869E+01  0.4903939662E+00
  0.8686437064E+00  0.3142437304E+01  0.4945497630E+00
  0.8699572693E+00  0.3163634688E+01  0.4986914742E+00
  0.8712576966E+00  0.3184396141E+01  0.5028190505E+00
  0.8725451197E+00  0.3204705466E+01  0.5069317888E+00
  0.8738196685E+00  0.3225099730E+01  0.5110293391E+00
  0.8750814718E+00  0.3245754958E+01  0.5151118120E+00
  0.8763306571E+00  0.3266369129E+01  0.5191792368E+00
  0.8775673505E+00  0.3287033347E+01  0.5232315117E+00
  0.8787916770E+00  0.3307318808E+01  0.5272683317E+00
  0.8800037602E+00  0.3327201975E+01  0.5312891274E+00
  0.8812037226E+00  0.3346648570E+01  0.5352933123E+00
  0.8823916854E+00  0.3365732733E+01  0.5392803418E+00
  0.8835677685E+00  0.3384340841E+01  0.5432496657E+00
  0.8847320908E+00  0.3402375776E+01  0.5472006285E+00
  0.8858847699E+00  0.3419428871E+01  0.5511323043E+00
  0.8870259222E+00  0.3435665117E+01  0.5550436574E+00
  0.8881556630E+00  0.3452466066E+01  0.5589345588E+00
  0.8892741064E+00  0.3469626292E+01  0.5628055429E+00
  0.8903813653E+00  0.3484917212E+01  0.5666557831E+00
  0.8914775517E+00  0.3499525104E+01  0.5704839083E+00
  0.8925627761E+00  0.3514041837E+01  0.5742895556E+00
  0.8936371484E+00  0.3528123378E+01  0.5780725090E+00
  0.8947007769E+00  0.3542076904E+01  0.5818325423E+00
  0.8957537691E+00  0.3556321272E+01  0.5855698214E+00
  0.8967962314E+00  0.3570149679E+01  0.5892843600E+00
  0.8978282691E+00  0.3584145720E+01  0.5929761113E+00
  0.8988499864E+00  0.3597956079E+01  0.5966451501E+00
  0.8998614866E+00  0.3611620628E+01  0.6002913940E+00
  0.9008628717E+00  0.3625167447E+01  0.6039148000E+00
  0.9018542430E+00  0.3638611661E+01  0.6075153511E+00
  0.9028357006E+00  0.3651904417E+01  0.6110930172E+00
  0.9038073436E+00  0.3665039306E+01  0.6146477457E+00
  0.9047692701E+00  0.3677413014E+01  0.6181791957E+00
  0.9057215774E+00  0.3689539287E+01  0.6216869969E+00
  0.9066643616E+00  0.3700313180E+01  0.6251705151E+00
  0.9075977180E+00  0.3710812837E+01  0.6286291260E+00
  0.9085217408E+00  0.3721063049E+01  0.6320627374E+00
  0.9094365234E+00  0.3731349851E+01  0.6354714062E+00
  0.9103421582E+00  0.3741365498E+01  0.6388551816E+00
  0.9112387366E+00  0.3751112030E+01  0.6422139784E+00
  0.9121263493E+00  0.3760429137E+01  0.6455476479E+00
  0.9130050858E+00  0.3769277348E+01  0.6488559618E+00
  0.9138750349E+00  0.3777791687E+01  0.6521387450E+00
  0.9147362846E+00  0.3786162515E+01  0.6553959714E+00
  0.9155889217E+00  0.3794231350E+01  0.6586276341E+00
  0.9164330325E+00  0.3801650666E+01  0.6618335171E+00
  0.9172687022E+00  0.3809256064E+01  0.6650136191E+00
  0.9180960151E+00  0.3816841843E+01  0.6681682040E+00
  0.9189150550E+00  0.3823752250E+01  0.6712971795E+00
  0.9197259044E+00  0.3830249621E+01  0.6744003011E+00
  0.9205286454E+00  0.3836400586E+01  0.6774774681E+00
  0.9213233589E+00  0.3843094402E+01  0.6805289675E+00
  0.9221101254E+00  0.3850128743E+01  0.6835553523E+00
  0.9228890241E+00  0.3856794857E+01  0.6865568088E+00
  0.9236601339E+00  0.3862574515E+01  0.6895330494E+00
  0.9244235325E+00  0.3867547249E+01  0.6924836317E+00
  0.9251792972E+00  0.3872125586E+01  0.6954083173E+00
  0.9259275042E+00  0.3877085322E+01  0.6983073244E+00
  0.9266682292E+00  0.3882377900E+01  0.7011811384E+00
  0.9274015469E+00  0.3886819906E+01  0.7040297836E+00
  0.9281275314E+00  0.3891732739E+01  0.7068533380E+00
  0.9288462561E+00  0.3896699798E+01  0.7096522074E+00
  0.9295577935E+00  0.3900244317E+01  0.7124261162E+00
  0.9302622156E+00  0.3903514964E+01  0.7151746863E+00
  0.9309595935E+00  0.3907069243E+01  0.7178981505E+00
  0.9316499975E+00  0.3910846628E+01  0.7205969109E+00
  0.9323334975E+00  0.3915157134E+01  0.7232714478E+00
  0.9330101626E+00  0.3919757748E+01  0.7259222543E+00
  0.9336800609E+00  0.3924549569E+01  0.7285496986E+00
  0.9343432603E+00  0.3929241689E+01  0.7311540134E+00
  0.9349998277E+00  0.3933917083E+01  0.7337353602E+00
  0.9356498295E+00  0.3938618066E+01  0.7362939409E+00
  0.9362933312E+00  0.3943266475E+01  0.7388299440E+00
  0.9369303978E+00  0.3947888246E+01  0.7413435399E+00
  0.9375610939E+00  0.3952509628E+01  0.7438349147E+00
  0.9381854829E+00  0.3957127939E+01  0.7463042603E+00
  0.9388036281E+00  0.3961771600E+01  0.7487517750E+00
  0.9394155918E+00  0.3966360420E+01  0.7511776396E+00
  0.9400214359E+00  0.3970445589E+01  0.7535818731E+00
  0.9406212215E+00  0.3973856013E+01  0.7559643121E+00
  0.9412150093E+00  0.3977208064E+01  0.7583249344E+00
  0.9418028592E+00  0.3980552023E+01  0.7606639187E+00
  0.9423848306E+00  0.3983668167E+01  0.7629813929E+00
  0.9429609823E+00  0.3986872405E+01  0.7652775132E+00
  0.9435313725E+00  0.3990116297E+01  0.7675525111E+00
  0.9440960588E+00  0.3993369881E+01  0.7698065937E+00
  0.9446550982E+00  0.3996603070E+01  0.7720399486E+00
  0.9452085472E+00  0.3999786885E+01  0.7742527457E+00
  0.9457564617E+00  0.4002938408E+01  0.7764451504E+00
  0.9462988971E+00  0.4006210080E+01  0.7786173731E+00
  0.9468359082E+00  0.4009340576E+01  0.7807695927E+00
  0.9473675491E+00  0.4012392465E+01  0.7829019335E+00
  0.9478938736E+00  0.4015396978E+01  0.7850145446E+00
  0.9484149348E+00  0.4018260969E+01  0.7871075586E+00
  0.9489307855E+00  0.4021067773E+01  0.7891811051E+00
  0.9494414776E+00  0.4023843137E+01  0.7912353415E+00
  0.9499470629E+00  0.4026998469E+01  0.7932705348E+00
  0.9504475922E+00  0.4030488425E+01  0.7952870392E+00
  0.9509431163E+00  0.4033964153E+01  0.7972851044E+00
  0.9514336852E+00  0.4037446728E+01  0.7992648957E+00
  0.9519193483E+00  0.4040930390E+01  0.8012265808E+00
  0.9524001548E+00  0.4044342841E+01  0.8031703068E+00
  0.9528761533E+00  0.4047736311E+01  0.8050962154E+00
  0.9533473917E+00  0.4051168222E+01  0.8070044731E+00
  0.9538139178E+00  0.4054558269E+01  0.8088952395E+00
  0.9542757786E+00  0.4058002512E+01  0.8107686765E+00
  0.9547330209E+00  0.4061383683E+01  0.8126249395E+00
  0.9551856906E+00  0.4064758807E+01  0.8144641691E+00
  0.9556338337E+00  0.4068127154E+01  0.8162865175E+00
  0.9560774954E+00  0.4071487433E+01  0.8180921349E+00
  0.9565167205E+00  0.4074837821E+01  0.8198811700E+00
  0.9569515532E+00  0.4078176006E+01  0.8216537689E+00
  0.9573820377E+00  0.4081499224E+01  0.8234100756E+00
  0.9578082173E+00  0.4085052895E+01  0.8251502847E+00
  0.9582301352E+00  0.4088716667E+01  0.8268746142E+00
  0.9586478338E+00  0.4092228035E+01  0.8285831990E+00
  0.9590613555E+00  0.4095622477E+01  0.8302761257E+00
  0.9594707419E+00  0.4098986686E+01  0.8319535067E+00
  0.9598760345E+00  0.4102322817E+01  0.8336154717E+00
  0.9602772742E+00  0.4105659842E+01  0.8352621557E+00
  0.9606745014E+00  0.4109134019E+01  0.8368937257E+00
  0.9610677564E+00  0.4112608520E+01  0.8385103464E+00
  0.9614570788E+00  0.4116018404E+01  0.8401121409E+00
  0.9618425080E+00  0.4119358809E+01  0.8416992184E+00
  0.9622240830E+00  0.4122625066E+01  0.8432716855E+00
  0.9626018421E+00  0.4125812732E+01  0.8448296470E+00
  0.9629758237E+00  0.4128917625E+01  0.8463732056E+00
  0.9633460655E+00  0.4131834484E+01  0.8479024433E+00
  0.9637126048E+00  0.4134569093E+01  0.8494174244E+00
  0.9640754788E+00  0.4137145517E+01  0.8509182193E+00
  0.9644347240E+00  0.4139496541E+01  0.8524048913E+00
  0.9647903767E+00  0.4141758052E+01  0.8538775168E+00
  0.9651424730E+00  0.4143709764E+01  0.8553361578E+00
  0.9654910483E+00  0.4145563894E+01  0.8567808757E+00
  0.9658361378E+00  0.4147321340E+01  0.8582117696E+00
  0.9661777764E+00  0.4148980983E+01  0.8596289382E+00
  0.9665159986E+00  0.4150542069E+01  0.8610324799E+00
  0.9668508386E+00  0.4152004198E+01  0.8624224922E+00
  0.9671823303E+00  0.4153367313E+01  0.8637990727E+00
  0.9675105070E+00  0.4154631690E+01  0.8651623186E+00
  0.9678354019E+00  0.4155797921E+01  0.8665123268E+00
  0.9681570479E+00  0.4156866899E+01  0.8678491944E+00
  0.9684754774E+00  0.4157839803E+01  0.8691730184E+00
  0.9687907226E+00  0.4158718078E+01  0.8704838960E+00
  0.9691028154E+00  0.4159503419E+01  0.8717819244E+00
  0.9694117872E+00  0.4160197751E+01  0.8730672011E+00
  0.9697176694E+00  0.4160796085E+01  0.8743398228E+00
  0.9700204927E+00  0.4161287130E+01  0.8755998832E+00
  0.9703202877E+00  0.4161696572E+01  0.8768474779E+00
  0.9706170849E+00  0.4162026806E+01  0.8780827065E+00
  0.9709109140E+00  0.4162280377E+01  0.8793056686E+00
  0.9712018049E+00  0.4162366715E+01  0.8805164504E+00
  0.9714897868E+00  0.4162400026E+01  0.8817151417E+00
  0.9717748890E+00  0.4162318317E+01  0.8829018392E+00
  0.9720571401E+00  0.4162015719E+01  0.8840766155E+00
  0.9723365687E+00  0.4161658376E+01  0.8852395518E+00
  0.9726132030E+00  0.4161249394E+01  0.8863907527E+00
  0.9728870709E+00  0.4160791909E+01  0.8875303230E+00
  0.9731582002E+00  0.4160289074E+01  0.8886583674E+00
  0.9734266182E+00  0.4159783048E+01  0.8897749959E+00
  0.9736923521E+00  0.4159236677E+01  0.8908803184E+00
  0.9739554285E+00  0.4158653134E+01  0.8919744389E+00
  0.9742158742E+00  0.4158035517E+01  0.8930574619E+00
  0.9744737155E+00  0.4157386881E+01  0.8941294914E+00
  0.9747289784E+00  0.4156710235E+01  0.8951906314E+00
  0.9749816886E+00  0.4156008527E+01  0.8962409859E+00
  0.9752318717E+00  0.4155237515E+01  0.8972806526E+00
  0.9754795530E+00  0.4154440260E+01  0.8983097284E+00
  0.9757247574E+00  0.4153628729E+01  0.8993283163E+00
  0.9759675099E+00  0.4152731751E+01  0.9003365108E+00
  0.9762078348E+00  0.4151760742E+01  0.9013343990E+00
  0.9764457564E+00  0.4150793172E+01  0.9023220777E+00
  0.9766812989E+00  0.4149917280E+01  0.9032996625E+00
  0.9769144859E+00  0.4148982414E+01  0.9042672603E+00
  0.9771453410E+00  0.4148041982E+01  0.9052249656E+00
  0.9773738876E+00  0.4147103139E+01  0.9061728792E+00
  0.9776001487E+00  0.4146168656E+01  0.9071111017E+00
  0.9778241472E+00  0.4145215197E+01  0.9080397305E+00
  0.9780459058E+00  0.4144176139E+01  0.9089588521E+00
  0.9782654467E+00  0.4143165384E+01  0.9098685575E+00
  0.9784827922E+00  0.4142220522E+01  0.9107689533E+00
  0.9786979643E+00  0.4141286928E+01  0.9116601431E+00
  0.9789109847E+00  0.4140366119E+01  0.9125422234E+00
  0.9791218748E+00  0.4139459512E+01  0.9134152903E+00
  0.9793306561E+00  0.4138568436E+01  0.9142794388E+00
  0.9795373495E+00  0.4137694124E+01  0.9151347634E+00
  0.9797419760E+00  0.4136837721E+01  0.9159813577E+00
  0.9799445563E+00  0.4136000285E+01  0.9168193144E+00
  0.9801451107E+00  0.4135129525E+01  0.9176487203E+00
  0.9803436596E+00  0.4134223990E+01  0.9184696558E+00
  0.9805402230E+00  0.4133348953E+01  0.9192822069E+00
  0.9807348208E+00  0.4132516967E+01  0.9200864665E+00
  0.9809274726E+00  0.4131712345E+01  0.9208825258E+00
  0.9811181978E+00  0.4130935553E+01  0.9216704737E+00
  0.9813070158E+00  0.4130209701E+01  0.9224504002E+00
  0.9814939457E+00  0.4129479258E+01  0.9232223914E+00
  0.9816790062E+00  0.4128766507E+01  0.9239865291E+00
  0.9818622162E+00  0.4128065639E+01  0.9247428960E+00
  0.9820435940E+00  0.4127383902E+01  0.9254915738E+00
  0.9822231581E+00  0.4126686057E+01  0.9262326409E+00
  0.9824009265E+00  0.4126021748E+01  0.9269661763E+00
  0.9825769172E+00  0.4125390821E+01  0.9276922624E+00
  0.9827511481E+00  0.4124794733E+01  0.9284109807E+00
  0.9829236366E+00  0.4124231872E+01  0.9291224119E+00
  0.9830944002E+00  0.4123701663E+01  0.9298266355E+00
  0.9832634562E+00  0.4123203798E+01  0.9305237299E+00
  0.9834308216E+00  0.4122753302E+01  0.9312137740E+00
  0.9835965134E+00  0.4122339313E+01  0.9318968461E+00
  0.9837605483E+00  0.4121955825E+01  0.9325730220E+00
  0.9839229428E+00  0.4121602434E+01  0.9332423763E+00
  0.9840837134E+00  0.4121278713E+01  0.9339049827E+00
  0.9842428762E+00  0.4120961826E+01  0.9345609120E+00
  0.9844004475E+00  0.4120654257E+01  0.9352102328E+00
  0.9845564430E+00  0.4120383426E+01  0.9358530153E+00
  0.9847108786E+00  0.4120148170E+01  0.9364893309E+00
  0.9848637698E+00  0.4119926428E+01  0.9371192484E+00
  0.9850151321E+00  0.4119698166E+01  0.9377428327E+00
  0.9851649808E+00  0.4119497868E+01  0.9383601490E+00
  0.9853133310E+00  0.4119324978E+01  0.9389712645E+00
  0.9854601977E+00  0.4119193191E+01  0.9395762464E+00
  0.9856055957E+00  0.4119121447E+01  0.9401751638E+00
  0.9857495397E+00  0.4119074156E+01  0.9407680834E+00
  0.9858920443E+00  0.4119050750E+01  0.9413550687E+00
  0.9860331239E+00  0.4119050657E+01  0.9419361826E+00
  0.9861727926E+00  0.4119073302E+01  0.9425114868E+00
  0.9863110647E+00  0.4119118110E+01  0.9430810427E+00
  0.9864479541E+00  0.4119214304E+01  0.9436449127E+00
  0.9865834745E+00  0.4119319666E+01  0.9442031577E+00
  0.9867176398E+00  0.4119443778E+01  0.9447558356E+00
  0.9868504634E+00  0.4119591084E+01  0.9453030047E+00
  0.9869819588E+00  0.4119791354E+01  0.9458447250E+00
  0.9871121392E+00  0.4120045808E+01  0.9463810577E+00
  0.9872410178E+00  0.4120315821E+01  0.9469120609E+00
  0.9873686076E+00  0.4120609042E+01  0.9474377900E+00
  0.9874949215E+00  0.4120933218E+01  0.9479583008E+00
  0.9876199723E+00  0.4121282930E+01  0.9484736486E+00
  0.9877437726E+00  0.4121651524E+01  0.9489838873E+00
  0.9878663349E+00  0.4122031651E+01  0.9494890696E+00
  0.9879876715E+00  0.4122422875E+01  0.9499892469E+00
  0.9881077948E+00  0.4122824770E+01  0.9504844700E+00
  0.9882267168E+00  0.4123236912E+01  0.9509747893E+00
  0.9883444497E+00  0.4123658889E+01  0.9514602545E+00
  0.9884610052E+00  0.4124090293E+01  0.9519409147E+00
  0.9885763951E+00  0.4124534192E+01  0.9524168189E+00
  0.9886906312E+00  0.4125011302E+01  0.9528880167E+00
  0.9888037249E+00  0.4125495879E+01  0.9533545568E+00
  0.9889156876E+00  0.4125992725E+01  0.9538164865E+00
  0.9890265307E+00  0.4126513748E+01  0.9542738533E+00
  0.9891362654E+00  0.4127040343E+01  0.9547267039E+00
  0.9892449028E+00  0.4127554415E+01  0.9551750825E+00
  0.9893524538E+00  0.4128071735E+01  0.9556190328E+00
  0.9894589292E+00  0.4128594522E+01  0.9560585990E+00
  0.9895643399E+00  0.4129122451E+01  0.9564938249E+00
  0.9896686965E+00  0.4129655204E+01  0.9569247539E+00
  0.9897720096E+00  0.4130211032E+01  0.9573514298E+00
  0.9898742895E+00  0.4130776406E+01  0.9577738963E+00
  0.9899755466E+00  0.4131341327E+01  0.9581921954E+00
  0.9900757911E+00  0.4131895593E+01  0.9586063676E+00
  0.9901750332E+00  0.4132452091E+01  0.9590164531E+00
  0.9902732829E+00  0.4132996792E+01  0.9594224919E+00
  0.9903705500E+00  0.4133558651E+01  0.9598245242E+00
  0.9904668445E+00  0.4134146210E+01  0.9602225914E+00
  0.9905621761E+00  0.4134743188E+01  0.9606167345E+00
  0.9906565543E+00  0.4135330293E+01  0.9610069919E+00
  0.9907499888E+00  0.4135915936E+01  0.9613934016E+00
  0.9908424889E+00  0.4136490941E+01  0.9617760009E+00
  0.9909340640E+00  0.4137063295E+01  0.9621548267E+00
  0.9910247234E+00  0.4137636898E+01  0.9625299163E+00
  0.9911144761E+00  0.4138214950E+01  0.9629013066E+00
  0.9912033314E+00  0.4138801664E+01  0.9632690347E+00
  0.9912912981E+00  0.4139388665E+01  0.9636331372E+00
  0.9913783851E+00  0.4139975772E+01  0.9639936498E+00
  0.9914646012E+00  0.4140562810E+01  0.9643506078E+00
  0.9915499552E+00  0.4141149610E+01  0.9647040464E+00
  0.9916344557E+00  0.4141736010E+01  0.9650540002E+00
  0.9917181111E+00  0.4142321854E+01  0.9654005035E+00
  0.9918009300E+00  0.4142906992E+01  0.9657435902E+00
  0.9918829207E+00  0.4143491280E+01  0.9660832940E+00
  0.9919640915E+00  0.4144074580E+01  0.9664196481E+00
  0.9920444506E+00  0.4144656758E+01  0.9667526856E+00
  0.9921240061E+00  0.4145237687E+01  0.9670824389E+00
  0.9922027660E+00  0.4145817245E+01  0.9674089404E+00
  0.9922807383E+00  0.4146395314E+01  0.9677322220E+00
  0.9923579310E+00  0.4146971782E+01  0.9680523154E+00
  0.9924343516E+00  0.4147540764E+01  0.9683692515E+00
  0.9925100081E+00  0.4148102373E+01  0.9686830611E+00
  0.9925849081E+00  0.4148662469E+01  0.9689937746E+00
  0.9926590590E+00  0.4149220946E+01  0.9693014225E+00
  0.9927324684E+00  0.4149777706E+01  0.9696060348E+00
  0.9928051437E+00  0.4150332653E+01  0.9699076414E+00
  0.9928770923E+00  0.4150885696E+01  0.9702062717E+00
  0.9929483213E+00  0.4151436748E+01  0.9705019551E+00
  0.9930188381E+00  0.4151985726E+01  0.9707947204E+00
  0.9930886497E+00  0.4152532550E+01  0.9710845964E+00
  0.9931577632E+00  0.4153077144E+01  0.9713716113E+00
  0.9932261856E+00  0.4153619435E+01  0.9716557932E+00
  0.9932939238E+00  0.4154159356E+01  0.9719371699E+00
  0.9933609845E+00  0.4154696841E+01  0.9722157691E+00
  0.9934273747E+00  0.4155231827E+01  0.9724916178E+00
  0.9934931009E+00  0.4155764255E+01  0.9727647431E+00
  0.9935581699E+00  0.4156294068E+01  0.9730351717E+00
  0.9936225882E+00  0.4156821215E+01  0.9733029301E+00
  0.9936863623E+00  0.4157345643E+01  0.9735680444E+00
  0.9937494987E+00  0.4157867306E+01  0.9738305406E+00
  0.9938120037E+00  0.4158386159E+01  0.9740904444E+00
  0.9938738837E+00  0.4158902158E+01  0.9743477812E+00
  0.9939351449E+00  0.4159415264E+01  0.9746025761E+00
  0.9939957934E+00  0.4159925440E+01  0.9748548540E+00
  0.9940558355E+00  0.4160432649E+01  0.9751046398E+00
  0.9941152771E+00  0.4160936860E+01  0.9753519577E+00
  0.9941741243E+00  0.4161438041E+01  0.9755968321E+00
  0.9942323831E+00  0.4161936163E+01  0.9758392868E+00
  0.9942900593E+00  0.4162431199E+01  0.9760793456E+00
  0.9943471587E+00  0.4162923126E+01  0.9763170320E+00
  0.9944036871E+00  0.4163411918E+01  0.9765523693E+00
  0.9944596502E+00  0.4163897557E+01  0.9767853804E+00
  0.9945150537E+00  0.4164380021E+01  0.9770160883E+00
  0.9945699032E+00  0.4164859294E+01  0.9772445154E+00
  0.9946242041E+00  0.4165335360E+01  0.9774706842E+00
  0.9946779621E+00  0.4165808203E+01  0.9776946169E+00
  0.9947311825E+00  0.4166277811E+01  0.9779163352E+00
  0.9947838707E+00  0.4166744173E+01  0.9781358611E+00
  0.9948360320E+00  0.4167207277E+01  0.9783532159E+00
  0.9948876716E+00  0.4167667117E+01  0.9785684211E+00
  0.9949387949E+00  0.4168123683E+01  0.9787814976E+00
  0.9949894070E+00  0.4168576970E+01  0.9789924663E+00
  0.9950395129E+00  0.4169026972E+01  0.9792013480E+00
  0.9950891178E+00  0.4169473687E+01  0.9794081632E+00
  0.9951382266E+00  0.4169917111E+01  0.9796129320E+00
  0.9951868443E+00  0.4170357242E+01  0.9798156746E+00
  0.9952349759E+00  0.4170794080E+01  0.9800164109E+00
  0.9952826261E+00  0.4171227626E+01  0.9802151606E+00
  0.9953297999E+00  0.4171657880E+01  0.9804119431E+00
  0.9953765019E+00  0.4172084846E+01  0.9806067779E+00
  0.9954227368E+00  0.4172508525E+01  0.9807996839E+00
  0.9954685095E+00  0.4172928923E+01  0.9809906802E+00
  0.9955138244E+00  0.4173346044E+01  0.9811797856E+00
  0.9955586861E+00  0.4173759893E+01  0.9813670185E+00
  0.9956030993E+00  0.4174170477E+01  0.9815523974E+00
  0.9956470683E+00  0.4174577802E+01  0.9817359405E+00
  0.9956905976E+00  0.4174981878E+01  0.9819176658E+00
  0.9957336916E+00  0.4175382711E+01  0.9820975912E+00
  0.9957763547E+00  0.4175780312E+01  0.9822757344E+00
  0.9958185912E+00  0.4176174689E+01  0.9824521129E+00
  0.9958604053E+00  0.4176565853E+01  0.9826267440E+00
  0.9959018012E+00  0.4176953815E+01  0.9827996449E+00
  0.9959427832E+00  0.4177338585E+01  0.9829708327E+00
  0.9959833554E+00  0.4177720176E+01  0.9831403241E+00
  0.9960235218E+00  0.4178098600E+01  0.9833081359E+00
  0.9960632866E+00  0.4178473869E+01  0.9834742845E+00
  0.9961026537E+00  0.4178845998E+01  0.9836387864E+00
  0.9961416272E+00  0.4179214998E+01  0.9838016577E+00
  0.9961802109E+00  0.4179580884E+01  0.9839629144E+00
  0.9962184088E+00  0.4179943671E+01  0.9841225725E+00
  0.9962562247E+00  0.4180303373E+01  0.9842806477E+00
  0.9962936625E+00  0.4180660006E+01  0.9844371555E+00
  0.9963307258E+00  0.4181013583E+01  0.9845921115E+00
  0.9963674186E+00  0.4181364122E+01  0.9847455307E+00
  0.9964037444E+00  0.4181711638E+01  0.9848974285E+00
  0.9964397070E+00  0.4182056146E+01  0.9850478197E+00
  0.9964753099E+00  0.4182397665E+01  0.9851967193E+00
  0.9965105568E+00  0.4182736209E+01  0.9853441418E+00
  0.9965454512E+00  0.4183071796E+01  0.9854901019E+00
  0.9965799967E+00  0.4183404444E+01  0.9856346139E+00
  0.9966141967E+00  0.4183734169E+01  0.9857776921E+00
  0.9966480548E+00  0.4184060989E+01  0.9859193506E+00
  0.9966815742E+00  0.4184384921E+01  0.9860596035E+00
  0.9967147585E+00  0.4184705984E+01  0.9861984645E+00
  0.9967476109E+00  0.4185024195E+01  0.9863359474E+00
  0.9967801348E+00  0.4185339572E+01  0.9864720658E+00
  0.9968123334E+00  0.4185652134E+01  0.9866068332E+00
  0.9968442101E+00  0.4185961899E+01  0.9867402627E+00
  0.9968757680E+00  0.4186268885E+01  0.9868723677E+00
  0.9969070103E+00  0.4186573111E+01  0.9870031612E+00
  0.9969379402E+00  0.4186874595E+01  0.9871326562E+00
  0.9969685608E+00  0.4187173357E+01  0.9872608654E+00
  0.9969988752E+00  0.4187469414E+01  0.9873878015E+00
  0.9970288865E+00  0.4187762787E+01  0.9875134770E+00
  0.9970585976E+00  0.4188053492E+01  0.9876379045E+00
  0.9970880116E+00  0.4188341551E+01  0.9877610963E+00
  0.9971171315E+00  0.4188626981E+01  0.9878830645E+00
  0.9971459602E+00  0.4188909801E+01  0.9880038211E+00
  0.9971745006E+00  0.4189190031E+01  0.9881233783E+00
  0.9972027556E+00  0.4189468032E+01  0.9882417478E+00
  0.9972307280E+00  0.4189743779E+01  0.9883589413E+00
  0.9972584207E+00  0.4190016967E+01  0.9884749705E+00
  0.9972858365E+00  0.4190287616E+01  0.9885898468E+00
  0.9973129782E+00  0.4190555747E+01  0.9887035817E+00
  0.9973398484E+00  0.4190821378E+01  0.9888161864E+00
  0.9973664499E+00  0.4191084530E+01  0.9889276721E+00
  0.9973927854E+00  0.4191345222E+01  0.9890380499E+00
  0.9974188575E+00  0.4191603474E+01  0.9891473306E+00
  0.9974446690E+00  0.4191859305E+01  0.9892555252E+00
  0.9974702223E+00  0.4192112736E+01  0.9893626443E+00
  0.9974955201E+00  0.4192363785E+01  0.9894686986E+00
  0.9975205649E+00  0.4192612472E+01  0.9895736986E+00
  0.9975453592E+00  0.4192858816E+01  0.9896776548E+00
  0.9975699056E+00  0.4193102836E+01  0.9897805774E+00
  0.9975942066E+00  0.4193344553E+01  0.9898824767E+00
  0.9976182645E+00  0.4193583984E+01  0.9899833628E+00
  0.9976420819E+00  0.4193821149E+01  0.9900832457E+00
  0.9976656610E+00  0.4194056067E+01  0.9901821353E+00
  0.9976890044E+00  0.4194288757E+01  0.9902800415E+00
  0.9977121144E+00  0.4194519238E+01  0.9903769740E+00
  0.9977349932E+00  0.4194747528E+01  0.9904729424E+00
  0.9977576433E+00  0.4194973646E+01  0.9905679563E+00
  0.9977800669E+00  0.4195197610E+01  0.9906620251E+00
  0.9978022662E+00  0.4195419440E+01  0.9907551581E+00
  0.9978242435E+00  0.4195639152E+01  0.9908473647E+00
  0.9978460011E+00  0.4195856767E+01  0.9909386539E+00
  0.9978675411E+00  0.4196072301E+01  0.9910290350E+00
  0.9978888657E+00  0.4196285773E+01  0.9911185168E+00
  0.9979099770E+00  0.4196497201E+01  0.9912071082E+00
  0.9979308773E+00  0.4196706602E+01  0.9912948182E+00
  0.9979515685E+00  0.4196913995E+01  0.9913816553E+00
  0.9979720528E+00  0.4197119396E+01  0.9914676283E+00
  0.9979923323E+00  0.4197322825E+01  0.9915527458E+00
  0.9980124089E+00  0.4197524297E+01  0.9916370161E+00
  0.9980322849E+00  0.4197723831E+01  0.9917204477E+00
  0.9980519620E+00  0.4197921443E+01  0.9918030489E+00
  0.9980714424E+00  0.4198117151E+01  0.9918848279E+00
  0.9980907280E+00  0.4198310972E+01  0.9919657929E+00
  0.9981098207E+00  0.4198502922E+01  0.9920459519E+00
  0.9981287225E+00  0.4198693018E+01  0.9921253129E+00
  0.9981474353E+00  0.4198881278E+01  0.9922038839E+00
  0.9981659609E+00  0.4199067717E+01  0.9922816726E+00
  0.9981843013E+00  0.4199252352E+01  0.9923586868E+00
  0.9982024583E+00  0.4199435200E+01  0.9924349343E+00
  0.9982204337E+00  0.4199616276E+01  0.9925104225E+00
  0.9982382294E+00  0.4199795597E+01  0.9925851590E+00
  0.9982558471E+00  0.4199973178E+01  0.9926591514E+00
  0.9982732886E+00  0.4200149036E+01  0.9927324069E+00
  0.9982905557E+00  0.4200323186E+01  0.9928049328E+00
  0.9983076502E+00  0.4200495644E+01  0.9928767365E+00
  0.9983245737E+00  0.4200666426E+01  0.9929478250E+00
  0.9983413279E+00  0.4200835546E+01  0.9930182055E+00
  0.9983579146E+00  0.4201003021E+01  0.9930878850E+00
  0.9983743355E+00  0.4201168865E+01  0.9931568704E+00
  0.9983905921E+00  0.4201333093E+01  0.9932251686E+00
  0.9984066862E+00  0.4201495720E+01  0.9932927865E+00
  0.9984226194E+00  0.4201656762E+01  0.9933597308E+00
  0.9984383932E+00  0.4201816233E+01  0.9934260082E+00
  0.9984540092E+00  0.4201974147E+01  0.9934916253E+00
  0.9984694691E+00  0.4202130519E+01  0.9935565886E+00
  0.9984847744E+00  0.4202285363E+01  0.9936209047E+00
  0.9984999267E+00  0.4202438694E+01  0.9936845800E+00
  0.9985149274E+00  0.4202590526E+01  0.9937476208E+00
  0.9985297782E+00  0.4202740873E+01  0.9938100334E+00
  0.9985444804E+00  0.4202889748E+01  0.9938718241E+00
  0.9985590356E+00  0.4203037166E+01  0.9939329991E+00
  0.9985734452E+00  0.4203183140E+01  0.9939935644E+00
  0.9985877108E+00  0.4203327685E+01  0.9940535261E+00
  0.9986018337E+00  0.4203470812E+01  0.9941128903E+00
  0.9986158153E+00  0.4203612536E+01  0.9941716628E+00
  0.9986296572E+00  0.4203752870E+01  0.9942298495E+00
  0.9986433606E+00  0.4203891827E+01  0.9942874563E+00
  0.9986569270E+00  0.4204029420E+01  0.9943444889E+00
  0.9986703577E+00  0.4204165662E+01  0.9944009530E+00
  0.9986836541E+00  0.4204300566E+01  0.9944568543E+00
  0.9986968176E+00  0.4204434144E+01  0.9945121983E+00
  0.9987098494E+00  0.4204566410E+01  0.9945669906E+00
  0.9987227509E+00  0.4204697375E+01  0.9946212367E+00
  0.9987355234E+00  0.4204827053E+01  0.9946749419E+00
  0.9987481682E+00  0.4204955454E+01  0.9947281118E+00
  0.9987606865E+00  0.4205082592E+01  0.9947807516E+00
  0.9987730796E+00  0.4205208479E+01  0.9948328665E+00
  0.9987853488E+00  0.4205333126E+01  0.9948844618E+00
  0.9987974954E+00  0.4205456545E+01  0.9949355427E+00
  0.9988095204E+00  0.4205578749E+01  0.9949861143E+00
  0.9988214252E+00  0.4205699748E+01  0.9950361815E+00
  0.9988332109E+00  0.4205819555E+01  0.9950857496E+00
  0.9988448788E+00  0.4205938180E+01  0.9951348233E+00
  0.9988564300E+00  0.4206055636E+01  0.9951834077E+00
  0.9988678657E+00  0.4206171933E+01  0.9952315075E+00
  0.9988791871E+00  0.4206287082E+01  0.9952791277E+00
  0.9988903952E+00  0.4206401095E+01  0.9953262729E+00
  0.9989014913E+00  0.4206513982E+01  0.9953729480E+00
  0.9989124764E+00  0.4206625755E+01  0.9954191575E+00
  0.9989233516E+00  0.4206736424E+01  0.9954649062E+00
  0.9989341181E+00  0.4206846000E+01  0.9955101985E+00
  0.9989447769E+00  0.4206954493E+01  0.9955550391E+00
  0.9989553291E+00  0.4207061913E+01  0.9955994324E+00
  0.9989657758E+00  0.4207168272E+01  0.9956433829E+00
  0.9989761181E+00  0.4207273580E+01  0.9956868950E+00
  0.9989863569E+00  0.4207377846E+01  0.9957299731E+00
  0.9989964933E+00  0.4207481080E+01  0.9957726214E+00
  0.9990065284E+00  0.4207583294E+01  0.9958148443E+00
  0.9990164631E+00  0.4207684496E+01  0.9958566459E+00
  0.9990262985E+00  0.4207784697E+01  0.9958980305E+00
  0.9990360355E+00  0.4207883905E+01  0.9959390023E+00
  0.9990456751E+00  0.4207982132E+01  0.9959795653E+00
  0.9990552184E+00  0.4208079386E+01  0.9960197235E+00
  0.9990646662E+00  0.4208175677E+01  0.9960594812E+00
  0.9990740195E+00  0.4208271014E+01  0.9960988421E+00
  0.9990832793E+00  0.4208365406E+01  0.9961378103E+00
  0.9990924466E+00  0.4208458863E+01  0.9961763897E+00
  0.9991015221E+00  0.4208551395E+01  0.9962145841E+00
  0.9991105069E+00  0.4208643008E+01  0.9962523974E+00
  0.9991194018E+00  0.4208733714E+01  0.9962898334E+00
  0.9991282078E+00  0.4208823521E+01  0.9963268959E+00
  0.9991369257E+00  0.4208912437E+01  0.9963635884E+00
  0.9991455564E+00  0.4209000471E+01  0.9963999149E+00
  0.9991541009E+00  0.4209087631E+01  0.9964358788E+00
  0.9991625599E+00  0.4209173928E+01  0.9964714838E+00
  0.9991709343E+00  0.4209259368E+01  0.9965067334E+00
  0.9991792249E+00  0.4209343960E+01  0.9965416313E+00
  0.9991874327E+00  0.4209427712E+01  0.9965761809E+00
  0.9991955584E+00  0.4209510633E+01  0.9966103857E+00
  0.9992036028E+00  0.4209592732E+01  0.9966442491E+00
  0.9992115667E+00  0.4209674015E+01  0.9966777745E+00
  0.9992194511E+00  0.4209754490E+01  0.9967109652E+00
  0.9992272566E+00  0.4209834167E+01  0.9967438248E+00
  0.9992349840E+00  0.4209913052E+01  0.9967763563E+00
  0.9992426342E+00  0.4209991154E+01  0.9968085631E+00
  0.9992502078E+00  0.4210068480E+01  0.9968404484E+00
  0.9992577057E+00  0.4210145038E+01  0.9968720155E+00
  0.9992651287E+00  0.4210220835E+01  0.9969032674E+00
  0.9992724774E+00  0.4210295878E+01  0.9969342074E+00
  0.9992797526E+00  0.4210370176E+01  0.9969648385E+00
  0.9992869551E+00  0.4210443736E+01  0.9969951639E+00
  0.9992940855E+00  0.4210516564E+01  0.9970251865E+00
  0.9993011447E+00  0.4210588668E+01  0.9970549094E+00
  0.9993081332E+00  0.4210660055E+01  0.9970843355E+00
  0.9993150519E+00  0.4210730732E+01  0.9971134679E+00
  0.9993219014E+00  0.4210800707E+01  0.9971423095E+00
  0.9993286824E+00  0.4210869985E+01  0.9971708631E+00
  0.9993353956E+00  0.4210938575E+01  0.9971991317E+00
  0.9993420416E+00  0.4211006482E+01  0.9972271180E+00
  0.9993486212E+00  0.4211073714E+01  0.9972548249E+00
  0.9993551350E+00  0.4211140276E+01  0.9972822551E+00
  0.9993615836E+00  0.4211206177E+01  0.9973094115E+00
  0.9993679678E+00  0.4211271422E+01  0.9973362967E+00
  0.9993742881E+00  0.4211336017E+01  0.9973629135E+00
  0.9993805452E+00  0.4211399970E+01  0.9973892646E+00
  0.9993867398E+00  0.4211463286E+01  0.9974153525E+00
  0.9993928724E+00  0.4211525971E+01  0.9974411799E+00
  0.9993989436E+00  0.4211588033E+01  0.9974667494E+00
  0.9994049542E+00  0.4211649477E+01  0.9974920636E+00
  0.9994109047E+00  0.4211710309E+01  0.9975171251E+00
  0.9994167956E+00  0.4211770536E+01  0.9975419362E+00
  0.9994226277E+00  0.4211830162E+01  0.9975664996E+00
  0.9994284014E+00  0.4211889195E+01  0.9975908177E+00
  0.9994341174E+00  0.4211947640E+01  0.9976148930E+00
  0.9994397762E+00  0.4212005503E+01  0.9976387279E+00
  0.9994453784E+00  0.4212062790E+01  0.9976623247E+00
  0.9994509247E+00  0.4212119506E+01  0.9976856858E+00
  0.9994564154E+00  0.4212175657E+01  0.9977088137E+00
  0.9994618513E+00  0.4212231248E+01  0.9977317106E+00
  0.9994672327E+00  0.4212286286E+01  0.9977543788E+00
  0.9994725604E+00  0.4212340776E+01  0.9977768206E+00
  0.9994778348E+00  0.4212394722E+01  0.9977990383E+00
  0.9994830565E+00  0.4212448131E+01  0.9978210341E+00
  0.9994882259E+00  0.4212501008E+01  0.9978428102E+00
  0.9994933436E+00  0.4212553357E+01  0.9978643689E+00
  0.9994984102E+00  0.4212605185E+01  0.9978857122E+00
  0.9995034261E+00  0.4212656497E+01  0.9979068423E+00
  0.9995083918E+00  0.4212707297E+01  0.9979277614E+00
  0.9995133079E+00  0.4212757590E+01  0.9979484715E+00
  0.9995181748E+00  0.4212807383E+01  0.9979689748E+00
  0.9995229931E+00  0.4212856679E+01  0.9979892733E+00
  0.9995277632E+00  0.4212905483E+01  0.9980093690E+00
  0.9995324855E+00  0.4212953801E+01  0.9980292640E+00
  0.9995371607E+00  0.4213001637E+01  0.9980489603E+00
  0.9995417891E+00  0.4213048996E+01  0.9980684598E+00
  0.9995463712E+00  0.4213095883E+01  0.9980877646E+00
  0.9995509075E+00  0.4213142302E+01  0.9981068765E+00
  0.9995553984E+00  0.4213188259E+01  0.9981257975E+00
  0.9995598444E+00  0.4213233757E+01  0.9981445295E+00
  0.9995642460E+00  0.4213278801E+01  0.9981630744E+00
  0.9995686035E+00  0.4213323397E+01  0.9981814340E+00
  0.9995729175E+00  0.4213367547E+01  0.9981996103E+00
  0.9995771883E+00  0.4213411257E+01  0.9982176049E+00
  0.9995814164E+00  0.4213454531E+01  0.9982354198E+00
  0.9995856022E+00  0.4213497373E+01  0.9982530567E+00
  0.9995897462E+00  0.4213539788E+01  0.9982705174E+00
  0.9995938488E+00  0.4213581780E+01  0.9982878037E+00
  0.9995979103E+00  0.4213623353E+01  0.9983049173E+00
  0.9996019312E+00  0.4213664511E+01  0.9983218600E+00
  0.9996059119E+00  0.4213705259E+01  0.9983386333E+00
  0.9996098527E+00  0.4213745600E+01  0.9983552391E+00
  0.9996137542E+00  0.4213785538E+01  0.9983716790E+00
  0.9996176167E+00  0.4213825078E+01  0.9983879547E+00
  0.9996214405E+00  0.4213864223E+01  0.9984040677E+00
  0.9996252261E+00  0.4213902978E+01  0.9984200198E+00
  0.9996289738E+00  0.4213941346E+01  0.9984358124E+00
  0.9996326841E+00  0.4213979331E+01  0.9984514473E+00
  0.9996363573E+00  0.4214016937E+01  0.9984669260E+00
  0.9996399937E+00  0.4214054168E+01  0.9984822501E+00
  0.9996435938E+00  0.4214091027E+01  0.9984974210E+00
  0.9996471578E+00  0.4214127519E+01  0.9985124403E+00
  0.9996506862E+00  0.4214163646E+01  0.9985273096E+00
  0.9996541794E+00  0.4214199412E+01  0.9985420303E+00
  0.9996576376E+00  0.4214234822E+01  0.9985566040E+00
  0.9996610612E+00  0.4214269878E+01  0.9985710320E+00
  0.9996644506E+00  0.4214304584E+01  0.9985853158E+00
  0.9996678400E+00  0.4214339291E+01  0.9985995998E+00
  0.9996712294E+00  0.4214373998E+01  0.9986138839E+00
  0.9996746188E+00  0.4214408706E+01  0.9986281681E+00
  0.9996780081E+00  0.4214443415E+01  0.9986424524E+00
  0.9996813975E+00  0.4214478124E+01  0.9986567369E+00
  0.9996847869E+00  0.4214512834E+01  0.9986710214E+00
  0.9996881763E+00  0.4214547544E+01  0.9986853061E+00
  0.9996915657E+00  0.4214582255E+01  0.9986995909E+00
  0.9996949551E+00  0.4214616967E+01  0.9987138758E+00
  0.9996983445E+00  0.4214651679E+01  0.9987281608E+00
  0.9997017339E+00  0.4214686392E+01  0.9987424460E+00
  0.9997051232E+00  0.4214721105E+01  0.9987567313E+00
  0.9997085126E+00  0.4214755819E+01  0.9987710166E+00
  0.9997119020E+00  0.4214790534E+01  0.9987853021E+00
  0.9997152914E+00  0.4214825249E+01  0.9987995878E+00
  0.9997186808E+00  0.4214859964E+01  0.9988138735E+00
  0.9997220702E+00  0.4214894681E+01  0.9988281594E+00
  0.9997254596E+00  0.4214929398E+01  0.9988424453E+00
  0.9997288490E+00  0.4214964115E+01  0.9988567314E+00
  0.9997322384E+00  0.4214998833E+01  0.9988710176E+00
  0.9997356277E+00  0.4215033552E+01  0.9988853039E+00
  0.9997390171E+00  0.4215068271E+01  0.9988995904E+00
  0.9997424065E+00  0.4215102990E+01  0.9989138770E+00
  0.9997457959E+00  0.4215137710E+01  0.9989281636E+00
  0.9997491853E+00  0.4215172431E+01  0.9989424504E+00
  0.9997525747E+00  0.4215207152E+01  0.9989567373E+00
  0.9997559641E+00  0.4215241874E+01  0.9989710244E+00
  0.9997593535E+00  0.4215276597E+01  0.9989853115E+00
  0.9997627428E+00  0.4215311320E+01  0.9989995988E+00
  0.9997661322E+00  0.4215346043E+01  0.9990138862E+00
  0.9997695216E+00  0.4215380767E+01  0.9990281737E+00
  0.9997729110E+00  0.4215415491E+01  0.9990424613E+00
  0.9997763004E+00  0.4215450216E+01  0.9990567490E+00
  0.9997796898E+00  0.4215484942E+01  0.9990710369E+00
  0.9997830792E+00  0.4215519668E+01  0.9990853249E+00
  0.9997864686E+00  0.4215554394E+01  0.9990996129E+00
  0.9997898579E+00  0.4215589121E+01  0.9991139012E+00
  0.9997932473E+00  0.4215623849E+01  0.9991281895E+00
  0.9997966367E+00  0.4215658577E+01  0.9991424779E+00
  0.9998000261E+00  0.4215693306E+01  0.9991567665E+00
  0.9998034155E+00  0.4215728035E+01  0.9991710552E+00
  0.9998068049E+00  0.4215762764E+01  0.9991853440E+00
  0.9998101943E+00  0.4215797494E+01  0.9991996329E+00
  0.9998135837E+00  0.4215832225E+01  0.9992139219E+00
  0.9998169731E+00  0.4215866956E+01  0.9992282111E+00
  0.9998203624E+00  0.4215901687E+01  0.9992425003E+00
  0.9998237518E+00  0.4215936419E+01  0.9992567897E+00
  0.9998271412E+00  0.4215971152E+01  0.9992710792E+00
  0.9998305306E+00  0.4216005884E+01  0.9992853688E+00
  0.9998339200E+00  0.4216040618E+01  0.9992996586E+00
  0.9998373094E+00  0.4216075352E+01  0.9993139484E+00
  0.9998406988E+00  0.4216110086E+01  0.9993282384E+00
  0.9998440882E+00  0.4216144821E+01  0.9993425285E+00
  0.9998474775E+00  0.4216179556E+01  0.9993568187E+00
  0.9998508669E+00  0.4216214291E+01  0.9993711090E+00
  0.9998542563E+00  0.4216249028E+01  0.9993853995E+00
  0.9998576457E+00  0.4216283764E+01  0.9993996900E+00
  0.9998610351E+00  0.4216318501E+01  0.9994139807E+00
  0.9998644245E+00  0.4216353238E+01  0.9994282715E+00
  0.9998678139E+00  0.4216387976E+01  0.9994425624E+00
  0.9998712033E+00  0.4216422715E+01  0.9994568535E+00
  0.9998745926E+00  0.4216457453E+01  0.9994711446E+00
  0.9998779820E+00  0.4216492192E+01  0.9994854359E+00
  0.9998813714E+00  0.4216526932E+01  0.9994997273E+00
  0.9998847608E+00  0.4216561672E+01  0.9995140188E+00
  0.9998881502E+00  0.4216596412E+01  0.9995283104E+00
  0.9998915396E+00  0.4216631153E+01  0.9995426021E+00
  0.9998949290E+00  0.4216665894E+01  0.9995568940E+00
  0.9998983184E+00  0.4216700636E+01  0.9995711860E+00
  0.9999017077E+00  0.4216735378E+01  0.9995854781E+00
  0.9999050971E+00  0.4216770120E+01  0.9995997703E+00
  0.9999084865E+00  0.4216804863E+01  0.9996140626E+00
  0.9999118759E+00  0.4216839606E+01  0.9996283551E+00
  0.9999152653E+00  0.4216874350E+01  0.9996426476E+00
  0.9999186547E+00  0.4216909094E+01  0.9996569403E+00
  0.9999220441E+00  0.4216943838E+01  0.9996712331E+00
  0.9999254335E+00  0.4216978583E+01  0.9996855260E+00
  0.9999288229E+00  0.4217013328E+01  0.9996998191E+00
  0.9999322122E+00  0.4217048073E+01  0.9997141122E+00
  0.9999356016E+00  0.4217082819E+01  0.9997284055E+00
  0.9999389910E+00  0.4217117565E+01  0.9997426989E+00
  0.9999423804E+00  0.4217152312E+01  0.9997569924E+00
  0.9999457698E+00  0.4217187059E+01  0.9997712860E+00
  0.9999491592E+00  0.4217221806E+01  0.9997855797E+00
  0.9999525486E+00  0.4217256554E+01  0.9997998736E+00
  0.9999559380E+00  0.4217291302E+01  0.9998141676E+00
  0.9999593273E+00  0.4217326050E+01  0.9998284617E+00
  0.9999627167E+00  0.4217360799E+01  0.9998427559E+00
  0.9999661061E+00  0.4217395548E+01  0.9998570502E+00
  0.9999694955E+00  0.4217430297E+01  0.9998713447E+00
  0.9999728849E+00  0.4217465047E+01  0.9998856392E+00
  0.9999762743E+00  0.4217499797E+01  0.9998999339E+00
  0.9999796637E+00  0.4217534547E+01  0.9999142287E+00
  0.9999830531E+00  0.4217569298E+01  0.9999285236E+00
  0.9999864424E+00  0.4217604049E+01  0.9999428187E+00
  0.9999898318E+00  0.4217638800E+01  0.9999571138E+00
  0.9999932212E+00  0.4217673552E+01  0.9999714091E+00
  0.9999966106E+00  0.4217708304E+01  0.9999857045E+00
  0.1000000000E+01  0.4217742951E+01  0.1000000000E+01
  0.1000000000E+01  0.4217742951E+01  0.1000000000E+01
