  0.0000000000E+00  0.4217743141E+01 -0.1000000000E+01
  0.6996492144E-18  0.4217743141E+01 -0.1000000000E+01
  0.3389387958E-05  0.4217691238E+01 -0.9999857045E+00
  0.6778775916E-05  0.4217639334E+01 -0.9999714092E+00
  0.1016816387E-04  0.4217587431E+01 -0.9999571141E+00
  0.1355755183E-04  0.4217535528E+01 -0.9999428191E+00
  0.1694693979E-04  0.4217483626E+01 -0.9999285244E+00
  0.2033632775E-04  0.4217431724E+01 -0.9999142298E+00
  0.2372571571E-04  0.4217379822E+01 -0.9998999353E+00
  0.2711510367E-04  0.4217327921E+01 -0.9998856411E+00
  0.3050449162E-04  0.4217276019E+01 -0.9998713470E+00
  0.3389387958E-04  0.4217224118E+01 -0.9998570531E+00
  0.3728326754E-04  0.4217172218E+01 -0.9998427594E+00
  0.4067265550E-04  0.4217120317E+01 -0.9998284659E+00
  0.4406204346E-04  0.4217068417E+01 -0.9998141725E+00
  0.4745143141E-04  0.4217016518E+01 -0.9997998793E+00
  0.5084081937E-04  0.4216964618E+01 -0.9997855863E+00
  0.5423020733E-04  0.4216912719E+01 -0.9997712934E+00
  0.5761959529E-04  0.4216860820E+01 -0.9997570008E+00
  0.6100898325E-04  0.4216808922E+01 -0.9997427083E+00
  0.6439837120E-04  0.4216757024E+01 -0.9997284160E+00
  0.6778775916E-04  0.4216705126E+01 -0.9997141238E+00
  0.7117714712E-04  0.4216653228E+01 -0.9996998319E+00
  0.7456653508E-04  0.4216601331E+01 -0.9996855401E+00
  0.7795592304E-04  0.4216549434E+01 -0.9996712485E+00
  0.8134531100E-04  0.4216497537E+01 -0.9996569570E+00
  0.8473469895E-04  0.4216445640E+01 -0.9996426658E+00
  0.8812408691E-04  0.4216393744E+01 -0.9996283747E+00
  0.9151347487E-04  0.4216341848E+01 -0.9996140838E+00
  0.9490286283E-04  0.4216289953E+01 -0.9995997931E+00
  0.9829225079E-04  0.4216238057E+01 -0.9995855025E+00
  0.1016816387E-03  0.4216186162E+01 -0.9995712121E+00
  0.1050710267E-03  0.4216134268E+01 -0.9995569219E+00
  0.1084604147E-03  0.4216082373E+01 -0.9995426319E+00
  0.1118498026E-03  0.4216030479E+01 -0.9995283420E+00
  0.1152391906E-03  0.4215978585E+01 -0.9995140524E+00
  0.1186285785E-03  0.4215926691E+01 -0.9994997629E+00
  0.1220179665E-03  0.4215874798E+01 -0.9994854735E+00
  0.1254073545E-03  0.4215822905E+01 -0.9994711844E+00
  0.1287967424E-03  0.4215771012E+01 -0.9994568954E+00
  0.1321861304E-03  0.4215719120E+01 -0.9994426066E+00
  0.1355755183E-03  0.4215667228E+01 -0.9994283180E+00
  0.1389649063E-03  0.4215615336E+01 -0.9994140296E+00
  0.1423542942E-03  0.4215563444E+01 -0.9993997413E+00
  0.1457436822E-03  0.4215511553E+01 -0.9993854532E+00
  0.1491330702E-03  0.4215459662E+01 -0.9993711653E+00
  0.1525224581E-03  0.4215407771E+01 -0.9993568776E+00
  0.1559118461E-03  0.4215355881E+01 -0.9993425900E+00
  0.1593012340E-03  0.4215303991E+01 -0.9993283026E+00
  0.1626906220E-03  0.4215252101E+01 -0.9993140154E+00
  0.1660800099E-03  0.4215200211E+01 -0.9992997284E+00
  0.1694693979E-03  0.4215148322E+01 -0.9992854415E+00
  0.1728587859E-03  0.4215096433E+01 -0.9992711548E+00
  0.1762481738E-03  0.4215044544E+01 -0.9992568683E+00
  0.1796375618E-03  0.4214992655E+01 -0.9992425820E+00
  0.1830269497E-03  0.4214940767E+01 -0.9992282958E+00
  0.1864163377E-03  0.4214888879E+01 -0.9992140098E+00
  0.1898057257E-03  0.4214836991E+01 -0.9991997240E+00
  0.1931951136E-03  0.4214785104E+01 -0.9991854384E+00
  0.1965845016E-03  0.4214733217E+01 -0.9991711529E+00
  0.1999738895E-03  0.4214681330E+01 -0.9991568677E+00
  0.2033632775E-03  0.4214629443E+01 -0.9991425826E+00
  0.2067526654E-03  0.4214577557E+01 -0.9991282976E+00
  0.2101420534E-03  0.4214525671E+01 -0.9991140129E+00
  0.2135314414E-03  0.4214473785E+01 -0.9990997283E+00
  0.2169208293E-03  0.4214421900E+01 -0.9990854439E+00
  0.2203102173E-03  0.4214370014E+01 -0.9990711597E+00
  0.2236996052E-03  0.4214318129E+01 -0.9990568756E+00
  0.2270889932E-03  0.4214266245E+01 -0.9990425918E+00
  0.2304783812E-03  0.4214214360E+01 -0.9990283081E+00
  0.2338677691E-03  0.4214162476E+01 -0.9990140245E+00
  0.2372571571E-03  0.4214110592E+01 -0.9989997412E+00
  0.2406465450E-03  0.4214058709E+01 -0.9989854580E+00
  0.2440359330E-03  0.4214006825E+01 -0.9989711750E+00
  0.2474253209E-03  0.4213954942E+01 -0.9989568922E+00
  0.2508147089E-03  0.4213903059E+01 -0.9989426096E+00
  0.2542040969E-03  0.4213851177E+01 -0.9989283271E+00
  0.2575934848E-03  0.4213799294E+01 -0.9989140448E+00
  0.2609828728E-03  0.4213747412E+01 -0.9988997627E+00
  0.2643722607E-03  0.4213695531E+01 -0.9988854808E+00
  0.2677616487E-03  0.4213643649E+01 -0.9988711990E+00
  0.2711510367E-03  0.4213591768E+01 -0.9988569174E+00
  0.2745404246E-03  0.4213539887E+01 -0.9988426360E+00
  0.2779298126E-03  0.4213488006E+01 -0.9988283548E+00
  0.2813192005E-03  0.4213436126E+01 -0.9988140737E+00
  0.2847085885E-03  0.4213384245E+01 -0.9987997929E+00
  0.2880979764E-03  0.4213332365E+01 -0.9987855122E+00
  0.2914873644E-03  0.4213280486E+01 -0.9987712316E+00
  0.2948767524E-03  0.4213228606E+01 -0.9987569513E+00
  0.2982661403E-03  0.4213176727E+01 -0.9987426711E+00
  0.3016555283E-03  0.4213124848E+01 -0.9987283911E+00
  0.3050449162E-03  0.4213072969E+01 -0.9987141113E+00
  0.3084343042E-03  0.4213021091E+01 -0.9986998316E+00
  0.3118236921E-03  0.4212969213E+01 -0.9986855521E+00
  0.3152130801E-03  0.4212917335E+01 -0.9986712728E+00
  0.3186024681E-03  0.4212865457E+01 -0.9986569937E+00
  0.3219918560E-03  0.4212813580E+01 -0.9986427148E+00
  0.3253812440E-03  0.4212761703E+01 -0.9986284360E+00
  0.3287706319E-03  0.4212709826E+01 -0.9986141574E+00
  0.3321600199E-03  0.4212657949E+01 -0.9985998790E+00
  0.3355494079E-03  0.4212606073E+01 -0.9985856007E+00
  0.3389387958E-03  0.4212554196E+01 -0.9985713227E+00
  0.3423624200E-03  0.4212501797E+01 -0.9985569006E+00
  0.3458206263E-03  0.4212448868E+01 -0.9985423329E+00
  0.3493137639E-03  0.4212395404E+01 -0.9985276184E+00
  0.3528421858E-03  0.4212341401E+01 -0.9985127554E+00
  0.3564062483E-03  0.4212286853E+01 -0.9984977424E+00
  0.3600063114E-03  0.4212231754E+01 -0.9984825780E+00
  0.3636427388E-03  0.4212176099E+01 -0.9984672606E+00
  0.3673158977E-03  0.4212119881E+01 -0.9984517887E+00
  0.3710261593E-03  0.4212063097E+01 -0.9984361608E+00
  0.3747738983E-03  0.4212005739E+01 -0.9984203752E+00
  0.3785594932E-03  0.4211947802E+01 -0.9984044303E+00
  0.3823833265E-03  0.4211889280E+01 -0.9983883247E+00
  0.3862457844E-03  0.4211830167E+01 -0.9983720565E+00
  0.3901472569E-03  0.4211770457E+01 -0.9983556243E+00
  0.3940881383E-03  0.4211710145E+01 -0.9983390263E+00
  0.3980688266E-03  0.4211649224E+01 -0.9983222610E+00
  0.4020897238E-03  0.4211587687E+01 -0.9983053265E+00
  0.4061512362E-03  0.4211525530E+01 -0.9982882212E+00
  0.4102537739E-03  0.4211462745E+01 -0.9982709434E+00
  0.4143977514E-03  0.4211399326E+01 -0.9982534913E+00
  0.4185835873E-03  0.4211335267E+01 -0.9982358632E+00
  0.4228117043E-03  0.4211270561E+01 -0.9982180573E+00
  0.4270825296E-03  0.4211205202E+01 -0.9982000719E+00
  0.4313964946E-03  0.4211139183E+01 -0.9981819050E+00
  0.4357540349E-03  0.4211072497E+01 -0.9981635549E+00
  0.4401555908E-03  0.4211005139E+01 -0.9981450198E+00
  0.4446016069E-03  0.4210937100E+01 -0.9981262978E+00
  0.4490925322E-03  0.4210868375E+01 -0.9981073869E+00
  0.4536288204E-03  0.4210798956E+01 -0.9980882854E+00
  0.4582109297E-03  0.4210728836E+01 -0.9980689912E+00
  0.4628393230E-03  0.4210658008E+01 -0.9980495025E+00
  0.4675144676E-03  0.4210586465E+01 -0.9980298172E+00
  0.4722368360E-03  0.4210514200E+01 -0.9980099334E+00
  0.4770069051E-03  0.4210441206E+01 -0.9979898491E+00
  0.4818251566E-03  0.4210367474E+01 -0.9979695624E+00
  0.4866920774E-03  0.4210292999E+01 -0.9979490710E+00
  0.4916081590E-03  0.4210217771E+01 -0.9979283731E+00
  0.4965738980E-03  0.4210141784E+01 -0.9979074664E+00
  0.5015897959E-03  0.4210065030E+01 -0.9978863490E+00
  0.5066563595E-03  0.4209987502E+01 -0.9978650186E+00
  0.5117741005E-03  0.4209909190E+01 -0.9978434732E+00
  0.5169435359E-03  0.4209830088E+01 -0.9978217105E+00
  0.5221651878E-03  0.4209750188E+01 -0.9977997285E+00
  0.5274395836E-03  0.4209669481E+01 -0.9977775248E+00
  0.5327672562E-03  0.4209587960E+01 -0.9977550973E+00
  0.5381487436E-03  0.4209505615E+01 -0.9977324436E+00
  0.5435845895E-03  0.4209422439E+01 -0.9977095616E+00
  0.5490753429E-03  0.4209338424E+01 -0.9976864490E+00
  0.5546215585E-03  0.4209253561E+01 -0.9976631033E+00
  0.5602237965E-03  0.4209167841E+01 -0.9976395223E+00
  0.5658826227E-03  0.4209081255E+01 -0.9976157036E+00
  0.5715986088E-03  0.4208993796E+01 -0.9975916448E+00
  0.5773723321E-03  0.4208905454E+01 -0.9975673435E+00
  0.5832043759E-03  0.4208816220E+01 -0.9975427972E+00
  0.5890953291E-03  0.4208726086E+01 -0.9975180035E+00
  0.5950457870E-03  0.4208635042E+01 -0.9974929600E+00
  0.6010563505E-03  0.4208543078E+01 -0.9974676640E+00
  0.6071276268E-03  0.4208450187E+01 -0.9974421130E+00
  0.6132602291E-03  0.4208356357E+01 -0.9974163046E+00
  0.6194547769E-03  0.4208261581E+01 -0.9973902360E+00
  0.6257118958E-03  0.4208165848E+01 -0.9973639047E+00
  0.6320322180E-03  0.4208069149E+01 -0.9973373080E+00
  0.6384163818E-03  0.4207971474E+01 -0.9973104434E+00
  0.6448650321E-03  0.4207872812E+01 -0.9972833079E+00
  0.6513788203E-03  0.4207773155E+01 -0.9972558991E+00
  0.6579584044E-03  0.4207672492E+01 -0.9972282140E+00
  0.6646044489E-03  0.4207570813E+01 -0.9972002500E+00
  0.6713176251E-03  0.4207468108E+01 -0.9971720041E+00
  0.6780986112E-03  0.4207364366E+01 -0.9971434737E+00
  0.6849480921E-03  0.4207259577E+01 -0.9971146558E+00
  0.6918667597E-03  0.4207153730E+01 -0.9970855475E+00
  0.6988553129E-03  0.4207046815E+01 -0.9970561460E+00
  0.7059144575E-03  0.4206938821E+01 -0.9970264482E+00
  0.7130449065E-03  0.4206829737E+01 -0.9969964513E+00
  0.7202473803E-03  0.4206719552E+01 -0.9969661521E+00
  0.7275226064E-03  0.4206608254E+01 -0.9969355476E+00
  0.7348713196E-03  0.4206495834E+01 -0.9969046349E+00
  0.7422942622E-03  0.4206382278E+01 -0.9968734107E+00
  0.7497921840E-03  0.4206267577E+01 -0.9968418720E+00
  0.7573658425E-03  0.4206151717E+01 -0.9968100157E+00
  0.7650160025E-03  0.4206034689E+01 -0.9967778384E+00
  0.7727434369E-03  0.4205916479E+01 -0.9967453370E+00
  0.7805489261E-03  0.4205797076E+01 -0.9967125082E+00
  0.7884332587E-03  0.4205676468E+01 -0.9966793488E+00
  0.7963972310E-03  0.4205554643E+01 -0.9966458554E+00
  0.8044416475E-03  0.4205431588E+01 -0.9966120246E+00
  0.8125673207E-03  0.4205307291E+01 -0.9965778532E+00
  0.8207750714E-03  0.4205181739E+01 -0.9965433376E+00
  0.8290657287E-03  0.4205054921E+01 -0.9965084744E+00
  0.8374401300E-03  0.4204926822E+01 -0.9964732601E+00
  0.8458991212E-03  0.4204797430E+01 -0.9964376912E+00
  0.8544435568E-03  0.4204666733E+01 -0.9964017641E+00
  0.8630742998E-03  0.4204534716E+01 -0.9963654753E+00
  0.8717922220E-03  0.4204401367E+01 -0.9963288211E+00
  0.8805982040E-03  0.4204266673E+01 -0.9962917978E+00
  0.8894931354E-03  0.4204130618E+01 -0.9962544017E+00
  0.8984779145E-03  0.4203993191E+01 -0.9962166292E+00
  0.9075534490E-03  0.4203854376E+01 -0.9961784763E+00
  0.9167206556E-03  0.4203714161E+01 -0.9961399394E+00
  0.9259804602E-03  0.4203572530E+01 -0.9961010144E+00
  0.9353337982E-03  0.4203429470E+01 -0.9960616977E+00
  0.9447816143E-03  0.4203284966E+01 -0.9960219851E+00
  0.9543248629E-03  0.4203139003E+01 -0.9959818728E+00
  0.9639645080E-03  0.4202991567E+01 -0.9959413568E+00
  0.9737015233E-03  0.4202842643E+01 -0.9959004329E+00
  0.9835368922E-03  0.4202692217E+01 -0.9958590971E+00
  0.9934716083E-03  0.4202540271E+01 -0.9958173453E+00
  0.1003506675E-02  0.4202386793E+01 -0.9957751733E+00
  0.1013643106E-02  0.4202231765E+01 -0.9957325769E+00
  0.1023881925E-02  0.4202075173E+01 -0.9956895518E+00
  0.1034224167E-02  0.4201917000E+01 -0.9956460938E+00
  0.1044670876E-02  0.4201757230E+01 -0.9956021984E+00
  0.1055223107E-02  0.4201595849E+01 -0.9955578613E+00
  0.1065881926E-02  0.4201432838E+01 -0.9955130782E+00
  0.1076648410E-02  0.4201268182E+01 -0.9954678444E+00
  0.1087523647E-02  0.4201101864E+01 -0.9954221555E+00
  0.1098508734E-02  0.4200933867E+01 -0.9953760070E+00
  0.1109604782E-02  0.4200764175E+01 -0.9953293941E+00
  0.1120812911E-02  0.4200592770E+01 -0.9952823124E+00
  0.1132134253E-02  0.4200419635E+01 -0.9952347570E+00
  0.1143569953E-02  0.4200244753E+01 -0.9951867233E+00
  0.1155121165E-02  0.4200068105E+01 -0.9951382064E+00
  0.1166789055E-02  0.4199889675E+01 -0.9950892015E+00
  0.1178574803E-02  0.4199709443E+01 -0.9950397037E+00
  0.1190479599E-02  0.4199527393E+01 -0.9949897081E+00
  0.1202504646E-02  0.4199343504E+01 -0.9949392097E+00
  0.1214651157E-02  0.4199157760E+01 -0.9948882035E+00
  0.1226920361E-02  0.4198970141E+01 -0.9948366843E+00
  0.1239313496E-02  0.4198780628E+01 -0.9947846471E+00
  0.1251831814E-02  0.4198589202E+01 -0.9947320866E+00
  0.1264476580E-02  0.4198395844E+01 -0.9946789976E+00
  0.1277249070E-02  0.4198200534E+01 -0.9946253749E+00
  0.1290150576E-02  0.4198003253E+01 -0.9945712131E+00
  0.1303182400E-02  0.4197803980E+01 -0.9945165067E+00
  0.1316345859E-02  0.4197602696E+01 -0.9944612504E+00
  0.1329642282E-02  0.4197399380E+01 -0.9944054387E+00
  0.1343073012E-02  0.4197194012E+01 -0.9943490659E+00
  0.1356639406E-02  0.4196986570E+01 -0.9942921265E+00
  0.1370342834E-02  0.4196777034E+01 -0.9942346149E+00
  0.1384184681E-02  0.4196565384E+01 -0.9941765252E+00
  0.1398166344E-02  0.4196351596E+01 -0.9941178517E+00
  0.1412289237E-02  0.4196135651E+01 -0.9940585886E+00
  0.1426554785E-02  0.4195917525E+01 -0.9939987300E+00
  0.1440964429E-02  0.4195697198E+01 -0.9939382699E+00
  0.1455519625E-02  0.4195474646E+01 -0.9938772023E+00
  0.1470221844E-02  0.4195249847E+01 -0.9938155212E+00
  0.1485072569E-02  0.4195022779E+01 -0.9937532204E+00
  0.1500073302E-02  0.4194793418E+01 -0.9936902937E+00
  0.1515225558E-02  0.4194561742E+01 -0.9936267349E+00
  0.1530530867E-02  0.4194327726E+01 -0.9935625376E+00
  0.1545990774E-02  0.4194091348E+01 -0.9934976955E+00
  0.1561606843E-02  0.4193852584E+01 -0.9934322022E+00
  0.1577380649E-02  0.4193611408E+01 -0.9933660510E+00
  0.1593313787E-02  0.4193367797E+01 -0.9932992356E+00
  0.1609407866E-02  0.4193121727E+01 -0.9932317492E+00
  0.1625664511E-02  0.4192873172E+01 -0.9931635851E+00
  0.1642085364E-02  0.4192622107E+01 -0.9930947366E+00
  0.1658672085E-02  0.4192368507E+01 -0.9930251969E+00
  0.1675426349E-02  0.4192112346E+01 -0.9929549590E+00
  0.1692349847E-02  0.4191853599E+01 -0.9928840159E+00
  0.1709444290E-02  0.4191592238E+01 -0.9928123608E+00
  0.1726711404E-02  0.4191328238E+01 -0.9927399864E+00
  0.1744152934E-02  0.4191061571E+01 -0.9926668855E+00
  0.1761770640E-02  0.4190792212E+01 -0.9925930510E+00
  0.1779566303E-02  0.4190520132E+01 -0.9925184755E+00
  0.1797541720E-02  0.4190245304E+01 -0.9924431516E+00
  0.1815698707E-02  0.4189967701E+01 -0.9923670719E+00
  0.1834039098E-02  0.4189687293E+01 -0.9922902288E+00
  0.1852564746E-02  0.4189404076E+01 -0.9922126148E+00
  0.1871277521E-02  0.4189118070E+01 -0.9921342221E+00
  0.1890179314E-02  0.4188829178E+01 -0.9920550430E+00
  0.1909272034E-02  0.4188537371E+01 -0.9919750696E+00
  0.1928557610E-02  0.4188242619E+01 -0.9918942941E+00
  0.1948037990E-02  0.4187944892E+01 -0.9918127084E+00
  0.1967715142E-02  0.4187644161E+01 -0.9917303046E+00
  0.1987591052E-02  0.4187340395E+01 -0.9916470743E+00
  0.2007667730E-02  0.4187033563E+01 -0.9915630095E+00
  0.2027947202E-02  0.4186723634E+01 -0.9914781018E+00
  0.2048431517E-02  0.4186410577E+01 -0.9913923429E+00
  0.2069122744E-02  0.4186094361E+01 -0.9913057242E+00
  0.2090022974E-02  0.4185774953E+01 -0.9912182372E+00
  0.2111134317E-02  0.4185452321E+01 -0.9911298733E+00
  0.2132458906E-02  0.4185126432E+01 -0.9910406237E+00
  0.2153998895E-02  0.4184797255E+01 -0.9909504797E+00
  0.2175756460E-02  0.4184464754E+01 -0.9908594323E+00
  0.2197733798E-02  0.4184128897E+01 -0.9907674726E+00
  0.2219933129E-02  0.4183789650E+01 -0.9906745915E+00
  0.2242356696E-02  0.4183446978E+01 -0.9905807798E+00
  0.2265006764E-02  0.4183100847E+01 -0.9904860284E+00
  0.2287885620E-02  0.4182751221E+01 -0.9903903278E+00
  0.2310995576E-02  0.4182398066E+01 -0.9902936687E+00
  0.2334338965E-02  0.4182041345E+01 -0.9901960415E+00
  0.2357918147E-02  0.4181681023E+01 -0.9900974367E+00
  0.2381735502E-02  0.4181317063E+01 -0.9899978444E+00
  0.2405793436E-02  0.4180949427E+01 -0.9898972550E+00
  0.2430094380E-02  0.4180578080E+01 -0.9897956585E+00
  0.2454640788E-02  0.4180202983E+01 -0.9896930449E+00
  0.2479435139E-02  0.4179824098E+01 -0.9895894042E+00
  0.2504479939E-02  0.4179441387E+01 -0.9894847261E+00
  0.2529777716E-02  0.4179054811E+01 -0.9893790004E+00
  0.2555331026E-02  0.4178664331E+01 -0.9892722167E+00
  0.2581142450E-02  0.4178269907E+01 -0.9891643646E+00
  0.2607214596E-02  0.4177871500E+01 -0.9890554333E+00
  0.2633550097E-02  0.4177469068E+01 -0.9889454122E+00
  0.2660151614E-02  0.4177062571E+01 -0.9888342906E+00
  0.2687021832E-02  0.4176651968E+01 -0.9887220576E+00
  0.2714163467E-02  0.4176237217E+01 -0.9886087020E+00
  0.2741579259E-02  0.4175818276E+01 -0.9884942129E+00
  0.2769271979E-02  0.4175395103E+01 -0.9883785790E+00
  0.2797244423E-02  0.4174967653E+01 -0.9882617890E+00
  0.2825499417E-02  0.4174535885E+01 -0.9881438314E+00
  0.2854039815E-02  0.4174099754E+01 -0.9880246947E+00
  0.2882868500E-02  0.4173659216E+01 -0.9879043673E+00
  0.2911988384E-02  0.4173214225E+01 -0.9877828373E+00
  0.2941402408E-02  0.4172764737E+01 -0.9876600929E+00
  0.2971113544E-02  0.4172310706E+01 -0.9875361220E+00
  0.3001124792E-02  0.4171852086E+01 -0.9874109127E+00
  0.3031439184E-02  0.4171388829E+01 -0.9872844525E+00
  0.3062059781E-02  0.4170920890E+01 -0.9871567293E+00
  0.3092989678E-02  0.4170448219E+01 -0.9870277304E+00
  0.3124231998E-02  0.4169970769E+01 -0.9868974434E+00
  0.3155789897E-02  0.4169488492E+01 -0.9867658555E+00
  0.3187666563E-02  0.4169001240E+01 -0.9866329539E+00
  0.3219865215E-02  0.4168508790E+01 -0.9864987256E+00
  0.3252389106E-02  0.4168011348E+01 -0.9863631575E+00
  0.3285241521E-02  0.4167508863E+01 -0.9862262365E+00
  0.3318425779E-02  0.4167001284E+01 -0.9860879493E+00
  0.3351945231E-02  0.4166488558E+01 -0.9859482823E+00
  0.3385803264E-02  0.4165970632E+01 -0.9858072219E+00
  0.3420003297E-02  0.4165447453E+01 -0.9856647546E+00
  0.3454548785E-02  0.4164918967E+01 -0.9855208663E+00
  0.3489443217E-02  0.4164385118E+01 -0.9853755431E+00
  0.3524690118E-02  0.4163845852E+01 -0.9852287709E+00
  0.3560293049E-02  0.4163301114E+01 -0.9850805355E+00
  0.3596255605E-02  0.4162750846E+01 -0.9849308225E+00
  0.3632581419E-02  0.4162194992E+01 -0.9847796172E+00
  0.3669274160E-02  0.4161633493E+01 -0.9846269052E+00
  0.3706337536E-02  0.4161066293E+01 -0.9844726715E+00
  0.3743775289E-02  0.4160493331E+01 -0.9843169013E+00
  0.3781591201E-02  0.4159914548E+01 -0.9841595794E+00
  0.3819789092E-02  0.4159329885E+01 -0.9840006906E+00
  0.3858372820E-02  0.4158739280E+01 -0.9838402195E+00
  0.3897346283E-02  0.4158142672E+01 -0.9836781507E+00
  0.3936713417E-02  0.4157539998E+01 -0.9835144684E+00
  0.3976478199E-02  0.4156931197E+01 -0.9833491568E+00
  0.4016644645E-02  0.4156316203E+01 -0.9831822000E+00
  0.4057216813E-02  0.4155694953E+01 -0.9830135818E+00
  0.4098198801E-02  0.4155067383E+01 -0.9828432861E+00
  0.4139594749E-02  0.4154433426E+01 -0.9826712962E+00
  0.4181408837E-02  0.4153793016E+01 -0.9824975958E+00
  0.4223645290E-02  0.4153146085E+01 -0.9823221680E+00
  0.4266308374E-02  0.4152492567E+01 -0.9821449959E+00
  0.4309402398E-02  0.4151832392E+01 -0.9819660625E+00
  0.4352931715E-02  0.4151165491E+01 -0.9817853506E+00
  0.4396900722E-02  0.4150491793E+01 -0.9816028428E+00
  0.4441313861E-02  0.4149809735E+01 -0.9814185215E+00
  0.4486175617E-02  0.4149118420E+01 -0.9812323693E+00
  0.4531490522E-02  0.4148419946E+01 -0.9810443682E+00
  0.4577263154E-02  0.4147714234E+01 -0.9808545003E+00
  0.4623498135E-02  0.4147001205E+01 -0.9806627473E+00
  0.4670200136E-02  0.4146280781E+01 -0.9804690908E+00
  0.4717373875E-02  0.4145552879E+01 -0.9802735124E+00
  0.4765024116E-02  0.4144817418E+01 -0.9800759934E+00
  0.4813155673E-02  0.4144074315E+01 -0.9798765147E+00
  0.4861773407E-02  0.4143323487E+01 -0.9796750575E+00
  0.4910882230E-02  0.4142564848E+01 -0.9794716024E+00
  0.4960487101E-02  0.4141798314E+01 -0.9792661300E+00
  0.5010593031E-02  0.4141023796E+01 -0.9790586207E+00
  0.5061205082E-02  0.4140241206E+01 -0.9788490548E+00
  0.5112328365E-02  0.4139450457E+01 -0.9786374123E+00
  0.5163968046E-02  0.4138651457E+01 -0.9784236730E+00
  0.5216129339E-02  0.4137843342E+01 -0.9782078167E+00
  0.5268817514E-02  0.4137025959E+01 -0.9779898228E+00
  0.5322037893E-02  0.4136199991E+01 -0.9777696707E+00
  0.5375795852E-02  0.4135367394E+01 -0.9775473394E+00
  0.5430096820E-02  0.4134528854E+01 -0.9773228077E+00
  0.5484946283E-02  0.4133681619E+01 -0.9770960543E+00
  0.5540349781E-02  0.4132825593E+01 -0.9768670576E+00
  0.5596312910E-02  0.4131960680E+01 -0.9766357959E+00
  0.5652841323E-02  0.4131086783E+01 -0.9764022474E+00
  0.5709940730E-02  0.4130203804E+01 -0.9761663901E+00
  0.5767616899E-02  0.4129311643E+01 -0.9759282014E+00
  0.5825875656E-02  0.4128410199E+01 -0.9756876591E+00
  0.5884722885E-02  0.4127499369E+01 -0.9754447404E+00
  0.5944164530E-02  0.4126579052E+01 -0.9751994224E+00
  0.6004206596E-02  0.4125649142E+01 -0.9749516820E+00
  0.6064855147E-02  0.4124709533E+01 -0.9747014959E+00
  0.6126116310E-02  0.4123760118E+01 -0.9744488405E+00
  0.6187996273E-02  0.4122800788E+01 -0.9741936920E+00
  0.6250501286E-02  0.4121831434E+01 -0.9739360266E+00
  0.6313637663E-02  0.4120851945E+01 -0.9736758200E+00
  0.6377411780E-02  0.4119862207E+01 -0.9734130479E+00
  0.6441830081E-02  0.4118859031E+01 -0.9731476857E+00
  0.6506899072E-02  0.4117843872E+01 -0.9728797087E+00
  0.6572625325E-02  0.4116817948E+01 -0.9726090920E+00
  0.6639015480E-02  0.4115781137E+01 -0.9723358102E+00
  0.6706076242E-02  0.4114733314E+01 -0.9720598379E+00
  0.6773814386E-02  0.4113674352E+01 -0.9717811494E+00
  0.6842236754E-02  0.4112606705E+01 -0.9714997186E+00
  0.6911350256E-02  0.4111528051E+01 -0.9712155192E+00
  0.6981161875E-02  0.4110440739E+01 -0.9709285247E+00
  0.7051678662E-02  0.4109349018E+01 -0.9706387081E+00
  0.7122907739E-02  0.4108245997E+01 -0.9703460423E+00
  0.7194856302E-02  0.4107131553E+01 -0.9700505000E+00
  0.7267531618E-02  0.4106005564E+01 -0.9697520538E+00
  0.7340941029E-02  0.4104867904E+01 -0.9694506761E+00
  0.7415091948E-02  0.4103718448E+01 -0.9691463390E+00
  0.7489991867E-02  0.4102557067E+01 -0.9688390143E+00
  0.7565648350E-02  0.4101383634E+01 -0.9685286737E+00
  0.7642069041E-02  0.4100198017E+01 -0.9682152884E+00
  0.7719261657E-02  0.4099000086E+01 -0.9678988296E+00
  0.7797233997E-02  0.4097789706E+01 -0.9675792682E+00
  0.7875993937E-02  0.4096566744E+01 -0.9672565747E+00
  0.7955549431E-02  0.4095331062E+01 -0.9669307194E+00
  0.8035908516E-02  0.4094082524E+01 -0.9666016725E+00
  0.8117079309E-02  0.4092819851E+01 -0.9662694039E+00
  0.8199070009E-02  0.4091531953E+01 -0.9659338835E+00
  0.8281888898E-02  0.4090230290E+01 -0.9655950813E+00
  0.8365544342E-02  0.4088914704E+01 -0.9652529663E+00
  0.8450044790E-02  0.4087585037E+01 -0.9649075073E+00
  0.8535398777E-02  0.4086241128E+01 -0.9645586730E+00
  0.8621614927E-02  0.4084882815E+01 -0.9642064316E+00
  0.8708701946E-02  0.4083509935E+01 -0.9638507511E+00
  0.8796668632E-02  0.4082118465E+01 -0.9634915994E+00
  0.8885523871E-02  0.4080711890E+01 -0.9631289443E+00
  0.8975276638E-02  0.4079290114E+01 -0.9627627529E+00
  0.9065935997E-02  0.4077852962E+01 -0.9623929923E+00
  0.9157511109E-02  0.4076400259E+01 -0.9620196289E+00
  0.9250011221E-02  0.4074931828E+01 -0.9616426294E+00
  0.9343445678E-02  0.4073447490E+01 -0.9612619597E+00
  0.9437823917E-02  0.4071947063E+01 -0.9608775857E+00
  0.9533155471E-02  0.4070430365E+01 -0.9604894729E+00
  0.9629449971E-02  0.4068897213E+01 -0.9600975867E+00
  0.9726717143E-02  0.4067347419E+01 -0.9597018919E+00
  0.9824966811E-02  0.4065780796E+01 -0.9593023534E+00
  0.9924208900E-02  0.4064197156E+01 -0.9588989354E+00
  0.1002445343E-01  0.4062596307E+01 -0.9584916020E+00
  0.1012571054E-01  0.4060978058E+01 -0.9580803172E+00
  0.1022799044E-01  0.4059342214E+01 -0.9576650444E+00
  0.1033130348E-01  0.4057688580E+01 -0.9572457469E+00
  0.1043566008E-01  0.4056016961E+01 -0.9568223875E+00
  0.1054107079E-01  0.4054327159E+01 -0.9563949290E+00
  0.1064754625E-01  0.4052618974E+01 -0.9559633336E+00
  0.1075509722E-01  0.4050889460E+01 -0.9555275635E+00
  0.1086373457E-01  0.4049121180E+01 -0.9550875816E+00
  0.1097346926E-01  0.4047315061E+01 -0.9546433517E+00
  0.1108431238E-01  0.4045488552E+01 -0.9541948358E+00
  0.1119627514E-01  0.4043641434E+01 -0.9537419952E+00
  0.1130936882E-01  0.4041773486E+01 -0.9532847905E+00
  0.1142360487E-01  0.4039884488E+01 -0.9528231822E+00
  0.1153899482E-01  0.4037974220E+01 -0.9523571303E+00
  0.1165555032E-01  0.4036042462E+01 -0.9518865948E+00
  0.1177328316E-01  0.4034088994E+01 -0.9514115351E+00
  0.1189220521E-01  0.4032105868E+01 -0.9509319109E+00
  0.1201232849E-01  0.4030082361E+01 -0.9504476826E+00
  0.1213366514E-01  0.4028035703E+01 -0.9499588101E+00
  0.1225622742E-01  0.4025965663E+01 -0.9494652517E+00
  0.1238002770E-01  0.4023839789E+01 -0.9489669676E+00
  0.1250507848E-01  0.4021647362E+01 -0.9484639204E+00
  0.1263139240E-01  0.4019431365E+01 -0.9479560703E+00
  0.1275898223E-01  0.4017188732E+01 -0.9474433748E+00
  0.1288786083E-01  0.4014919200E+01 -0.9469257914E+00
  0.1301804125E-01  0.4012622509E+01 -0.9464032770E+00
  0.1314953661E-01  0.4010298402E+01 -0.9458757886E+00
  0.1328236022E-01  0.4007946750E+01 -0.9453432825E+00
  0.1341652547E-01  0.4005567209E+01 -0.9448057149E+00
  0.1355204593E-01  0.4003159515E+01 -0.9442630417E+00
  0.1368893528E-01  0.4000750391E+01 -0.9437152167E+00
  0.1382720736E-01  0.3998359062E+01 -0.9431621900E+00
  0.1396687612E-01  0.3995940909E+01 -0.9426039130E+00
  0.1410795567E-01  0.3993525700E+01 -0.9420403378E+00
  0.1425046028E-01  0.3991107741E+01 -0.9414714143E+00
  0.1439440432E-01  0.3988663474E+01 -0.9408970940E+00
  0.1453980234E-01  0.3986192711E+01 -0.9403173298E+00
  0.1468666903E-01  0.3983695268E+01 -0.9397320743E+00
  0.1483501923E-01  0.3981142538E+01 -0.9391412817E+00
  0.1498486790E-01  0.3978556310E+01 -0.9385449065E+00
  0.1513623021E-01  0.3975941795E+01 -0.9379429010E+00
  0.1528912142E-01  0.3973279699E+01 -0.9373352179E+00
  0.1544355699E-01  0.3970601112E+01 -0.9367218090E+00
  0.1559955252E-01  0.3967894027E+01 -0.9361026241E+00
  0.1575712375E-01  0.3965156928E+01 -0.9354776138E+00
  0.1591628662E-01  0.3962389622E+01 -0.9348467283E+00
  0.1607705719E-01  0.3959591921E+01 -0.9342099176E+00
  0.1623945171E-01  0.3956763651E+01 -0.9335671312E+00
  0.1640348657E-01  0.3953904645E+01 -0.9329183185E+00
  0.1656917836E-01  0.3951014750E+01 -0.9322634284E+00
  0.1673654380E-01  0.3948093826E+01 -0.9316024095E+00
  0.1690559979E-01  0.3945141745E+01 -0.9309352101E+00
  0.1707636343E-01  0.3942186916E+01 -0.9302617756E+00
  0.1724885195E-01  0.3939207078E+01 -0.9295820506E+00
  0.1742308278E-01  0.3936227070E+01 -0.9288959789E+00
  0.1759907351E-01  0.3933316515E+01 -0.9282034956E+00
  0.1777684193E-01  0.3930378209E+01 -0.9275045373E+00
  0.1795640599E-01  0.3927412120E+01 -0.9267990489E+00
  0.1813778383E-01  0.3924413694E+01 -0.9260869753E+00
  0.1832099377E-01  0.3921298401E+01 -0.9253682691E+00
  0.1850605431E-01  0.3918144404E+01 -0.9246428833E+00
  0.1869298415E-01  0.3914960721E+01 -0.9239107628E+00
  0.1888180217E-01  0.3911747436E+01 -0.9231718510E+00
  0.1907252745E-01  0.3908504656E+01 -0.9224260911E+00
  0.1926517924E-01  0.3905232513E+01 -0.9216734259E+00
  0.1945977701E-01  0.3901939670E+01 -0.9209137968E+00
  0.1965634041E-01  0.3898648169E+01 -0.9201471417E+00
  0.1985488931E-01  0.3895328537E+01 -0.9193733990E+00
  0.2005544374E-01  0.3891980993E+01 -0.9185925092E+00
  0.2025802398E-01  0.3888605784E+01 -0.9178044127E+00
  0.2046265049E-01  0.3885203185E+01 -0.9170090490E+00
  0.2066934393E-01  0.3881773498E+01 -0.9162063574E+00
  0.2087812518E-01  0.3878317055E+01 -0.9153962767E+00
  0.2108901533E-01  0.3874834221E+01 -0.9145787451E+00
  0.2130203569E-01  0.3871325388E+01 -0.9137537002E+00
  0.2151720777E-01  0.3867790980E+01 -0.9129210794E+00
  0.2173455330E-01  0.3864231455E+01 -0.9120808191E+00
  0.2195409424E-01  0.3860647302E+01 -0.9112328555E+00
  0.2217585277E-01  0.3857039041E+01 -0.9103771241E+00
  0.2239985128E-01  0.3853407229E+01 -0.9095135599E+00
  0.2262611241E-01  0.3849741347E+01 -0.9086420984E+00
  0.2285465900E-01  0.3846066888E+01 -0.9077626730E+00
  0.2308551414E-01  0.3842274587E+01 -0.9068752264E+00
  0.2331870115E-01  0.3838409871E+01 -0.9059797085E+00
  0.2355424359E-01  0.3834423189E+01 -0.9050760696E+00
  0.2379216524E-01  0.3830371471E+01 -0.9041642593E+00
  0.2403249014E-01  0.3826268370E+01 -0.9032442187E+00
  0.2427524257E-01  0.3822122755E+01 -0.9023158859E+00
  0.2452044704E-01  0.3817956024E+01 -0.9013791952E+00
  0.2476812832E-01  0.3813772461E+01 -0.9004340770E+00
  0.2501831143E-01  0.3809625650E+01 -0.8994804543E+00
  0.2527102165E-01  0.3805463281E+01 -0.8985182489E+00
  0.2552628449E-01  0.3801294777E+01 -0.8975473876E+00
  0.2578412575E-01  0.3797188150E+01 -0.8965677864E+00
  0.2604457147E-01  0.3792969206E+01 -0.8955793744E+00
  0.2630764795E-01  0.3788654960E+01 -0.8945821009E+00
  0.2657338176E-01  0.3784202831E+01 -0.8935759187E+00
  0.2684179976E-01  0.3779736641E+01 -0.8925607699E+00
  0.2711292905E-01  0.3775380753E+01 -0.8915365631E+00
  0.2738679702E-01  0.3771021809E+01 -0.8905032042E+00
  0.2766343134E-01  0.3766657759E+01 -0.8894606138E+00
  0.2794285993E-01  0.3762290337E+01 -0.8884087120E+00
  0.2822511105E-01  0.3757921296E+01 -0.8873474180E+00
  0.2851021318E-01  0.3753579296E+01 -0.8862766456E+00
  0.2879819513E-01  0.3749256006E+01 -0.8851963050E+00
  0.2908908599E-01  0.3744906441E+01 -0.8841063133E+00
  0.2938291514E-01  0.3740562643E+01 -0.8830065888E+00
  0.2967971226E-01  0.3736216165E+01 -0.8818970456E+00
  0.2997950734E-01  0.3731875741E+01 -0.8807775970E+00
  0.3028233064E-01  0.3727543064E+01 -0.8796481541E+00
  0.3058821277E-01  0.3723110732E+01 -0.8785086432E+00
  0.3089718462E-01  0.3718682841E+01 -0.8773589908E+00
  0.3120927739E-01  0.3714265410E+01 -0.8761991061E+00
  0.3152452262E-01  0.3709859472E+01 -0.8750288961E+00
  0.3184295214E-01  0.3705378603E+01 -0.8738482808E+00
  0.3216459812E-01  0.3700552500E+01 -0.8726572368E+00
  0.3248949305E-01  0.3695801183E+01 -0.8714557179E+00
  0.3281766975E-01  0.3691086203E+01 -0.8702436157E+00
  0.3314916136E-01  0.3686373896E+01 -0.8690208327E+00
  0.3348400137E-01  0.3681665103E+01 -0.8677872755E+00
  0.3382222361E-01  0.3676960566E+01 -0.8665428501E+00
  0.3416386223E-01  0.3672260928E+01 -0.8652874612E+00
  0.3450895175E-01  0.3667566723E+01 -0.8640210124E+00
  0.3485752702E-01  0.3662878374E+01 -0.8627434064E+00
  0.3520962325E-01  0.3658076429E+01 -0.8614545661E+00
  0.3556527601E-01  0.3653167830E+01 -0.8601544340E+00
  0.3592452122E-01  0.3648262220E+01 -0.8588429321E+00
  0.3628739518E-01  0.3643359403E+01 -0.8575199623E+00
  0.3665393452E-01  0.3638459046E+01 -0.8561854259E+00
  0.3702417628E-01  0.3633472906E+01 -0.8548392394E+00
  0.3739815786E-01  0.3628333003E+01 -0.8534813486E+00
  0.3777591703E-01  0.3623155198E+01 -0.8521116905E+00
  0.3815749195E-01  0.3617934490E+01 -0.8507301814E+00
  0.3854292116E-01  0.3612704199E+01 -0.8493367317E+00
  0.3893224360E-01  0.3607463086E+01 -0.8479312452E+00
  0.3932549859E-01  0.3602114141E+01 -0.8465136441E+00
  0.3972272585E-01  0.3596567624E+01 -0.8450838878E+00
  0.4012396550E-01  0.3590974009E+01 -0.8436419244E+00
  0.4052925808E-01  0.3585396229E+01 -0.8421876596E+00
  0.4093864453E-01  0.3580023945E+01 -0.8407209466E+00
  0.4135216619E-01  0.3574634556E+01 -0.8392416435E+00
  0.4176986484E-01  0.3569118310E+01 -0.8377496755E+00
  0.4219178266E-01  0.3563466782E+01 -0.8362449931E+00
  0.4261796229E-01  0.3557728367E+01 -0.8347275390E+00
  0.4304844675E-01  0.3552016208E+01 -0.8331972217E+00
  0.4348327955E-01  0.3546276466E+01 -0.8316539365E+00
  0.4392250460E-01  0.3540465068E+01 -0.8300975993E+00
  0.4436616626E-01  0.3534561241E+01 -0.8285281403E+00
  0.4481430935E-01  0.3528628127E+01 -0.8269454806E+00
  0.4526697914E-01  0.3522666915E+01 -0.8253495264E+00
  0.4572422136E-01  0.3516679016E+01 -0.8237401834E+00
  0.4618608218E-01  0.3510666055E+01 -0.8221173557E+00
  0.4665260826E-01  0.3504615156E+01 -0.8204809499E+00
  0.4712384673E-01  0.3498356580E+01 -0.8188309150E+00
  0.4759984518E-01  0.3492073711E+01 -0.8171671980E+00
  0.4808065170E-01  0.3485697052E+01 -0.8154897192E+00
  0.4856631485E-01  0.3479191486E+01 -0.8137984244E+00
  0.4905688368E-01  0.3472669427E+01 -0.8120932412E+00
  0.4955240776E-01  0.3466151582E+01 -0.8103740647E+00
  0.5005293713E-01  0.3459617574E+01 -0.8086407893E+00
  0.5055852235E-01  0.3452931317E+01 -0.8068933480E+00
  0.5106921450E-01  0.3446188286E+01 -0.8051316849E+00
  0.5158506515E-01  0.3439428126E+01 -0.8033557101E+00
  0.5210612641E-01  0.3432652515E+01 -0.8015653226E+00
  0.5263245092E-01  0.3425908417E+01 -0.7997604082E+00
  0.5316409184E-01  0.3419305014E+01 -0.7979408104E+00
  0.5370110287E-01  0.3412688674E+01 -0.7961063824E+00
  0.5424353825E-01  0.3405767966E+01 -0.7942570964E+00
  0.5479145278E-01  0.3398785591E+01 -0.7923929395E+00
  0.5534490180E-01  0.3391749026E+01 -0.7905138321E+00
  0.5590394121E-01  0.3384406103E+01 -0.7886197633E+00
  0.5646862749E-01  0.3377023009E+01 -0.7867107201E+00
  0.5703901766E-01  0.3369342628E+01 -0.7847866898E+00
  0.5761516936E-01  0.3361533588E+01 -0.7828476869E+00
  0.5819714076E-01  0.3353535435E+01 -0.7808936978E+00
  0.5878499067E-01  0.3344968986E+01 -0.7789248402E+00
  0.5937877846E-01  0.3336312566E+01 -0.7769412086E+00
  0.5997856410E-01  0.3327388205E+01 -0.7749428125E+00
  0.6058440818E-01  0.3318321881E+01 -0.7729296805E+00
  0.6119637190E-01  0.3309130511E+01 -0.7709018003E+00
  0.6181451707E-01  0.3299800296E+01 -0.7688591609E+00
  0.6243890613E-01  0.3290316607E+01 -0.7668017625E+00
  0.6306960215E-01  0.3280686739E+01 -0.7647296097E+00
  0.6370666884E-01  0.3270929525E+01 -0.7626427014E+00
  0.6435017054E-01  0.3261572406E+01 -0.7605408634E+00
  0.6500017227E-01  0.3252018347E+01 -0.7584239407E+00
  0.6565673966E-01  0.3242296463E+01 -0.7562919631E+00
  0.6631993905E-01  0.3232346267E+01 -0.7541449735E+00
  0.6698983743E-01  0.3222225626E+01 -0.7519830199E+00
  0.6766650245E-01  0.3211861365E+01 -0.7498061591E+00
  0.6835000248E-01  0.3201484479E+01 -0.7476143981E+00
  0.6904040654E-01  0.3191014037E+01 -0.7454076946E+00
  0.6973778439E-01  0.3180206767E+01 -0.7431861205E+00
  0.7044220645E-01  0.3169304858E+01 -0.7409497524E+00
  0.7115374389E-01  0.3158719133E+01 -0.7386984394E+00
  0.7187246858E-01  0.3148480667E+01 -0.7364318693E+00
  0.7259845311E-01  0.3138261987E+01 -0.7341498304E+00
  0.7333177082E-01  0.3128041253E+01 -0.7318522348E+00
  0.7407249577E-01  0.3117609325E+01 -0.7295390802E+00
  0.7482070280E-01  0.3106861767E+01 -0.7272104837E+00
  0.7557646748E-01  0.3095216662E+01 -0.7248668278E+00
  0.7633986614E-01  0.3083407325E+01 -0.7225084511E+00
  0.7711097590E-01  0.3071449169E+01 -0.7201354162E+00
  0.7788987464E-01  0.3059356529E+01 -0.7177477777E+00
  0.7867664105E-01  0.3046799237E+01 -0.7153457186E+00
  0.7947135460E-01  0.3034433235E+01 -0.7129292997E+00
  0.8027409556E-01  0.3022420462E+01 -0.7104982574E+00
  0.8108494501E-01  0.3011870201E+01 -0.7080518068E+00
  0.8190398485E-01  0.3001332022E+01 -0.7055892807E+00
  0.8273129783E-01  0.2990483422E+01 -0.7031107274E+00
  0.8356696751E-01  0.2979577532E+01 -0.7006162279E+00
  0.8441107829E-01  0.2968450942E+01 -0.6981058304E+00
  0.8526371544E-01  0.2956887781E+01 -0.6955797484E+00
  0.8612496510E-01  0.2944267471E+01 -0.6930385645E+00
  0.8699491424E-01  0.2931157785E+01 -0.6904829039E+00
  0.8787365075E-01  0.2918105569E+01 -0.6879129233E+00
  0.8876126338E-01  0.2906185973E+01 -0.6853280659E+00
  0.8965784180E-01  0.2893763245E+01 -0.6827280113E+00
  0.9056347656E-01  0.2881390475E+01 -0.6801129213E+00
  0.9147825915E-01  0.2868047283E+01 -0.6774831785E+00
  0.9240228197E-01  0.2854216563E+01 -0.6748394273E+00
  0.9333563836E-01  0.2840282840E+01 -0.6721819286E+00
  0.9427842258E-01  0.2826029388E+01 -0.6695108737E+00
  0.9523072988E-01  0.2811823128E+01 -0.6668263897E+00
  0.9619265645E-01  0.2797909084E+01 -0.6641283145E+00
  0.9716429944E-01  0.2782680289E+01 -0.6614171442E+00
  0.9814575701E-01  0.2766442270E+01 -0.6586940300E+00
  0.9913712829E-01  0.2749306158E+01 -0.6559599527E+00
  0.1001385134E+00  0.2732064592E+01 -0.6532154711E+00
  0.1011500136E+00  0.2714410441E+01 -0.6504609160E+00
  0.1021717309E+00  0.2696383880E+01 -0.6476967649E+00
  0.1032037686E+00  0.2679112892E+01 -0.6449229073E+00
  0.1042462309E+00  0.2662754535E+01 -0.6421385595E+00
  0.1052992231E+00  0.2645856123E+01 -0.6393435966E+00
  0.1063628516E+00  0.2629939980E+01 -0.6365378531E+00
  0.1074372239E+00  0.2614038961E+01 -0.6337208604E+00
  0.1085224483E+00  0.2600421919E+01 -0.6308914300E+00
  0.1096186347E+00  0.2588586165E+01 -0.6280473701E+00
  0.1107258936E+00  0.2577357950E+01 -0.6251873512E+00
  0.1118443370E+00  0.2567093803E+01 -0.6223104623E+00
  0.1129740778E+00  0.2557470988E+01 -0.6194157474E+00
  0.1141152301E+00  0.2549795178E+01 -0.6165016631E+00
  0.1152679092E+00  0.2543865938E+01 -0.6135659848E+00
  0.1164322315E+00  0.2537827686E+01 -0.6106076201E+00
  0.1176083146E+00  0.2531318289E+01 -0.6076267515E+00
  0.1187962774E+00  0.2525162211E+01 -0.6046232962E+00
  0.1199962398E+00  0.2518667776E+01 -0.6015970931E+00
  0.1212083230E+00  0.2511106250E+01 -0.5985488407E+00
  0.1224326495E+00  0.2501830873E+01 -0.5954801048E+00
  0.1236693429E+00  0.2492680772E+01 -0.5923917650E+00
  0.1249185282E+00  0.2483770199E+01 -0.5892835103E+00
  0.1261803315E+00  0.2475449968E+01 -0.5861547301E+00
  0.1274548803E+00  0.2466866378E+01 -0.5830051184E+00
  0.1287423034E+00  0.2456895783E+01 -0.5798356360E+00
  0.1300427307E+00  0.2446344433E+01 -0.5766474823E+00
  0.1313562936E+00  0.2437724560E+01 -0.5734397163E+00
  0.1326831249E+00  0.2430962534E+01 -0.5702097532E+00
  0.1340233585E+00  0.2424970880E+01 -0.5669557106E+00
  0.1353771298E+00  0.2419721967E+01 -0.5636764076E+00
  0.1367445755E+00  0.2415142640E+01 -0.5603707000E+00
  0.1381258338E+00  0.2410598093E+01 -0.5570379027E+00
  0.1395210443E+00  0.2405867450E+01 -0.5536779112E+00
  0.1409303478E+00  0.2397368011E+01 -0.5502933030E+00
  0.1423538866E+00  0.2389210156E+01 -0.5468863630E+00
  0.1437918047E+00  0.2379779804E+01 -0.5434576546E+00
  0.1452442472E+00  0.2369612041E+01 -0.5400085454E+00
  0.1467113608E+00  0.2359221657E+01 -0.5365396773E+00
  0.1481932937E+00  0.2348699847E+01 -0.5330512653E+00
  0.1496901957E+00  0.2337546024E+01 -0.5295438400E+00
  0.1512022178E+00  0.2325294252E+01 -0.5260186810E+00
  0.1527295130E+00  0.2312379664E+01 -0.5224771326E+00
  0.1542722353E+00  0.2300104834E+01 -0.5189192412E+00
  0.1558305407E+00  0.2289148061E+01 -0.5153435124E+00
  0.1574045866E+00  0.2277420726E+01 -0.5117495180E+00
  0.1589945319E+00  0.2266705012E+01 -0.5081370623E+00
  0.1606005373E+00  0.2256597323E+01 -0.5045048384E+00
  0.1622227649E+00  0.2247494906E+01 -0.5008515069E+00
  0.1638613787E+00  0.2240289953E+01 -0.4971746338E+00
  0.1655165442E+00  0.2233347548E+01 -0.4934723287E+00
  0.1671884284E+00  0.2225067207E+01 -0.4897453519E+00
  0.1688772004E+00  0.2218641337E+01 -0.4859931466E+00
  0.1705830308E+00  0.2213569889E+01 -0.4822128465E+00
  0.1723060917E+00  0.2209075956E+01 -0.4784026024E+00
  0.1740465572E+00  0.2200973542E+01 -0.4745648328E+00
  0.1758046033E+00  0.2190248881E+01 -0.4707048472E+00
  0.1775804074E+00  0.2177391506E+01 -0.4668268104E+00
  0.1793741488E+00  0.2161546897E+01 -0.4629353435E+00
  0.1811860089E+00  0.2145465853E+01 -0.4590334912E+00
  0.1830161706E+00  0.2129940291E+01 -0.4551211489E+00
  0.1848648188E+00  0.2114539944E+01 -0.4511978736E+00
  0.1867321402E+00  0.2104136880E+01 -0.4472590608E+00
  0.1886183235E+00  0.2095148790E+01 -0.4432987497E+00
  0.1905235591E+00  0.2087285353E+01 -0.4393144885E+00
  0.1924480394E+00  0.2080409308E+01 -0.4353041652E+00
  0.1943919590E+00  0.2074578957E+01 -0.4312656836E+00
  0.1963555142E+00  0.2070302537E+01 -0.4271963319E+00
  0.1983389032E+00  0.2067837991E+01 -0.4230925607E+00
  0.2003423265E+00  0.2062665604E+01 -0.4189549872E+00
  0.2023659863E+00  0.2056761045E+01 -0.4147868280E+00
  0.2044100872E+00  0.2047882534E+01 -0.4105916752E+00
  0.2064748356E+00  0.2041295407E+01 -0.4063701135E+00
  0.2085604400E+00  0.2034241578E+01 -0.4021201346E+00
  0.2106671111E+00  0.2028980155E+01 -0.3978401987E+00
  0.2127950617E+00  0.2025560693E+01 -0.3935262673E+00
  0.2149445068E+00  0.2022117018E+01 -0.3891761369E+00
  0.2171156634E+00  0.2017528901E+01 -0.3847907848E+00
  0.2193087509E+00  0.2012817570E+01 -0.3803713336E+00
  0.2215239908E+00  0.2007658255E+01 -0.3759181743E+00
  0.2237616069E+00  0.2005544858E+01 -0.3714281705E+00
  0.2260218251E+00  0.2004959288E+01 -0.3668958631E+00
  0.2283048739E+00  0.2002179539E+01 -0.3623216165E+00
  0.2306109837E+00  0.1998337168E+01 -0.3577088010E+00
  0.2329403876E+00  0.1993208076E+01 -0.3530598406E+00
  0.2352933208E+00  0.1985631809E+01 -0.3483788683E+00
  0.2376700210E+00  0.1972751350E+01 -0.3436749233E+00
  0.2400707283E+00  0.1957511325E+01 -0.3389572181E+00
  0.2424956851E+00  0.1940443002E+01 -0.3342310326E+00
  0.2449451365E+00  0.1925016596E+01 -0.3294969050E+00
  0.2474193298E+00  0.1908726825E+01 -0.3247541938E+00
  0.2499185149E+00  0.1889364642E+01 -0.3200081269E+00
  0.2524429444E+00  0.1874275032E+01 -0.3152576055E+00
  0.2549928731E+00  0.1863007919E+01 -0.3104927029E+00
  0.2575685587E+00  0.1853762455E+01 -0.3057060870E+00
  0.2601702613E+00  0.1843370895E+01 -0.3008966663E+00
  0.2627982438E+00  0.1835548227E+01 -0.2960625988E+00
  0.2654527715E+00  0.1826867618E+01 -0.2912016067E+00
  0.2681341126E+00  0.1818649646E+01 -0.2863141690E+00
  0.2708425380E+00  0.1808724230E+01 -0.2814019332E+00
  0.2735783212E+00  0.1798122194E+01 -0.2764681583E+00
  0.2763417386E+00  0.1786871352E+01 -0.2715147415E+00
  0.2791330693E+00  0.1766067192E+01 -0.2665560283E+00
  0.2819525952E+00  0.1742690092E+01 -0.2616095122E+00
  0.2848006012E+00  0.1720388335E+01 -0.2566780781E+00
  0.2876773750E+00  0.1703447019E+01 -0.2517532783E+00
  0.2905832071E+00  0.1687549039E+01 -0.2468264458E+00
  0.2935183910E+00  0.1676077709E+01 -0.2418900142E+00
  0.2964832232E+00  0.1662998491E+01 -0.2369401138E+00
  0.2994780032E+00  0.1649710144E+01 -0.2319796970E+00
  0.3025030336E+00  0.1637154787E+01 -0.2270082639E+00
  0.3055586198E+00  0.1618932310E+01 -0.2220336365E+00
  0.3086450705E+00  0.1598229619E+01 -0.2170688307E+00
  0.3117626974E+00  0.1581717127E+01 -0.2121118868E+00
  0.3149118156E+00  0.1566369472E+01 -0.2071550385E+00
  0.3180927430E+00  0.1546386350E+01 -0.2022043133E+00
  0.3213058010E+00  0.1522651659E+01 -0.1972738147E+00
  0.3245513142E+00  0.1495938084E+01 -0.1923753784E+00
  0.3278296103E+00  0.1460689888E+01 -0.1875290274E+00
  0.3311410205E+00  0.1424403484E+01 -0.1827521636E+00
  0.3344858793E+00  0.1396989804E+01 -0.1780335825E+00
  0.3378645245E+00  0.1375728488E+01 -0.1733495668E+00
  0.3412772975E+00  0.1367787981E+01 -0.1686680673E+00
  0.3447245429E+00  0.1364252348E+01 -0.1639590606E+00
  0.3482066090E+00  0.1360161112E+01 -0.1592157667E+00
  0.3517238475E+00  0.1357978110E+01 -0.1544355948E+00
  0.3552766136E+00  0.1352562310E+01 -0.1496206367E+00
  0.3588652663E+00  0.1338430694E+01 -0.1447921171E+00
  0.3624901680E+00  0.1319323627E+01 -0.1399750680E+00
  0.3661516848E+00  0.1294321921E+01 -0.1351901144E+00
  0.3698501867E+00  0.1263312154E+01 -0.1304604072E+00
  0.3735860472E+00  0.1231319430E+01 -0.1258006094E+00
  0.3773596436E+00  0.1203695203E+01 -0.1212062282E+00
  0.3811713572E+00  0.1186365615E+01 -0.1166511145E+00
  0.3850215729E+00  0.1172438175E+01 -0.1121101628E+00
  0.3889106797E+00  0.1161208682E+01 -0.1075722619E+00
  0.3928390704E+00  0.1150910512E+01 -0.1030308081E+00
  0.3968071418E+00  0.1138627609E+01 -0.9848828272E-01
  0.4008152948E+00  0.1125260325E+01 -0.9395127817E-01
  0.4048639341E+00  0.1109325997E+01 -0.8942776112E-01
  0.4089534688E+00  0.1090290750E+01 -0.8493005663E-01
  0.4130843119E+00  0.1075376007E+01 -0.8045704182E-01
  0.4172568807E+00  0.1062529127E+01 -0.7599676368E-01
  0.4214715967E+00  0.1050915684E+01 -0.7154297889E-01
  0.4257288855E+00  0.1038727569E+01 -0.6709487142E-01
  0.4300291773E+00  0.1026142650E+01 -0.6265509921E-01
  0.4343729064E+00  0.1009084457E+01 -0.5823486164E-01
  0.4387605115E+00  0.9906085210E+00 -0.5384793007E-01
  0.4431924359E+00  0.9801911842E+00 -0.4948071247E-01
  0.4476691271E+00  0.9728104391E+00 -0.4510921981E-01
  0.4521910375E+00  0.9612857841E+00 -0.4073631492E-01
  0.4567586237E+00  0.9428811920E+00 -0.3638759148E-01
  0.4613723472E+00  0.9221995769E+00 -0.3208510802E-01
  0.4660326740E+00  0.8975292435E+00 -0.2784484258E-01
  0.4707400747E+00  0.8690824446E+00 -0.2368676799E-01
  0.4754950250E+00  0.8512238933E+00 -0.1959678246E-01
  0.4802980050E+00  0.8395656902E+00 -0.1553636814E-01
  0.4851495000E+00  0.8268432761E+00 -0.1149408076E-01
  0.4900500000E+00  0.7986539901E+00 -0.7511206084E-02
  0.4950000000E+00  0.7763098139E+00 -0.3613170669E-02
  0.5000000000E+00  0.7534763395E+00  0.1754740178E-03
  0.5050000000E+00  0.7346090732E+00  0.3895687549E-02
  0.5099500000E+00  0.7173533330E+00  0.7489294505E-02
  0.5148505000E+00  0.7010614010E+00  0.1096476521E-01
  0.5197019950E+00  0.6812291454E+00  0.1431785304E-01
  0.5245049750E+00  0.6649412914E+00  0.1755066792E-01
  0.5292599253E+00  0.6623571090E+00  0.2070628685E-01
  0.5339673260E+00  0.6847523048E+00  0.2387697878E-01
  0.5386276528E+00  0.7200672586E+00  0.2715043787E-01
  0.5432413763E+00  0.7539677331E+00  0.3055083279E-01
  0.5478089625E+00  0.7711657181E+00  0.3403392207E-01
  0.5523308729E+00  0.7846927222E+00  0.3755164828E-01
  0.5568075641E+00  0.8028227279E+00  0.4110505656E-01
  0.5612394885E+00  0.8228612443E+00  0.4470751076E-01
  0.5656270936E+00  0.8497944971E+00  0.4837698720E-01
  0.5699708227E+00  0.8756722225E+00  0.5212446717E-01
  0.5742711145E+00  0.8978135288E+00  0.5593772026E-01
  0.5785284033E+00  0.9132511580E+00  0.5979283302E-01
  0.5827431193E+00  0.9256084631E+00  0.6366796852E-01
  0.5869156881E+00  0.9421965073E+00  0.6756474090E-01
  0.5910465312E+00  0.9654210386E+00  0.7150477531E-01
  0.5951360659E+00  0.9916880873E+00  0.7550660814E-01
  0.5991847052E+00  0.1019478863E+01  0.7957785295E-01
  0.6031928582E+00  0.1048384500E+01  0.8372200927E-01
  0.6071609296E+00  0.1072426298E+01  0.8792977362E-01
  0.6110893203E+00  0.1088872884E+01  0.9217498743E-01
  0.6149784271E+00  0.1104227530E+01  0.9643958829E-01
  0.6188286428E+00  0.1119462496E+01  0.1007204314E+00
  0.6226403564E+00  0.1141473093E+01  0.1050294509E+00
  0.6264139528E+00  0.1162368588E+01  0.1093763353E+00
  0.6301498133E+00  0.1174619962E+01  0.1137416668E+00
  0.6338483152E+00  0.1176375687E+01  0.1180892477E+00
  0.6375098320E+00  0.1173507910E+01  0.1223913169E+00
  0.6411347337E+00  0.1169505645E+01  0.1266379138E+00
  0.6447233864E+00  0.1167785065E+01  0.1308317761E+00
  0.6482761525E+00  0.1170655872E+01  0.1349857430E+00
  0.6517933910E+00  0.1177209947E+01  0.1391147450E+00
  0.6552754571E+00  0.1189764044E+01  0.1432357249E+00
  0.6587227025E+00  0.1207517852E+01  0.1473677344E+00
  0.6621354755E+00  0.1227676089E+01  0.1515231165E+00
  0.6655141207E+00  0.1247787976E+01  0.1557049739E+00
  0.6688589795E+00  0.1266845603E+01  0.1599105210E+00
  0.6721703897E+00  0.1288197154E+01  0.1641409184E+00
  0.6754486858E+00  0.1308482958E+01  0.1683972615E+00
  0.6786941990E+00  0.1329095060E+01  0.1726774086E+00
  0.6819072570E+00  0.1352676835E+01  0.1769857529E+00
  0.6850881844E+00  0.1377047999E+01  0.1813272812E+00
  0.6882373026E+00  0.1402057298E+01  0.1857031467E+00
  0.6913549295E+00  0.1428081341E+01  0.1901148049E+00
  0.6944413802E+00  0.1457668580E+01  0.1945681674E+00
  0.6974969664E+00  0.1481462493E+01  0.1990585516E+00
  0.7005219968E+00  0.1496945641E+01  0.2035634390E+00
  0.7035167768E+00  0.1504234364E+01  0.2080573760E+00
  0.7064816090E+00  0.1512061976E+01  0.2125287823E+00
  0.7094167929E+00  0.1518724637E+01  0.2169767404E+00
  0.7123226250E+00  0.1521300455E+01  0.2213936416E+00
  0.7151993988E+00  0.1519286642E+01  0.2257671821E+00
  0.7180474048E+00  0.1514608735E+01  0.2300874583E+00
  0.7208669307E+00  0.1503076762E+01  0.2343416796E+00
  0.7236582614E+00  0.1487900600E+01  0.2385160830E+00
  0.7264216788E+00  0.1470896185E+01  0.2426042783E+00
  0.7291574620E+00  0.1454874444E+01  0.2466064153E+00
  0.7318658874E+00  0.1439478823E+01  0.2505259853E+00
  0.7345472285E+00  0.1427041664E+01  0.2543690449E+00
  0.7372017562E+00  0.1423642918E+01  0.2581526555E+00
  0.7398297387E+00  0.1429138083E+01  0.2619011847E+00
  0.7424314413E+00  0.1442750829E+01  0.2656370851E+00
  0.7450071269E+00  0.1457132398E+01  0.2693716789E+00
  0.7475570556E+00  0.1470396843E+01  0.2731041743E+00
  0.7500814851E+00  0.1487928848E+01  0.2768382166E+00
  0.7525806702E+00  0.1507279735E+01  0.2805810070E+00
  0.7550548635E+00  0.1528473413E+01  0.2843365270E+00
  0.7575043149E+00  0.1547620241E+01  0.2881038979E+00
  0.7599292717E+00  0.1566679567E+01  0.2918799192E+00
  0.7623299790E+00  0.1586708913E+01  0.2956651006E+00
  0.7647066792E+00  0.1610547828E+01  0.2994645610E+00
  0.7670596124E+00  0.1630934961E+01  0.3032780572E+00
  0.7693890163E+00  0.1646566975E+01  0.3070953701E+00
  0.7716951261E+00  0.1664689985E+01  0.3109134312E+00
  0.7739781749E+00  0.1679848669E+01  0.3147313036E+00
  0.7762383931E+00  0.1694350479E+01  0.3185445168E+00
  0.7784760092E+00  0.1709552770E+01  0.3223528311E+00
  0.7806912491E+00  0.1726350531E+01  0.3261585062E+00
  0.7828843366E+00  0.1742576455E+01  0.3299623364E+00
  0.7850554932E+00  0.1758711362E+01  0.3337632585E+00
  0.7872049383E+00  0.1769492913E+01  0.3375550992E+00
  0.7893328889E+00  0.1780324813E+01  0.3413320176E+00
  0.7914395600E+00  0.1792814561E+01  0.3450957323E+00
  0.7935251644E+00  0.1806646383E+01  0.3488492581E+00
  0.7955899128E+00  0.1822033332E+01  0.3525954134E+00
  0.7976340137E+00  0.1839279965E+01  0.3563374602E+00
  0.7996576735E+00  0.1864238020E+01  0.3600847906E+00
  0.8016610968E+00  0.1890688450E+01  0.3638461441E+00
  0.8036444858E+00  0.1917400898E+01  0.3676226054E+00
  0.8056080410E+00  0.1945215489E+01  0.3714148356E+00
  0.8075519606E+00  0.1974785153E+01  0.3752249186E+00
  0.8094764409E+00  0.2007598930E+01  0.3790569286E+00
  0.8113816765E+00  0.2039516011E+01  0.3829122823E+00
  0.8132678598E+00  0.2069371394E+01  0.3867873396E+00
  0.8151351812E+00  0.2094786660E+01  0.3906752503E+00
  0.8169838294E+00  0.2116399328E+01  0.3945677510E+00
  0.8188139911E+00  0.2136606610E+01  0.3984595953E+00
  0.8206258512E+00  0.2158220153E+01  0.4023504079E+00
  0.8224195926E+00  0.2178862423E+01  0.4062402104E+00
  0.8241953967E+00  0.2198224901E+01  0.4101266351E+00
  0.8259534428E+00  0.2216889025E+01  0.4140076219E+00
  0.8276939083E+00  0.2237429709E+01  0.4178839161E+00
  0.8294169692E+00  0.2258834794E+01  0.4217575849E+00
  0.8311227996E+00  0.2278373501E+01  0.4256274386E+00
  0.8328115716E+00  0.2299736326E+01  0.4294931305E+00
  0.8344834558E+00  0.2321182891E+01  0.4333559516E+00
  0.8361386213E+00  0.2343036373E+01  0.4372159789E+00
  0.8377772351E+00  0.2368594863E+01  0.4410762508E+00
  0.8393994627E+00  0.2396022447E+01  0.4449408978E+00
  0.8410054681E+00  0.2425960933E+01  0.4488129634E+00
  0.8425954134E+00  0.2454481763E+01  0.4526927819E+00
  0.8441694593E+00  0.2484231815E+01  0.4565796627E+00
  0.8457277647E+00  0.2513099829E+01  0.4604733472E+00
  0.8472704870E+00  0.2540663397E+01  0.4643716240E+00
  0.8487977822E+00  0.2566236817E+01  0.4682714959E+00
  0.8503098043E+00  0.2590144084E+01  0.4721697770E+00
  0.8518067063E+00  0.2613570300E+01  0.4760645021E+00
  0.8532886392E+00  0.2634731819E+01  0.4799533180E+00
  0.8547557528E+00  0.2654085754E+01  0.4838329661E+00
  0.8562081953E+00  0.2672146929E+01  0.4877009894E+00
  0.8576461134E+00  0.2689778188E+01  0.4915559939E+00
  0.8590696522E+00  0.2707349402E+01  0.4953975043E+00
  0.8604789557E+00  0.2727124345E+01  0.4992269157E+00
  0.8618741662E+00  0.2745934290E+01  0.5030449500E+00
  0.8632554245E+00  0.2763513427E+01  0.5068499353E+00
  0.8646228702E+00  0.2782437491E+01  0.5106418288E+00
  0.8659766415E+00  0.2802360251E+01  0.5144220982E+00
  0.8673168751E+00  0.2823161018E+01  0.5181918545E+00
  0.8686437064E+00  0.2844947518E+01  0.5219521663E+00
  0.8699572693E+00  0.2867767148E+01  0.5257041714E+00
  0.8712576966E+00  0.2891498443E+01  0.5294489245E+00
  0.8725451197E+00  0.2916050442E+01  0.5331873106E+00
  0.8738196685E+00  0.2940463391E+01  0.5369195169E+00
  0.8750814718E+00  0.2964556224E+01  0.5406450036E+00
  0.8763306571E+00  0.2988804374E+01  0.5443634288E+00
  0.8775673505E+00  0.3013338522E+01  0.5480748342E+00
  0.8787916770E+00  0.3041225941E+01  0.5517812160E+00
  0.8800037602E+00  0.3069157737E+01  0.5554843628E+00
  0.8812037226E+00  0.3096595121E+01  0.5591836986E+00
  0.8823916854E+00  0.3122328244E+01  0.5628776233E+00
  0.8835677685E+00  0.3146154461E+01  0.5665637518E+00
  0.8847320908E+00  0.3170503814E+01  0.5702410649E+00
  0.8858847699E+00  0.3194506644E+01  0.5739094721E+00
  0.8870259222E+00  0.3217880308E+01  0.5775682272E+00
  0.8881556630E+00  0.3240587662E+01  0.5812164245E+00
  0.8892741064E+00  0.3262694131E+01  0.5848532007E+00
  0.8903813653E+00  0.3284835856E+01  0.5884781062E+00
  0.8914775517E+00  0.3306736317E+01  0.5920909019E+00
  0.8925627761E+00  0.3328223575E+01  0.5956911124E+00
  0.8936371484E+00  0.3348688709E+01  0.5992778570E+00
  0.8947007769E+00  0.3368435904E+01  0.6028501196E+00
  0.8957537691E+00  0.3387372238E+01  0.6064070264E+00
  0.8967962314E+00  0.3404745209E+01  0.6099472896E+00
  0.8978282691E+00  0.3421424393E+01  0.6134697217E+00
  0.8988499864E+00  0.3437492743E+01  0.6169736589E+00
  0.8998614866E+00  0.3453055137E+01  0.6204585540E+00
  0.9008628717E+00  0.3468415722E+01  0.6239240830E+00
  0.9018542430E+00  0.3484186636E+01  0.6273703881E+00
  0.9028357006E+00  0.3499955264E+01  0.6307977076E+00
  0.9038073436E+00  0.3514533735E+01  0.6342054971E+00
  0.9047692701E+00  0.3527583492E+01  0.6375924970E+00
  0.9057215774E+00  0.3539173837E+01  0.6409573593E+00
  0.9066643616E+00  0.3549419732E+01  0.6442988664E+00
  0.9075977180E+00  0.3558818288E+01  0.6476161260E+00
  0.9085217408E+00  0.3567487118E+01  0.6509085604E+00
  0.9094365234E+00  0.3574906777E+01  0.6541754292E+00
  0.9103421582E+00  0.3580358480E+01  0.6574154577E+00
  0.9112387366E+00  0.3585299658E+01  0.6606277449E+00
  0.9121263493E+00  0.3589805794E+01  0.6638121021E+00
  0.9130050858E+00  0.3593479225E+01  0.6669682094E+00
  0.9138750349E+00  0.3596384019E+01  0.6700956171E+00
  0.9147362846E+00  0.3599088894E+01  0.6731941664E+00
  0.9155889217E+00  0.3601967781E+01  0.6762641106E+00
  0.9164330325E+00  0.3604835600E+01  0.6793057809E+00
  0.9172687022E+00  0.3607414341E+01  0.6823193101E+00
  0.9180960151E+00  0.3608952434E+01  0.6853044071E+00
  0.9189150550E+00  0.3610621765E+01  0.6882609666E+00
  0.9197259044E+00  0.3612381896E+01  0.6911893508E+00
  0.9205286454E+00  0.3614244873E+01  0.6940899055E+00
  0.9213233589E+00  0.3616661287E+01  0.6969631550E+00
  0.9221101254E+00  0.3619549305E+01  0.6998097587E+00
  0.9228890241E+00  0.3622047656E+01  0.7026299941E+00
  0.9236601339E+00  0.3623592932E+01  0.7054235862E+00
  0.9244235325E+00  0.3625012260E+01  0.7081903740E+00
  0.9251792972E+00  0.3627038710E+01  0.7109307959E+00
  0.9259275042E+00  0.3629527850E+01  0.7136455030E+00
  0.9266682292E+00  0.3632304198E+01  0.7163350131E+00
  0.9274015469E+00  0.3635429984E+01  0.7189997922E+00
  0.9281275314E+00  0.3638380933E+01  0.7216401293E+00
  0.9288462561E+00  0.3641124675E+01  0.7242561095E+00
  0.9295577935E+00  0.3643744856E+01  0.7268478382E+00
  0.9302622156E+00  0.3646224802E+01  0.7294154459E+00
  0.9309595935E+00  0.3648692357E+01  0.7319591027E+00
  0.9316499975E+00  0.3650568831E+01  0.7344788225E+00
  0.9323334975E+00  0.3652275290E+01  0.7369745696E+00
  0.9330101626E+00  0.3653684750E+01  0.7394464134E+00
  0.9336800609E+00  0.3654588188E+01  0.7418943135E+00
  0.9343432603E+00  0.3655380952E+01  0.7443182970E+00
  0.9349998277E+00  0.3656410781E+01  0.7467186391E+00
  0.9356498295E+00  0.3657090543E+01  0.7490955333E+00
  0.9362933312E+00  0.3657199794E+01  0.7514489124E+00
  0.9369303978E+00  0.3657487083E+01  0.7537788841E+00
  0.9375610939E+00  0.3657729348E+01  0.7560857231E+00
  0.9381854829E+00  0.3657757296E+01  0.7583695780E+00
  0.9388036281E+00  0.3657509402E+01  0.7606305264E+00
  0.9394155918E+00  0.3657285969E+01  0.7628687211E+00
  0.9400214359E+00  0.3657151979E+01  0.7650844255E+00
  0.9406212215E+00  0.3657392249E+01  0.7672780048E+00
  0.9412150093E+00  0.3657514597E+01  0.7694497560E+00
  0.9418028592E+00  0.3658049737E+01  0.7715999829E+00
  0.9423848306E+00  0.3658882266E+01  0.7737291055E+00
  0.9429609823E+00  0.3659871648E+01  0.7758374617E+00
  0.9435313725E+00  0.3661060375E+01  0.7779253556E+00
  0.9440960588E+00  0.3662661288E+01  0.7799931581E+00
  0.9446550982E+00  0.3664440527E+01  0.7820412275E+00
  0.9452085472E+00  0.3666485794E+01  0.7840698745E+00
  0.9457564617E+00  0.3668854356E+01  0.7860794442E+00
  0.9462988971E+00  0.3671422116E+01  0.7880702570E+00
  0.9468359082E+00  0.3674189751E+01  0.7900425943E+00
  0.9473675491E+00  0.3677661388E+01  0.7919968668E+00
  0.9478938736E+00  0.3681453450E+01  0.7939335080E+00
  0.9484149348E+00  0.3685191609E+01  0.7958527447E+00
  0.9489307855E+00  0.3688983164E+01  0.7977547312E+00
  0.9494414776E+00  0.3692611754E+01  0.7996395924E+00
  0.9499470629E+00  0.3696406783E+01  0.8015074817E+00
  0.9504475922E+00  0.3700398586E+01  0.8033586409E+00
  0.9509431163E+00  0.3704506290E+01  0.8051932952E+00
  0.9514336852E+00  0.3708516312E+01  0.8070115942E+00
  0.9519193483E+00  0.3712638319E+01  0.8088136848E+00
  0.9524001548E+00  0.3716877109E+01  0.8105997645E+00
  0.9528761533E+00  0.3721220979E+01  0.8123700261E+00
  0.9533473917E+00  0.3725658115E+01  0.8141246541E+00
  0.9538139178E+00  0.3730176718E+01  0.8158638248E+00
  0.9542757786E+00  0.3735119875E+01  0.8175877888E+00
  0.9547330209E+00  0.3740126114E+01  0.8192967878E+00
  0.9551856906E+00  0.3745176835E+01  0.8209909731E+00
  0.9556338337E+00  0.3750261042E+01  0.8226704874E+00
  0.9560774954E+00  0.3755368137E+01  0.8243354674E+00
  0.9565167205E+00  0.3760487982E+01  0.8259860435E+00
  0.9569515532E+00  0.3765752650E+01  0.8276223716E+00
  0.9573820377E+00  0.3771020024E+01  0.8292446034E+00
  0.9578082173E+00  0.3776310158E+01  0.8308528626E+00
  0.9582301352E+00  0.3781515600E+01  0.8324472533E+00
  0.9586478338E+00  0.3786534724E+01  0.8340278355E+00
  0.9590613555E+00  0.3791804178E+01  0.8355947391E+00
  0.9594707419E+00  0.3797031301E+01  0.8371481223E+00
  0.9598760345E+00  0.3802190739E+01  0.8386880765E+00
  0.9602772742E+00  0.3807278685E+01  0.8402146869E+00
  0.9606745014E+00  0.3812291894E+01  0.8417280375E+00
  0.9610677564E+00  0.3817227653E+01  0.8432282108E+00
  0.9614570788E+00  0.3822083768E+01  0.8447152885E+00
  0.9618425080E+00  0.3826812697E+01  0.8461893425E+00
  0.9622240830E+00  0.3831117861E+01  0.8476503796E+00
  0.9626018421E+00  0.3835000255E+01  0.8490983528E+00
  0.9629758237E+00  0.3838818040E+01  0.8505332862E+00
  0.9633460655E+00  0.3842576116E+01  0.8519552726E+00
  0.9637126048E+00  0.3846278106E+01  0.8533644064E+00
  0.9640754788E+00  0.3850018095E+01  0.8547607992E+00
  0.9644347240E+00  0.3853803955E+01  0.8561445797E+00
  0.9647903767E+00  0.3857447952E+01  0.8575158438E+00
  0.9651424730E+00  0.3861031438E+01  0.8588746675E+00
  0.9654910483E+00  0.3864552458E+01  0.8602211413E+00
  0.9658361378E+00  0.3867967883E+01  0.8615553471E+00
  0.9661777764E+00  0.3871327298E+01  0.8628773682E+00
  0.9665159986E+00  0.3874677362E+01  0.8641873037E+00
  0.9668508386E+00  0.3878232759E+01  0.8654852960E+00
  0.9671823303E+00  0.3881766393E+01  0.8667714833E+00
  0.9675105070E+00  0.3885246731E+01  0.8680459596E+00
  0.9678354019E+00  0.3888675782E+01  0.8693088136E+00
  0.9681570479E+00  0.3892055526E+01  0.8705601341E+00
  0.9684754774E+00  0.3895387898E+01  0.8718000101E+00
  0.9687907226E+00  0.3898818947E+01  0.8730285533E+00
  0.9691028154E+00  0.3902271377E+01  0.8742458853E+00
  0.9694117872E+00  0.3905609728E+01  0.8754520930E+00
  0.9697176694E+00  0.3909193783E+01  0.8766472974E+00
  0.9700204927E+00  0.3912761196E+01  0.8778316325E+00
  0.9703202877E+00  0.3916319493E+01  0.8790051924E+00
  0.9706170849E+00  0.3919846061E+01  0.8801680681E+00
  0.9709109140E+00  0.3923325208E+01  0.8813203443E+00
  0.9712018049E+00  0.3926758072E+01  0.8824621030E+00
  0.9714897868E+00  0.3930179026E+01  0.8835934311E+00
  0.9717748890E+00  0.3933552593E+01  0.8847144144E+00
  0.9720571401E+00  0.3936705409E+01  0.8858251089E+00
  0.9723365687E+00  0.3939821286E+01  0.8869255723E+00
  0.9726132030E+00  0.3942812831E+01  0.8880158759E+00
  0.9728870709E+00  0.3945688681E+01  0.8890960798E+00
  0.9731582002E+00  0.3948535704E+01  0.8901662575E+00
  0.9734266182E+00  0.3951365440E+01  0.8912264954E+00
  0.9736923521E+00  0.3954210222E+01  0.8922768848E+00
  0.9739554285E+00  0.3957057882E+01  0.8933175190E+00
  0.9742158742E+00  0.3959891122E+01  0.8943484868E+00
  0.9744737155E+00  0.3962696801E+01  0.8953698718E+00
  0.9747289784E+00  0.3965488453E+01  0.8963817573E+00
  0.9749816886E+00  0.3968278684E+01  0.8973842293E+00
  0.9752318717E+00  0.3971040425E+01  0.8983773711E+00
  0.9754795530E+00  0.3973774139E+01  0.8993612621E+00
  0.9757247574E+00  0.3976480256E+01  0.9003359810E+00
  0.9759675099E+00  0.3979159170E+01  0.9013016064E+00
  0.9762078348E+00  0.3981811244E+01  0.9022582161E+00
  0.9764457564E+00  0.3984436814E+01  0.9032058876E+00
  0.9766812989E+00  0.3987036187E+01  0.9041446977E+00
  0.9769144859E+00  0.3989609649E+01  0.9050747228E+00
  0.9771453410E+00  0.3992157459E+01  0.9059960387E+00
  0.9773738876E+00  0.3994679860E+01  0.9069087210E+00
  0.9776001487E+00  0.3997177075E+01  0.9078128442E+00
  0.9778241472E+00  0.3999649311E+01  0.9087084828E+00
  0.9780459058E+00  0.4002096759E+01  0.9095957106E+00
  0.9782654467E+00  0.4004519599E+01  0.9104746006E+00
  0.9784827922E+00  0.4006917997E+01  0.9113452257E+00
  0.9786979643E+00  0.4009292112E+01  0.9122076580E+00
  0.9789109847E+00  0.4011642092E+01  0.9130619691E+00
  0.9791218748E+00  0.4013968078E+01  0.9139082302E+00
  0.9793306561E+00  0.4016293805E+01  0.9147465143E+00
  0.9795373495E+00  0.4018606787E+01  0.9155768949E+00
  0.9797419760E+00  0.4020894799E+01  0.9163994424E+00
  0.9799445563E+00  0.4023093680E+01  0.9172142190E+00
  0.9801451107E+00  0.4025258997E+01  0.9180212854E+00
  0.9803436596E+00  0.4027399843E+01  0.9188207087E+00
  0.9805402230E+00  0.4029499362E+01  0.9196125544E+00
  0.9807348208E+00  0.4031609933E+01  0.9203968914E+00
  0.9809274726E+00  0.4033708010E+01  0.9211737904E+00
  0.9811181978E+00  0.4035783724E+01  0.9219433184E+00
  0.9813070158E+00  0.4037875351E+01  0.9227055445E+00
  0.9814939457E+00  0.4039989301E+01  0.9234605415E+00
  0.9816790062E+00  0.4042112374E+01  0.9242083806E+00
  0.9818622162E+00  0.4044211422E+01  0.9249491280E+00
  0.9820435940E+00  0.4046286547E+01  0.9256828465E+00
  0.9822231581E+00  0.4048337859E+01  0.9264095983E+00
  0.9824009265E+00  0.4050365470E+01  0.9271294452E+00
  0.9825769172E+00  0.4052369500E+01  0.9278424483E+00
  0.9827511481E+00  0.4054350075E+01  0.9285486686E+00
  0.9829236366E+00  0.4056307322E+01  0.9292481662E+00
  0.9830944002E+00  0.4058241379E+01  0.9299410011E+00
  0.9832634562E+00  0.4060157222E+01  0.9306272331E+00
  0.9834308216E+00  0.4062090855E+01  0.9313069249E+00
  0.9835965134E+00  0.4063980328E+01  0.9319801365E+00
  0.9837605483E+00  0.4065814248E+01  0.9326469214E+00
  0.9839229428E+00  0.4067653532E+01  0.9333073367E+00
  0.9840837134E+00  0.4069464267E+01  0.9339614412E+00
  0.9842428762E+00  0.4071252431E+01  0.9346092911E+00
  0.9844004475E+00  0.4073018211E+01  0.9352509425E+00
  0.9845564430E+00  0.4074750125E+01  0.9358864502E+00
  0.9847108786E+00  0.4076444773E+01  0.9365158675E+00
  0.9848637698E+00  0.4078130700E+01  0.9371392489E+00
  0.9850151321E+00  0.4079796333E+01  0.9377566502E+00
  0.9851649808E+00  0.4081441804E+01  0.9383681256E+00
  0.9853133310E+00  0.4083068474E+01  0.9389737289E+00
  0.9854601977E+00  0.4084700090E+01  0.9395735155E+00
  0.9856055957E+00  0.4086324112E+01  0.9401675409E+00
  0.9857495397E+00  0.4087938463E+01  0.9407558591E+00
  0.9858920443E+00  0.4089531285E+01  0.9413385226E+00
  0.9860331239E+00  0.4091102811E+01  0.9419155828E+00
  0.9861727926E+00  0.4092656071E+01  0.9424870905E+00
  0.9863110647E+00  0.4094210368E+01  0.9430530980E+00
  0.9864479541E+00  0.4095751329E+01  0.9436136573E+00
  0.9865834745E+00  0.4097271051E+01  0.9441688183E+00
  0.9867176398E+00  0.4098769784E+01  0.9447186303E+00
  0.9868504634E+00  0.4100247781E+01  0.9452631418E+00
  0.9869819588E+00  0.4101705297E+01  0.9458024012E+00
  0.9871121392E+00  0.4103142585E+01  0.9463364565E+00
  0.9872410178E+00  0.4104559901E+01  0.9468653551E+00
  0.9873686076E+00  0.4105957499E+01  0.9473891443E+00
  0.9874949215E+00  0.4107335633E+01  0.9479078710E+00
  0.9876199723E+00  0.4108694559E+01  0.9484215815E+00
  0.9877437726E+00  0.4110034530E+01  0.9489303220E+00
  0.9878663349E+00  0.4111360306E+01  0.9494341384E+00
  0.9879876715E+00  0.4112638887E+01  0.9499330746E+00
  0.9881077948E+00  0.4113899509E+01  0.9504271741E+00
  0.9882267168E+00  0.4115142447E+01  0.9509164813E+00
  0.9883444497E+00  0.4116367973E+01  0.9514010408E+00
  0.9884610052E+00  0.4117576356E+01  0.9518808966E+00
  0.9885763951E+00  0.4118757100E+01  0.9523560917E+00
  0.9886906312E+00  0.4119888698E+01  0.9528266668E+00
  0.9888037249E+00  0.4120999404E+01  0.9532926630E+00
  0.9889156876E+00  0.4122095452E+01  0.9537541228E+00
  0.9890265307E+00  0.4123177074E+01  0.9542110887E+00
  0.9891362654E+00  0.4124244492E+01  0.9546636028E+00
  0.9892449028E+00  0.4125297931E+01  0.9551117070E+00
  0.9893524538E+00  0.4126337608E+01  0.9555554428E+00
  0.9894589292E+00  0.4127363737E+01  0.9559948511E+00
  0.9895643399E+00  0.4128376531E+01  0.9564299728E+00
  0.9896686965E+00  0.4129376198E+01  0.9568608483E+00
  0.9897720096E+00  0.4130362941E+01  0.9572875177E+00
  0.9898742895E+00  0.4131336963E+01  0.9577100206E+00
  0.9899755466E+00  0.4132298460E+01  0.9581283965E+00
  0.9900757911E+00  0.4133247628E+01  0.9585426844E+00
  0.9901750332E+00  0.4134184658E+01  0.9589529230E+00
  0.9902732829E+00  0.4135105429E+01  0.9593591505E+00
  0.9903705500E+00  0.4136050567E+01  0.9597614065E+00
  0.9904668445E+00  0.4136984171E+01  0.9601597304E+00
  0.9905621761E+00  0.4137905471E+01  0.9605541594E+00
  0.9906565543E+00  0.4138814653E+01  0.9609447306E+00
  0.9907499888E+00  0.4139711901E+01  0.9613314804E+00
  0.9908424889E+00  0.4140597395E+01  0.9617144452E+00
  0.9909340640E+00  0.4141471314E+01  0.9620936608E+00
  0.9910247234E+00  0.4142333832E+01  0.9624691631E+00
  0.9911144761E+00  0.4143185122E+01  0.9628409872E+00
  0.9912033314E+00  0.4144032772E+01  0.9632091686E+00
  0.9912912981E+00  0.4144873243E+01  0.9635737424E+00
  0.9913783851E+00  0.4145705582E+01  0.9639347433E+00
  0.9914646012E+00  0.4146528788E+01  0.9642922055E+00
  0.9915499552E+00  0.4147341068E+01  0.9646461629E+00
  0.9916344557E+00  0.4148142594E+01  0.9649966490E+00
  0.9917181111E+00  0.4148933533E+01  0.9653436968E+00
  0.9918009300E+00  0.4149714050E+01  0.9656873392E+00
  0.9918829207E+00  0.4150484307E+01  0.9660276087E+00
  0.9919640915E+00  0.4151253618E+01  0.9663645380E+00
  0.9920444506E+00  0.4152012780E+01  0.9666981595E+00
  0.9921240061E+00  0.4152755771E+01  0.9670285045E+00
  0.9922027660E+00  0.4153489048E+01  0.9673556041E+00
  0.9922807383E+00  0.4154212762E+01  0.9676794896E+00
  0.9923579310E+00  0.4154927061E+01  0.9680001917E+00
  0.9924343516E+00  0.4155632092E+01  0.9683177411E+00
  0.9925100081E+00  0.4156327996E+01  0.9686321679E+00
  0.9925849081E+00  0.4157014917E+01  0.9689435022E+00
  0.9926590590E+00  0.4157692993E+01  0.9692517739E+00
  0.9927324684E+00  0.4158364162E+01  0.9695570123E+00
  0.9928051437E+00  0.4159027829E+01  0.9698592468E+00
  0.9928770923E+00  0.4159682945E+01  0.9701585065E+00
  0.9929483213E+00  0.4160329643E+01  0.9704548199E+00
  0.9930188381E+00  0.4160968054E+01  0.9707482155E+00
  0.9930886497E+00  0.4161598305E+01  0.9710387214E+00
  0.9931577632E+00  0.4162220524E+01  0.9713263655E+00
  0.9932261856E+00  0.4162834834E+01  0.9716111755E+00
  0.9932939238E+00  0.4163441358E+01  0.9718931788E+00
  0.9933609845E+00  0.4164034483E+01  0.9721724022E+00
  0.9934273747E+00  0.4164619161E+01  0.9724488725E+00
  0.9934931009E+00  0.4165196658E+01  0.9727226163E+00
  0.9935581699E+00  0.4165767081E+01  0.9729936600E+00
  0.9936225882E+00  0.4166330533E+01  0.9732620298E+00
  0.9936863623E+00  0.4166887118E+01  0.9735277516E+00
  0.9937494987E+00  0.4167436937E+01  0.9737908511E+00
  0.9938120037E+00  0.4167980087E+01  0.9740513538E+00
  0.9938738837E+00  0.4168517951E+01  0.9743092849E+00
  0.9939351449E+00  0.4169051761E+01  0.9745646695E+00
  0.9939957934E+00  0.4169579059E+01  0.9748175324E+00
  0.9940558355E+00  0.4170099938E+01  0.9750678982E+00
  0.9941152771E+00  0.4170614495E+01  0.9753157911E+00
  0.9941741243E+00  0.4171122820E+01  0.9755612352E+00
  0.9942323831E+00  0.4171625007E+01  0.9758042542E+00
  0.9942900593E+00  0.4172121143E+01  0.9760448719E+00
  0.9943471587E+00  0.4172611317E+01  0.9762831115E+00
  0.9944036871E+00  0.4173095615E+01  0.9765189963E+00
  0.9944596502E+00  0.4173574122E+01  0.9767525492E+00
  0.9945150537E+00  0.4174046922E+01  0.9769837929E+00
  0.9945699032E+00  0.4174514096E+01  0.9772127499E+00
  0.9946242041E+00  0.4174975725E+01  0.9774394426E+00
  0.9946779621E+00  0.4175431889E+01  0.9776638930E+00
  0.9947311825E+00  0.4175882664E+01  0.9778861231E+00
  0.9947838707E+00  0.4176328128E+01  0.9781061545E+00
  0.9948360320E+00  0.4176768356E+01  0.9783240086E+00
  0.9948876716E+00  0.4177203421E+01  0.9785397069E+00
  0.9949387949E+00  0.4177633396E+01  0.9787532702E+00
  0.9949894070E+00  0.4178058352E+01  0.9789647196E+00
  0.9950395129E+00  0.4178478359E+01  0.9791740756E+00
  0.9950891178E+00  0.4178893487E+01  0.9793813588E+00
  0.9951382266E+00  0.4179303803E+01  0.9795865894E+00
  0.9951868443E+00  0.4179709373E+01  0.9797897875E+00
  0.9952349759E+00  0.4180110262E+01  0.9799909731E+00
  0.9952826261E+00  0.4180506536E+01  0.9801901658E+00
  0.9953297999E+00  0.4180898257E+01  0.9803873851E+00
  0.9953765019E+00  0.4181285488E+01  0.9805826505E+00
  0.9954227368E+00  0.4181668289E+01  0.9807759810E+00
  0.9954685095E+00  0.4182046720E+01  0.9809673956E+00
  0.9955138244E+00  0.4182420841E+01  0.9811569132E+00
  0.9955586861E+00  0.4182790710E+01  0.9813445522E+00
  0.9956030993E+00  0.4183156383E+01  0.9815303312E+00
  0.9956470683E+00  0.4183517917E+01  0.9817142684E+00
  0.9956905976E+00  0.4183874671E+01  0.9818963818E+00
  0.9957336916E+00  0.4184226291E+01  0.9820766894E+00
  0.9957763547E+00  0.4184574004E+01  0.9822552088E+00
  0.9958185912E+00  0.4184917861E+01  0.9824319576E+00
  0.9958604053E+00  0.4185257911E+01  0.9826069532E+00
  0.9959018012E+00  0.4185594202E+01  0.9827802129E+00
  0.9959427832E+00  0.4185926784E+01  0.9829517537E+00
  0.9959833554E+00  0.4186255702E+01  0.9831215925E+00
  0.9960235218E+00  0.4186581004E+01  0.9832897461E+00
  0.9960632866E+00  0.4186902734E+01  0.9834562309E+00
  0.9961026537E+00  0.4187220939E+01  0.9836210636E+00
  0.9961416272E+00  0.4187535662E+01  0.9837842602E+00
  0.9961802109E+00  0.4187846946E+01  0.9839458369E+00
  0.9962184088E+00  0.4188154835E+01  0.9841058097E+00
  0.9962562247E+00  0.4188459372E+01  0.9842641944E+00
  0.9962936625E+00  0.4188760596E+01  0.9844210065E+00
  0.9963307258E+00  0.4189058550E+01  0.9845762617E+00
  0.9963674186E+00  0.4189353274E+01  0.9847299751E+00
  0.9964037444E+00  0.4189644807E+01  0.9848821621E+00
  0.9964397070E+00  0.4189933347E+01  0.9850328376E+00
  0.9964753099E+00  0.4190217651E+01  0.9851820166E+00
  0.9965105568E+00  0.4190498916E+01  0.9853297137E+00
  0.9965454512E+00  0.4190777180E+01  0.9854759436E+00
  0.9965799967E+00  0.4191052478E+01  0.9856207208E+00
  0.9966141967E+00  0.4191324844E+01  0.9857640596E+00
  0.9966480548E+00  0.4191594314E+01  0.9859059742E+00
  0.9966815742E+00  0.4191860921E+01  0.9860464786E+00
  0.9967147585E+00  0.4192124700E+01  0.9861855868E+00
  0.9967476109E+00  0.4192385684E+01  0.9863233125E+00
  0.9967801348E+00  0.4192643905E+01  0.9864596694E+00
  0.9968123334E+00  0.4192899396E+01  0.9865946710E+00
  0.9968442101E+00  0.4193152188E+01  0.9867283307E+00
  0.9968757680E+00  0.4193402312E+01  0.9868606617E+00
  0.9969070103E+00  0.4193649801E+01  0.9869916772E+00
  0.9969379402E+00  0.4193894684E+01  0.9871213901E+00
  0.9969685608E+00  0.4194136990E+01  0.9872498134E+00
  0.9969988752E+00  0.4194376751E+01  0.9873769597E+00
  0.9970288865E+00  0.4194613995E+01  0.9875028418E+00
  0.9970585976E+00  0.4194848751E+01  0.9876274720E+00
  0.9970880116E+00  0.4195081047E+01  0.9877508628E+00
  0.9971171315E+00  0.4195310912E+01  0.9878730264E+00
  0.9971459602E+00  0.4195538372E+01  0.9879939750E+00
  0.9971745006E+00  0.4195763456E+01  0.9881137205E+00
  0.9972027556E+00  0.4195986321E+01  0.9882322750E+00
  0.9972307280E+00  0.4196207320E+01  0.9883496501E+00
  0.9972584207E+00  0.4196425999E+01  0.9884658575E+00
  0.9972858365E+00  0.4196642385E+01  0.9885809088E+00
  0.9973129782E+00  0.4196856503E+01  0.9886948154E+00
  0.9973398484E+00  0.4197068379E+01  0.9888075887E+00
  0.9973664499E+00  0.4197278040E+01  0.9889192399E+00
  0.9973927854E+00  0.4197485510E+01  0.9890297800E+00
  0.9974188575E+00  0.4197690814E+01  0.9891392202E+00
  0.9974446690E+00  0.4197893976E+01  0.9892475712E+00
  0.9974702223E+00  0.4198095021E+01  0.9893548438E+00
  0.9974955201E+00  0.4198293973E+01  0.9894610488E+00
  0.9975205649E+00  0.4198490855E+01  0.9895661967E+00
  0.9975453592E+00  0.4198685689E+01  0.9896702980E+00
  0.9975699056E+00  0.4198878500E+01  0.9897733630E+00
  0.9975942066E+00  0.4199069310E+01  0.9898754020E+00
  0.9976182645E+00  0.4199257974E+01  0.9899764252E+00
  0.9976420819E+00  0.4199444545E+01  0.9900764427E+00
  0.9976656610E+00  0.4199629192E+01  0.9901754643E+00
  0.9976890044E+00  0.4199811937E+01  0.9902735000E+00
  0.9977121144E+00  0.4199992801E+01  0.9903705596E+00
  0.9977349932E+00  0.4200171803E+01  0.9904666527E+00
  0.9977576433E+00  0.4200348965E+01  0.9905617889E+00
  0.9977800669E+00  0.4200524306E+01  0.9906559776E+00
  0.9978022662E+00  0.4200697846E+01  0.9907492284E+00
  0.9978242435E+00  0.4200869605E+01  0.9908415504E+00
  0.9978460011E+00  0.4201039601E+01  0.9909329530E+00
  0.9978675411E+00  0.4201207854E+01  0.9910234451E+00
  0.9978888657E+00  0.4201374383E+01  0.9911130359E+00
  0.9979099770E+00  0.4201539207E+01  0.9912017343E+00
  0.9979308773E+00  0.4201702342E+01  0.9912895492E+00
  0.9979515685E+00  0.4201863809E+01  0.9913764892E+00
  0.9979720528E+00  0.4202023624E+01  0.9914625632E+00
  0.9979923323E+00  0.4202181806E+01  0.9915477796E+00
  0.9980124089E+00  0.4202338372E+01  0.9916321470E+00
  0.9980322849E+00  0.4202493339E+01  0.9917156738E+00
  0.9980519620E+00  0.4202646723E+01  0.9917983685E+00
  0.9980714424E+00  0.4202798543E+01  0.9918802391E+00
  0.9980907280E+00  0.4202948815E+01  0.9919612939E+00
  0.9981098207E+00  0.4203097555E+01  0.9920415411E+00
  0.9981287225E+00  0.4203244779E+01  0.9921209885E+00
  0.9981474353E+00  0.4203390504E+01  0.9921996443E+00
  0.9981659609E+00  0.4203534745E+01  0.9922775161E+00
  0.9981843013E+00  0.4203677518E+01  0.9923546119E+00
  0.9982024583E+00  0.4203818835E+01  0.9924309393E+00
  0.9982204337E+00  0.4203958618E+01  0.9925065060E+00
  0.9982382294E+00  0.4204096982E+01  0.9925813194E+00
  0.9982558471E+00  0.4204233943E+01  0.9926553872E+00
  0.9982732886E+00  0.4204369516E+01  0.9927287167E+00
  0.9982905557E+00  0.4204503715E+01  0.9928013151E+00
  0.9983076502E+00  0.4204636555E+01  0.9928731899E+00
  0.9983245737E+00  0.4204768049E+01  0.9929443482E+00
  0.9983413279E+00  0.4204898213E+01  0.9930147971E+00
  0.9983579146E+00  0.4205027058E+01  0.9930845436E+00
  0.9983743355E+00  0.4205154600E+01  0.9931535948E+00
  0.9983905921E+00  0.4205280852E+01  0.9932219575E+00
  0.9984066862E+00  0.4205405827E+01  0.9932896387E+00
  0.9984226194E+00  0.4205529538E+01  0.9933566450E+00
  0.9984383932E+00  0.4205652000E+01  0.9934229831E+00
  0.9984540092E+00  0.4205773201E+01  0.9934886598E+00
  0.9984694691E+00  0.4205893053E+01  0.9935536816E+00
  0.9984847744E+00  0.4206011699E+01  0.9936180550E+00
  0.9984999267E+00  0.4206129151E+01  0.9936817865E+00
  0.9985149274E+00  0.4206245421E+01  0.9937448824E+00
  0.9985297782E+00  0.4206360522E+01  0.9938073490E+00
  0.9985444804E+00  0.4206474466E+01  0.9938691927E+00
  0.9985590356E+00  0.4206587264E+01  0.9939304196E+00
  0.9985734452E+00  0.4206698927E+01  0.9939910358E+00
  0.9985877108E+00  0.4206809469E+01  0.9940510474E+00
  0.9986018337E+00  0.4206918899E+01  0.9941104605E+00
  0.9986158153E+00  0.4207027229E+01  0.9941692810E+00
  0.9986296572E+00  0.4207134472E+01  0.9942275148E+00
  0.9986433606E+00  0.4207240636E+01  0.9942851677E+00
  0.9986569270E+00  0.4207345735E+01  0.9943422455E+00
  0.9986703577E+00  0.4207449778E+01  0.9943987539E+00
  0.9986836541E+00  0.4207552776E+01  0.9944546986E+00
  0.9986968176E+00  0.4207654739E+01  0.9945100852E+00
  0.9987098494E+00  0.4207755679E+01  0.9945649193E+00
  0.9987227509E+00  0.4207855606E+01  0.9946192063E+00
  0.9987355234E+00  0.4207954530E+01  0.9946729518E+00
  0.9987481682E+00  0.4208052461E+01  0.9947261610E+00
  0.9987606865E+00  0.4208149409E+01  0.9947788393E+00
  0.9987730796E+00  0.4208245385E+01  0.9948309921E+00
  0.9987853488E+00  0.4208340397E+01  0.9948826245E+00
  0.9987974954E+00  0.4208434457E+01  0.9949337417E+00
  0.9988095204E+00  0.4208527573E+01  0.9949843489E+00
  0.9988214252E+00  0.4208619755E+01  0.9950344511E+00
  0.9988332109E+00  0.4208711013E+01  0.9950840534E+00
  0.9988448788E+00  0.4208801355E+01  0.9951331607E+00
  0.9988564300E+00  0.4208890792E+01  0.9951817780E+00
  0.9988678657E+00  0.4208979332E+01  0.9952299101E+00
  0.9988791871E+00  0.4209066984E+01  0.9952775619E+00
  0.9988903952E+00  0.4209153758E+01  0.9953247381E+00
  0.9989014913E+00  0.4209239662E+01  0.9953714436E+00
  0.9989124764E+00  0.4209324705E+01  0.9954176829E+00
  0.9989233516E+00  0.4209408895E+01  0.9954634608E+00
  0.9989341181E+00  0.4209492242E+01  0.9955087817E+00
  0.9989447769E+00  0.4209574754E+01  0.9955536504E+00
  0.9989553291E+00  0.4209656439E+01  0.9955980712E+00
  0.9989657758E+00  0.4209737306E+01  0.9956420487E+00
  0.9989761181E+00  0.4209817363E+01  0.9956855872E+00
  0.9989863569E+00  0.4209896618E+01  0.9957286912E+00
  0.9989964933E+00  0.4209975079E+01  0.9957713649E+00
  0.9990065284E+00  0.4210052754E+01  0.9958136127E+00
  0.9990164631E+00  0.4210129651E+01  0.9958554388E+00
  0.9990262985E+00  0.4210205778E+01  0.9958968473E+00
  0.9990360355E+00  0.4210281143E+01  0.9959378425E+00
  0.9990456751E+00  0.4210355753E+01  0.9959784285E+00
  0.9990552184E+00  0.4210429616E+01  0.9960186093E+00
  0.9990646662E+00  0.4210502739E+01  0.9960583890E+00
  0.9990740195E+00  0.4210575131E+01  0.9960977716E+00
  0.9990832793E+00  0.4210646798E+01  0.9961367611E+00
  0.9990924466E+00  0.4210717747E+01  0.9961753613E+00
  0.9991015221E+00  0.4210787986E+01  0.9962135761E+00
  0.9991105069E+00  0.4210857522E+01  0.9962514094E+00
  0.9991194018E+00  0.4210926362E+01  0.9962888650E+00
  0.9991282078E+00  0.4210994513E+01  0.9963259466E+00
  0.9991369257E+00  0.4211061982E+01  0.9963626581E+00
  0.9991455564E+00  0.4211128776E+01  0.9963990029E+00
  0.9991541009E+00  0.4211194901E+01  0.9964349849E+00
  0.9991625599E+00  0.4211260365E+01  0.9964706077E+00
  0.9991709343E+00  0.4211325174E+01  0.9965058747E+00
  0.9991792249E+00  0.4211389334E+01  0.9965407897E+00
  0.9991874327E+00  0.4211452852E+01  0.9965753559E+00
  0.9991955584E+00  0.4211515735E+01  0.9966095771E+00
  0.9992036028E+00  0.4211577988E+01  0.9966434565E+00
  0.9992115667E+00  0.4211639619E+01  0.9966769977E+00
  0.9992194511E+00  0.4211700634E+01  0.9967102039E+00
  0.9992272566E+00  0.4211761037E+01  0.9967430785E+00
  0.9992349840E+00  0.4211820837E+01  0.9967756248E+00
  0.9992426342E+00  0.4211880038E+01  0.9968078462E+00
  0.9992502078E+00  0.4211938648E+01  0.9968397457E+00
  0.9992577057E+00  0.4211996671E+01  0.9968713267E+00
  0.9992651287E+00  0.4212054113E+01  0.9969025924E+00
  0.9992724774E+00  0.4212110982E+01  0.9969335457E+00
  0.9992797526E+00  0.4212167281E+01  0.9969641900E+00
  0.9992869551E+00  0.4212223017E+01  0.9969945282E+00
  0.9992940855E+00  0.4212278196E+01  0.9970245635E+00
  0.9993011447E+00  0.4212332823E+01  0.9970542987E+00
  0.9993081332E+00  0.4212386904E+01  0.9970837370E+00
  0.9993150519E+00  0.4212440444E+01  0.9971128813E+00
  0.9993219014E+00  0.4212493449E+01  0.9971417345E+00
  0.9993286824E+00  0.4212545923E+01  0.9971702996E+00
  0.9993353956E+00  0.4212597873E+01  0.9971985793E+00
  0.9993420416E+00  0.4212649304E+01  0.9972265766E+00
  0.9993486212E+00  0.4212700220E+01  0.9972542942E+00
  0.9993551350E+00  0.4212750627E+01  0.9972817351E+00
  0.9993615836E+00  0.4212800530E+01  0.9973089018E+00
  0.9993679678E+00  0.4212849934E+01  0.9973357971E+00
  0.9993742881E+00  0.4212898844E+01  0.9973624239E+00
  0.9993805452E+00  0.4212947265E+01  0.9973887846E+00
  0.9993867398E+00  0.4212995202E+01  0.9974148821E+00
  0.9993928724E+00  0.4213042660E+01  0.9974407188E+00
  0.9993989436E+00  0.4213089643E+01  0.9974662975E+00
  0.9994049542E+00  0.4213136156E+01  0.9974916207E+00
  0.9994109047E+00  0.4213182205E+01  0.9975166909E+00
  0.9994167956E+00  0.4213227793E+01  0.9975415107E+00
  0.9994226277E+00  0.4213272925E+01  0.9975660826E+00
  0.9994284014E+00  0.4213317607E+01  0.9975904090E+00
  0.9994341174E+00  0.4213361841E+01  0.9976144924E+00
  0.9994397762E+00  0.4213405634E+01  0.9976383352E+00
  0.9994453784E+00  0.4213448988E+01  0.9976619398E+00
  0.9994509247E+00  0.4213491909E+01  0.9976853086E+00
  0.9994564154E+00  0.4213534402E+01  0.9977084440E+00
  0.9994618513E+00  0.4213576469E+01  0.9977313482E+00
  0.9994672327E+00  0.4213618116E+01  0.9977540236E+00
  0.9994725604E+00  0.4213659346E+01  0.9977764725E+00
  0.9994778348E+00  0.4213700165E+01  0.9977986972E+00
  0.9994830565E+00  0.4213740575E+01  0.9978206997E+00
  0.9994882259E+00  0.4213780582E+01  0.9978424825E+00
  0.9994933436E+00  0.4213820189E+01  0.9978640476E+00
  0.9994984102E+00  0.4213859399E+01  0.9978853973E+00
  0.9995034261E+00  0.4213898218E+01  0.9979065337E+00
  0.9995083918E+00  0.4213936649E+01  0.9979274589E+00
  0.9995133079E+00  0.4213974696E+01  0.9979481751E+00
  0.9995181748E+00  0.4214012362E+01  0.9979686842E+00
  0.9995229931E+00  0.4214049652E+01  0.9979889885E+00
  0.9995277632E+00  0.4214086569E+01  0.9980090899E+00
  0.9995324855E+00  0.4214123117E+01  0.9980289905E+00
  0.9995371607E+00  0.4214159300E+01  0.9980486922E+00
  0.9995417891E+00  0.4214195122E+01  0.9980681970E+00
  0.9995463712E+00  0.4214230585E+01  0.9980875070E+00
  0.9995509075E+00  0.4214265694E+01  0.9981066241E+00
  0.9995553984E+00  0.4214300452E+01  0.9981255501E+00
  0.9995598444E+00  0.4214334862E+01  0.9981442870E+00
  0.9995642460E+00  0.4214368929E+01  0.9981628367E+00
  0.9995686035E+00  0.4214402655E+01  0.9981812011E+00
  0.9995729175E+00  0.4214436044E+01  0.9981993819E+00
  0.9995771883E+00  0.4214469099E+01  0.9982173811E+00
  0.9995814164E+00  0.4214501824E+01  0.9982352005E+00
  0.9995856022E+00  0.4214534222E+01  0.9982528418E+00
  0.9995897462E+00  0.4214566296E+01  0.9982703068E+00
  0.9995938488E+00  0.4214598050E+01  0.9982875972E+00
  0.9995979103E+00  0.4214629486E+01  0.9983047149E+00
  0.9996019312E+00  0.4214660608E+01  0.9983216616E+00
  0.9996059119E+00  0.4214691419E+01  0.9983384389E+00
  0.9996098527E+00  0.4214721922E+01  0.9983550486E+00
  0.9996137542E+00  0.4214752120E+01  0.9983714923E+00
  0.9996176167E+00  0.4214782016E+01  0.9983877716E+00
  0.9996214405E+00  0.4214811614E+01  0.9984038883E+00
  0.9996252261E+00  0.4214840916E+01  0.9984198439E+00
  0.9996289738E+00  0.4214869925E+01  0.9984356401E+00
  0.9996326841E+00  0.4214898644E+01  0.9984512784E+00
  0.9996363573E+00  0.4214927076E+01  0.9984667605E+00
  0.9996399937E+00  0.4214955223E+01  0.9984820878E+00
  0.9996435938E+00  0.4214983090E+01  0.9984972619E+00
  0.9996471578E+00  0.4215010678E+01  0.9985122845E+00
  0.9996506862E+00  0.4215037990E+01  0.9985271568E+00
  0.9996541794E+00  0.4215065030E+01  0.9985418806E+00
  0.9996576376E+00  0.4215091799E+01  0.9985564572E+00
  0.9996610612E+00  0.4215118300E+01  0.9985708881E+00
  0.9996644506E+00  0.4215144537E+01  0.9985851749E+00
  0.9996678400E+00  0.4215170774E+01  0.9985994617E+00
  0.9996712294E+00  0.4215197011E+01  0.9986137486E+00
  0.9996746188E+00  0.4215223248E+01  0.9986280355E+00
  0.9996780081E+00  0.4215249485E+01  0.9986423226E+00
  0.9996813975E+00  0.4215275723E+01  0.9986566098E+00
  0.9996847869E+00  0.4215301960E+01  0.9986708970E+00
  0.9996881763E+00  0.4215328198E+01  0.9986851844E+00
  0.9996915657E+00  0.4215354436E+01  0.9986994718E+00
  0.9996949551E+00  0.4215380674E+01  0.9987137593E+00
  0.9996983445E+00  0.4215406913E+01  0.9987280469E+00
  0.9997017339E+00  0.4215433151E+01  0.9987423346E+00
  0.9997051232E+00  0.4215459390E+01  0.9987566224E+00
  0.9997085126E+00  0.4215485629E+01  0.9987709103E+00
  0.9997119020E+00  0.4215511868E+01  0.9987851982E+00
  0.9997152914E+00  0.4215538107E+01  0.9987994863E+00
  0.9997186808E+00  0.4215564346E+01  0.9988137744E+00
  0.9997220702E+00  0.4215590586E+01  0.9988280626E+00
  0.9997254596E+00  0.4215616826E+01  0.9988423509E+00
  0.9997288490E+00  0.4215643066E+01  0.9988566394E+00
  0.9997322384E+00  0.4215669306E+01  0.9988709278E+00
  0.9997356277E+00  0.4215695546E+01  0.9988852164E+00
  0.9997390171E+00  0.4215721786E+01  0.9988995051E+00
  0.9997424065E+00  0.4215748027E+01  0.9989137939E+00
  0.9997457959E+00  0.4215774268E+01  0.9989280827E+00
  0.9997491853E+00  0.4215800509E+01  0.9989423717E+00
  0.9997525747E+00  0.4215826750E+01  0.9989566607E+00
  0.9997559641E+00  0.4215852992E+01  0.9989709498E+00
  0.9997593535E+00  0.4215879233E+01  0.9989852390E+00
  0.9997627428E+00  0.4215905475E+01  0.9989995283E+00
  0.9997661322E+00  0.4215931717E+01  0.9990138177E+00
  0.9997695216E+00  0.4215957959E+01  0.9990281072E+00
  0.9997729110E+00  0.4215984202E+01  0.9990423967E+00
  0.9997763004E+00  0.4216010444E+01  0.9990566864E+00
  0.9997796898E+00  0.4216036687E+01  0.9990709761E+00
  0.9997830792E+00  0.4216062930E+01  0.9990852659E+00
  0.9997864686E+00  0.4216089174E+01  0.9990995559E+00
  0.9997898579E+00  0.4216115417E+01  0.9991138459E+00
  0.9997932473E+00  0.4216141661E+01  0.9991281360E+00
  0.9997966367E+00  0.4216167905E+01  0.9991424261E+00
  0.9998000261E+00  0.4216194149E+01  0.9991567164E+00
  0.9998034155E+00  0.4216220393E+01  0.9991710068E+00
  0.9998068049E+00  0.4216246638E+01  0.9991852972E+00
  0.9998101943E+00  0.4216272882E+01  0.9991995878E+00
  0.9998135837E+00  0.4216299127E+01  0.9992138784E+00
  0.9998169731E+00  0.4216325373E+01  0.9992281691E+00
  0.9998203624E+00  0.4216351618E+01  0.9992424599E+00
  0.9998237518E+00  0.4216377864E+01  0.9992567508E+00
  0.9998271412E+00  0.4216404110E+01  0.9992710418E+00
  0.9998305306E+00  0.4216430356E+01  0.9992853329E+00
  0.9998339200E+00  0.4216456602E+01  0.9992996240E+00
  0.9998373094E+00  0.4216482849E+01  0.9993139153E+00
  0.9998406988E+00  0.4216509095E+01  0.9993282066E+00
  0.9998440882E+00  0.4216535343E+01  0.9993424981E+00
  0.9998474775E+00  0.4216561590E+01  0.9993567896E+00
  0.9998508669E+00  0.4216587837E+01  0.9993710812E+00
  0.9998542563E+00  0.4216614085E+01  0.9993853729E+00
  0.9998576457E+00  0.4216640333E+01  0.9993996647E+00
  0.9998610351E+00  0.4216666581E+01  0.9994139565E+00
  0.9998644245E+00  0.4216692830E+01  0.9994282485E+00
  0.9998678139E+00  0.4216719079E+01  0.9994425406E+00
  0.9998712033E+00  0.4216745328E+01  0.9994568327E+00
  0.9998745926E+00  0.4216771577E+01  0.9994711249E+00
  0.9998779820E+00  0.4216797826E+01  0.9994854172E+00
  0.9998813714E+00  0.4216824076E+01  0.9994997097E+00
  0.9998847608E+00  0.4216850326E+01  0.9995140022E+00
  0.9998881502E+00  0.4216876576E+01  0.9995282947E+00
  0.9998915396E+00  0.4216902827E+01  0.9995425874E+00
  0.9998949290E+00  0.4216929077E+01  0.9995568802E+00
  0.9998983184E+00  0.4216955328E+01  0.9995711730E+00
  0.9999017077E+00  0.4216981580E+01  0.9995854660E+00
  0.9999050971E+00  0.4217007831E+01  0.9995997590E+00
  0.9999084865E+00  0.4217034083E+01  0.9996140521E+00
  0.9999118759E+00  0.4217060335E+01  0.9996283453E+00
  0.9999152653E+00  0.4217086587E+01  0.9996426386E+00
  0.9999186547E+00  0.4217112840E+01  0.9996569320E+00
  0.9999220441E+00  0.4217139093E+01  0.9996712255E+00
  0.9999254335E+00  0.4217165346E+01  0.9996855191E+00
  0.9999288229E+00  0.4217191599E+01  0.9996998127E+00
  0.9999322122E+00  0.4217217853E+01  0.9997141065E+00
  0.9999356016E+00  0.4217244107E+01  0.9997284003E+00
  0.9999389910E+00  0.4217270361E+01  0.9997426942E+00
  0.9999423804E+00  0.4217296616E+01  0.9997569882E+00
  0.9999457698E+00  0.4217322871E+01  0.9997712823E+00
  0.9999491592E+00  0.4217349126E+01  0.9997855765E+00
  0.9999525486E+00  0.4217375381E+01  0.9997998708E+00
  0.9999559380E+00  0.4217401637E+01  0.9998141651E+00
  0.9999593273E+00  0.4217427893E+01  0.9998284596E+00
  0.9999627167E+00  0.4217454149E+01  0.9998427541E+00
  0.9999661061E+00  0.4217480405E+01  0.9998570488E+00
  0.9999694955E+00  0.4217506662E+01  0.9998713435E+00
  0.9999728849E+00  0.4217532919E+01  0.9998856383E+00
  0.9999762743E+00  0.4217559176E+01  0.9998999332E+00
  0.9999796637E+00  0.4217585434E+01  0.9999142282E+00
  0.9999830531E+00  0.4217611692E+01  0.9999285233E+00
  0.9999864424E+00  0.4217637950E+01  0.9999428184E+00
  0.9999898318E+00  0.4217664209E+01  0.9999571137E+00
  0.9999932212E+00  0.4217690468E+01  0.9999714090E+00
  0.9999966106E+00  0.4217716727E+01  0.9999857045E+00
  0.1000000000E+01  0.4217741225E+01  0.1000000000E+01
  0.1000000000E+01  0.4217741225E+01  0.1000000000E+01
