  0.0000000000E+00  0.5542473970E+01  0.0000000000E+00
  0.6996492144E-18  0.5542473970E+01  0.3877787559E-17
  0.3389387958E-05  0.5542411819E+01  0.1878548920E-04
  0.6778775916E-05  0.5542349668E+01  0.3757076776E-04
  0.1016816387E-04  0.5542287517E+01  0.5635583565E-04
  0.1355755183E-04  0.5542225367E+01  0.7514069290E-04
  0.1694693979E-04  0.5542163216E+01  0.9392533949E-04
  0.2033632775E-04  0.5542101065E+01  0.1127097754E-03
  0.2372571571E-04  0.5542038914E+01  0.1314940007E-03
  0.2711510367E-04  0.5541976763E+01  0.1502780154E-03
  0.3050449162E-04  0.5541914613E+01  0.1690618193E-03
  0.3389387958E-04  0.5541852462E+01  0.1878454127E-03
  0.3728326754E-04  0.5541790311E+01  0.2066287953E-03
  0.4067265550E-04  0.5541728160E+01  0.2254119673E-03
  0.4406204346E-04  0.5541666009E+01  0.2441949287E-03
  0.4745143141E-04  0.5541603858E+01  0.2629776794E-03
  0.5084081937E-04  0.5541541707E+01  0.2817602195E-03
  0.5423020733E-04  0.5541479556E+01  0.3005425489E-03
  0.5761959529E-04  0.5541417405E+01  0.3193246676E-03
  0.6100898325E-04  0.5541355253E+01  0.3381065757E-03
  0.6439837120E-04  0.5541293102E+01  0.3568882732E-03
  0.6778775916E-04  0.5541230951E+01  0.3756697600E-03
  0.7117714712E-04  0.5541168799E+01  0.3944510361E-03
  0.7456653508E-04  0.5541106648E+01  0.4132321016E-03
  0.7795592304E-04  0.5541044496E+01  0.4320129564E-03
  0.8134531100E-04  0.5540982345E+01  0.4507936005E-03
  0.8473469895E-04  0.5540920193E+01  0.4695740341E-03
  0.8812408691E-04  0.5540858041E+01  0.4883542569E-03
  0.9151347487E-04  0.5540795890E+01  0.5071342691E-03
  0.9490286283E-04  0.5540733738E+01  0.5259140706E-03
  0.9829225079E-04  0.5540671586E+01  0.5446936615E-03
  0.1016816387E-03  0.5540609434E+01  0.5634730417E-03
  0.1050710267E-03  0.5540547281E+01  0.5822522113E-03
  0.1084604147E-03  0.5540485129E+01  0.6010311702E-03
  0.1118498026E-03  0.5540422977E+01  0.6198099185E-03
  0.1152391906E-03  0.5540360824E+01  0.6385884561E-03
  0.1186285785E-03  0.5540298672E+01  0.6573667830E-03
  0.1220179665E-03  0.5540236519E+01  0.6761448993E-03
  0.1254073545E-03  0.5540174366E+01  0.6949228049E-03
  0.1287967424E-03  0.5540112213E+01  0.7137004998E-03
  0.1321861304E-03  0.5540050060E+01  0.7324779841E-03
  0.1355755183E-03  0.5539987907E+01  0.7512552577E-03
  0.1389649063E-03  0.5539925754E+01  0.7700323207E-03
  0.1423542942E-03  0.5539863600E+01  0.7888091730E-03
  0.1457436822E-03  0.5539801447E+01  0.8075858147E-03
  0.1491330702E-03  0.5539739293E+01  0.8263622457E-03
  0.1525224581E-03  0.5539677139E+01  0.8451384660E-03
  0.1559118461E-03  0.5539614985E+01  0.8639144756E-03
  0.1593012340E-03  0.5539552831E+01  0.8826902746E-03
  0.1626906220E-03  0.5539490677E+01  0.9014658629E-03
  0.1660800099E-03  0.5539428522E+01  0.9202412406E-03
  0.1694693979E-03  0.5539366368E+01  0.9390164076E-03
  0.1728587859E-03  0.5539304213E+01  0.9577913639E-03
  0.1762481738E-03  0.5539242058E+01  0.9765661096E-03
  0.1796375618E-03  0.5539179903E+01  0.9953406446E-03
  0.1830269497E-03  0.5539117748E+01  0.1014114969E-02
  0.1864163377E-03  0.5539055592E+01  0.1032889083E-02
  0.1898057257E-03  0.5538993437E+01  0.1051662986E-02
  0.1931951136E-03  0.5538931281E+01  0.1070436678E-02
  0.1965845016E-03  0.5538869125E+01  0.1089210160E-02
  0.1999738895E-03  0.5538806969E+01  0.1107983431E-02
  0.2033632775E-03  0.5538744813E+01  0.1126756491E-02
  0.2067526654E-03  0.5538682656E+01  0.1145529340E-02
  0.2101420534E-03  0.5538620500E+01  0.1164301979E-02
  0.2135314414E-03  0.5538558343E+01  0.1183074408E-02
  0.2169208293E-03  0.5538496186E+01  0.1201846625E-02
  0.2203102173E-03  0.5538434028E+01  0.1220618632E-02
  0.2236996052E-03  0.5538371871E+01  0.1239390429E-02
  0.2270889932E-03  0.5538309713E+01  0.1258162014E-02
  0.2304783812E-03  0.5538247555E+01  0.1276933389E-02
  0.2338677691E-03  0.5538185397E+01  0.1295704553E-02
  0.2372571571E-03  0.5538123239E+01  0.1314475507E-02
  0.2406465450E-03  0.5538061081E+01  0.1333246250E-02
  0.2440359330E-03  0.5537998922E+01  0.1352016782E-02
  0.2474253209E-03  0.5537936763E+01  0.1370787103E-02
  0.2508147089E-03  0.5537874604E+01  0.1389557214E-02
  0.2542040969E-03  0.5537812444E+01  0.1408327114E-02
  0.2575934848E-03  0.5537750284E+01  0.1427096804E-02
  0.2609828728E-03  0.5537688125E+01  0.1445866283E-02
  0.2643722607E-03  0.5537625964E+01  0.1464635551E-02
  0.2677616487E-03  0.5537563804E+01  0.1483404608E-02
  0.2711510367E-03  0.5537501643E+01  0.1502173455E-02
  0.2745404246E-03  0.5537439482E+01  0.1520942091E-02
  0.2779298126E-03  0.5537377321E+01  0.1539710516E-02
  0.2813192005E-03  0.5537315160E+01  0.1558478731E-02
  0.2847085885E-03  0.5537252998E+01  0.1577246735E-02
  0.2880979764E-03  0.5537190836E+01  0.1596014528E-02
  0.2914873644E-03  0.5537128674E+01  0.1614782111E-02
  0.2948767524E-03  0.5537066512E+01  0.1633549483E-02
  0.2982661403E-03  0.5537004349E+01  0.1652316644E-02
  0.3016555283E-03  0.5536942186E+01  0.1671083594E-02
  0.3050449162E-03  0.5536880023E+01  0.1689850334E-02
  0.3084343042E-03  0.5536817859E+01  0.1708616863E-02
  0.3118236921E-03  0.5536755695E+01  0.1727383182E-02
  0.3152130801E-03  0.5536693531E+01  0.1746149290E-02
  0.3186024681E-03  0.5536631367E+01  0.1764915187E-02
  0.3219918560E-03  0.5536569202E+01  0.1783680873E-02
  0.3253812440E-03  0.5536507037E+01  0.1802446349E-02
  0.3287706319E-03  0.5536444871E+01  0.1821211614E-02
  0.3321600199E-03  0.5536382706E+01  0.1839976668E-02
  0.3355494079E-03  0.5536320540E+01  0.1858741511E-02
  0.3389387958E-03  0.5536258374E+01  0.1877506144E-02
  0.3423624200E-03  0.5536195579E+01  0.1896460105E-02
  0.3458206263E-03  0.5536132150E+01  0.1915605301E-02
  0.3493137639E-03  0.5536068080E+01  0.1934943661E-02
  0.3528421858E-03  0.5536003362E+01  0.1954477130E-02
  0.3564062483E-03  0.5535937990E+01  0.1974207676E-02
  0.3600063114E-03  0.5535871958E+01  0.1994137283E-02
  0.3636427388E-03  0.5535805258E+01  0.2014267958E-02
  0.3673158977E-03  0.5535737884E+01  0.2034601727E-02
  0.3710261593E-03  0.5535669829E+01  0.2055140637E-02
  0.3747738983E-03  0.5535601086E+01  0.2075886753E-02
  0.3785594932E-03  0.5535531649E+01  0.2096842165E-02
  0.3823833265E-03  0.5535461509E+01  0.2118008981E-02
  0.3862457844E-03  0.5535390661E+01  0.2139389331E-02
  0.3901472569E-03  0.5535319097E+01  0.2160985367E-02
  0.3940881383E-03  0.5535246809E+01  0.2182799260E-02
  0.3980688266E-03  0.5535173790E+01  0.2204833207E-02
  0.4020897238E-03  0.5535100034E+01  0.2227089423E-02
  0.4061512362E-03  0.5535025532E+01  0.2249570149E-02
  0.4102537739E-03  0.5534950276E+01  0.2272277646E-02
  0.4143977514E-03  0.5534874261E+01  0.2295214198E-02
  0.4185835873E-03  0.5534797476E+01  0.2318382113E-02
  0.4228117043E-03  0.5534719916E+01  0.2341783720E-02
  0.4270825296E-03  0.5534641571E+01  0.2365421375E-02
  0.4313964946E-03  0.5534562435E+01  0.2389297454E-02
  0.4357540349E-03  0.5534482498E+01  0.2413414359E-02
  0.4401555908E-03  0.5534401753E+01  0.2437774515E-02
  0.4446016069E-03  0.5534320192E+01  0.2462380373E-02
  0.4490925322E-03  0.5534237807E+01  0.2487234407E-02
  0.4536288204E-03  0.5534154588E+01  0.2512339116E-02
  0.4582109297E-03  0.5534070528E+01  0.2537697024E-02
  0.4628393230E-03  0.5533985619E+01  0.2563310682E-02
  0.4675144676E-03  0.5533899850E+01  0.2589182665E-02
  0.4722368360E-03  0.5533813215E+01  0.2615315574E-02
  0.4770069051E-03  0.5533725704E+01  0.2641712037E-02
  0.4818251566E-03  0.5533637307E+01  0.2668374706E-02
  0.4866920774E-03  0.5533548017E+01  0.2695306263E-02
  0.4916081590E-03  0.5533457825E+01  0.2722509415E-02
  0.4965738980E-03  0.5533366720E+01  0.2749986896E-02
  0.5015897959E-03  0.5533274694E+01  0.2777741468E-02
  0.5066563595E-03  0.5533181737E+01  0.2805775921E-02
  0.5117741005E-03  0.5533087840E+01  0.2834093072E-02
  0.5169435359E-03  0.5532992994E+01  0.2862695766E-02
  0.5221651878E-03  0.5532897188E+01  0.2891586880E-02
  0.5274395836E-03  0.5532800414E+01  0.2920769314E-02
  0.5327672562E-03  0.5532702661E+01  0.2950246003E-02
  0.5381487436E-03  0.5532603919E+01  0.2980019907E-02
  0.5435845895E-03  0.5532504179E+01  0.3010094018E-02
  0.5490753429E-03  0.5532403430E+01  0.3040471358E-02
  0.5546215585E-03  0.5532301662E+01  0.3071154978E-02
  0.5602237965E-03  0.5532198864E+01  0.3102147960E-02
  0.5658826227E-03  0.5532095027E+01  0.3133453418E-02
  0.5715986088E-03  0.5531990139E+01  0.3165074497E-02
  0.5773723321E-03  0.5531884191E+01  0.3197014372E-02
  0.5832043759E-03  0.5531777170E+01  0.3229276250E-02
  0.5890953291E-03  0.5531669067E+01  0.3261863373E-02
  0.5950457870E-03  0.5531559871E+01  0.3294779011E-02
  0.6010563505E-03  0.5531449569E+01  0.3328026472E-02
  0.6071276268E-03  0.5531338152E+01  0.3361609092E-02
  0.6132602291E-03  0.5531225607E+01  0.3395530244E-02
  0.6194547769E-03  0.5531111924E+01  0.3429793333E-02
  0.6257118958E-03  0.5530997091E+01  0.3464401799E-02
  0.6320322180E-03  0.5530881095E+01  0.3499359116E-02
  0.6384163818E-03  0.5530763926E+01  0.3534668793E-02
  0.6448650321E-03  0.5530645571E+01  0.3570334374E-02
  0.6513788203E-03  0.5530526019E+01  0.3606359439E-02
  0.6579584044E-03  0.5530405257E+01  0.3642747602E-02
  0.6646044489E-03  0.5530283272E+01  0.3679502516E-02
  0.6713176251E-03  0.5530160053E+01  0.3716627869E-02
  0.6780986112E-03  0.5530035587E+01  0.3754127385E-02
  0.6849480921E-03  0.5529909861E+01  0.3792004828E-02
  0.6918667597E-03  0.5529782863E+01  0.3830263997E-02
  0.6988553129E-03  0.5529654579E+01  0.3868908730E-02
  0.7059144575E-03  0.5529524996E+01  0.3907942904E-02
  0.7130449065E-03  0.5529394102E+01  0.3947370433E-02
  0.7202473803E-03  0.5529261882E+01  0.3987195273E-02
  0.7275226064E-03  0.5529128324E+01  0.4027421418E-02
  0.7348713196E-03  0.5528993414E+01  0.4068052900E-02
  0.7422942622E-03  0.5528857138E+01  0.4109093795E-02
  0.7497921840E-03  0.5528719482E+01  0.4150548218E-02
  0.7573658425E-03  0.5528580432E+01  0.4192420324E-02
  0.7650160025E-03  0.5528439974E+01  0.4234714312E-02
  0.7727434369E-03  0.5528298093E+01  0.4277434421E-02
  0.7805489261E-03  0.5528154776E+01  0.4320584933E-02
  0.7884332587E-03  0.5528010007E+01  0.4364170173E-02
  0.7963972310E-03  0.5527863772E+01  0.4408194509E-02
  0.8044416475E-03  0.5527716055E+01  0.4452662354E-02
  0.8125673207E-03  0.5527566843E+01  0.4497578162E-02
  0.8207750714E-03  0.5527416118E+01  0.4542946434E-02
  0.8290657287E-03  0.5527263867E+01  0.4588771715E-02
  0.8374401300E-03  0.5527110074E+01  0.4635058597E-02
  0.8458991212E-03  0.5526954722E+01  0.4681811716E-02
  0.8544435568E-03  0.5526797795E+01  0.4729035754E-02
  0.8630742998E-03  0.5526639279E+01  0.4776735441E-02
  0.8717922220E-03  0.5526479156E+01  0.4824915555E-02
  0.8805982040E-03  0.5526317411E+01  0.4873580919E-02
  0.8894931354E-03  0.5526154026E+01  0.4922736406E-02
  0.8984779145E-03  0.5525988985E+01  0.4972386938E-02
  0.9075534490E-03  0.5525822295E+01  0.5022537485E-02
  0.9167206556E-03  0.5525653915E+01  0.5073193068E-02
  0.9259804602E-03  0.5525483829E+01  0.5124358756E-02
  0.9353337982E-03  0.5525312020E+01  0.5176039670E-02
  0.9447816143E-03  0.5525138469E+01  0.5228240982E-02
  0.9543248629E-03  0.5524963159E+01  0.5280967916E-02
  0.9639645080E-03  0.5524786072E+01  0.5334225746E-02
  0.9737015233E-03  0.5524607190E+01  0.5388019802E-02
  0.9835368922E-03  0.5524426494E+01  0.5442355463E-02
  0.9934716083E-03  0.5524243966E+01  0.5497238165E-02
  0.1003506675E-02  0.5524059588E+01  0.5552673397E-02
  0.1013643106E-02  0.5523873340E+01  0.5608666702E-02
  0.1023881925E-02  0.5523685203E+01  0.5665223680E-02
  0.1034224167E-02  0.5523495159E+01  0.5722349984E-02
  0.1044670876E-02  0.5523303186E+01  0.5780051327E-02
  0.1055223107E-02  0.5523109267E+01  0.5838333475E-02
  0.1065881926E-02  0.5522913380E+01  0.5897202254E-02
  0.1076648410E-02  0.5522715506E+01  0.5956663548E-02
  0.1087523647E-02  0.5522515625E+01  0.6016723299E-02
  0.1098508734E-02  0.5522313715E+01  0.6077387506E-02
  0.1109604782E-02  0.5522109756E+01  0.6138662231E-02
  0.1120812911E-02  0.5521903728E+01  0.6200553596E-02
  0.1132134253E-02  0.5521695608E+01  0.6263067781E-02
  0.1143569953E-02  0.5521485376E+01  0.6326211031E-02
  0.1155121165E-02  0.5521273009E+01  0.6389989651E-02
  0.1166789055E-02  0.5521058487E+01  0.6454410009E-02
  0.1178574803E-02  0.5520841786E+01  0.6519478536E-02
  0.1190479599E-02  0.5520622929E+01  0.6585201728E-02
  0.1202504646E-02  0.5520401857E+01  0.6651586146E-02
  0.1214651157E-02  0.5520178540E+01  0.6718638415E-02
  0.1226920361E-02  0.5519952957E+01  0.6786365226E-02
  0.1239313496E-02  0.5519725084E+01  0.6854773335E-02
  0.1251831814E-02  0.5519494898E+01  0.6923869569E-02
  0.1264476580E-02  0.5519262374E+01  0.6993660820E-02
  0.1277249070E-02  0.5519027488E+01  0.7064154047E-02
  0.1290150576E-02  0.5518790218E+01  0.7135356281E-02
  0.1303182400E-02  0.5518550537E+01  0.7207274622E-02
  0.1316345859E-02  0.5518308422E+01  0.7279916240E-02
  0.1329642282E-02  0.5518063847E+01  0.7353288376E-02
  0.1343073012E-02  0.5517816787E+01  0.7427398343E-02
  0.1356639406E-02  0.5517567217E+01  0.7502253527E-02
  0.1370342834E-02  0.5517315110E+01  0.7577861387E-02
  0.1384184681E-02  0.5517060441E+01  0.7654229455E-02
  0.1398166344E-02  0.5516803183E+01  0.7731365339E-02
  0.1412289237E-02  0.5516543310E+01  0.7809276721E-02
  0.1426554785E-02  0.5516280794E+01  0.7887971361E-02
  0.1440964429E-02  0.5516015609E+01  0.7967457095E-02
  0.1455519625E-02  0.5515747727E+01  0.8047741835E-02
  0.1470221844E-02  0.5515477120E+01  0.8128833574E-02
  0.1485072569E-02  0.5515203760E+01  0.8210740382E-02
  0.1500073302E-02  0.5514927619E+01  0.8293470410E-02
  0.1515225558E-02  0.5514648668E+01  0.8377031889E-02
  0.1530530867E-02  0.5514366878E+01  0.8461433133E-02
  0.1545990774E-02  0.5514082220E+01  0.8546682536E-02
  0.1561606843E-02  0.5513794663E+01  0.8632788576E-02
  0.1577380649E-02  0.5513504179E+01  0.8719759815E-02
  0.1593313787E-02  0.5513210736E+01  0.8807604899E-02
  0.1609407866E-02  0.5512914305E+01  0.8896332561E-02
  0.1625664511E-02  0.5512614854E+01  0.8985951618E-02
  0.1642085364E-02  0.5512312353E+01  0.9076470976E-02
  0.1658672085E-02  0.5512006768E+01  0.9167899628E-02
  0.1675426349E-02  0.5511698069E+01  0.9260246656E-02
  0.1692349847E-02  0.5511386224E+01  0.9353521231E-02
  0.1709444290E-02  0.5511071198E+01  0.9447732616E-02
  0.1726711404E-02  0.5510752961E+01  0.9542890163E-02
  0.1744152934E-02  0.5510431478E+01  0.9639003319E-02
  0.1761770640E-02  0.5510106715E+01  0.9736081622E-02
  0.1779566303E-02  0.5509778638E+01  0.9834134705E-02
  0.1797541720E-02  0.5509447214E+01  0.9933172296E-02
  0.1815698707E-02  0.5509112407E+01  0.1003320422E-01
  0.1834039098E-02  0.5508774181E+01  0.1013424039E-01
  0.1852564746E-02  0.5508432503E+01  0.1023629084E-01
  0.1871277521E-02  0.5508087334E+01  0.1033936567E-01
  0.1890179314E-02  0.5507738639E+01  0.1044347510E-01
  0.1909272034E-02  0.5507386382E+01  0.1054862945E-01
  0.1928557610E-02  0.5507030524E+01  0.1065483914E-01
  0.1948037990E-02  0.5506671029E+01  0.1076211468E-01
  0.1967715142E-02  0.5506307858E+01  0.1087046671E-01
  0.1987591052E-02  0.5505940973E+01  0.1097990594E-01
  0.2007667730E-02  0.5505570336E+01  0.1109044322E-01
  0.2027947202E-02  0.5505195906E+01  0.1120208949E-01
  0.2048431517E-02  0.5504817644E+01  0.1131485578E-01
  0.2069122744E-02  0.5504435510E+01  0.1142875326E-01
  0.2090022974E-02  0.5504049463E+01  0.1154379319E-01
  0.2111134317E-02  0.5503659462E+01  0.1165998695E-01
  0.2132458906E-02  0.5503265466E+01  0.1177734603E-01
  0.2153998895E-02  0.5502867432E+01  0.1189588202E-01
  0.2175756460E-02  0.5502465319E+01  0.1201560664E-01
  0.2197733798E-02  0.5502059083E+01  0.1213653171E-01
  0.2219933129E-02  0.5501648681E+01  0.1225866919E-01
  0.2242356696E-02  0.5501234069E+01  0.1238203113E-01
  0.2265006764E-02  0.5500815202E+01  0.1250662971E-01
  0.2287885620E-02  0.5500392035E+01  0.1263247723E-01
  0.2310995576E-02  0.5499964524E+01  0.1275958611E-01
  0.2334338965E-02  0.5499532622E+01  0.1288796888E-01
  0.2357918147E-02  0.5499096283E+01  0.1301763821E-01
  0.2381735502E-02  0.5498655459E+01  0.1314860689E-01
  0.2405793436E-02  0.5498210104E+01  0.1328088783E-01
  0.2430094380E-02  0.5497760169E+01  0.1341449406E-01
  0.2454640788E-02  0.5497305605E+01  0.1354943874E-01
  0.2479435139E-02  0.5496846364E+01  0.1368573517E-01
  0.2504479939E-02  0.5496382395E+01  0.1382339678E-01
  0.2529777716E-02  0.5495913649E+01  0.1396243711E-01
  0.2555331026E-02  0.5495440074E+01  0.1410286984E-01
  0.2581142450E-02  0.5494961619E+01  0.1424470880E-01
  0.2607214596E-02  0.5494478232E+01  0.1438796794E-01
  0.2633550097E-02  0.5493989861E+01  0.1453266135E-01
  0.2660151614E-02  0.5493496451E+01  0.1467880325E-01
  0.2687021832E-02  0.5492997950E+01  0.1482640800E-01
  0.2714163467E-02  0.5492494302E+01  0.1497549011E-01
  0.2741579259E-02  0.5491985453E+01  0.1512606422E-01
  0.2769271979E-02  0.5491471346E+01  0.1527814511E-01
  0.2797244423E-02  0.5490951925E+01  0.1543174772E-01
  0.2825499417E-02  0.5490427134E+01  0.1558688712E-01
  0.2854039815E-02  0.5489896914E+01  0.1574357853E-01
  0.2882868500E-02  0.5489361207E+01  0.1590183732E-01
  0.2911988384E-02  0.5488819954E+01  0.1606167900E-01
  0.2941402408E-02  0.5488273095E+01  0.1622311924E-01
  0.2971113544E-02  0.5487720569E+01  0.1638617386E-01
  0.3001124792E-02  0.5487162316E+01  0.1655085882E-01
  0.3031439184E-02  0.5486598273E+01  0.1671719026E-01
  0.3062059781E-02  0.5486028377E+01  0.1688518446E-01
  0.3092989678E-02  0.5485452566E+01  0.1705485784E-01
  0.3124231998E-02  0.5484870775E+01  0.1722622702E-01
  0.3155789897E-02  0.5484282938E+01  0.1739930874E-01
  0.3187666563E-02  0.5483688991E+01  0.1757411993E-01
  0.3219865215E-02  0.5483088867E+01  0.1775067766E-01
  0.3252389106E-02  0.5482482499E+01  0.1792899919E-01
  0.3285241521E-02  0.5481869818E+01  0.1810910191E-01
  0.3318425779E-02  0.5481250755E+01  0.1829100342E-01
  0.3351945231E-02  0.5480625241E+01  0.1847472146E-01
  0.3385803264E-02  0.5479993206E+01  0.1866027395E-01
  0.3420003297E-02  0.5479354577E+01  0.1884767898E-01
  0.3454548785E-02  0.5478709283E+01  0.1903695481E-01
  0.3489443217E-02  0.5478057250E+01  0.1922811988E-01
  0.3524690118E-02  0.5477398405E+01  0.1942119281E-01
  0.3560293049E-02  0.5476732673E+01  0.1961619240E-01
  0.3596255605E-02  0.5476059977E+01  0.1981313761E-01
  0.3632581419E-02  0.5475380242E+01  0.2001204760E-01
  0.3669274160E-02  0.5474693389E+01  0.2021294171E-01
  0.3706337536E-02  0.5473999339E+01  0.2041583946E-01
  0.3743775289E-02  0.5473298015E+01  0.2062076057E-01
  0.3781591201E-02  0.5472589334E+01  0.2082772493E-01
  0.3819789092E-02  0.5471873216E+01  0.2103675262E-01
  0.3858372820E-02  0.5471149578E+01  0.2124786393E-01
  0.3897346283E-02  0.5470418336E+01  0.2146107932E-01
  0.3936713417E-02  0.5469679059E+01  0.2167641947E-01
  0.3976478199E-02  0.5468931307E+01  0.2189390519E-01
  0.4016644645E-02  0.5468175655E+01  0.2211355755E-01
  0.4057216813E-02  0.5467412014E+01  0.2233539780E-01
  0.4098198801E-02  0.5466640294E+01  0.2255944741E-01
  0.4139594749E-02  0.5465860405E+01  0.2278572802E-01
  0.4181408837E-02  0.5465072254E+01  0.2301426151E-01
  0.4223645290E-02  0.5464275748E+01  0.2324506996E-01
  0.4266308374E-02  0.5463470794E+01  0.2347817564E-01
  0.4309402398E-02  0.5462657295E+01  0.2371360105E-01
  0.4352931715E-02  0.5461835155E+01  0.2395136890E-01
  0.4396900722E-02  0.5461004276E+01  0.2419150210E-01
  0.4441313861E-02  0.5460164560E+01  0.2443402380E-01
  0.4486175617E-02  0.5459315906E+01  0.2467895733E-01
  0.4531490522E-02  0.5458458213E+01  0.2492632628E-01
  0.4577263154E-02  0.5457591378E+01  0.2517615444E-01
  0.4623498135E-02  0.5456715298E+01  0.2542846582E-01
  0.4670200136E-02  0.5455829867E+01  0.2568328467E-01
  0.4717373875E-02  0.5454934980E+01  0.2594063546E-01
  0.4765024116E-02  0.5454030529E+01  0.2620054287E-01
  0.4813155673E-02  0.5453116404E+01  0.2646303186E-01
  0.4861773407E-02  0.5452192496E+01  0.2672812756E-01
  0.4910882230E-02  0.5451258693E+01  0.2699585538E-01
  0.4960487101E-02  0.5450314884E+01  0.2726624096E-01
  0.5010593031E-02  0.5449360952E+01  0.2753931016E-01
  0.5061205082E-02  0.5448396785E+01  0.2781508909E-01
  0.5112328365E-02  0.5447422263E+01  0.2809360412E-01
  0.5163968046E-02  0.5446437271E+01  0.2837488183E-01
  0.5216129339E-02  0.5445441687E+01  0.2865894907E-01
  0.5268817514E-02  0.5444435393E+01  0.2894583295E-01
  0.5322037893E-02  0.5443418265E+01  0.2923556080E-01
  0.5375795852E-02  0.5442390180E+01  0.2952816022E-01
  0.5430096820E-02  0.5441351013E+01  0.2982365906E-01
  0.5484946283E-02  0.5440300638E+01  0.3012208543E-01
  0.5540349781E-02  0.5439238929E+01  0.3042346771E-01
  0.5596312910E-02  0.5438164687E+01  0.3072783448E-01
  0.5652841323E-02  0.5437078290E+01  0.3103521459E-01
  0.5709940730E-02  0.5435980106E+01  0.3134563719E-01
  0.5767616899E-02  0.5434870000E+01  0.3165913168E-01
  0.5825875656E-02  0.5433747835E+01  0.3197572776E-01
  0.5884722885E-02  0.5432613473E+01  0.3229545539E-01
  0.5944164530E-02  0.5431466776E+01  0.3261834479E-01
  0.6004206596E-02  0.5430307604E+01  0.3294442648E-01
  0.6064855147E-02  0.5429135813E+01  0.3327373123E-01
  0.6126116310E-02  0.5427951263E+01  0.3360629012E-01
  0.6187996273E-02  0.5426754832E+01  0.3394213453E-01
  0.6250501286E-02  0.5425545627E+01  0.3428129612E-01
  0.6313637663E-02  0.5424323279E+01  0.3462380682E-01
  0.6377411780E-02  0.5423087642E+01  0.3496969885E-01
  0.6441830081E-02  0.5421838569E+01  0.3531900471E-01
  0.6506899072E-02  0.5420576858E+01  0.3567175723E-01
  0.6572625325E-02  0.5419306038E+01  0.3602798967E-01
  0.6639015480E-02  0.5418021556E+01  0.3638773560E-01
  0.6706076242E-02  0.5416723269E+01  0.3675102873E-01
  0.6773814386E-02  0.5415411029E+01  0.3711790306E-01
  0.6842236754E-02  0.5414084690E+01  0.3748839293E-01
  0.6911350256E-02  0.5412744106E+01  0.3786253296E-01
  0.6981161875E-02  0.5411389128E+01  0.3824035809E-01
  0.7051678662E-02  0.5410019608E+01  0.3862190358E-01
  0.7122907739E-02  0.5408645767E+01  0.3900720535E-01
  0.7194856302E-02  0.5407260191E+01  0.3939629980E-01
  0.7267531618E-02  0.5405860114E+01  0.3978922327E-01
  0.7340941029E-02  0.5404440222E+01  0.4018601215E-01
  0.7415091948E-02  0.5403006330E+01  0.4058670320E-01
  0.7489991867E-02  0.5401553830E+01  0.4099133354E-01
  0.7565648350E-02  0.5400074764E+01  0.4139994016E-01
  0.7642069041E-02  0.5398579837E+01  0.4181256048E-01
  0.7719261657E-02  0.5397068898E+01  0.4222923267E-01
  0.7797233997E-02  0.5395541793E+01  0.4264999522E-01
  0.7875993937E-02  0.5393998372E+01  0.4307488699E-01
  0.7955549431E-02  0.5392438483E+01  0.4350394714E-01
  0.8035908516E-02  0.5390861976E+01  0.4393721522E-01
  0.8117079309E-02  0.5389268701E+01  0.4437473110E-01
  0.8199070009E-02  0.5387658510E+01  0.4481653501E-01
  0.8281888898E-02  0.5386031254E+01  0.4526266751E-01
  0.8365544342E-02  0.5384386788E+01  0.4571316956E-01
  0.8450044790E-02  0.5382742529E+01  0.4616808319E-01
  0.8535398777E-02  0.5381090405E+01  0.4662745122E-01
  0.8621614927E-02  0.5379421557E+01  0.4709131617E-01
  0.8708701946E-02  0.5377734995E+01  0.4755972052E-01
  0.8796668632E-02  0.5376030333E+01  0.4803270707E-01
  0.8885523871E-02  0.5374307631E+01  0.4851031900E-01
  0.8975276638E-02  0.5372567631E+01  0.4899259989E-01
  0.9065935997E-02  0.5370810219E+01  0.4947959377E-01
  0.9157511109E-02  0.5369035288E+01  0.4997134504E-01
  0.9250011221E-02  0.5367250920E+01  0.5046789888E-01
  0.9343445678E-02  0.5365452629E+01  0.5096930104E-01
  0.9437823917E-02  0.5363636778E+01  0.5147559733E-01
  0.9533155471E-02  0.5361803271E+01  0.5198683376E-01
  0.9629449971E-02  0.5359952017E+01  0.5250305680E-01
  0.9726717143E-02  0.5358082927E+01  0.5302431327E-01
  0.9824966811E-02  0.5356195919E+01  0.5355065044E-01
  0.9924208900E-02  0.5354288834E+01  0.5408211588E-01
  0.1002445343E-01  0.5352355973E+01  0.5461875719E-01
  0.1012571054E-01  0.5350404642E+01  0.5516062247E-01
  0.1022799044E-01  0.5348434770E+01  0.5570776060E-01
  0.1033130348E-01  0.5346446293E+01  0.5626022091E-01
  0.1043566008E-01  0.5344439153E+01  0.5681805315E-01
  0.1054107079E-01  0.5342413297E+01  0.5738130749E-01
  0.1064754625E-01  0.5340368680E+01  0.5795003456E-01
  0.1075509722E-01  0.5338305263E+01  0.5852428545E-01
  0.1086373457E-01  0.5336223017E+01  0.5910411166E-01
  0.1097346926E-01  0.5334121919E+01  0.5968956517E-01
  0.1108431238E-01  0.5331999910E+01  0.6028069830E-01
  0.1119627514E-01  0.5329823738E+01  0.6087756185E-01
  0.1130936882E-01  0.5327627500E+01  0.6148020709E-01
  0.1142360487E-01  0.5325411183E+01  0.6208868761E-01
  0.1153899482E-01  0.5323180267E+01  0.6270305782E-01
  0.1165555032E-01  0.5320944631E+01  0.6332337348E-01
  0.1177328316E-01  0.5318689532E+01  0.6394969061E-01
  0.1189220521E-01  0.5316415008E+01  0.6458206484E-01
  0.1201232849E-01  0.5314121108E+01  0.6522055230E-01
  0.1213366514E-01  0.5311807893E+01  0.6586520962E-01
  0.1225622742E-01  0.5309475436E+01  0.6651609394E-01
  0.1238002770E-01  0.5307123824E+01  0.6717326291E-01
  0.1250507848E-01  0.5304755499E+01  0.6783677482E-01
  0.1263139240E-01  0.5302374084E+01  0.6850668890E-01
  0.1275898223E-01  0.5299974023E+01  0.6918306476E-01
  0.1288786083E-01  0.5297555454E+01  0.6986596219E-01
  0.1301804125E-01  0.5295118532E+01  0.7055544152E-01
  0.1314953661E-01  0.5292663425E+01  0.7125156365E-01
  0.1328236022E-01  0.5290190318E+01  0.7195439003E-01
  0.1341652547E-01  0.5287699411E+01  0.7266398266E-01
  0.1355204593E-01  0.5285187721E+01  0.7338040392E-01
  0.1368893528E-01  0.5282629751E+01  0.7410371477E-01
  0.1382720736E-01  0.5280053250E+01  0.7483397681E-01
  0.1396687612E-01  0.5277458441E+01  0.7557125410E-01
  0.1410795567E-01  0.5274838622E+01  0.7631561080E-01
  0.1425046028E-01  0.5272194739E+01  0.7706711120E-01
  0.1439440432E-01  0.5269506817E+01  0.7782581877E-01
  0.1453980234E-01  0.5266758677E+01  0.7859179486E-01
  0.1468666903E-01  0.5263991024E+01  0.7936510304E-01
  0.1483501923E-01  0.5261204139E+01  0.8014581040E-01
  0.1498486790E-01  0.5258398320E+01  0.8093398467E-01
  0.1513623021E-01  0.5255576533E+01  0.8172969438E-01
  0.1528912142E-01  0.5252755446E+01  0.8253301020E-01
  0.1544355699E-01  0.5249893959E+01  0.8334400152E-01
  0.1559955252E-01  0.5246989461E+01  0.8416273495E-01
  0.1575712375E-01  0.5244067428E+01  0.8498927935E-01
  0.1591628662E-01  0.5241128290E+01  0.8582370626E-01
  0.1607705719E-01  0.5238172494E+01  0.8666608785E-01
  0.1623945171E-01  0.5235200506E+01  0.8751649702E-01
  0.1640348657E-01  0.5232198186E+01  0.8837500619E-01
  0.1656917836E-01  0.5229148934E+01  0.8924168582E-01
  0.1673654380E-01  0.5226083796E+01  0.9011660812E-01
  0.1690559979E-01  0.5222996205E+01  0.9099984795E-01
  0.1707636343E-01  0.5219880621E+01  0.9189147975E-01
  0.1724885195E-01  0.5216751210E+01  0.9279157933E-01
  0.1742308278E-01  0.5213608617E+01  0.9370022445E-01
  0.1759907351E-01  0.5210453446E+01  0.9461749362E-01
  0.1777684193E-01  0.5207268398E+01  0.9554346459E-01
  0.1795640599E-01  0.5204033550E+01  0.9647821242E-01
  0.1813778383E-01  0.5200787118E+01  0.9742181436E-01
  0.1832099377E-01  0.5197529833E+01  0.9837435186E-01
  0.1850605431E-01  0.5194262443E+01  0.9933590722E-01
  0.1869298415E-01  0.5190985710E+01  0.1003065636E+00
  0.1888180217E-01  0.5187700404E+01  0.1012864051E+00
  0.1907252745E-01  0.5184407308E+01  0.1022755166E+00
  0.1926517924E-01  0.5181107211E+01  0.1032739841E+00
  0.1945977701E-01  0.5177749935E+01  0.1042818894E+00
  0.1965634041E-01  0.5174385258E+01  0.1052993148E+00
  0.1985488931E-01  0.5170960790E+01  0.1063263433E+00
  0.2005544374E-01  0.5167510985E+01  0.1073630565E+00
  0.2025802398E-01  0.5164038880E+01  0.1084095405E+00
  0.2046265049E-01  0.5160613590E+01  0.1094658892E+00
  0.2066934393E-01  0.5157188219E+01  0.1105322002E+00
  0.2087812518E-01  0.5153756836E+01  0.1116085662E+00
  0.2108901533E-01  0.5150287811E+01  0.1126950770E+00
  0.2130203569E-01  0.5146796644E+01  0.1137918213E+00
  0.2151720777E-01  0.5143283879E+01  0.1148988903E+00
  0.2173455330E-01  0.5139773427E+01  0.1160163786E+00
  0.2195409424E-01  0.5136243283E+01  0.1171443818E+00
  0.2217585277E-01  0.5132699581E+01  0.1182829946E+00
  0.2239985128E-01  0.5129103187E+01  0.1194323089E+00
  0.2262611241E-01  0.5125509624E+01  0.1205924190E+00
  0.2285465900E-01  0.5121919256E+01  0.1217634265E+00
  0.2308551414E-01  0.5118332365E+01  0.1229454338E+00
  0.2331870115E-01  0.5114749149E+01  0.1241385447E+00
  0.2355424359E-01  0.5111213303E+01  0.1253428687E+00
  0.2379216524E-01  0.5107666402E+01  0.1265585151E+00
  0.2403249014E-01  0.5104102923E+01  0.1277855863E+00
  0.2427524257E-01  0.5100568425E+01  0.1290241907E+00
  0.2452044704E-01  0.5097157895E+01  0.1302744547E+00
  0.2476812832E-01  0.5093764685E+01  0.1315365051E+00
  0.2501831143E-01  0.5090447612E+01  0.1328104641E+00
  0.2527102165E-01  0.5087175889E+01  0.1340964588E+00
  0.2552628449E-01  0.5083911490E+01  0.1353946092E+00
  0.2578412575E-01  0.5080631467E+01  0.1367050284E+00
  0.2604457147E-01  0.5077292955E+01  0.1380278224E+00
  0.2630764795E-01  0.5073782110E+01  0.1393630769E+00
  0.2657338176E-01  0.5070247062E+01  0.1407108827E+00
  0.2684179976E-01  0.5066582080E+01  0.1420713364E+00
  0.2711292905E-01  0.5062955861E+01  0.1434445436E+00
  0.2738679702E-01  0.5059368629E+01  0.1448306339E+00
  0.2766343134E-01  0.5055670103E+01  0.1462297173E+00
  0.2794285993E-01  0.5051897732E+01  0.1476418890E+00
  0.2822511105E-01  0.5048091604E+01  0.1490672556E+00
  0.2851021318E-01  0.5044370431E+01  0.1505059468E+00
  0.2879819513E-01  0.5040602966E+01  0.1519580920E+00
  0.2908908599E-01  0.5036782599E+01  0.1534238017E+00
  0.2938291514E-01  0.5032942202E+01  0.1549031910E+00
  0.2967971226E-01  0.5029080239E+01  0.1563963807E+00
  0.2997950734E-01  0.5025195162E+01  0.1579034918E+00
  0.3028233064E-01  0.5021289876E+01  0.1594246467E+00
  0.3058821277E-01  0.5017422128E+01  0.1609599780E+00
  0.3089718462E-01  0.5013527610E+01  0.1625096185E+00
  0.3120927739E-01  0.5009546050E+01  0.1640736830E+00
  0.3152452262E-01  0.5005550570E+01  0.1656522887E+00
  0.3184295214E-01  0.5001608002E+01  0.1672455760E+00
  0.3216459812E-01  0.4997628483E+01  0.1688536831E+00
  0.3248949305E-01  0.4993610323E+01  0.1704767345E+00
  0.3281766975E-01  0.4989428052E+01  0.1721148348E+00
  0.3314916136E-01  0.4985152786E+01  0.1737680798E+00
  0.3348400137E-01  0.4980837790E+01  0.1754365860E+00
  0.3382222361E-01  0.4976482387E+01  0.1771204795E+00
  0.3416386223E-01  0.4972219724E+01  0.1788199100E+00
  0.3450895175E-01  0.4967840740E+01  0.1805350153E+00
  0.3485752702E-01  0.4963353147E+01  0.1822658996E+00
  0.3520962325E-01  0.4958817648E+01  0.1840126791E+00
  0.3556527601E-01  0.4954234901E+01  0.1857754813E+00
  0.3592452122E-01  0.4949668022E+01  0.1875544462E+00
  0.3628739518E-01  0.4945220936E+01  0.1893497449E+00
  0.3665393452E-01  0.4940803132E+01  0.1911615533E+00
  0.3702417628E-01  0.4936349318E+01  0.1929900205E+00
  0.3739815786E-01  0.4931862257E+01  0.1948352852E+00
  0.3777591703E-01  0.4927297001E+01  0.1966974791E+00
  0.3815749195E-01  0.4922843277E+01  0.1985767623E+00
  0.3854292116E-01  0.4918556961E+01  0.2004733439E+00
  0.3893224360E-01  0.4914391571E+01  0.2023874376E+00
  0.3932549859E-01  0.4910321558E+01  0.2043192463E+00
  0.3972272585E-01  0.4906297258E+01  0.2062689606E+00
  0.4012396550E-01  0.4902179337E+01  0.2082367355E+00
  0.4052925808E-01  0.4897884978E+01  0.2102226822E+00
  0.4093864453E-01  0.4893586526E+01  0.2122269300E+00
  0.4135216619E-01  0.4889204665E+01  0.2142496281E+00
  0.4176986484E-01  0.4884643961E+01  0.2162908897E+00
  0.4219178266E-01  0.4880118117E+01  0.2183508533E+00
  0.4261796229E-01  0.4875826943E+01  0.2204297458E+00
  0.4304844675E-01  0.4871598911E+01  0.2225278036E+00
  0.4348327955E-01  0.4867442624E+01  0.2246452309E+00
  0.4392250460E-01  0.4863366675E+01  0.2267822385E+00
  0.4436616626E-01  0.4859455183E+01  0.2289390601E+00
  0.4481430935E-01  0.4855616146E+01  0.2311159312E+00
  0.4526697914E-01  0.4851762483E+01  0.2333130497E+00
  0.4572422136E-01  0.4848011353E+01  0.2355306227E+00
  0.4618608218E-01  0.4844369003E+01  0.2377688881E+00
  0.4665260826E-01  0.4840841113E+01  0.2400280897E+00
  0.4712384673E-01  0.4837432717E+01  0.2423084771E+00
  0.4759984518E-01  0.4834148116E+01  0.2446103059E+00
  0.4808065170E-01  0.4830774455E+01  0.2469337848E+00
  0.4856631485E-01  0.4827494530E+01  0.2492791174E+00
  0.4905688368E-01  0.4824098801E+01  0.2516465029E+00
  0.4955240776E-01  0.4820500067E+01  0.2540360684E+00
  0.5005293713E-01  0.4816942503E+01  0.2564479799E+00
  0.5055852235E-01  0.4813586415E+01  0.2588825065E+00
  0.5106921450E-01  0.4810373447E+01  0.2613399468E+00
  0.5158506515E-01  0.4807277413E+01  0.2638205825E+00
  0.5210612641E-01  0.4804294386E+01  0.2663246914E+00
  0.5263245092E-01  0.4801524413E+01  0.2688525804E+00
  0.5316409184E-01  0.4799234607E+01  0.2714046585E+00
  0.5370110287E-01  0.4797147186E+01  0.2739813400E+00
  0.5424353825E-01  0.4794543392E+01  0.2765827761E+00
  0.5479145278E-01  0.4791792427E+01  0.2792090225E+00
  0.5534490180E-01  0.4788860515E+01  0.2818602239E+00
  0.5590394121E-01  0.4785974179E+01  0.2845365789E+00
  0.5646862749E-01  0.4783147343E+01  0.2872383547E+00
  0.5703901766E-01  0.4780648044E+01  0.2899659022E+00
  0.5761516936E-01  0.4778429722E+01  0.2927196416E+00
  0.5819714076E-01  0.4776303813E+01  0.2954999325E+00
  0.5878499067E-01  0.4774205305E+01  0.2983070654E+00
  0.5937877846E-01  0.4772132832E+01  0.3011413149E+00
  0.5997856410E-01  0.4769690128E+01  0.3040028391E+00
  0.6058440818E-01  0.4767255119E+01  0.3068917900E+00
  0.6119637190E-01  0.4764363063E+01  0.3098082923E+00
  0.6181451707E-01  0.4761470426E+01  0.3127524663E+00
  0.6243890613E-01  0.4758242431E+01  0.3157244686E+00
  0.6306960215E-01  0.4754912740E+01  0.3187244231E+00
  0.6370666884E-01  0.4751411945E+01  0.3217525045E+00
  0.6435017054E-01  0.4747992298E+01  0.3248089459E+00
  0.6500017227E-01  0.4744363840E+01  0.3278939698E+00
  0.6565673966E-01  0.4740774627E+01  0.3310077862E+00
  0.6631993905E-01  0.4737389181E+01  0.3341507424E+00
  0.6698983743E-01  0.4734704965E+01  0.3373234126E+00
  0.6766650245E-01  0.4732029951E+01  0.3405263168E+00
  0.6835000248E-01  0.4729500639E+01  0.3437597950E+00
  0.6904040654E-01  0.4727249059E+01  0.3470242843E+00
  0.6973778439E-01  0.4725515992E+01  0.3503203587E+00
  0.7044220645E-01  0.4724370880E+01  0.3536487131E+00
  0.7115374389E-01  0.4723453733E+01  0.3570099536E+00
  0.7187246858E-01  0.4723106091E+01  0.3604046915E+00
  0.7259845311E-01  0.4723564827E+01  0.3638337599E+00
  0.7333177082E-01  0.4724685804E+01  0.3672980447E+00
  0.7407249577E-01  0.4726389501E+01  0.3707983684E+00
  0.7482070280E-01  0.4728709734E+01  0.3743355542E+00
  0.7557646748E-01  0.4731467101E+01  0.3779103880E+00
  0.7633986614E-01  0.4734201148E+01  0.3815234272E+00
  0.7711097590E-01  0.4737149769E+01  0.3851751527E+00
  0.7788987464E-01  0.4740262607E+01  0.3888661251E+00
  0.7867664105E-01  0.4742854847E+01  0.3925966242E+00
  0.7947135460E-01  0.4745470029E+01  0.3963668744E+00
  0.8027409556E-01  0.4748066883E+01  0.4001772998E+00
  0.8108494501E-01  0.4750581566E+01  0.4040282867E+00
  0.8190398485E-01  0.4752949880E+01  0.4079201722E+00
  0.8273129783E-01  0.4755108960E+01  0.4118532425E+00
  0.8356696751E-01  0.4756960765E+01  0.4158277166E+00
  0.8441107829E-01  0.4757917054E+01  0.4198435220E+00
  0.8526371544E-01  0.4758675205E+01  0.4239006221E+00
  0.8612496510E-01  0.4759305788E+01  0.4279993010E+00
  0.8699491424E-01  0.4759780708E+01  0.4321398616E+00
  0.8787365075E-01  0.4759844400E+01  0.4363224826E+00
  0.8876126338E-01  0.4759494772E+01  0.4405472255E+00
  0.8965784180E-01  0.4758185565E+01  0.4448138989E+00
  0.9056347656E-01  0.4755671895E+01  0.4491219389E+00
  0.9147825915E-01  0.4752619857E+01  0.4534709488E+00
  0.9240228197E-01  0.4749182017E+01  0.4578608897E+00
  0.9333563836E-01  0.4745408382E+01  0.4622918080E+00
  0.9427842258E-01  0.4741952720E+01  0.4667640752E+00
  0.9523072988E-01  0.4738382127E+01  0.4712781712E+00
  0.9619265645E-01  0.4733231099E+01  0.4758336694E+00
  0.9716429944E-01  0.4728159633E+01  0.4804302164E+00
  0.9814575701E-01  0.4723881965E+01  0.4850686053E+00
  0.9913712829E-01  0.4718943945E+01  0.4897492785E+00
  0.1001385134E+00  0.4713833576E+01  0.4944722001E+00
  0.1011500136E+00  0.4709146120E+01  0.4992378727E+00
  0.1021717309E+00  0.4702993423E+01  0.5040461457E+00
  0.1032037686E+00  0.4696515671E+01  0.5088964695E+00
  0.1042462309E+00  0.4689861432E+01  0.5137889416E+00
  0.1052992231E+00  0.4681668082E+01  0.5187230155E+00
  0.1063628516E+00  0.4672643297E+01  0.5236977717E+00
  0.1074372239E+00  0.4662848978E+01  0.5287126686E+00
  0.1085224483E+00  0.4652540090E+01  0.5337673127E+00
  0.1096186347E+00  0.4641629470E+01  0.5388613836E+00
  0.1107258936E+00  0.4630338491E+01  0.5439946183E+00
  0.1118443370E+00  0.4619352511E+01  0.5491672461E+00
  0.1129740778E+00  0.4607476670E+01  0.5543792087E+00
  0.1141152301E+00  0.4595321476E+01  0.5596301058E+00
  0.1152679092E+00  0.4583425253E+01  0.5649201805E+00
  0.1164322315E+00  0.4570962247E+01  0.5702495093E+00
  0.1176083146E+00  0.4558114213E+01  0.5756177858E+00
  0.1187962774E+00  0.4545043515E+01  0.5810248921E+00
  0.1199962398E+00  0.4531238594E+01  0.5864704907E+00
  0.1212083230E+00  0.4517307738E+01  0.5919542863E+00
  0.1224326495E+00  0.4503453363E+01  0.5974764647E+00
  0.1236693429E+00  0.4489768789E+01  0.6030373941E+00
  0.1249185282E+00  0.4476444346E+01  0.6086376249E+00
  0.1261803315E+00  0.4464090362E+01  0.6142782230E+00
  0.1274548803E+00  0.4453349861E+01  0.6199610794E+00
  0.1287423034E+00  0.4443586806E+01  0.6256881400E+00
  0.1300427307E+00  0.4434091085E+01  0.6314605274E+00
  0.1313562936E+00  0.4424891964E+01  0.6372789433E+00
  0.1326831249E+00  0.4415704050E+01  0.6431439328E+00
  0.1340233585E+00  0.4405696973E+01  0.6490553018E+00
  0.1353771298E+00  0.4394706358E+01  0.6550121685E+00
  0.1367445755E+00  0.4382893735E+01  0.6610136145E+00
  0.1381258338E+00  0.4368744989E+01  0.6670577514E+00
  0.1395210443E+00  0.4351997816E+01  0.6731413872E+00
  0.1409303478E+00  0.4329938194E+01  0.6792591285E+00
  0.1423538866E+00  0.4306304779E+01  0.6854061422E+00
  0.1437918047E+00  0.4281438080E+01  0.6915803775E+00
  0.1452442472E+00  0.4254533824E+01  0.6977793815E+00
  0.1467113608E+00  0.4227221251E+01  0.7040012307E+00
  0.1481932937E+00  0.4198735387E+01  0.7102445820E+00
  0.1496901957E+00  0.4169197719E+01  0.7165075697E+00
  0.1512022178E+00  0.4138811601E+01  0.7227885169E+00
  0.1527295130E+00  0.4108291992E+01  0.7290863975E+00
  0.1542722353E+00  0.4078023161E+01  0.7354010032E+00
  0.1558305407E+00  0.4047533717E+01  0.7417320528E+00
  0.1574045866E+00  0.4016641566E+01  0.7480787436E+00
  0.1589945319E+00  0.3984536269E+01  0.7544394613E+00
  0.1606005373E+00  0.3950035820E+01  0.7608109440E+00
  0.1622227649E+00  0.3914863468E+01  0.7671902725E+00
  0.1638613787E+00  0.3877855882E+01  0.7735749012E+00
  0.1655165442E+00  0.3835980317E+01  0.7799587388E+00
  0.1671884284E+00  0.3791941990E+01  0.7863352405E+00
  0.1688772004E+00  0.3745043070E+01  0.7926993651E+00
  0.1705830308E+00  0.3697557434E+01  0.7990472719E+00
  0.1723060917E+00  0.3649229633E+01  0.8053767527E+00
  0.1740465572E+00  0.3601676587E+01  0.8116867291E+00
  0.1758046033E+00  0.3555278765E+01  0.8179778575E+00
  0.1775804074E+00  0.3510600361E+01  0.8242516660E+00
  0.1793741488E+00  0.3466946887E+01  0.8305096240E+00
  0.1811860089E+00  0.3421880002E+01  0.8367504193E+00
  0.1830161706E+00  0.3373677069E+01  0.8429689034E+00
  0.1848648188E+00  0.3325255903E+01  0.8491608886E+00
  0.1867321402E+00  0.3276324853E+01  0.8553245251E+00
  0.1886183235E+00  0.3223544042E+01  0.8614544970E+00
  0.1905235591E+00  0.3170330784E+01  0.8675454159E+00
  0.1924480394E+00  0.3117907170E+01  0.8735962112E+00
  0.1943919590E+00  0.3061445768E+01  0.8796022938E+00
  0.1963555142E+00  0.3002873113E+01  0.8855561061E+00
  0.1983389032E+00  0.2944366267E+01  0.8914539508E+00
  0.2003423265E+00  0.2886748702E+01  0.8972950465E+00
  0.2023659863E+00  0.2830288549E+01  0.9030797159E+00
  0.2044100872E+00  0.2775975514E+01  0.9088096005E+00
  0.2064748356E+00  0.2721864021E+01  0.9144854281E+00
  0.2085604400E+00  0.2669767320E+01  0.9201078331E+00
  0.2106671111E+00  0.2619828479E+01  0.9256795524E+00
  0.2127950617E+00  0.2569687634E+01  0.9312010694E+00
  0.2149445068E+00  0.2521125515E+01  0.9366722810E+00
  0.2171156634E+00  0.2470895860E+01  0.9420915112E+00
  0.2193087509E+00  0.2419187304E+01  0.9474537014E+00
  0.2215239908E+00  0.2368276456E+01  0.9527563918E+00
  0.2237616069E+00  0.2315115449E+01  0.9579962082E+00
  0.2260218251E+00  0.2263311226E+01  0.9631703300E+00
  0.2283048739E+00  0.2207406740E+01  0.9682737635E+00
  0.2306109837E+00  0.2147008666E+01  0.9732946436E+00
  0.2329403876E+00  0.2086676096E+01  0.9782256245E+00
  0.2352933208E+00  0.2029940030E+01  0.9830686859E+00
  0.2376700210E+00  0.1976742641E+01  0.9878300276E+00
  0.2400707283E+00  0.1921932847E+01  0.9925098170E+00
  0.2424956851E+00  0.1869527548E+01  0.9971068809E+00
  0.2449451365E+00  0.1820418922E+01  0.1001626053E+01
  0.2474193298E+00  0.1775266620E+01  0.1006074264E+01
  0.2499185149E+00  0.1728431554E+01  0.1010452459E+01
  0.2524429444E+00  0.1678251730E+01  0.1014752425E+01
  0.2549928731E+00  0.1628367516E+01  0.1018968246E+01
  0.2575685587E+00  0.1582030515E+01  0.1023102734E+01
  0.2601702613E+00  0.1537468037E+01  0.1027160738E+01
  0.2627982438E+00  0.1496086478E+01  0.1031146802E+01
  0.2654527715E+00  0.1455387463E+01  0.1035064187E+01
  0.2681341126E+00  0.1416715389E+01  0.1038914731E+01
  0.2708425380E+00  0.1381648584E+01  0.1042704311E+01
  0.2735783212E+00  0.1350136312E+01  0.1046441096E+01
  0.2763417386E+00  0.1319096903E+01  0.1050129199E+01
  0.2791330693E+00  0.1287379782E+01  0.1053766968E+01
  0.2819525952E+00  0.1256555973E+01  0.1057353315E+01
  0.2848006012E+00  0.1221849594E+01  0.1060882571E+01
  0.2876773750E+00  0.1186350779E+01  0.1064346495E+01
  0.2905832071E+00  0.1147086519E+01  0.1067736784E+01
  0.2935183910E+00  0.1108593258E+01  0.1071047201E+01
  0.2964832232E+00  0.1069214608E+01  0.1074275619E+01
  0.2994780032E+00  0.1031218516E+01  0.1077420786E+01
  0.3025030336E+00  0.9964828742E+00  0.1080487715E+01
  0.3055586198E+00  0.9672946082E+00  0.1083487961E+01
  0.3086450705E+00  0.9348639160E+00  0.1086423420E+01
  0.3117626974E+00  0.8985934922E+00  0.1089281439E+01
  0.3149118156E+00  0.8624454361E+00  0.1092054298E+01
  0.3180927430E+00  0.8243082511E+00  0.1094737019E+01
  0.3213058010E+00  0.7863621435E+00  0.1097324608E+01
  0.3245513142E+00  0.7495259837E+00  0.1099816980E+01
  0.3278296103E+00  0.7170791651E+00  0.1102220963E+01
  0.3311410205E+00  0.6827131664E+00  0.1104538606E+01
  0.3344858793E+00  0.6497772096E+00  0.1106767102E+01
  0.3378645245E+00  0.6189982913E+00  0.1108910474E+01
  0.3412772975E+00  0.5916799663E+00  0.1110976359E+01
  0.3447245429E+00  0.5666224789E+00  0.1112972835E+01
  0.3482066090E+00  0.5419413070E+00  0.1114902881E+01
  0.3517238475E+00  0.5188896896E+00  0.1116768479E+01
  0.3552766136E+00  0.4941351401E+00  0.1118567999E+01
  0.3588652663E+00  0.4711709934E+00  0.1120300073E+01
  0.3624901680E+00  0.4507323112E+00  0.1121970978E+01
  0.3661516848E+00  0.4286627530E+00  0.1123580938E+01
  0.3698501867E+00  0.4133989942E+00  0.1125138121E+01
  0.3735860472E+00  0.4027468763E+00  0.1126662625E+01
  0.3773596436E+00  0.3947884969E+00  0.1128167413E+01
  0.3811713572E+00  0.3864672738E+00  0.1129656375E+01
  0.3850215729E+00  0.3793409745E+00  0.1131130638E+01
  0.3889106797E+00  0.3756724073E+00  0.1132598802E+01
  0.3928390704E+00  0.3741273091E+00  0.1134071555E+01
  0.3968071418E+00  0.3662756971E+00  0.1135540541E+01
  0.4008152948E+00  0.3532272885E+00  0.1136982480E+01
  0.4048639341E+00  0.3381505791E+00  0.1138382050E+01
  0.4089534688E+00  0.3227371487E+00  0.1139733412E+01
  0.4130843119E+00  0.3086063955E+00  0.1141037402E+01
  0.4172568807E+00  0.2880693575E+00  0.1142282238E+01
  0.4214715967E+00  0.2588865537E+00  0.1143434869E+01
  0.4257288855E+00  0.2186102005E+00  0.1144451290E+01
  0.4300291773E+00  0.1684532595E+00  0.1145283533E+01
  0.4343729064E+00  0.1133631281E+00  0.1145895600E+01
  0.4387605115E+00  0.5433232027E-01  0.1146263491E+01
  0.4431924359E+00 -0.2956033025E-02  0.1146377339E+01
  0.4476691271E+00 -0.6336974490E-01  0.1146228879E+01
  0.4521910375E+00 -0.1263579507E+00  0.1145799913E+01
  0.4567586237E+00 -0.1922907447E+00  0.1145072185E+01
  0.4613723472E+00 -0.2580850323E+00  0.1144033231E+01
  0.4660326740E+00 -0.3233280375E+00  0.1142678443E+01
  0.4707400747E+00 -0.3861531400E+00  0.1141008537E+01
  0.4754950250E+00 -0.4370777810E+00  0.1139051326E+01
  0.4802980050E+00 -0.4881112156E+00  0.1136829494E+01
  0.4851495000E+00 -0.5400330640E+00  0.1134335475E+01
  0.4900500000E+00 -0.5965473265E+00  0.1131550569E+01
  0.4950000000E+00 -0.6530137405E+00  0.1128457906E+01
  0.5000000000E+00 -0.7120682792E+00  0.1125076285E+01
  0.5050000000E+00 -0.7671093749E+00  0.1121378340E+01
  0.5099500000E+00 -0.8150748344E+00  0.1117462435E+01
  0.5148505000E+00 -0.8516921280E+00  0.1113378439E+01
  0.5197019950E+00 -0.8799200976E+00  0.1109177985E+01
  0.5245049750E+00 -0.9055124054E+00  0.1104890286E+01
  0.5292599253E+00 -0.9338386468E+00  0.1100517275E+01
  0.5339673260E+00 -0.9744247061E+00  0.1096025795E+01
  0.5386276528E+00 -0.1006530656E+01  0.1091409845E+01
  0.5432413763E+00 -0.1021838365E+01  0.1086730678E+01
  0.5478089625E+00 -0.1028993782E+01  0.1082047002E+01
  0.5523308729E+00 -0.1036912093E+01  0.1077376081E+01
  0.5568075641E+00 -0.1054263188E+01  0.1072695308E+01
  0.5612394885E+00 -0.1074785230E+01  0.1067977418E+01
  0.5656270936E+00 -0.1100715500E+01  0.1063204799E+01
  0.5699708227E+00 -0.1128039704E+01  0.1058364244E+01
  0.5742711145E+00 -0.1158287831E+01  0.1053448306E+01
  0.5785284033E+00 -0.1194342791E+01  0.1048440392E+01
  0.5827431193E+00 -0.1228525390E+01  0.1043334542E+01
  0.5869156881E+00 -0.1264224756E+01  0.1038133956E+01
  0.5910465312E+00 -0.1293718118E+01  0.1032850726E+01
  0.5951360659E+00 -0.1311266633E+01  0.1027524138E+01
  0.5991847052E+00 -0.1316463363E+01  0.1022204772E+01
  0.6031928582E+00 -0.1314347960E+01  0.1016932425E+01
  0.6071609296E+00 -0.1306168513E+01  0.1011733227E+01
  0.6110893203E+00 -0.1293702224E+01  0.1006626573E+01
  0.6149784271E+00 -0.1278747340E+01  0.1001624307E+01
  0.6188286428E+00 -0.1261139124E+01  0.9967347521E+00
  0.6226403564E+00 -0.1244771380E+01  0.9919588455E+00
  0.6264139528E+00 -0.1230298891E+01  0.9872888873E+00
  0.6301498133E+00 -0.1209024621E+01  0.9827324012E+00
  0.6338483152E+00 -0.1177775441E+01  0.9783186090E+00
  0.6375098320E+00 -0.1145010481E+01  0.9740661491E+00
  0.6411347337E+00 -0.1110091763E+01  0.9699788871E+00
  0.6447233864E+00 -0.1075256939E+01  0.9660576584E+00
  0.6482761525E+00 -0.1053458963E+01  0.9622762435E+00
  0.6517933910E+00 -0.1035626686E+01  0.9586023373E+00
  0.6552754571E+00 -0.1014943304E+01  0.9550322272E+00
  0.6587227025E+00 -0.9974544748E+00  0.9515636127E+00
  0.6621354755E+00 -0.9828325266E+00  0.9481844777E+00
  0.6655141207E+00 -0.9716012417E+00  0.9448828085E+00
  0.6688589795E+00 -0.9639169036E+00  0.9416457911E+00
  0.6721703897E+00 -0.9580228874E+00  0.9384636255E+00
  0.6754486858E+00 -0.9561293382E+00  0.9353260466E+00
  0.6786941990E+00 -0.9574323954E+00  0.9322208018E+00
  0.6819072570E+00 -0.9623495219E+00  0.9291366164E+00
  0.6850881844E+00 -0.9668737231E+00  0.9260682569E+00
  0.6882373026E+00 -0.9704736853E+00  0.9230177889E+00
  0.6913549295E+00 -0.9746320011E+00  0.9199857319E+00
  0.6944413802E+00 -0.9780196970E+00  0.9169723503E+00
  0.6974969664E+00 -0.9728648946E+00  0.9139918023E+00
  0.7005219968E+00 -0.9663547428E+00  0.9110587032E+00
  0.7035167768E+00 -0.9547159510E+00  0.9081821111E+00
  0.7064816090E+00 -0.9496473858E+00  0.9053590522E+00
  0.7094167929E+00 -0.9470149097E+00  0.9025755259E+00
  0.7123226250E+00 -0.9491831663E+00  0.8998205093E+00
  0.7151993988E+00 -0.9520814311E+00  0.8970857553E+00
  0.7180474048E+00 -0.9562834212E+00  0.8943682380E+00
  0.7208669307E+00 -0.9623273038E+00  0.8916634516E+00
  0.7236582614E+00 -0.9664808141E+00  0.8889714810E+00
  0.7264216788E+00 -0.9742203710E+00  0.8862899973E+00
  0.7291574620E+00 -0.9837991467E+00  0.8836116388E+00
  0.7318658874E+00 -0.9996712472E+00  0.8809255980E+00
  0.7345472285E+00 -0.1025208446E+01  0.8782109014E+00
  0.7372017562E+00 -0.1055035934E+01  0.8754498682E+00
  0.7398297387E+00 -0.1085837471E+01  0.8726367794E+00
  0.7424314413E+00 -0.1117941165E+01  0.8697699911E+00
  0.7450071269E+00 -0.1146216259E+01  0.8668541122E+00
  0.7475570556E+00 -0.1172765361E+01  0.8638974933E+00
  0.7500814851E+00 -0.1203563672E+01  0.8608980558E+00
  0.7525806702E+00 -0.1233196214E+01  0.8578530988E+00
  0.7550548635E+00 -0.1256849664E+01  0.8547726714E+00
  0.7575043149E+00 -0.1275655104E+01  0.8516710477E+00
  0.7599292717E+00 -0.1292545010E+01  0.8485571605E+00
  0.7623299790E+00 -0.1306310969E+01  0.8454376143E+00
  0.7647066792E+00 -0.1313801369E+01  0.8423240035E+00
  0.7670596124E+00 -0.1313535921E+01  0.8392330289E+00
  0.7693890163E+00 -0.1315454314E+01  0.8361710389E+00
  0.7716951261E+00 -0.1318337275E+01  0.8331341325E+00
  0.7739781749E+00 -0.1319625050E+01  0.8301228343E+00
  0.7762383931E+00 -0.1328918670E+01  0.8271296908E+00
  0.7784760092E+00 -0.1344846012E+01  0.8241382614E+00
  0.7806912491E+00 -0.1365399151E+01  0.8211363398E+00
  0.7828843366E+00 -0.1397105882E+01  0.8181071322E+00
  0.7850554932E+00 -0.1438219378E+01  0.8150291645E+00
  0.7872049383E+00 -0.1484768614E+01  0.8118877635E+00
  0.7893328889E+00 -0.1531246327E+01  0.8086787980E+00
  0.7914395600E+00 -0.1583986952E+01  0.8053974121E+00
  0.7935251644E+00 -0.1639586256E+01  0.8020358628E+00
  0.7955899128E+00 -0.1696639842E+01  0.7985916292E+00
  0.7976340137E+00 -0.1754503663E+01  0.7950643864E+00
  0.7996576735E+00 -0.1813627858E+01  0.7914540442E+00
  0.8016610968E+00 -0.1876263583E+01  0.7877578370E+00
  0.8036444858E+00 -0.1936660229E+01  0.7839765813E+00
  0.8056080410E+00 -0.1994680224E+01  0.7801168795E+00
  0.8075519606E+00 -0.2050564068E+01  0.7761850647E+00
  0.8094764409E+00 -0.2103317391E+01  0.7721880329E+00
  0.8113816765E+00 -0.2148031872E+01  0.7681381220E+00
  0.8132678598E+00 -0.2190643182E+01  0.7640463539E+00
  0.8151351812E+00 -0.2232148850E+01  0.7599169668E+00
  0.8169838294E+00 -0.2270366445E+01  0.7557551834E+00
  0.8188139911E+00 -0.2309269890E+01  0.7515644459E+00
  0.8206258512E+00 -0.2346431938E+01  0.7473467057E+00
  0.8224195926E+00 -0.2380733838E+01  0.7431070490E+00
  0.8241953967E+00 -0.2416350879E+01  0.7388477078E+00
  0.8259534428E+00 -0.2451815123E+01  0.7345684778E+00
  0.8276939083E+00 -0.2491882533E+01  0.7302663100E+00
  0.8294169692E+00 -0.2531336459E+01  0.7259386538E+00
  0.8311227996E+00 -0.2571421635E+01  0.7215864341E+00
  0.8328115716E+00 -0.2612334960E+01  0.7172093426E+00
  0.8344834558E+00 -0.2654124276E+01  0.7128068874E+00
  0.8361386213E+00 -0.2694790021E+01  0.7083802184E+00
  0.8377772351E+00 -0.2734782308E+01  0.7039317323E+00
  0.8393994627E+00 -0.2774369601E+01  0.6994631831E+00
  0.8410054681E+00 -0.2814257406E+01  0.6949755006E+00
  0.8425954134E+00 -0.2854352866E+01  0.6904691104E+00
  0.8441694593E+00 -0.2895143415E+01  0.6859441249E+00
  0.8457277647E+00 -0.2935262576E+01  0.6814013484E+00
  0.8472704870E+00 -0.2975248159E+01  0.6768422098E+00
  0.8487977822E+00 -0.3014392883E+01  0.6722682350E+00
  0.8503098043E+00 -0.3052347986E+01  0.6676817117E+00
  0.8518067063E+00 -0.3090730208E+01  0.6630839188E+00
  0.8532886392E+00 -0.3128157711E+01  0.6584759314E+00
  0.8547557528E+00 -0.3164620373E+01  0.6538598212E+00
  0.8562081953E+00 -0.3200603121E+01  0.6492372607E+00
  0.8576461134E+00 -0.3235882594E+01  0.6446096912E+00
  0.8590696522E+00 -0.3270166507E+01  0.6399788844E+00
  0.8604789557E+00 -0.3304827108E+01  0.6353458037E+00
  0.8618741662E+00 -0.3338445360E+01  0.6307114221E+00
  0.8632554245E+00 -0.3370336395E+01  0.6260781417E+00
  0.8646228702E+00 -0.3401638487E+01  0.6214479876E+00
  0.8659766415E+00 -0.3432984731E+01  0.6168217292E+00
  0.8673168751E+00 -0.3463797849E+01  0.6122000794E+00
  0.8686437064E+00 -0.3493026362E+01  0.6075848135E+00
  0.8699572693E+00 -0.3523125877E+01  0.6029767348E+00
  0.8712576966E+00 -0.3552952207E+01  0.5983757722E+00
  0.8725451197E+00 -0.3582915024E+01  0.5937823323E+00
  0.8738196685E+00 -0.3612688919E+01  0.5891967581E+00
  0.8750814718E+00 -0.3642111530E+01  0.5846196924E+00
  0.8763306571E+00 -0.3669239193E+01  0.5800530766E+00
  0.8775673505E+00 -0.3695239960E+01  0.5754992751E+00
  0.8787916770E+00 -0.3719944163E+01  0.5709599719E+00
  0.8800037602E+00 -0.3744701032E+01  0.5664360863E+00
  0.8812037226E+00 -0.3769484250E+01  0.5619277164E+00
  0.8823916854E+00 -0.3792801929E+01  0.5574358591E+00
  0.8835677685E+00 -0.3815059662E+01  0.5529621202E+00
  0.8847320908E+00 -0.3836905378E+01  0.5485074434E+00
  0.8858847699E+00 -0.3857930694E+01  0.5440726051E+00
  0.8870259222E+00 -0.3877201152E+01  0.5396591233E+00
  0.8881556630E+00 -0.3895592833E+01  0.5352685022E+00
  0.8892741064E+00 -0.3912726558E+01  0.5309019206E+00
  0.8903813653E+00 -0.3928667036E+01  0.5265606941E+00
  0.8914775517E+00 -0.3943631899E+01  0.5222459408E+00
  0.8925627761E+00 -0.3958959807E+01  0.5179578978E+00
  0.8936371484E+00 -0.3974478493E+01  0.5136961648E+00
  0.8947007769E+00 -0.3990556665E+01  0.5094602456E+00
  0.8957537691E+00 -0.4006599539E+01  0.5052497739E+00
  0.8967962314E+00 -0.4023900358E+01  0.5010640272E+00
  0.8978282691E+00 -0.4042447870E+01  0.4969016395E+00
  0.8988499864E+00 -0.4061517784E+01  0.4927616585E+00
  0.8998614866E+00 -0.4081063224E+01  0.4886435476E+00
  0.9008628717E+00 -0.4101103458E+01  0.4845467976E+00
  0.9018542430E+00 -0.4121454378E+01  0.4804709937E+00
  0.9028357006E+00 -0.4142035814E+01  0.4764158612E+00
  0.9038073436E+00 -0.4163032572E+01  0.4723810804E+00
  0.9047692701E+00 -0.4184966626E+01  0.4683659994E+00
  0.9057215774E+00 -0.4205813464E+01  0.4643706988E+00
  0.9066643616E+00 -0.4226025560E+01  0.4603959964E+00
  0.9075977180E+00 -0.4246195737E+01  0.4564421955E+00
  0.9085217408E+00 -0.4265648429E+01  0.4525096263E+00
  0.9094365234E+00 -0.4285602103E+01  0.4485983588E+00
  0.9103421582E+00 -0.4305752696E+01  0.4447080440E+00
  0.9112387366E+00 -0.4325536953E+01  0.4408387300E+00
  0.9121263493E+00 -0.4344590719E+01  0.4369908725E+00
  0.9130050858E+00 -0.4362808463E+01  0.4331651178E+00
  0.9138750349E+00 -0.4380955696E+01  0.4293618027E+00
  0.9147362846E+00 -0.4399360270E+01  0.4255807807E+00
  0.9155889217E+00 -0.4416683347E+01  0.4218223375E+00
  0.9164330325E+00 -0.4433052826E+01  0.4180872586E+00
  0.9172687022E+00 -0.4448593278E+01  0.4143761975E+00
  0.9180960151E+00 -0.4463091937E+01  0.4106898211E+00
  0.9189150550E+00 -0.4476587740E+01  0.4070288441E+00
  0.9197259044E+00 -0.4489041210E+01  0.4033939565E+00
  0.9205286454E+00 -0.4501063275E+01  0.3997855939E+00
  0.9213233589E+00 -0.4512244256E+01  0.3962040951E+00
  0.9221101254E+00 -0.4522986571E+01  0.3926497871E+00
  0.9228890241E+00 -0.4532874610E+01  0.3891229876E+00
  0.9236601339E+00 -0.4541536061E+01  0.3856243043E+00
  0.9244235325E+00 -0.4549748405E+01  0.3821541671E+00
  0.9251792972E+00 -0.4557544103E+01  0.3787126821E+00
  0.9259275042E+00 -0.4565007814E+01  0.3752999034E+00
  0.9266682292E+00 -0.4572319517E+01  0.3719157802E+00
  0.9274015469E+00 -0.4579709963E+01  0.3685601076E+00
  0.9281275314E+00 -0.4587405527E+01  0.3652325155E+00
  0.9288462561E+00 -0.4595145181E+01  0.3619326526E+00
  0.9295577935E+00 -0.4602809673E+01  0.3586603080E+00
  0.9302622156E+00 -0.4610320785E+01  0.3554153418E+00
  0.9309595935E+00 -0.4617390956E+01  0.3521977409E+00
  0.9316499975E+00 -0.4624459042E+01  0.3490074355E+00
  0.9323334975E+00 -0.4631676902E+01  0.3458441510E+00
  0.9330101626E+00 -0.4639218295E+01  0.3427075057E+00
  0.9336800609E+00 -0.4646828265E+01  0.3395971519E+00
  0.9343432603E+00 -0.4653984159E+01  0.3365130054E+00
  0.9349998277E+00 -0.4660821819E+01  0.3334551064E+00
  0.9356498295E+00 -0.4667472143E+01  0.3304234028E+00
  0.9362933312E+00 -0.4674375797E+01  0.3274176553E+00
  0.9369303978E+00 -0.4680900620E+01  0.3244376878E+00
  0.9375610939E+00 -0.4687313744E+01  0.3214834401E+00
  0.9381854829E+00 -0.4693884844E+01  0.3185546812E+00
  0.9388036281E+00 -0.4700404160E+01  0.3156511640E+00
  0.9394155918E+00 -0.4706751701E+01  0.3127727449E+00
  0.9400214359E+00 -0.4713437797E+01  0.3099191619E+00
  0.9406212215E+00 -0.4720076037E+01  0.3070901188E+00
  0.9412150093E+00 -0.4726527424E+01  0.3042854800E+00
  0.9418028592E+00 -0.4733138677E+01  0.3015050481E+00
  0.9423848306E+00 -0.4739110844E+01  0.2987487589E+00
  0.9429609823E+00 -0.4744978215E+01  0.2960166219E+00
  0.9435313725E+00 -0.4750678233E+01  0.2933085073E+00
  0.9440960588E+00 -0.4756155078E+01  0.2906243181E+00
  0.9446550982E+00 -0.4761922787E+01  0.2879638278E+00
  0.9452085472E+00 -0.4767870257E+01  0.2853267005E+00
  0.9457564617E+00 -0.4774039589E+01  0.2827126250E+00
  0.9462988971E+00 -0.4780217326E+01  0.2801213415E+00
  0.9468359082E+00 -0.4786424025E+01  0.2775526455E+00
  0.9473675491E+00 -0.4792597936E+01  0.2750063455E+00
  0.9478938736E+00 -0.4798874766E+01  0.2724822319E+00
  0.9484149348E+00 -0.4805595726E+01  0.2699799732E+00
  0.9489307855E+00 -0.4812246354E+01  0.2674992881E+00
  0.9494414776E+00 -0.4818975584E+01  0.2650399934E+00
  0.9499470629E+00 -0.4825790298E+01  0.2626018679E+00
  0.9504475922E+00 -0.4832696287E+01  0.2601846898E+00
  0.9509431163E+00 -0.4839698158E+01  0.2577882376E+00
  0.9514336852E+00 -0.4846977271E+01  0.2554122471E+00
  0.9519193483E+00 -0.4854445727E+01  0.2530564352E+00
  0.9524001548E+00 -0.4862161710E+01  0.2507205311E+00
  0.9528761533E+00 -0.4870170467E+01  0.2484042436E+00
  0.9533473917E+00 -0.4878262528E+01  0.2461073253E+00
  0.9538139178E+00 -0.4886434934E+01  0.2438295823E+00
  0.9542757786E+00 -0.4894635973E+01  0.2415708356E+00
  0.9547330209E+00 -0.4902895877E+01  0.2393309130E+00
  0.9551856906E+00 -0.4911219068E+01  0.2371096363E+00
  0.9556338337E+00 -0.4919457858E+01  0.2349068613E+00
  0.9560774954E+00 -0.4927939191E+01  0.2327224050E+00
  0.9565167205E+00 -0.4936218187E+01  0.2305561126E+00
  0.9569515532E+00 -0.4944557816E+01  0.2284078698E+00
  0.9573820377E+00 -0.4952956130E+01  0.2262775068E+00
  0.9578082173E+00 -0.4961380870E+01  0.2241648626E+00
  0.9582301352E+00 -0.4969821471E+01  0.2220697870E+00
  0.9586478338E+00 -0.4978441415E+01  0.2199920990E+00
  0.9590613555E+00 -0.4987189676E+01  0.2179315968E+00
  0.9594707419E+00 -0.4995912444E+01  0.2158881235E+00
  0.9598760345E+00 -0.5004523002E+01  0.2138615723E+00
  0.9602772742E+00 -0.5013067366E+01  0.2118518451E+00
  0.9606745014E+00 -0.5021757177E+01  0.2098587922E+00
  0.9610677564E+00 -0.5030494664E+01  0.2078822431E+00
  0.9614570788E+00 -0.5038984472E+01  0.2059221060E+00
  0.9618425080E+00 -0.5047543510E+01  0.2039782847E+00
  0.9622240830E+00 -0.5055958133E+01  0.2020506633E+00
  0.9626018421E+00 -0.5064398080E+01  0.2001391346E+00
  0.9629758237E+00 -0.5072808075E+01  0.1982435705E+00
  0.9633460655E+00 -0.5081290209E+01  0.1963638348E+00
  0.9637126048E+00 -0.5089675613E+01  0.1944998053E+00
  0.9640754788E+00 -0.5097922986E+01  0.1926513982E+00
  0.9644347240E+00 -0.5106080075E+01  0.1908185286E+00
  0.9647903767E+00 -0.5114057430E+01  0.1890011185E+00
  0.9651424730E+00 -0.5121869399E+01  0.1871991029E+00
  0.9654910483E+00 -0.5129513997E+01  0.1854124135E+00
  0.9658361378E+00 -0.5136989817E+01  0.1836409821E+00
  0.9661777764E+00 -0.5144296007E+01  0.1818847399E+00
  0.9665159986E+00 -0.5151432245E+01  0.1801436178E+00
  0.9668508386E+00 -0.5158398705E+01  0.1784175458E+00
  0.9671823303E+00 -0.5165196033E+01  0.1767064533E+00
  0.9675105070E+00 -0.5171726979E+01  0.1750102847E+00
  0.9678354019E+00 -0.5178038469E+01  0.1733289915E+00
  0.9681570479E+00 -0.5184189778E+01  0.1716625070E+00
  0.9684754774E+00 -0.5190226513E+01  0.1700107467E+00
  0.9687907226E+00 -0.5196195931E+01  0.1683736117E+00
  0.9691028154E+00 -0.5202011648E+01  0.1667510090E+00
  0.9694117872E+00 -0.5207676437E+01  0.1651428587E+00
  0.9697176694E+00 -0.5213179478E+01  0.1635490819E+00
  0.9700204927E+00 -0.5218527441E+01  0.1619695999E+00
  0.9703202877E+00 -0.5223734350E+01  0.1604043306E+00
  0.9706170849E+00 -0.5228805268E+01  0.1588531888E+00
  0.9709109140E+00 -0.5233979832E+01  0.1573160531E+00
  0.9712018049E+00 -0.5239016823E+01  0.1557928036E+00
  0.9714897868E+00 -0.5243852404E+01  0.1542833651E+00
  0.9717748890E+00 -0.5248564056E+01  0.1527876599E+00
  0.9720571401E+00 -0.5253155415E+01  0.1513055989E+00
  0.9723365687E+00 -0.5257630138E+01  0.1498370919E+00
  0.9726132030E+00 -0.5262008587E+01  0.1483820454E+00
  0.9728870709E+00 -0.5266324711E+01  0.1469403587E+00
  0.9731582002E+00 -0.5270534169E+01  0.1455119332E+00
  0.9734266182E+00 -0.5274570542E+01  0.1440966852E+00
  0.9736923521E+00 -0.5278502090E+01  0.1426945311E+00
  0.9739554285E+00 -0.5282340987E+01  0.1413053764E+00
  0.9742158742E+00 -0.5286090490E+01  0.1399291251E+00
  0.9744737155E+00 -0.5289747070E+01  0.1385656814E+00
  0.9747289784E+00 -0.5293262847E+01  0.1372149568E+00
  0.9749816886E+00 -0.5296699002E+01  0.1358768610E+00
  0.9752318717E+00 -0.5300058538E+01  0.1345512961E+00
  0.9754795530E+00 -0.5303344370E+01  0.1332381639E+00
  0.9757247574E+00 -0.5306573244E+01  0.1319373643E+00
  0.9759675099E+00 -0.5309652976E+01  0.1306488070E+00
  0.9762078348E+00 -0.5312624435E+01  0.1293724081E+00
  0.9764457564E+00 -0.5315536130E+01  0.1281080733E+00
  0.9766812989E+00 -0.5318390498E+01  0.1268557028E+00
  0.9769144859E+00 -0.5321253733E+01  0.1256151894E+00
  0.9771453410E+00 -0.5324101922E+01  0.1243864219E+00
  0.9773738876E+00 -0.5326896887E+01  0.1231692971E+00
  0.9776001487E+00 -0.5329640664E+01  0.1219637171E+00
  0.9778241472E+00 -0.5332422875E+01  0.1207695739E+00
  0.9780459058E+00 -0.5335183633E+01  0.1195867575E+00
  0.9782654467E+00 -0.5337896100E+01  0.1184151685E+00
  0.9784827922E+00 -0.5340622961E+01  0.1172547043E+00
  0.9786979643E+00 -0.5343386092E+01  0.1161052541E+00
  0.9789109847E+00 -0.5346103053E+01  0.1149667147E+00
  0.9791218748E+00 -0.5348775213E+01  0.1138389924E+00
  0.9793306561E+00 -0.5351403875E+01  0.1127219941E+00
  0.9795373495E+00 -0.5353990280E+01  0.1116156267E+00
  0.9797419760E+00 -0.5356535608E+01  0.1105197979E+00
  0.9799445563E+00 -0.5359040980E+01  0.1094344159E+00
  0.9801451107E+00 -0.5361507462E+01  0.1083593891E+00
  0.9803436596E+00 -0.5363938939E+01  0.1072946264E+00
  0.9805402230E+00 -0.5366289659E+01  0.1062400412E+00
  0.9807348208E+00 -0.5368605533E+01  0.1051955479E+00
  0.9809274726E+00 -0.5370887405E+01  0.1041610566E+00
  0.9811181978E+00 -0.5373150770E+01  0.1031364768E+00
  0.9813070158E+00 -0.5375395681E+01  0.1021217172E+00
  0.9814939457E+00 -0.5377551083E+01  0.1011166939E+00
  0.9816790062E+00 -0.5379560283E+01  0.1001213354E+00
  0.9818622162E+00 -0.5381528598E+01  0.9913556621E-01
  0.9820435940E+00 -0.5383488617E+01  0.9815929843E-01
  0.9822231581E+00 -0.5385424528E+01  0.9719244355E-01
  0.9824009265E+00 -0.5387336770E+01  0.9623491518E-01
  0.9825769172E+00 -0.5389225757E+01  0.9528662760E-01
  0.9827511481E+00 -0.5391091876E+01  0.9434749576E-01
  0.9829236366E+00 -0.5392935492E+01  0.9341743531E-01
  0.9830944002E+00 -0.5394756950E+01  0.9249636252E-01
  0.9832634562E+00 -0.5396556572E+01  0.9158419439E-01
  0.9834308216E+00 -0.5398334666E+01  0.9068084854E-01
  0.9835965134E+00 -0.5400091520E+01  0.8978624329E-01
  0.9837605483E+00 -0.5401777506E+01  0.8890030172E-01
  0.9839229428E+00 -0.5403418071E+01  0.8802294946E-01
  0.9840837134E+00 -0.5405068886E+01  0.8715410615E-01
  0.9842428762E+00 -0.5406654321E+01  0.8629369372E-01
  0.9844004475E+00 -0.5408075789E+01  0.8544164852E-01
  0.9845564430E+00 -0.5409482579E+01  0.8459790317E-01
  0.9847108786E+00 -0.5410874898E+01  0.8376237913E-01
  0.9848637698E+00 -0.5412252942E+01  0.8293499855E-01
  0.9850151321E+00 -0.5413616898E+01  0.8211568426E-01
  0.9851649808E+00 -0.5414966943E+01  0.8130435977E-01
  0.9853133310E+00 -0.5416330636E+01  0.8050094723E-01
  0.9854601977E+00 -0.5417719415E+01  0.7970536669E-01
  0.9856055957E+00 -0.5419092671E+01  0.7891754116E-01
  0.9857495397E+00 -0.5420450589E+01  0.7813739732E-01
  0.9858920443E+00 -0.5421793349E+01  0.7736486249E-01
  0.9860331239E+00 -0.5423121125E+01  0.7659986463E-01
  0.9861727926E+00 -0.5424434084E+01  0.7584233233E-01
  0.9863110647E+00 -0.5425732393E+01  0.7509219482E-01
  0.9864479541E+00 -0.5427013787E+01  0.7434938212E-01
  0.9865834745E+00 -0.5428279121E+01  0.7361382498E-01
  0.9867176398E+00 -0.5429527543E+01  0.7288545478E-01
  0.9868504634E+00 -0.5430768449E+01  0.7216420296E-01
  0.9869819588E+00 -0.5432024261E+01  0.7144999951E-01
  0.9871121392E+00 -0.5433265376E+01  0.7074277557E-01
  0.9872410178E+00 -0.5434491828E+01  0.7004246486E-01
  0.9873686076E+00 -0.5435645808E+01  0.6934900539E-01
  0.9874949215E+00 -0.5436787251E+01  0.6866233555E-01
  0.9876199723E+00 -0.5437917109E+01  0.6798239039E-01
  0.9877437726E+00 -0.5439034986E+01  0.6730910555E-01
  0.9878663349E+00 -0.5440140660E+01  0.6664241730E-01
  0.9879876715E+00 -0.5441234258E+01  0.6598226250E-01
  0.9881077948E+00 -0.5442315905E+01  0.6532857860E-01
  0.9882267168E+00 -0.5443385725E+01  0.6468130361E-01
  0.9883444497E+00 -0.5444460419E+01  0.6404037513E-01
  0.9884610052E+00 -0.5445530318E+01  0.6340573096E-01
  0.9885763951E+00 -0.5446587971E+01  0.6277731048E-01
  0.9886906312E+00 -0.5447621080E+01  0.6215505478E-01
  0.9888037249E+00 -0.5448616559E+01  0.6153890693E-01
  0.9889156876E+00 -0.5449591255E+01  0.6092881026E-01
  0.9890265307E+00 -0.5450548334E+01  0.6032470750E-01
  0.9891362654E+00 -0.5451497235E+01  0.5972654119E-01
  0.9892449028E+00 -0.5452465830E+01  0.5913425239E-01
  0.9893524538E+00 -0.5453423781E+01  0.5854778287E-01
  0.9894589292E+00 -0.5454371197E+01  0.5796707662E-01
  0.9895643399E+00 -0.5455308188E+01  0.5739207810E-01
  0.9896686965E+00 -0.5456234861E+01  0.5682273233E-01
  0.9897720096E+00 -0.5457151323E+01  0.5625898481E-01
  0.9898742895E+00 -0.5458055556E+01  0.5570078165E-01
  0.9899755466E+00 -0.5458915298E+01  0.5514807122E-01
  0.9900757911E+00 -0.5459759917E+01  0.5460080246E-01
  0.9901750332E+00 -0.5460596173E+01  0.5405892298E-01
  0.9902732829E+00 -0.5461424138E+01  0.5352238055E-01
  0.9903705500E+00 -0.5462243880E+01  0.5299112340E-01
  0.9904668445E+00 -0.5463055472E+01  0.5246510029E-01
  0.9905621761E+00 -0.5463858982E+01  0.5194426041E-01
  0.9906565543E+00 -0.5464654481E+01  0.5142855349E-01
  0.9907499888E+00 -0.5465442038E+01  0.5091792967E-01
  0.9908424889E+00 -0.5466222343E+01  0.5041233958E-01
  0.9909340640E+00 -0.5466998583E+01  0.4991173412E-01
  0.9910247234E+00 -0.5467764954E+01  0.4941606479E-01
  0.9911144761E+00 -0.5468524778E+01  0.4892528366E-01
  0.9912033314E+00 -0.5469279440E+01  0.4843934306E-01
  0.9912912981E+00 -0.5470026400E+01  0.4795819581E-01
  0.9913783851E+00 -0.5470765731E+01  0.4748179532E-01
  0.9914646012E+00 -0.5471497502E+01  0.4701009542E-01
  0.9915499552E+00 -0.5472221785E+01  0.4654305038E-01
  0.9916344557E+00 -0.5472938648E+01  0.4608061490E-01
  0.9917181111E+00 -0.5473648162E+01  0.4562274412E-01
  0.9918009300E+00 -0.5474360023E+01  0.4516939318E-01
  0.9918829207E+00 -0.5475071619E+01  0.4472051740E-01
  0.9919640915E+00 -0.5475775493E+01  0.4427607292E-01
  0.9920444506E+00 -0.5476476211E+01  0.4383601646E-01
  0.9921240061E+00 -0.5477172744E+01  0.4340030498E-01
  0.9922027660E+00 -0.5477866433E+01  0.4296889587E-01
  0.9922807383E+00 -0.5478552298E+01  0.4254174707E-01
  0.9923579310E+00 -0.5479232906E+01  0.4211881701E-01
  0.9924343516E+00 -0.5479907659E+01  0.4170006447E-01
  0.9925100081E+00 -0.5480574695E+01  0.4128544869E-01
  0.9925849081E+00 -0.5481234109E+01  0.4087492940E-01
  0.9926590590E+00 -0.5481885993E+01  0.4046846668E-01
  0.9927324684E+00 -0.5482530438E+01  0.4006602101E-01
  0.9928051437E+00 -0.5483167536E+01  0.3966755322E-01
  0.9928770923E+00 -0.5483796145E+01  0.3927302459E-01
  0.9929483213E+00 -0.5484415179E+01  0.3888239680E-01
  0.9930188381E+00 -0.5485027256E+01  0.3849563188E-01
  0.9930886497E+00 -0.5485632459E+01  0.3811269213E-01
  0.9931577632E+00 -0.5486227528E+01  0.3773354029E-01
  0.9932261856E+00 -0.5486815710E+01  0.3735813949E-01
  0.9932939238E+00 -0.5487406566E+01  0.3698645277E-01
  0.9933609845E+00 -0.5487993127E+01  0.3661844343E-01
  0.9934273747E+00 -0.5488572925E+01  0.3625407547E-01
  0.9934931009E+00 -0.5489146046E+01  0.3589331330E-01
  0.9935581699E+00 -0.5489712575E+01  0.3553612168E-01
  0.9936225882E+00 -0.5490272598E+01  0.3518246568E-01
  0.9936863623E+00 -0.5490826198E+01  0.3483231074E-01
  0.9937494987E+00 -0.5491373458E+01  0.3448562259E-01
  0.9938120037E+00 -0.5491914458E+01  0.3414236732E-01
  0.9938738837E+00 -0.5492449279E+01  0.3380251131E-01
  0.9939351449E+00 -0.5492978000E+01  0.3346602128E-01
  0.9939957934E+00 -0.5493500699E+01  0.3313286427E-01
  0.9940558355E+00 -0.5494017454E+01  0.3280300763E-01
  0.9941152771E+00 -0.5494528339E+01  0.3247641901E-01
  0.9941741243E+00 -0.5495033431E+01  0.3215306638E-01
  0.9942323831E+00 -0.5495532802E+01  0.3183291802E-01
  0.9942900593E+00 -0.5496026527E+01  0.3151594250E-01
  0.9943471587E+00 -0.5496514676E+01  0.3120210871E-01
  0.9944036871E+00 -0.5496997320E+01  0.3089138581E-01
  0.9944596502E+00 -0.5497474530E+01  0.3058374329E-01
  0.9945150537E+00 -0.5497946374E+01  0.3027915090E-01
  0.9945699032E+00 -0.5498412920E+01  0.2997757870E-01
  0.9946242041E+00 -0.5498874236E+01  0.2967899703E-01
  0.9946779621E+00 -0.5499330387E+01  0.2938337652E-01
  0.9947311825E+00 -0.5499781438E+01  0.2909068807E-01
  0.9947838707E+00 -0.5500227454E+01  0.2880090287E-01
  0.9948360320E+00 -0.5500668497E+01  0.2851399239E-01
  0.9948876716E+00 -0.5501104631E+01  0.2822992836E-01
  0.9949387949E+00 -0.5501535916E+01  0.2794868281E-01
  0.9949894070E+00 -0.5501962414E+01  0.2767022800E-01
  0.9950395129E+00 -0.5502384184E+01  0.2739453649E-01
  0.9950891178E+00 -0.5502801285E+01  0.2712158108E-01
  0.9951382266E+00 -0.5503213775E+01  0.2685133486E-01
  0.9951868443E+00 -0.5503620035E+01  0.2658377121E-01
  0.9952349759E+00 -0.5504016149E+01  0.2631886387E-01
  0.9952826261E+00 -0.5504408096E+01  0.2605658684E-01
  0.9953297999E+00 -0.5504795926E+01  0.2579691418E-01
  0.9953765019E+00 -0.5505179683E+01  0.2553982023E-01
  0.9954227368E+00 -0.5505559413E+01  0.2528527957E-01
  0.9954685095E+00 -0.5505935162E+01  0.2503326703E-01
  0.9955138244E+00 -0.5506306973E+01  0.2478375768E-01
  0.9955586861E+00 -0.5506674891E+01  0.2453672682E-01
  0.9956030993E+00 -0.5507038959E+01  0.2429215002E-01
  0.9956470683E+00 -0.5507399220E+01  0.2405000307E-01
  0.9956905976E+00 -0.5507755717E+01  0.2381026198E-01
  0.9957336916E+00 -0.5508108491E+01  0.2357290302E-01
  0.9957763547E+00 -0.5508457583E+01  0.2333790268E-01
  0.9958185912E+00 -0.5508803035E+01  0.2310523768E-01
  0.9958604053E+00 -0.5509144886E+01  0.2287488495E-01
  0.9959018012E+00 -0.5509483176E+01  0.2264682168E-01
  0.9959427832E+00 -0.5509817946E+01  0.2242102525E-01
  0.9959833554E+00 -0.5510149232E+01  0.2219747327E-01
  0.9960235218E+00 -0.5510477075E+01  0.2197614357E-01
  0.9960632866E+00 -0.5510801512E+01  0.2175701420E-01
  0.9961026537E+00 -0.5511122580E+01  0.2154006342E-01
  0.9961416272E+00 -0.5511440316E+01  0.2132526969E-01
  0.9961802109E+00 -0.5511754757E+01  0.2111261171E-01
  0.9962184088E+00 -0.5512065939E+01  0.2090206836E-01
  0.9962562247E+00 -0.5512373898E+01  0.2069361874E-01
  0.9962936625E+00 -0.5512678668E+01  0.2048724214E-01
  0.9963307258E+00 -0.5512980285E+01  0.2028291807E-01
  0.9963674186E+00 -0.5513278783E+01  0.2008062624E-01
  0.9964037444E+00 -0.5513574196E+01  0.1988034653E-01
  0.9964397070E+00 -0.5513866557E+01  0.1968205905E-01
  0.9964753099E+00 -0.5514155900E+01  0.1948574409E-01
  0.9965105568E+00 -0.5514442257E+01  0.1929138214E-01
  0.9965454512E+00 -0.5514725661E+01  0.1909895386E-01
  0.9965799967E+00 -0.5515006144E+01  0.1890844013E-01
  0.9966141967E+00 -0.5515283737E+01  0.1871982199E-01
  0.9966480548E+00 -0.5515558472E+01  0.1853308068E-01
  0.9966815742E+00 -0.5515830379E+01  0.1834819763E-01
  0.9967147585E+00 -0.5516099488E+01  0.1816515442E-01
  0.9967476109E+00 -0.5516365831E+01  0.1798393286E-01
  0.9967801348E+00 -0.5516629437E+01  0.1780451489E-01
  0.9968123334E+00 -0.5516890334E+01  0.1762688266E-01
  0.9968442101E+00 -0.5517148553E+01  0.1745101847E-01
  0.9968757680E+00 -0.5517404121E+01  0.1727690482E-01
  0.9969070103E+00 -0.5517657068E+01  0.1710452437E-01
  0.9969379402E+00 -0.5517907422E+01  0.1693385993E-01
  0.9969685608E+00 -0.5518155209E+01  0.1676489452E-01
  0.9969988752E+00 -0.5518400458E+01  0.1659761128E-01
  0.9970288865E+00 -0.5518643195E+01  0.1643199355E-01
  0.9970585976E+00 -0.5518883447E+01  0.1626802483E-01
  0.9970880116E+00 -0.5519121242E+01  0.1610568876E-01
  0.9971171315E+00 -0.5519356604E+01  0.1594496916E-01
  0.9971459602E+00 -0.5519589560E+01  0.1578585001E-01
  0.9971745006E+00 -0.5519820135E+01  0.1562831544E-01
  0.9972027556E+00 -0.5520048354E+01  0.1547234973E-01
  0.9972307280E+00 -0.5520274243E+01  0.1531793732E-01
  0.9972584207E+00 -0.5520497826E+01  0.1516506282E-01
  0.9972858365E+00 -0.5520719128E+01  0.1501371096E-01
  0.9973129782E+00 -0.5520938172E+01  0.1486386665E-01
  0.9973398484E+00 -0.5521154983E+01  0.1471551492E-01
  0.9973664499E+00 -0.5521369583E+01  0.1456864098E-01
  0.9973927854E+00 -0.5521581997E+01  0.1442323014E-01
  0.9974188575E+00 -0.5521792247E+01  0.1427926791E-01
  0.9974446690E+00 -0.5522000356E+01  0.1413673990E-01
  0.9974702223E+00 -0.5522206347E+01  0.1399563188E-01
  0.9974955201E+00 -0.5522410242E+01  0.1385592976E-01
  0.9975205649E+00 -0.5522612062E+01  0.1371761957E-01
  0.9975453592E+00 -0.5522811857E+01  0.1358068751E-01
  0.9975699056E+00 -0.5523009640E+01  0.1344511989E-01
  0.9975942066E+00 -0.5523205411E+01  0.1331090317E-01
  0.9976182645E+00 -0.5523399192E+01  0.1317802392E-01
  0.9976420819E+00 -0.5523591004E+01  0.1304646888E-01
  0.9976656610E+00 -0.5523780866E+01  0.1291622489E-01
  0.9976890044E+00 -0.5523968799E+01  0.1278727892E-01
  0.9977121144E+00 -0.5524154825E+01  0.1265961810E-01
  0.9977349932E+00 -0.5524338961E+01  0.1253322965E-01
  0.9977576433E+00 -0.5524521229E+01  0.1240810093E-01
  0.9977800669E+00 -0.5524701647E+01  0.1228421944E-01
  0.9978022662E+00 -0.5524880235E+01  0.1216157277E-01
  0.9978242435E+00 -0.5525057013E+01  0.1204014867E-01
  0.9978460011E+00 -0.5525231997E+01  0.1191993498E-01
  0.9978675411E+00 -0.5525405209E+01  0.1180091968E-01
  0.9978888657E+00 -0.5525576665E+01  0.1168309086E-01
  0.9979099770E+00 -0.5525746384E+01  0.1156643672E-01
  0.9979308773E+00 -0.5525914384E+01  0.1145094560E-01
  0.9979515685E+00 -0.5526080682E+01  0.1133660593E-01
  0.9979720528E+00 -0.5526245298E+01  0.1122340626E-01
  0.9979923323E+00 -0.5526408247E+01  0.1111133527E-01
  0.9980124089E+00 -0.5526569547E+01  0.1100038174E-01
  0.9980322849E+00 -0.5526729216E+01  0.1089053455E-01
  0.9980519620E+00 -0.5526887269E+01  0.1078178271E-01
  0.9980714424E+00 -0.5527043725E+01  0.1067411532E-01
  0.9980907280E+00 -0.5527198598E+01  0.1056752160E-01
  0.9981098207E+00 -0.5527351906E+01  0.1046199088E-01
  0.9981287225E+00 -0.5527503665E+01  0.1035751259E-01
  0.9981474353E+00 -0.5527653890E+01  0.1025407625E-01
  0.9981659609E+00 -0.5527802598E+01  0.1015167150E-01
  0.9981843013E+00 -0.5527949804E+01  0.1005028809E-01
  0.9982024583E+00 -0.5528095523E+01  0.9949915855E-02
  0.9982204337E+00 -0.5528239771E+01  0.9850544735E-02
  0.9982382294E+00 -0.5528382563E+01  0.9752164773E-02
  0.9982558471E+00 -0.5528523914E+01  0.9654766107E-02
  0.9982732886E+00 -0.5528663838E+01  0.9558338974E-02
  0.9982905557E+00 -0.5528802351E+01  0.9462873709E-02
  0.9983076502E+00 -0.5528939467E+01  0.9368360741E-02
  0.9983245737E+00 -0.5529075199E+01  0.9274790594E-02
  0.9983413279E+00 -0.5529209563E+01  0.9182153886E-02
  0.9983579146E+00 -0.5529342572E+01  0.9090441327E-02
  0.9983743355E+00 -0.5529474241E+01  0.8999643721E-02
  0.9983905921E+00 -0.5529604582E+01  0.8909751961E-02
  0.9984066862E+00 -0.5529733610E+01  0.8820757032E-02
  0.9984226194E+00 -0.5529861337E+01  0.8732650006E-02
  0.9984383932E+00 -0.5529987778E+01  0.8645422046E-02
  0.9984540092E+00 -0.5530112945E+01  0.8559064402E-02
  0.9984694691E+00 -0.5530236852E+01  0.8473568408E-02
  0.9984847744E+00 -0.5530359510E+01  0.8388925487E-02
  0.9984999267E+00 -0.5530480934E+01  0.8305127146E-02
  0.9985149274E+00 -0.5530601135E+01  0.8222164977E-02
  0.9985297782E+00 -0.5530720126E+01  0.8140030653E-02
  0.9985444804E+00 -0.5530837919E+01  0.8058715932E-02
  0.9985590356E+00 -0.5530954527E+01  0.7978212652E-02
  0.9985734452E+00 -0.5531069962E+01  0.7898512733E-02
  0.9985877108E+00 -0.5531184235E+01  0.7819608174E-02
  0.9986018337E+00 -0.5531297358E+01  0.7741491056E-02
  0.9986158153E+00 -0.5531409344E+01  0.7664153535E-02
  0.9986296572E+00 -0.5531520203E+01  0.7587587847E-02
  0.9986433606E+00 -0.5531629947E+01  0.7511786304E-02
  0.9986569270E+00 -0.5531738588E+01  0.7436741296E-02
  0.9986703577E+00 -0.5531846136E+01  0.7362445286E-02
  0.9986836541E+00 -0.5531952604E+01  0.7288890813E-02
  0.9986968176E+00 -0.5532058000E+01  0.7216070490E-02
  0.9987098494E+00 -0.5532162338E+01  0.7143977004E-02
  0.9987227509E+00 -0.5532265627E+01  0.7072603113E-02
  0.9987355234E+00 -0.5532367878E+01  0.7001941649E-02
  0.9987481682E+00 -0.5532469101E+01  0.6931985513E-02
  0.9987606865E+00 -0.5532569307E+01  0.6862727677E-02
  0.9987730796E+00 -0.5532668507E+01  0.6794161185E-02
  0.9987853488E+00 -0.5532766710E+01  0.6726279146E-02
  0.9987974954E+00 -0.5532863926E+01  0.6659074740E-02
  0.9988095204E+00 -0.5532960167E+01  0.6592541216E-02
  0.9988214252E+00 -0.5533055440E+01  0.6526671887E-02
  0.9988332109E+00 -0.5533149757E+01  0.6461460134E-02
  0.9988448788E+00 -0.5533243127E+01  0.6396899403E-02
  0.9988564300E+00 -0.5533335559E+01  0.6332983207E-02
  0.9988678657E+00 -0.5533427063E+01  0.6269705121E-02
  0.9988791871E+00 -0.5533517649E+01  0.6207058785E-02
  0.9988903952E+00 -0.5533607325E+01  0.6145037902E-02
  0.9989014913E+00 -0.5533696101E+01  0.6083636238E-02
  0.9989124764E+00 -0.5533783987E+01  0.6022847621E-02
  0.9989233516E+00 -0.5533870990E+01  0.5962665938E-02
  0.9989341181E+00 -0.5533957120E+01  0.5903085140E-02
  0.9989447769E+00 -0.5534042385E+01  0.5844099237E-02
  0.9989553291E+00 -0.5534126796E+01  0.5785702298E-02
  0.9989657758E+00 -0.5534210359E+01  0.5727888450E-02
  0.9989761181E+00 -0.5534293084E+01  0.5670651882E-02
  0.9989863569E+00 -0.5534374979E+01  0.5613986836E-02
  0.9989964933E+00 -0.5534456052E+01  0.5557887615E-02
  0.9990065284E+00 -0.5534536312E+01  0.5502348576E-02
  0.9990164631E+00 -0.5534615768E+01  0.5447364134E-02
  0.9990262985E+00 -0.5534694426E+01  0.5392928760E-02
  0.9990360355E+00 -0.5534772295E+01  0.5339036977E-02
  0.9990456751E+00 -0.5534849384E+01  0.5285683364E-02
  0.9990552184E+00 -0.5534925699E+01  0.5232862557E-02
  0.9990646662E+00 -0.5535001250E+01  0.5180569239E-02
  0.9990740195E+00 -0.5535076042E+01  0.5128798152E-02
  0.9990832793E+00 -0.5535150085E+01  0.5077544087E-02
  0.9990924466E+00 -0.5535223386E+01  0.5026801887E-02
  0.9991015221E+00 -0.5535295951E+01  0.4976566446E-02
  0.9991105069E+00 -0.5535367790E+01  0.4926832712E-02
  0.9991194018E+00 -0.5535438908E+01  0.4877595679E-02
  0.9991282078E+00 -0.5535509313E+01  0.4828850394E-02
  0.9991369257E+00 -0.5535579012E+01  0.4780591950E-02
  0.9991455564E+00 -0.5535648013E+01  0.4732815493E-02
  0.9991541009E+00 -0.5535716323E+01  0.4685516213E-02
  0.9991625599E+00 -0.5535783947E+01  0.4638689351E-02
  0.9991709343E+00 -0.5535850894E+01  0.4592330195E-02
  0.9991792249E+00 -0.5535917171E+01  0.4546434077E-02
  0.9991874327E+00 -0.5535982783E+01  0.4500996380E-02
  0.9991955584E+00 -0.5536047737E+01  0.4456012529E-02
  0.9992036028E+00 -0.5536112041E+01  0.4411477997E-02
  0.9992115667E+00 -0.5536175700E+01  0.4367388300E-02
  0.9992194511E+00 -0.5536238722E+01  0.4323739002E-02
  0.9992272566E+00 -0.5536301112E+01  0.4280525706E-02
  0.9992349840E+00 -0.5536362878E+01  0.4237744064E-02
  0.9992426342E+00 -0.5536424024E+01  0.4195389768E-02
  0.9992502078E+00 -0.5536484558E+01  0.4153458554E-02
  0.9992577057E+00 -0.5536544485E+01  0.4111946201E-02
  0.9992651287E+00 -0.5536603813E+01  0.4070848529E-02
  0.9992724774E+00 -0.5536662546E+01  0.4030161400E-02
  0.9992797526E+00 -0.5536720690E+01  0.3989880717E-02
  0.9992869551E+00 -0.5536778253E+01  0.3950002424E-02
  0.9992940855E+00 -0.5536835238E+01  0.3910522505E-02
  0.9993011447E+00 -0.5536891653E+01  0.3871436986E-02
  0.9993081332E+00 -0.5536947504E+01  0.3832741929E-02
  0.9993150519E+00 -0.5537002794E+01  0.3794433438E-02
  0.9993219014E+00 -0.5537057531E+01  0.3756507656E-02
  0.9993286824E+00 -0.5537111720E+01  0.3718960762E-02
  0.9993353956E+00 -0.5537165366E+01  0.3681788975E-02
  0.9993420416E+00 -0.5537218475E+01  0.3644988551E-02
  0.9993486212E+00 -0.5537271053E+01  0.3608555784E-02
  0.9993551350E+00 -0.5537323103E+01  0.3572487003E-02
  0.9993615836E+00 -0.5537374633E+01  0.3536778577E-02
  0.9993679678E+00 -0.5537425647E+01  0.3501426907E-02
  0.9993742881E+00 -0.5537476150E+01  0.3466428434E-02
  0.9993805452E+00 -0.5537526147E+01  0.3431779630E-02
  0.9993867398E+00 -0.5537575644E+01  0.3397477007E-02
  0.9993928724E+00 -0.5537624645E+01  0.3363517107E-02
  0.9993989436E+00 -0.5537673155E+01  0.3329896511E-02
  0.9994049542E+00 -0.5537721180E+01  0.3296611830E-02
  0.9994109047E+00 -0.5537768725E+01  0.3263659712E-02
  0.9994167956E+00 -0.5537815793E+01  0.3231036837E-02
  0.9994226277E+00 -0.5537862390E+01  0.3198739917E-02
  0.9994284014E+00 -0.5537908520E+01  0.3166765699E-02
  0.9994341174E+00 -0.5537954189E+01  0.3135110960E-02
  0.9994397762E+00 -0.5537999401E+01  0.3103772512E-02
  0.9994453784E+00 -0.5538044160E+01  0.3072747196E-02
  0.9994509247E+00 -0.5538088471E+01  0.3042031886E-02
  0.9994564154E+00 -0.5538132339E+01  0.3011623487E-02
  0.9994618513E+00 -0.5538175767E+01  0.2981518935E-02
  0.9994672327E+00 -0.5538218761E+01  0.2951715196E-02
  0.9994725604E+00 -0.5538261325E+01  0.2922209267E-02
  0.9994778348E+00 -0.5538303462E+01  0.2892998173E-02
  0.9994830565E+00 -0.5538345178E+01  0.2864078972E-02
  0.9994882259E+00 -0.5538386476E+01  0.2835448748E-02
  0.9994933436E+00 -0.5538427361E+01  0.2807104615E-02
  0.9994984102E+00 -0.5538467837E+01  0.2779043718E-02
  0.9995034261E+00 -0.5538507908E+01  0.2751263228E-02
  0.9995083918E+00 -0.5538547578E+01  0.2723760345E-02
  0.9995133079E+00 -0.5538586850E+01  0.2696532297E-02
  0.9995181748E+00 -0.5538625730E+01  0.2669576339E-02
  0.9995229931E+00 -0.5538664221E+01  0.2642889754E-02
  0.9995277632E+00 -0.5538702326E+01  0.2616469852E-02
  0.9995324855E+00 -0.5538740050E+01  0.2590313971E-02
  0.9995371607E+00 -0.5538777397E+01  0.2564419472E-02
  0.9995417891E+00 -0.5538814370E+01  0.2538783747E-02
  0.9995463712E+00 -0.5538850973E+01  0.2513404210E-02
  0.9995509075E+00 -0.5538887210E+01  0.2488278304E-02
  0.9995553984E+00 -0.5538923084E+01  0.2463403494E-02
  0.9995598444E+00 -0.5538958599E+01  0.2438777274E-02
  0.9995642460E+00 -0.5538993759E+01  0.2414397161E-02
  0.9995686035E+00 -0.5539028567E+01  0.2390260696E-02
  0.9995729175E+00 -0.5539063026E+01  0.2366365447E-02
  0.9995771883E+00 -0.5539097141E+01  0.2342709004E-02
  0.9995814164E+00 -0.5539130915E+01  0.2319288981E-02
  0.9995856022E+00 -0.5539164351E+01  0.2296103018E-02
  0.9995897462E+00 -0.5539197452E+01  0.2273148777E-02
  0.9995938488E+00 -0.5539230222E+01  0.2250423944E-02
  0.9995979103E+00 -0.5539262664E+01  0.2227926226E-02
  0.9996019312E+00 -0.5539294781E+01  0.2205653355E-02
  0.9996059119E+00 -0.5539326577E+01  0.2183603086E-02
  0.9996098527E+00 -0.5539358055E+01  0.2161773195E-02
  0.9996137542E+00 -0.5539389218E+01  0.2140161481E-02
  0.9996176167E+00 -0.5539420070E+01  0.2118765764E-02
  0.9996214405E+00 -0.5539450613E+01  0.2097583887E-02
  0.9996252261E+00 -0.5539480850E+01  0.2076613713E-02
  0.9996289738E+00 -0.5539510784E+01  0.2055853129E-02
  0.9996326841E+00 -0.5539540419E+01  0.2035300040E-02
  0.9996363573E+00 -0.5539569758E+01  0.2014952373E-02
  0.9996399937E+00 -0.5539598803E+01  0.1994808077E-02
  0.9996435938E+00 -0.5539627558E+01  0.1974865120E-02
  0.9996471578E+00 -0.5539656025E+01  0.1955121491E-02
  0.9996506862E+00 -0.5539684207E+01  0.1935575198E-02
  0.9996541794E+00 -0.5539712107E+01  0.1916224270E-02
  0.9996576376E+00 -0.5539739728E+01  0.1897066755E-02
  0.9996610612E+00 -0.5539767073E+01  0.1878100721E-02
  0.9996644506E+00 -0.5539794144E+01  0.1859324255E-02
  0.9996678400E+00 -0.5539821216E+01  0.1840547698E-02
  0.9996712294E+00 -0.5539848287E+01  0.1821771049E-02
  0.9996746188E+00 -0.5539875358E+01  0.1802994308E-02
  0.9996780081E+00 -0.5539902429E+01  0.1784217475E-02
  0.9996813975E+00 -0.5539929499E+01  0.1765440550E-02
  0.9996847869E+00 -0.5539956570E+01  0.1746663534E-02
  0.9996881763E+00 -0.5539983641E+01  0.1727886426E-02
  0.9996915657E+00 -0.5540010711E+01  0.1709109227E-02
  0.9996949551E+00 -0.5540037782E+01  0.1690331935E-02
  0.9996983445E+00 -0.5540064852E+01  0.1671554552E-02
  0.9997017339E+00 -0.5540091922E+01  0.1652777077E-02
  0.9997051232E+00 -0.5540118993E+01  0.1633999510E-02
  0.9997085126E+00 -0.5540146063E+01  0.1615221852E-02
  0.9997119020E+00 -0.5540173133E+01  0.1596444101E-02
  0.9997152914E+00 -0.5540200203E+01  0.1577666259E-02
  0.9997186808E+00 -0.5540227272E+01  0.1558888326E-02
  0.9997220702E+00 -0.5540254342E+01  0.1540110300E-02
  0.9997254596E+00 -0.5540281412E+01  0.1521332183E-02
  0.9997288490E+00 -0.5540308482E+01  0.1502553974E-02
  0.9997322384E+00 -0.5540335551E+01  0.1483775673E-02
  0.9997356277E+00 -0.5540362621E+01  0.1464997281E-02
  0.9997390171E+00 -0.5540389690E+01  0.1446218797E-02
  0.9997424065E+00 -0.5540416759E+01  0.1427440221E-02
  0.9997457959E+00 -0.5540443829E+01  0.1408661553E-02
  0.9997491853E+00 -0.5540470898E+01  0.1389882793E-02
  0.9997525747E+00 -0.5540497967E+01  0.1371103942E-02
  0.9997559641E+00 -0.5540525036E+01  0.1352324999E-02
  0.9997593535E+00 -0.5540552105E+01  0.1333545965E-02
  0.9997627428E+00 -0.5540579174E+01  0.1314766838E-02
  0.9997661322E+00 -0.5540606243E+01  0.1295987620E-02
  0.9997695216E+00 -0.5540633311E+01  0.1277208310E-02
  0.9997729110E+00 -0.5540660380E+01  0.1258428908E-02
  0.9997763004E+00 -0.5540687449E+01  0.1239649415E-02
  0.9997796898E+00 -0.5540714517E+01  0.1220869830E-02
  0.9997830792E+00 -0.5540741586E+01  0.1202090153E-02
  0.9997864686E+00 -0.5540768654E+01  0.1183310384E-02
  0.9997898579E+00 -0.5540795723E+01  0.1164530524E-02
  0.9997932473E+00 -0.5540822791E+01  0.1145750571E-02
  0.9997966367E+00 -0.5540849859E+01  0.1126970527E-02
  0.9998000261E+00 -0.5540876927E+01  0.1108190392E-02
  0.9998034155E+00 -0.5540903995E+01  0.1089410164E-02
  0.9998068049E+00 -0.5540931064E+01  0.1070629845E-02
  0.9998101943E+00 -0.5540958132E+01  0.1051849434E-02
  0.9998135837E+00 -0.5540985200E+01  0.1033068932E-02
  0.9998169731E+00 -0.5541012267E+01  0.1014288337E-02
  0.9998203624E+00 -0.5541039335E+01  0.9955076512E-03
  0.9998237518E+00 -0.5541066403E+01  0.9767268733E-03
  0.9998271412E+00 -0.5541093471E+01  0.9579460037E-03
  0.9998305306E+00 -0.5541120539E+01  0.9391650424E-03
  0.9998339200E+00 -0.5541147606E+01  0.9203839893E-03
  0.9998373094E+00 -0.5541174674E+01  0.9016028444E-03
  0.9998406988E+00 -0.5541201742E+01  0.8828216078E-03
  0.9998440882E+00 -0.5541228809E+01  0.8640402795E-03
  0.9998474775E+00 -0.5541255877E+01  0.8452588595E-03
  0.9998508669E+00 -0.5541282944E+01  0.8264773476E-03
  0.9998542563E+00 -0.5541310011E+01  0.8076957441E-03
  0.9998576457E+00 -0.5541337079E+01  0.7889140488E-03
  0.9998610351E+00 -0.5541364146E+01  0.7701322618E-03
  0.9998644245E+00 -0.5541391213E+01  0.7513503830E-03
  0.9998678139E+00 -0.5541418281E+01  0.7325684125E-03
  0.9998712033E+00 -0.5541445348E+01  0.7137863502E-03
  0.9998745926E+00 -0.5541472415E+01  0.6950041962E-03
  0.9998779820E+00 -0.5541499482E+01  0.6762219504E-03
  0.9998813714E+00 -0.5541526549E+01  0.6574396130E-03
  0.9998847608E+00 -0.5541553616E+01  0.6386571837E-03
  0.9998881502E+00 -0.5541580683E+01  0.6198746628E-03
  0.9998915396E+00 -0.5541607750E+01  0.6010920501E-03
  0.9998949290E+00 -0.5541634817E+01  0.5823093456E-03
  0.9998983184E+00 -0.5541661884E+01  0.5635265494E-03
  0.9999017077E+00 -0.5541688951E+01  0.5447436615E-03
  0.9999050971E+00 -0.5541716018E+01  0.5259606818E-03
  0.9999084865E+00 -0.5541743085E+01  0.5071776104E-03
  0.9999118759E+00 -0.5541770152E+01  0.4883944473E-03
  0.9999152653E+00 -0.5541797219E+01  0.4696111924E-03
  0.9999186547E+00 -0.5541824285E+01  0.4508278457E-03
  0.9999220441E+00 -0.5541851352E+01  0.4320444074E-03
  0.9999254335E+00 -0.5541878419E+01  0.4132608773E-03
  0.9999288229E+00 -0.5541905486E+01  0.3944772554E-03
  0.9999322122E+00 -0.5541932552E+01  0.3756935418E-03
  0.9999356016E+00 -0.5541959619E+01  0.3569097365E-03
  0.9999389910E+00 -0.5541986686E+01  0.3381258394E-03
  0.9999423804E+00 -0.5542013752E+01  0.3193418506E-03
  0.9999457698E+00 -0.5542040819E+01  0.3005577701E-03
  0.9999491592E+00 -0.5542067885E+01  0.2817735978E-03
  0.9999525486E+00 -0.5542094952E+01  0.2629893338E-03
  0.9999559380E+00 -0.5542122019E+01  0.2442049780E-03
  0.9999593273E+00 -0.5542149085E+01  0.2254205305E-03
  0.9999627167E+00 -0.5542176152E+01  0.2066359913E-03
  0.9999661061E+00 -0.5542203218E+01  0.1878513603E-03
  0.9999694955E+00 -0.5542230285E+01  0.1690666376E-03
  0.9999728849E+00 -0.5542257351E+01  0.1502818231E-03
  0.9999762743E+00 -0.5542284418E+01  0.1314969169E-03
  0.9999796637E+00 -0.5542311484E+01  0.1127119190E-03
  0.9999830531E+00 -0.5542338551E+01  0.9392682931E-04
  0.9999864424E+00 -0.5542365617E+01  0.7514164790E-04
  0.9999898318E+00 -0.5542392684E+01  0.5635637474E-04
  0.9999932212E+00 -0.5542419750E+01  0.3757100985E-04
  0.9999966106E+00 -0.5542446817E+01  0.1878555322E-04
  0.1000000000E+01 -0.5542476747E+01  0.3877789502E-17
  0.1000000000E+01 -0.5542476747E+01  0.0000000000E+00
