  0.0000000000E+00  0.5542473970E+01  0.0000000000E+00
  0.6996492144E-18  0.5542473970E+01  0.3877787559E-17
  0.3389387958E-05  0.5542391856E+01  0.1878545537E-04
  0.6778775916E-05  0.5542309742E+01  0.3757063243E-04
  0.1016816387E-04  0.5542227628E+01  0.5635553117E-04
  0.1355755183E-04  0.5542145514E+01  0.7514015160E-04
  0.1694693979E-04  0.5542063400E+01  0.9392449370E-04
  0.2033632775E-04  0.5541981286E+01  0.1127085575E-03
  0.2372571571E-04  0.5541899172E+01  0.1314923430E-03
  0.2711510367E-04  0.5541817059E+01  0.1502758501E-03
  0.3050449162E-04  0.5541734945E+01  0.1690590790E-03
  0.3389387958E-04  0.5541652831E+01  0.1878420295E-03
  0.3728326754E-04  0.5541570717E+01  0.2066247017E-03
  0.4067265550E-04  0.5541488604E+01  0.2254070956E-03
  0.4406204346E-04  0.5541406490E+01  0.2441892112E-03
  0.4745143141E-04  0.5541324377E+01  0.2629710485E-03
  0.5084081937E-04  0.5541242263E+01  0.2817526075E-03
  0.5423020733E-04  0.5541160150E+01  0.3005338881E-03
  0.5761959529E-04  0.5541078037E+01  0.3193148904E-03
  0.6100898325E-04  0.5540995923E+01  0.3380956144E-03
  0.6439837120E-04  0.5540913810E+01  0.3568760601E-03
  0.6778775916E-04  0.5540831697E+01  0.3756562275E-03
  0.7117714712E-04  0.5540749584E+01  0.3944361166E-03
  0.7456653508E-04  0.5540667471E+01  0.4132157274E-03
  0.7795592304E-04  0.5540585358E+01  0.4319950598E-03
  0.8134531100E-04  0.5540503246E+01  0.4507741140E-03
  0.8473469895E-04  0.5540421133E+01  0.4695528898E-03
  0.8812408691E-04  0.5540339021E+01  0.4883313873E-03
  0.9151347487E-04  0.5540256908E+01  0.5071096065E-03
  0.9490286283E-04  0.5540174796E+01  0.5258875474E-03
  0.9829225079E-04  0.5540092684E+01  0.5446652100E-03
  0.1016816387E-03  0.5540010572E+01  0.5634425943E-03
  0.1050710267E-03  0.5539928460E+01  0.5822197002E-03
  0.1084604147E-03  0.5539846348E+01  0.6009965279E-03
  0.1118498026E-03  0.5539764237E+01  0.6197730772E-03
  0.1152391906E-03  0.5539682125E+01  0.6385493483E-03
  0.1186285785E-03  0.5539600014E+01  0.6573253410E-03
  0.1220179665E-03  0.5539517903E+01  0.6761010554E-03
  0.1254073545E-03  0.5539435792E+01  0.6948764916E-03
  0.1287967424E-03  0.5539353681E+01  0.7136516494E-03
  0.1321861304E-03  0.5539271571E+01  0.7324265289E-03
  0.1355755183E-03  0.5539189460E+01  0.7512011301E-03
  0.1389649063E-03  0.5539107350E+01  0.7699754530E-03
  0.1423542942E-03  0.5539025240E+01  0.7887494976E-03
  0.1457436822E-03  0.5538943130E+01  0.8075232639E-03
  0.1491330702E-03  0.5538861020E+01  0.8262967519E-03
  0.1525224581E-03  0.5538778910E+01  0.8450699616E-03
  0.1559118461E-03  0.5538696801E+01  0.8638428930E-03
  0.1593012340E-03  0.5538614692E+01  0.8826155461E-03
  0.1626906220E-03  0.5538532583E+01  0.9013879209E-03
  0.1660800099E-03  0.5538450474E+01  0.9201600173E-03
  0.1694693979E-03  0.5538368366E+01  0.9389318355E-03
  0.1728587859E-03  0.5538286258E+01  0.9577033754E-03
  0.1762481738E-03  0.5538204149E+01  0.9764746370E-03
  0.1796375618E-03  0.5538122042E+01  0.9952456203E-03
  0.1830269497E-03  0.5538039934E+01  0.1014016325E-02
  0.1864163377E-03  0.5537957827E+01  0.1032786752E-02
  0.1898057257E-03  0.5537875720E+01  0.1051556900E-02
  0.1931951136E-03  0.5537793613E+01  0.1070326771E-02
  0.1965845016E-03  0.5537711506E+01  0.1089096362E-02
  0.1999738895E-03  0.5537629400E+01  0.1107865676E-02
  0.2033632775E-03  0.5537547294E+01  0.1126634711E-02
  0.2067526654E-03  0.5537465188E+01  0.1145403468E-02
  0.2101420534E-03  0.5537383082E+01  0.1164171947E-02
  0.2135314414E-03  0.5537300977E+01  0.1182940147E-02
  0.2169208293E-03  0.5537218872E+01  0.1201708069E-02
  0.2203102173E-03  0.5537136767E+01  0.1220475713E-02
  0.2236996052E-03  0.5537054663E+01  0.1239243079E-02
  0.2270889932E-03  0.5536972559E+01  0.1258010166E-02
  0.2304783812E-03  0.5536890455E+01  0.1276776975E-02
  0.2338677691E-03  0.5536808351E+01  0.1295543506E-02
  0.2372571571E-03  0.5536726248E+01  0.1314309758E-02
  0.2406465450E-03  0.5536644145E+01  0.1333075732E-02
  0.2440359330E-03  0.5536562043E+01  0.1351841428E-02
  0.2474253209E-03  0.5536479940E+01  0.1370606846E-02
  0.2508147089E-03  0.5536397838E+01  0.1389371985E-02
  0.2542040969E-03  0.5536315737E+01  0.1408136846E-02
  0.2575934848E-03  0.5536233635E+01  0.1426901429E-02
  0.2609828728E-03  0.5536151534E+01  0.1445665733E-02
  0.2643722607E-03  0.5536069434E+01  0.1464429759E-02
  0.2677616487E-03  0.5535987333E+01  0.1483193507E-02
  0.2711510367E-03  0.5535905233E+01  0.1501956977E-02
  0.2745404246E-03  0.5535823134E+01  0.1520720168E-02
  0.2779298126E-03  0.5535741035E+01  0.1539483082E-02
  0.2813192005E-03  0.5535658936E+01  0.1558245716E-02
  0.2847085885E-03  0.5535576837E+01  0.1577008073E-02
  0.2880979764E-03  0.5535494739E+01  0.1595770151E-02
  0.2914873644E-03  0.5535412641E+01  0.1614531952E-02
  0.2948767524E-03  0.5535330544E+01  0.1633293473E-02
  0.2982661403E-03  0.5535248447E+01  0.1652054717E-02
  0.3016555283E-03  0.5535166350E+01  0.1670815682E-02
  0.3050449162E-03  0.5535084254E+01  0.1689576369E-02
  0.3084343042E-03  0.5535002158E+01  0.1708336778E-02
  0.3118236921E-03  0.5534920063E+01  0.1727096909E-02
  0.3152130801E-03  0.5534837968E+01  0.1745856761E-02
  0.3186024681E-03  0.5534755873E+01  0.1764616335E-02
  0.3219918560E-03  0.5534673779E+01  0.1783375631E-02
  0.3253812440E-03  0.5534591685E+01  0.1802134648E-02
  0.3287706319E-03  0.5534509592E+01  0.1820893388E-02
  0.3321600199E-03  0.5534427499E+01  0.1839651849E-02
  0.3355494079E-03  0.5534345407E+01  0.1858410031E-02
  0.3389387958E-03  0.5534263315E+01  0.1877167936E-02
  0.3423624200E-03  0.5534180394E+01  0.1896115032E-02
  0.3458206263E-03  0.5534096636E+01  0.1915253224E-02
  0.3493137639E-03  0.5534012032E+01  0.1934584438E-02
  0.3528421858E-03  0.5533926575E+01  0.1954110616E-02
  0.3564062483E-03  0.5533840255E+01  0.1973833722E-02
  0.3600063114E-03  0.5533753063E+01  0.1993755739E-02
  0.3636427388E-03  0.5533664991E+01  0.2013878671E-02
  0.3673158977E-03  0.5533576030E+01  0.2034204538E-02
  0.3710261593E-03  0.5533486171E+01  0.2054735386E-02
  0.3747738983E-03  0.5533395405E+01  0.2075473278E-02
  0.3785594932E-03  0.5533303723E+01  0.2096420298E-02
  0.3823833265E-03  0.5533211115E+01  0.2117578552E-02
  0.3862457844E-03  0.5533117573E+01  0.2138950166E-02
  0.3901472569E-03  0.5533023086E+01  0.2160537288E-02
  0.3940881383E-03  0.5532927646E+01  0.2182342088E-02
  0.3980688266E-03  0.5532831242E+01  0.2204366756E-02
  0.4020897238E-03  0.5532733865E+01  0.2226613506E-02
  0.4061512362E-03  0.5532635505E+01  0.2249084573E-02
  0.4102537739E-03  0.5532536153E+01  0.2271782215E-02
  0.4143977514E-03  0.5532435798E+01  0.2294708713E-02
  0.4185835873E-03  0.5532334430E+01  0.2317866369E-02
  0.4228117043E-03  0.5532232039E+01  0.2341257510E-02
  0.4270825296E-03  0.5532128614E+01  0.2364884486E-02
  0.4313964946E-03  0.5532024146E+01  0.2388749669E-02
  0.4357540349E-03  0.5531918623E+01  0.2412855458E-02
  0.4401555908E-03  0.5531812036E+01  0.2437204272E-02
  0.4446016069E-03  0.5531704372E+01  0.2461798558E-02
  0.4490925322E-03  0.5531595623E+01  0.2486640785E-02
  0.4536288204E-03  0.5531485775E+01  0.2511733448E-02
  0.4582109297E-03  0.5531374820E+01  0.2537079066E-02
  0.4628393230E-03  0.5531262744E+01  0.2562680185E-02
  0.4675144676E-03  0.5531149538E+01  0.2588539374E-02
  0.4722368360E-03  0.5531035190E+01  0.2614659229E-02
  0.4770069051E-03  0.5530919687E+01  0.2641042373E-02
  0.4818251566E-03  0.5530803020E+01  0.2667691455E-02
  0.4866920774E-03  0.5530685175E+01  0.2694609148E-02
  0.4916081590E-03  0.5530566141E+01  0.2721798155E-02
  0.4965738980E-03  0.5530445905E+01  0.2749261205E-02
  0.5015897959E-03  0.5530324457E+01  0.2777001052E-02
  0.5066563595E-03  0.5530201784E+01  0.2805020482E-02
  0.5117741005E-03  0.5530077873E+01  0.2833322305E-02
  0.5169435359E-03  0.5529952712E+01  0.2861909362E-02
  0.5221651878E-03  0.5529826288E+01  0.2890784520E-02
  0.5274395836E-03  0.5529698589E+01  0.2919950676E-02
  0.5327672562E-03  0.5529569602E+01  0.2949410756E-02
  0.5381487436E-03  0.5529439313E+01  0.2979167714E-02
  0.5435845895E-03  0.5529307710E+01  0.3009224537E-02
  0.5490753429E-03  0.5529174780E+01  0.3039584237E-02
  0.5546215585E-03  0.5529040509E+01  0.3070249860E-02
  0.5602237965E-03  0.5528904884E+01  0.3101224481E-02
  0.5658826227E-03  0.5528767890E+01  0.3132511205E-02
  0.5715986088E-03  0.5528629516E+01  0.3164113170E-02
  0.5773723321E-03  0.5528489745E+01  0.3196033544E-02
  0.5832043759E-03  0.5528348565E+01  0.3228275526E-02
  0.5890953291E-03  0.5528205961E+01  0.3260842349E-02
  0.5950457870E-03  0.5528061919E+01  0.3293737277E-02
  0.6010563505E-03  0.5527916424E+01  0.3326963607E-02
  0.6071276268E-03  0.5527769463E+01  0.3360524669E-02
  0.6132602291E-03  0.5527621019E+01  0.3394423826E-02
  0.6194547769E-03  0.5527471079E+01  0.3428664474E-02
  0.6257118958E-03  0.5527319626E+01  0.3463250044E-02
  0.6320322180E-03  0.5527166647E+01  0.3498184001E-02
  0.6384163818E-03  0.5527012126E+01  0.3533469845E-02
  0.6448650321E-03  0.5526856046E+01  0.3569111111E-02
  0.6513788203E-03  0.5526698394E+01  0.3605111367E-02
  0.6579584044E-03  0.5526539151E+01  0.3641474220E-02
  0.6646044489E-03  0.5526378304E+01  0.3678203310E-02
  0.6713176251E-03  0.5526215835E+01  0.3715302316E-02
  0.6780986112E-03  0.5526051729E+01  0.3752774953E-02
  0.6849480921E-03  0.5525885969E+01  0.3790624971E-02
  0.6918667597E-03  0.5525718538E+01  0.3828856160E-02
  0.6988553129E-03  0.5525549419E+01  0.3867472347E-02
  0.7059144575E-03  0.5525378597E+01  0.3906477396E-02
  0.7130449065E-03  0.5525206052E+01  0.3945875211E-02
  0.7202473803E-03  0.5525031770E+01  0.3985669736E-02
  0.7275226064E-03  0.5524855731E+01  0.4025864950E-02
  0.7348713196E-03  0.5524677918E+01  0.4066464877E-02
  0.7422942622E-03  0.5524498314E+01  0.4107473578E-02
  0.7497921840E-03  0.5524316900E+01  0.4148895154E-02
  0.7573658425E-03  0.5524133658E+01  0.4190733750E-02
  0.7650160025E-03  0.5523948571E+01  0.4232993548E-02
  0.7727434369E-03  0.5523761619E+01  0.4275678776E-02
  0.7805489261E-03  0.5523572784E+01  0.4318793701E-02
  0.7884332587E-03  0.5523382048E+01  0.4362342634E-02
  0.7963972310E-03  0.5523189390E+01  0.4406329928E-02
  0.8044416475E-03  0.5522994792E+01  0.4450759981E-02
  0.8125673207E-03  0.5522798234E+01  0.4495637234E-02
  0.8207750714E-03  0.5522599697E+01  0.4540966170E-02
  0.8290657287E-03  0.5522399161E+01  0.4586751320E-02
  0.8374401300E-03  0.5522196606E+01  0.4632997259E-02
  0.8458991212E-03  0.5521992012E+01  0.4679708606E-02
  0.8544435568E-03  0.5521785358E+01  0.4726890028E-02
  0.8630742998E-03  0.5521576624E+01  0.4774546238E-02
  0.8717922220E-03  0.5521365788E+01  0.4822681994E-02
  0.8805982040E-03  0.5521152831E+01  0.4871302104E-02
  0.8894931354E-03  0.5520937731E+01  0.4920411423E-02
  0.8984779145E-03  0.5520720465E+01  0.4970014853E-02
  0.9075534490E-03  0.5520501014E+01  0.5020117346E-02
  0.9167206556E-03  0.5520279354E+01  0.5070723904E-02
  0.9259804602E-03  0.5520055465E+01  0.5121839575E-02
  0.9353337982E-03  0.5519829323E+01  0.5173469462E-02
  0.9447816143E-03  0.5519600906E+01  0.5225618716E-02
  0.9543248629E-03  0.5519370191E+01  0.5278292538E-02
  0.9639645080E-03  0.5519137156E+01  0.5331496185E-02
  0.9737015233E-03  0.5518901777E+01  0.5385234962E-02
  0.9835368922E-03  0.5518664032E+01  0.5439514227E-02
  0.9934716083E-03  0.5518423896E+01  0.5494339395E-02
  0.1003506675E-02  0.5518181345E+01  0.5549715930E-02
  0.1013643106E-02  0.5517936356E+01  0.5605649353E-02
  0.1023881925E-02  0.5517688905E+01  0.5662145239E-02
  0.1034224167E-02  0.5517438966E+01  0.5719209219E-02
  0.1044670876E-02  0.5517186515E+01  0.5776846978E-02
  0.1055223107E-02  0.5516931528E+01  0.5835064260E-02
  0.1065881926E-02  0.5516673978E+01  0.5893866863E-02
  0.1076648410E-02  0.5516413840E+01  0.5953260646E-02
  0.1087523647E-02  0.5516151090E+01  0.6013251522E-02
  0.1098508734E-02  0.5515885700E+01  0.6073845466E-02
  0.1109604782E-02  0.5515617644E+01  0.6135048510E-02
  0.1120812911E-02  0.5515346896E+01  0.6196866747E-02
  0.1132134253E-02  0.5515073430E+01  0.6259306331E-02
  0.1143569953E-02  0.5514797218E+01  0.6322373474E-02
  0.1155121165E-02  0.5514518234E+01  0.6386074453E-02
  0.1166789055E-02  0.5514236448E+01  0.6450415604E-02
  0.1178574803E-02  0.5513951835E+01  0.6515403328E-02
  0.1190479599E-02  0.5513664366E+01  0.6581044089E-02
  0.1202504646E-02  0.5513374012E+01  0.6647344413E-02
  0.1214651157E-02  0.5513080745E+01  0.6714310893E-02
  0.1226920361E-02  0.5512784537E+01  0.6781950186E-02
  0.1239313496E-02  0.5512485357E+01  0.6850269015E-02
  0.1251831814E-02  0.5512183178E+01  0.6919274169E-02
  0.1264476580E-02  0.5511877968E+01  0.6988972505E-02
  0.1277249070E-02  0.5511569699E+01  0.7059370946E-02
  0.1290150576E-02  0.5511258340E+01  0.7130476486E-02
  0.1303182400E-02  0.5510943860E+01  0.7202296186E-02
  0.1316345859E-02  0.5510626229E+01  0.7274837176E-02
  0.1329642282E-02  0.5510305416E+01  0.7348106660E-02
  0.1343073012E-02  0.5509981389E+01  0.7422111909E-02
  0.1356639406E-02  0.5509654117E+01  0.7496860268E-02
  0.1370342834E-02  0.5509323567E+01  0.7572359153E-02
  0.1384184681E-02  0.5508989708E+01  0.7648616055E-02
  0.1398166344E-02  0.5508652507E+01  0.7725638538E-02
  0.1412289237E-02  0.5508311931E+01  0.7803434240E-02
  0.1426554785E-02  0.5507967948E+01  0.7882010873E-02
  0.1440964429E-02  0.5507620522E+01  0.7961376229E-02
  0.1455519625E-02  0.5507269622E+01  0.8041538173E-02
  0.1470221844E-02  0.5506915212E+01  0.8122504649E-02
  0.1485072569E-02  0.5506557259E+01  0.8204283678E-02
  0.1500073302E-02  0.5506195727E+01  0.8286883362E-02
  0.1515225558E-02  0.5505830582E+01  0.8370311880E-02
  0.1530530867E-02  0.5505461789E+01  0.8454577495E-02
  0.1545990774E-02  0.5505089311E+01  0.8539688547E-02
  0.1561606843E-02  0.5504713113E+01  0.8625653461E-02
  0.1577380649E-02  0.5504333158E+01  0.8712480743E-02
  0.1593313787E-02  0.5503949410E+01  0.8800178985E-02
  0.1609407866E-02  0.5503561832E+01  0.8888756861E-02
  0.1625664511E-02  0.5503170387E+01  0.8978223131E-02
  0.1642085364E-02  0.5502775036E+01  0.9068586640E-02
  0.1658672085E-02  0.5502375742E+01  0.9159856322E-02
  0.1675426349E-02  0.5501972468E+01  0.9252041197E-02
  0.1692349847E-02  0.5501565173E+01  0.9345150373E-02
  0.1709444290E-02  0.5501153819E+01  0.9439193049E-02
  0.1726711404E-02  0.5500738240E+01  0.9534178512E-02
  0.1744152934E-02  0.5500318337E+01  0.9630116137E-02
  0.1761770640E-02  0.5499894053E+01  0.9727015393E-02
  0.1779566303E-02  0.5499465530E+01  0.9824885842E-02
  0.1797541720E-02  0.5499032727E+01  0.9923737139E-02
  0.1815698707E-02  0.5498595601E+01  0.1002357904E-01
  0.1834039098E-02  0.5498154111E+01  0.1012442138E-01
  0.1852564746E-02  0.5497708214E+01  0.1022627412E-01
  0.1871277521E-02  0.5497257867E+01  0.1032914728E-01
  0.1890179314E-02  0.5496803027E+01  0.1043305101E-01
  0.1909272034E-02  0.5496343650E+01  0.1053799555E-01
  0.1928557610E-02  0.5495879691E+01  0.1064399123E-01
  0.1948037990E-02  0.5495411108E+01  0.1075104849E-01
  0.1967715142E-02  0.5494937854E+01  0.1085917787E-01
  0.1987591052E-02  0.5494459885E+01  0.1096839001E-01
  0.2007667730E-02  0.5493977154E+01  0.1107869567E-01
  0.2027947202E-02  0.5493489616E+01  0.1119010568E-01
  0.2048431517E-02  0.5492997224E+01  0.1130263101E-01
  0.2069122744E-02  0.5492499931E+01  0.1141628272E-01
  0.2090022974E-02  0.5491997690E+01  0.1153107198E-01
  0.2111134317E-02  0.5491490454E+01  0.1164701007E-01
  0.2132458906E-02  0.5490978173E+01  0.1176410839E-01
  0.2153998895E-02  0.5490460800E+01  0.1188237843E-01
  0.2175756460E-02  0.5489938286E+01  0.1200183180E-01
  0.2197733798E-02  0.5489410581E+01  0.1212248023E-01
  0.2219933129E-02  0.5488877636E+01  0.1224433556E-01
  0.2242356696E-02  0.5488339400E+01  0.1236740974E-01
  0.2265006764E-02  0.5487795822E+01  0.1249171484E-01
  0.2287885620E-02  0.5487246852E+01  0.1261726305E-01
  0.2310995576E-02  0.5486692438E+01  0.1274406668E-01
  0.2334338965E-02  0.5486132528E+01  0.1287213814E-01
  0.2357918147E-02  0.5485567070E+01  0.1300148999E-01
  0.2381735502E-02  0.5484996010E+01  0.1313213489E-01
  0.2405793436E-02  0.5484419297E+01  0.1326408562E-01
  0.2430094380E-02  0.5483836875E+01  0.1339735511E-01
  0.2454640788E-02  0.5483248691E+01  0.1353195639E-01
  0.2479435139E-02  0.5482654690E+01  0.1366790262E-01
  0.2504479939E-02  0.5482054818E+01  0.1380520710E-01
  0.2529777716E-02  0.5481449018E+01  0.1394388323E-01
  0.2555331026E-02  0.5480837235E+01  0.1408394458E-01
  0.2581142450E-02  0.5480219413E+01  0.1422540483E-01
  0.2607214596E-02  0.5479595494E+01  0.1436827777E-01
  0.2633550097E-02  0.5478965422E+01  0.1451257737E-01
  0.2660151614E-02  0.5478329139E+01  0.1465831769E-01
  0.2687021832E-02  0.5477686587E+01  0.1480551296E-01
  0.2714163467E-02  0.5477037706E+01  0.1495417752E-01
  0.2741579259E-02  0.5476382439E+01  0.1510432587E-01
  0.2769271979E-02  0.5475720725E+01  0.1525597263E-01
  0.2797244423E-02  0.5475052505E+01  0.1540913258E-01
  0.2825499417E-02  0.5474377717E+01  0.1556382062E-01
  0.2854039815E-02  0.5473696303E+01  0.1572005182E-01
  0.2882868500E-02  0.5473008199E+01  0.1587784137E-01
  0.2911988384E-02  0.5472313344E+01  0.1603720461E-01
  0.2941402408E-02  0.5471611677E+01  0.1619815705E-01
  0.2971113544E-02  0.5470903133E+01  0.1636071432E-01
  0.3001124792E-02  0.5470187651E+01  0.1652489221E-01
  0.3031439184E-02  0.5469465167E+01  0.1669070668E-01
  0.3062059781E-02  0.5468735616E+01  0.1685817380E-01
  0.3092989678E-02  0.5467998934E+01  0.1702730983E-01
  0.3124231998E-02  0.5467255056E+01  0.1719813119E-01
  0.3155789897E-02  0.5466503918E+01  0.1737065442E-01
  0.3187666563E-02  0.5465745452E+01  0.1754489625E-01
  0.3219865215E-02  0.5464979592E+01  0.1772087355E-01
  0.3252389106E-02  0.5464206273E+01  0.1789860338E-01
  0.3285241521E-02  0.5463425427E+01  0.1807810292E-01
  0.3318425779E-02  0.5462636986E+01  0.1825938956E-01
  0.3351945231E-02  0.5461840882E+01  0.1844248082E-01
  0.3385803264E-02  0.5461037046E+01  0.1862739440E-01
  0.3420003297E-02  0.5460225411E+01  0.1881414816E-01
  0.3454548785E-02  0.5459405905E+01  0.1900276016E-01
  0.3489443217E-02  0.5458578461E+01  0.1919324859E-01
  0.3524690118E-02  0.5457743007E+01  0.1938563184E-01
  0.3560293049E-02  0.5456899473E+01  0.1957992847E-01
  0.3596255605E-02  0.5456047787E+01  0.1977615721E-01
  0.3632581419E-02  0.5455187880E+01  0.1997433697E-01
  0.3669274160E-02  0.5454319677E+01  0.2017448684E-01
  0.3706337536E-02  0.5453443108E+01  0.2037662610E-01
  0.3743775289E-02  0.5452558099E+01  0.2058077419E-01
  0.3781591201E-02  0.5451664578E+01  0.2078695075E-01
  0.3819789092E-02  0.5450762472E+01  0.2099517561E-01
  0.3858372820E-02  0.5449851705E+01  0.2120546877E-01
  0.3897346283E-02  0.5448932204E+01  0.2141785045E-01
  0.3936713417E-02  0.5448003895E+01  0.2163234102E-01
  0.3976478199E-02  0.5447066703E+01  0.2184896108E-01
  0.4016644645E-02  0.5446120798E+01  0.2206773139E-01
  0.4057216813E-02  0.5445167471E+01  0.2228867298E-01
  0.4098198801E-02  0.5444206538E+01  0.2251180708E-01
  0.4139594749E-02  0.5443236550E+01  0.2273715509E-01
  0.4181408837E-02  0.5442257434E+01  0.2296473859E-01
  0.4223645290E-02  0.5441269117E+01  0.2319457937E-01
  0.4266308374E-02  0.5440271527E+01  0.2342669941E-01
  0.4309402398E-02  0.5439264590E+01  0.2366112091E-01
  0.4352931715E-02  0.5438248234E+01  0.2389786626E-01
  0.4396900722E-02  0.5437222383E+01  0.2413695808E-01
  0.4441313861E-02  0.5436186966E+01  0.2437841920E-01
  0.4486175617E-02  0.5435141907E+01  0.2462227265E-01
  0.4531490522E-02  0.5434087134E+01  0.2486854170E-01
  0.4577263154E-02  0.5433022572E+01  0.2511724980E-01
  0.4623498135E-02  0.5431948146E+01  0.2536842066E-01
  0.4670200136E-02  0.5430863784E+01  0.2562207819E-01
  0.4717373875E-02  0.5429769410E+01  0.2587824652E-01
  0.4765024116E-02  0.5428664950E+01  0.2613695003E-01
  0.4813155673E-02  0.5427550330E+01  0.2639821330E-01
  0.4861773407E-02  0.5426425475E+01  0.2666206116E-01
  0.4910882230E-02  0.5425290312E+01  0.2692851865E-01
  0.4960487101E-02  0.5424144766E+01  0.2719761106E-01
  0.5010593031E-02  0.5422988191E+01  0.2746936391E-01
  0.5061205082E-02  0.5421820871E+01  0.2774380292E-01
  0.5112328365E-02  0.5420642914E+01  0.2802095410E-01
  0.5163968046E-02  0.5419454243E+01  0.2830084367E-01
  0.5216129339E-02  0.5418254785E+01  0.2858349813E-01
  0.5268817514E-02  0.5417044464E+01  0.2886894421E-01
  0.5322037893E-02  0.5415823206E+01  0.2915720887E-01
  0.5375795852E-02  0.5414590935E+01  0.2944831934E-01
  0.5430096820E-02  0.5413347577E+01  0.2974230312E-01
  0.5484946283E-02  0.5412091907E+01  0.3003918789E-01
  0.5540349781E-02  0.5410822847E+01  0.3033900155E-01
  0.5596312910E-02  0.5409542354E+01  0.3064177230E-01
  0.5652841323E-02  0.5408250350E+01  0.3094752863E-01
  0.5709940730E-02  0.5406946759E+01  0.3125629930E-01
  0.5767616899E-02  0.5405631503E+01  0.3156811335E-01
  0.5825875656E-02  0.5404304507E+01  0.3188300006E-01
  0.5884722885E-02  0.5402964848E+01  0.3220098899E-01
  0.5944164530E-02  0.5401609193E+01  0.3252210982E-01
  0.6004206596E-02  0.5400241382E+01  0.3284639253E-01
  0.6064855147E-02  0.5398861333E+01  0.3317386750E-01
  0.6126116310E-02  0.5397468967E+01  0.3350456537E-01
  0.6187996273E-02  0.5396064203E+01  0.3383851709E-01
  0.6250501286E-02  0.5394646960E+01  0.3417575386E-01
  0.6313637663E-02  0.5393217159E+01  0.3451630718E-01
  0.6377411780E-02  0.5391774721E+01  0.3486020886E-01
  0.6441830081E-02  0.5390319567E+01  0.3520749095E-01
  0.6506899072E-02  0.5388851617E+01  0.3555818585E-01
  0.6572625325E-02  0.5387370793E+01  0.3591232621E-01
  0.6639015480E-02  0.5385877017E+01  0.3626994500E-01
  0.6706076242E-02  0.5384370212E+01  0.3663107550E-01
  0.6773814386E-02  0.5382850301E+01  0.3699575127E-01
  0.6842236754E-02  0.5381317844E+01  0.3736400620E-01
  0.6911350256E-02  0.5379770902E+01  0.3773587447E-01
  0.6981161875E-02  0.5378205350E+01  0.3811139034E-01
  0.7051678662E-02  0.5376626182E+01  0.3849058842E-01
  0.7122907739E-02  0.5375033316E+01  0.3887350381E-01
  0.7194856302E-02  0.5373425104E+01  0.3926017188E-01
  0.7267531618E-02  0.5371803411E+01  0.3965062832E-01
  0.7340941029E-02  0.5370167746E+01  0.4004490920E-01
  0.7415091948E-02  0.5368518033E+01  0.4044305091E-01
  0.7489991867E-02  0.5366854192E+01  0.4084509017E-01
  0.7565648350E-02  0.5365176147E+01  0.4125106401E-01
  0.7642069041E-02  0.5363481178E+01  0.4166100971E-01
  0.7719261657E-02  0.5361771657E+01  0.4207496487E-01
  0.7797233997E-02  0.5360047606E+01  0.4249296754E-01
  0.7875993937E-02  0.5358308948E+01  0.4291505609E-01
  0.7955549431E-02  0.5356555607E+01  0.4334126927E-01
  0.8035908516E-02  0.5354787508E+01  0.4377164613E-01
  0.8117079309E-02  0.5353004577E+01  0.4420622612E-01
  0.8199070009E-02  0.5351206740E+01  0.4464504901E-01
  0.8281888898E-02  0.5349393924E+01  0.4508815494E-01
  0.8365544342E-02  0.5347566057E+01  0.4553558441E-01
  0.8450044790E-02  0.5345727736E+01  0.4598737846E-01
  0.8535398777E-02  0.5343881454E+01  0.4644357885E-01
  0.8621614927E-02  0.5342031607E+01  0.4690422799E-01
  0.8708701946E-02  0.5340174083E+01  0.4736936872E-01
  0.8796668632E-02  0.5338302177E+01  0.4783904380E-01
  0.8885523871E-02  0.5336421967E+01  0.4831329638E-01
  0.8975276638E-02  0.5334530875E+01  0.4879217015E-01
  0.9065935997E-02  0.5332625598E+01  0.4927570894E-01
  0.9157511109E-02  0.5330706102E+01  0.4976395683E-01
  0.9250011221E-02  0.5328772350E+01  0.5025695831E-01
  0.9343445678E-02  0.5326824311E+01  0.5075475825E-01
  0.9437823917E-02  0.5324861950E+01  0.5125740195E-01
  0.9533155471E-02  0.5322885237E+01  0.5176493510E-01
  0.9629449971E-02  0.5320894139E+01  0.5227740380E-01
  0.9726717143E-02  0.5318888628E+01  0.5279485459E-01
  0.9824966811E-02  0.5316866749E+01  0.5331733431E-01
  0.9924208900E-02  0.5314817448E+01  0.5384488958E-01
  0.1002445343E-01  0.5312753078E+01  0.5437756751E-01
  0.1012571054E-01  0.5310674112E+01  0.5491541625E-01
  0.1022799044E-01  0.5308586036E+01  0.5545848471E-01
  0.1033130348E-01  0.5306483005E+01  0.5600682221E-01
  0.1043566008E-01  0.5304364984E+01  0.5656047822E-01
  0.1054107079E-01  0.5302231934E+01  0.5711950267E-01
  0.1064754625E-01  0.5300083818E+01  0.5768394590E-01
  0.1075509722E-01  0.5297915366E+01  0.5825385846E-01
  0.1086373457E-01  0.5295721783E+01  0.5882929077E-01
  0.1097346926E-01  0.5293512543E+01  0.5941029396E-01
  0.1108431238E-01  0.5291287597E+01  0.5999692011E-01
  0.1119627514E-01  0.5289046896E+01  0.6058922179E-01
  0.1130936882E-01  0.5286790389E+01  0.6118725202E-01
  0.1142360487E-01  0.5284518022E+01  0.6179106427E-01
  0.1153899482E-01  0.5282229742E+01  0.6240071251E-01
  0.1165555032E-01  0.5279925493E+01  0.6301625117E-01
  0.1177328316E-01  0.5277605218E+01  0.6363773516E-01
  0.1189220521E-01  0.5275268857E+01  0.6426521988E-01
  0.1201232849E-01  0.5272916346E+01  0.6489876121E-01
  0.1213366514E-01  0.5270508451E+01  0.6553841314E-01
  0.1225622742E-01  0.5268081785E+01  0.6618422993E-01
  0.1238002770E-01  0.5265637311E+01  0.6683626860E-01
  0.1250507848E-01  0.5263174919E+01  0.6749458672E-01
  0.1263139240E-01  0.5260694494E+01  0.6815924234E-01
  0.1275898223E-01  0.5258195918E+01  0.6883029402E-01
  0.1288786083E-01  0.5255679067E+01  0.6950780081E-01
  0.1301804125E-01  0.5253143812E+01  0.7019182225E-01
  0.1314953661E-01  0.5250590020E+01  0.7088241842E-01
  0.1328236022E-01  0.5248017549E+01  0.7157964985E-01
  0.1341652547E-01  0.5245411790E+01  0.7228357666E-01
  0.1355204593E-01  0.5242771984E+01  0.7299425841E-01
  0.1368893528E-01  0.5240112799E+01  0.7371175606E-01
  0.1382720736E-01  0.5237434100E+01  0.7443613213E-01
  0.1396687612E-01  0.5234708979E+01  0.7516744775E-01
  0.1410795567E-01  0.5231922895E+01  0.7590576165E-01
  0.1425046028E-01  0.5229114887E+01  0.7665113466E-01
  0.1439440432E-01  0.5226271843E+01  0.7740362998E-01
  0.1453980234E-01  0.5223354671E+01  0.7816330750E-01
  0.1468666903E-01  0.5220394261E+01  0.7893022692E-01
  0.1483501923E-01  0.5217418709E+01  0.7970445270E-01
  0.1498486790E-01  0.5214427711E+01  0.8048605191E-01
  0.1513623021E-01  0.5211454207E+01  0.8127509465E-01
  0.1528912142E-01  0.5208457352E+01  0.8207165112E-01
  0.1544355699E-01  0.5205435792E+01  0.8287578888E-01
  0.1559955252E-01  0.5202384852E+01  0.8368757560E-01
  0.1575712375E-01  0.5199309637E+01  0.8450707954E-01
  0.1591628662E-01  0.5196209907E+01  0.8533436988E-01
  0.1607705719E-01  0.5193169761E+01  0.8616952314E-01
  0.1623945171E-01  0.5190109281E+01  0.8701261693E-01
  0.1640348657E-01  0.5186996394E+01  0.8786372050E-01
  0.1656917836E-01  0.5183799228E+01  0.8872289831E-01
  0.1673654380E-01  0.5180541936E+01  0.8959021456E-01
  0.1690559979E-01  0.5177250538E+01  0.9046573803E-01
  0.1707636343E-01  0.5173956424E+01  0.9134954289E-01
  0.1724885195E-01  0.5170600497E+01  0.9224170154E-01
  0.1742308278E-01  0.5167122704E+01  0.9314227658E-01
  0.1759907351E-01  0.5163611705E+01  0.9405133335E-01
  0.1777684193E-01  0.5160067001E+01  0.9496894537E-01
  0.1795640599E-01  0.5156488081E+01  0.9589518663E-01
  0.1813778383E-01  0.5152874417E+01  0.9683013157E-01
  0.1832099377E-01  0.5149225471E+01  0.9777385511E-01
  0.1850605431E-01  0.5145540687E+01  0.9872643262E-01
  0.1869298415E-01  0.5141819499E+01  0.9968793992E-01
  0.1888180217E-01  0.5138040096E+01  0.1006584513E+00
  0.1907252745E-01  0.5134198380E+01  0.1016380391E+00
  0.1926517924E-01  0.5130337640E+01  0.1026267797E+00
  0.1945977701E-01  0.5126485839E+01  0.1036247572E+00
  0.1965634041E-01  0.5122607916E+01  0.1046320556E+00
  0.1985488931E-01  0.5118662565E+01  0.1056487520E+00
  0.2005544374E-01  0.5114639992E+01  0.1066749191E+00
  0.2025802398E-01  0.5110518599E+01  0.1077106267E+00
  0.2046265049E-01  0.5106315762E+01  0.1087559442E+00
  0.2066934393E-01  0.5102066305E+01  0.1098109470E+00
  0.2087812518E-01  0.5097769543E+01  0.1108757143E+00
  0.2108901533E-01  0.5093326220E+01  0.1119503151E+00
  0.2130203569E-01  0.5088804344E+01  0.1130348157E+00
  0.2151720777E-01  0.5084340881E+01  0.1141293041E+00
  0.2173455330E-01  0.5079831110E+01  0.1152338728E+00
  0.2195409424E-01  0.5075270103E+01  0.1163486030E+00
  0.2217585277E-01  0.5070657110E+01  0.1174735760E+00
  0.2239985128E-01  0.5065991385E+01  0.1186088731E+00
  0.2262611241E-01  0.5061272192E+01  0.1197545761E+00
  0.2285465900E-01  0.5056498803E+01  0.1209107671E+00
  0.2308551414E-01  0.5051670504E+01  0.1220775285E+00
  0.2331870115E-01  0.5046786598E+01  0.1232549430E+00
  0.2355424359E-01  0.5041846406E+01  0.1244430936E+00
  0.2379216524E-01  0.5036849272E+01  0.1256420636E+00
  0.2403249014E-01  0.5031824048E+01  0.1268519401E+00
  0.2427524257E-01  0.5026769071E+01  0.1280728140E+00
  0.2452044704E-01  0.5021657300E+01  0.1293047735E+00
  0.2476812832E-01  0.5016488256E+01  0.1305479039E+00
  0.2501831143E-01  0.5011261503E+01  0.1318022908E+00
  0.2527102165E-01  0.5005976658E+01  0.1330680200E+00
  0.2552628449E-01  0.5000599810E+01  0.1343451736E+00
  0.2578412575E-01  0.4995240662E+01  0.1356338436E+00
  0.2604457147E-01  0.4989717602E+01  0.1369341134E+00
  0.2630764795E-01  0.4984015894E+01  0.1382460407E+00
  0.2657338176E-01  0.4978245835E+01  0.1395696957E+00
  0.2684179976E-01  0.4972419409E+01  0.1409051645E+00
  0.2711292905E-01  0.4966579551E+01  0.1422525413E+00
  0.2738679702E-01  0.4960673770E+01  0.1436119197E+00
  0.2766343134E-01  0.4954853933E+01  0.1449834073E+00
  0.2794285993E-01  0.4948994505E+01  0.1463671166E+00
  0.2822511105E-01  0.4943075174E+01  0.1477631404E+00
  0.2851021318E-01  0.4937104748E+01  0.1491715706E+00
  0.2879819513E-01  0.4931266664E+01  0.1505925270E+00
  0.2908908599E-01  0.4925470144E+01  0.1520261443E+00
  0.2938291514E-01  0.4919717439E+01  0.1534725459E+00
  0.2967971226E-01  0.4913946486E+01  0.1549318474E+00
  0.2997950734E-01  0.4908124798E+01  0.1564041517E+00
  0.3028233064E-01  0.4902247227E+01  0.1578895564E+00
  0.3058821277E-01  0.4896171091E+01  0.1593881369E+00
  0.3089718462E-01  0.4889713307E+01  0.1608999183E+00
  0.3120927739E-01  0.4883210287E+01  0.1624249477E+00
  0.3152452262E-01  0.4876667731E+01  0.1639633252E+00
  0.3184295214E-01  0.4870089104E+01  0.1655151527E+00
  0.3216459812E-01  0.4863476197E+01  0.1670805338E+00
  0.3248949305E-01  0.4856832973E+01  0.1686595734E+00
  0.3281766975E-01  0.4850163602E+01  0.1702523784E+00
  0.3314916136E-01  0.4843472455E+01  0.1718590580E+00
  0.3348400137E-01  0.4836764086E+01  0.1734797232E+00
  0.3382222361E-01  0.4830157338E+01  0.1751145071E+00
  0.3416386223E-01  0.4823592833E+01  0.1767635541E+00
  0.3450895175E-01  0.4816999152E+01  0.1784269877E+00
  0.3485752702E-01  0.4810391399E+01  0.1801049228E+00
  0.3520962325E-01  0.4803713216E+01  0.1817974678E+00
  0.3556527601E-01  0.4797048053E+01  0.1835047365E+00
  0.3592452122E-01  0.4790401280E+01  0.1852268591E+00
  0.3628739518E-01  0.4783778278E+01  0.1869639693E+00
  0.3665393452E-01  0.4777304339E+01  0.1887162258E+00
  0.3702417628E-01  0.4770871325E+01  0.1904837925E+00
  0.3739815786E-01  0.4764586169E+01  0.1922668352E+00
  0.3777591703E-01  0.4758389882E+01  0.1940655310E+00
  0.3815749195E-01  0.4752251837E+01  0.1958800421E+00
  0.3854292116E-01  0.4746286091E+01  0.1977105491E+00
  0.3893224360E-01  0.4740361545E+01  0.1995572315E+00
  0.3932549859E-01  0.4734491001E+01  0.2014202480E+00
  0.3972272585E-01  0.4728696496E+01  0.2032997660E+00
  0.4012396550E-01  0.4722980688E+01  0.2051959599E+00
  0.4052925808E-01  0.4717206303E+01  0.2071089787E+00
  0.4093864453E-01  0.4711127846E+01  0.2090388948E+00
  0.4135216619E-01  0.4705076347E+01  0.2109857970E+00
  0.4176986484E-01  0.4698658440E+01  0.2129497607E+00
  0.4219178266E-01  0.4692318190E+01  0.2149308709E+00
  0.4261796229E-01  0.4685856611E+01  0.2169292644E+00
  0.4304844675E-01  0.4679416954E+01  0.2189450668E+00
  0.4348327955E-01  0.4673123107E+01  0.2209784624E+00
  0.4392250460E-01  0.4666739725E+01  0.2230296132E+00
  0.4436616626E-01  0.4660297098E+01  0.2250986376E+00
  0.4481430935E-01  0.4653858058E+01  0.2271856747E+00
  0.4526697914E-01  0.4647415808E+01  0.2292908776E+00
  0.4572422136E-01  0.4640962832E+01  0.2314143970E+00
  0.4618608218E-01  0.4634494023E+01  0.2335563820E+00
  0.4665260826E-01  0.4628035580E+01  0.2357169879E+00
  0.4712384673E-01  0.4621542060E+01  0.2378963663E+00
  0.4759984518E-01  0.4614984595E+01  0.2400946525E+00
  0.4808065170E-01  0.4608034986E+01  0.2423118964E+00
  0.4856631485E-01  0.4601203622E+01  0.2445481903E+00
  0.4905688368E-01  0.4594509124E+01  0.2468037554E+00
  0.4955240776E-01  0.4587974365E+01  0.2490788262E+00
  0.5005293713E-01  0.4581439789E+01  0.2513736068E+00
  0.5055852235E-01  0.4574861706E+01  0.2536882521E+00
  0.5106921450E-01  0.4568113981E+01  0.2560228751E+00
  0.5158506515E-01  0.4561160910E+01  0.2583775463E+00
  0.5210612641E-01  0.4554086782E+01  0.2607523475E+00
  0.5263245092E-01  0.4546717365E+01  0.2631473356E+00
  0.5316409184E-01  0.4538900717E+01  0.2655624788E+00
  0.5370110287E-01  0.4531079968E+01  0.2679978186E+00
  0.5424353825E-01  0.4523076985E+01  0.2704534662E+00
  0.5479145278E-01  0.4514882901E+01  0.2729294809E+00
  0.5534490180E-01  0.4506422466E+01  0.2754258972E+00
  0.5590394121E-01  0.4497750787E+01  0.2779427411E+00
  0.5646862749E-01  0.4488776514E+01  0.2804800254E+00
  0.5703901766E-01  0.4479512805E+01  0.2830377375E+00
  0.5761516936E-01  0.4470019667E+01  0.2856158816E+00
  0.5819714076E-01  0.4460296535E+01  0.2882144760E+00
  0.5878499067E-01  0.4450344531E+01  0.2908335357E+00
  0.5937877846E-01  0.4440166438E+01  0.2934730741E+00
  0.5997856410E-01  0.4429561324E+01  0.2961330418E+00
  0.6058440818E-01  0.4417753808E+01  0.2988130886E+00
  0.6119637190E-01  0.4405464144E+01  0.3015128332E+00
  0.6181451707E-01  0.4392921866E+01  0.3042321731E+00
  0.6243890613E-01  0.4380154918E+01  0.3069710797E+00
  0.6306960215E-01  0.4367327788E+01  0.3097295810E+00
  0.6370666884E-01  0.4354656979E+01  0.3125078240E+00
  0.6435017054E-01  0.4342215782E+01  0.3153060502E+00
  0.6500017227E-01  0.4329626022E+01  0.3181244062E+00
  0.6565673966E-01  0.4316886939E+01  0.3209629155E+00
  0.6631993905E-01  0.4304119553E+01  0.3238216386E+00
  0.6698983743E-01  0.4291232799E+01  0.3267006449E+00
  0.6766650245E-01  0.4278310416E+01  0.3296000000E+00
  0.6835000248E-01  0.4265327809E+01  0.3325197884E+00
  0.6904040654E-01  0.4252271355E+01  0.3354600810E+00
  0.6973778439E-01  0.4239743898E+01  0.3384211526E+00
  0.7044220645E-01  0.4227039713E+01  0.3414032472E+00
  0.7115374389E-01  0.4213595789E+01  0.3444061613E+00
  0.7187246858E-01  0.4199834073E+01  0.3474296312E+00
  0.7259845311E-01  0.4185626237E+01  0.3504734884E+00
  0.7333177082E-01  0.4171331370E+01  0.3535376409E+00
  0.7407249577E-01  0.4157249983E+01  0.3566222350E+00
  0.7482070280E-01  0.4143005179E+01  0.3597273896E+00
  0.7557646748E-01  0.4127989087E+01  0.3628528522E+00
  0.7633986614E-01  0.4113742065E+01  0.3659987155E+00
  0.7711097590E-01  0.4099755495E+01  0.3691654696E+00
  0.7788987464E-01  0.4085843813E+01  0.3723533461E+00
  0.7867664105E-01  0.4071572577E+01  0.3755623367E+00
  0.7947135460E-01  0.4056997730E+01  0.3787922791E+00
  0.8027409556E-01  0.4042523858E+01  0.3820431880E+00
  0.8108494501E-01  0.4028598737E+01  0.3853154207E+00
  0.8190398485E-01  0.4015254368E+01  0.3886095388E+00
  0.8273129783E-01  0.4001424074E+01  0.3919256898E+00
  0.8356696751E-01  0.3987021004E+01  0.3952635405E+00
  0.8441107829E-01  0.3971981440E+01  0.3986226804E+00
  0.8526371544E-01  0.3957232279E+01  0.4020030515E+00
  0.8612496510E-01  0.3942078976E+01  0.4054046910E+00
  0.8699491424E-01  0.3926935443E+01  0.4088275122E+00
  0.8787365075E-01  0.3911689837E+01  0.4122715553E+00
  0.8876126338E-01  0.3897070139E+01  0.4157371323E+00
  0.8965784180E-01  0.3881999357E+01  0.4192244052E+00
  0.9056347656E-01  0.3865376417E+01  0.4227325516E+00
  0.9147825915E-01  0.3847302158E+01  0.4262602637E+00
  0.9240228197E-01  0.3829507805E+01  0.4298070375E+00
  0.9333563836E-01  0.3811837830E+01  0.4333730868E+00
  0.9427842258E-01  0.3793836196E+01  0.4369583416E+00
  0.9523072988E-01  0.3775818322E+01  0.4405626602E+00
  0.9619265645E-01  0.3758625470E+01  0.4441864510E+00
  0.9716429944E-01  0.3740663323E+01  0.4478297667E+00
  0.9814575701E-01  0.3722866614E+01  0.4514923357E+00
  0.9913712829E-01  0.3705218390E+01  0.4551743308E+00
  0.1001385134E+00  0.3687736523E+01  0.4588759284E+00
  0.1011500136E+00  0.3669437703E+01  0.4625968197E+00
  0.1021717309E+00  0.3650680529E+01  0.4663363655E+00
  0.1032037686E+00  0.3631341161E+01  0.4700940259E+00
  0.1042462309E+00  0.3612087597E+01  0.4738695266E+00
  0.1052992231E+00  0.3592813523E+01  0.4776628791E+00
  0.1063628516E+00  0.3572037998E+01  0.4814732493E+00
  0.1074372239E+00  0.3550904768E+01  0.4852995952E+00
  0.1085224483E+00  0.3529680645E+01  0.4891416076E+00
  0.1096186347E+00  0.3509489517E+01  0.4929997287E+00
  0.1107258936E+00  0.3487541704E+01  0.4968734914E+00
  0.1118443370E+00  0.3466355927E+01  0.5007622617E+00
  0.1129740778E+00  0.3444115098E+01  0.5046657822E+00
  0.1141152301E+00  0.3420882542E+01  0.5085827861E+00
  0.1152679092E+00  0.3397649842E+01  0.5125125759E+00
  0.1164322315E+00  0.3373486139E+01  0.5164544683E+00
  0.1176083146E+00  0.3350138647E+01  0.5204082392E+00
  0.1187962774E+00  0.3324768600E+01  0.5243730099E+00
  0.1199962398E+00  0.3299304437E+01  0.5283473291E+00
  0.1212083230E+00  0.3275260043E+01  0.5323317888E+00
  0.1224326495E+00  0.3253792177E+01  0.5363286346E+00
  0.1236693429E+00  0.3232836822E+01  0.5403396204E+00
  0.1249185282E+00  0.3212324706E+01  0.5443652208E+00
  0.1261803315E+00  0.3191424156E+01  0.5484053566E+00
  0.1274548803E+00  0.3169764986E+01  0.5524591796E+00
  0.1287423034E+00  0.3149146363E+01  0.5565267356E+00
  0.1300427307E+00  0.3127922075E+01  0.5606081712E+00
  0.1313562936E+00  0.3105423318E+01  0.5647021169E+00
  0.1326831249E+00  0.3082257407E+01  0.5688071210E+00
  0.1340233585E+00  0.3057838527E+01  0.5729217024E+00
  0.1353771298E+00  0.3032494014E+01  0.5770441611E+00
  0.1367445755E+00  0.3006399773E+01  0.5811730909E+00
  0.1381258338E+00  0.2979541368E+01  0.5853071565E+00
  0.1395210443E+00  0.2951484171E+01  0.5894446709E+00
  0.1409303478E+00  0.2923437158E+01  0.5935844444E+00
  0.1423538866E+00  0.2895896179E+01  0.5977264680E+00
  0.1437918047E+00  0.2868300606E+01  0.6018706893E+00
  0.1452442472E+00  0.2839812299E+01  0.6060160421E+00
  0.1467113608E+00  0.2812405185E+01  0.6101622647E+00
  0.1481932937E+00  0.2785227137E+01  0.6143099225E+00
  0.1496901957E+00  0.2758835176E+01  0.6184593814E+00
  0.1512022178E+00  0.2732310228E+01  0.6226107482E+00
  0.1527295130E+00  0.2705760360E+01  0.6267635176E+00
  0.1542722353E+00  0.2679437162E+01  0.6309174499E+00
  0.1558305407E+00  0.2652972179E+01  0.6350722110E+00
  0.1574045866E+00  0.2626314009E+01  0.6392271303E+00
  0.1589945319E+00  0.2599303654E+01  0.6433813535E+00
  0.1606005373E+00  0.2571534787E+01  0.6475335507E+00
  0.1622227649E+00  0.2543101745E+01  0.6516821031E+00
  0.1638613787E+00  0.2514055408E+01  0.6558254668E+00
  0.1655165442E+00  0.2485430498E+01  0.6599629549E+00
  0.1671884284E+00  0.2456529292E+01  0.6640941474E+00
  0.1688772004E+00  0.2427019567E+01  0.6682177477E+00
  0.1705830308E+00  0.2398599739E+01  0.6723335915E+00
  0.1723060917E+00  0.2370494313E+01  0.6764423113E+00
  0.1740465572E+00  0.2342433826E+01  0.6805436559E+00
  0.1758046033E+00  0.2313517175E+01  0.6846363440E+00
  0.1775804074E+00  0.2283244264E+01  0.6887178178E+00
  0.1793741488E+00  0.2253424182E+01  0.6927866230E+00
  0.1811860089E+00  0.2224313977E+01  0.6968431406E+00
  0.1830161706E+00  0.2195752439E+01  0.7008878587E+00
  0.1848648188E+00  0.2166517922E+01  0.7049200103E+00
  0.1867321402E+00  0.2138982289E+01  0.7089398867E+00
  0.1886183235E+00  0.2112542787E+01  0.7129494643E+00
  0.1905235591E+00  0.2088306689E+01  0.7169512683E+00
  0.1924480394E+00  0.2065954708E+01  0.7209486656E+00
  0.1943919590E+00  0.2044996409E+01  0.7249443448E+00
  0.1963555142E+00  0.2025725078E+01  0.7289408878E+00
  0.1983389032E+00  0.2008231006E+01  0.7329413400E+00
  0.2003423265E+00  0.1988024720E+01  0.7369444358E+00
  0.2023659863E+00  0.1965753152E+01  0.7409449866E+00
  0.2044100872E+00  0.1943462254E+01  0.7449404019E+00
  0.2064748356E+00  0.1922525918E+01  0.7489315483E+00
  0.2085604400E+00  0.1904255342E+01  0.7529221242E+00
  0.2106671111E+00  0.1881181585E+01  0.7569094595E+00
  0.2127950617E+00  0.1857029160E+01  0.7608868234E+00
  0.2149445068E+00  0.1830923543E+01  0.7648503493E+00
  0.2171156634E+00  0.1799956862E+01  0.7687919544E+00
  0.2193087509E+00  0.1770562085E+01  0.7727071846E+00
  0.2215239908E+00  0.1743951771E+01  0.7765999303E+00
  0.2237616069E+00  0.1716538866E+01  0.7804715550E+00
  0.2260218251E+00  0.1689364840E+01  0.7843205979E+00
  0.2283048739E+00  0.1662304367E+01  0.7881466099E+00
  0.2306109837E+00  0.1635038575E+01  0.7919486274E+00
  0.2329403876E+00  0.1611006421E+01  0.7957293023E+00
  0.2352933208E+00  0.1585223362E+01  0.7994895599E+00
  0.2376700210E+00  0.1557605636E+01  0.8032243411E+00
  0.2400707283E+00  0.1528192732E+01  0.8069283904E+00
  0.2424956851E+00  0.1497330296E+01  0.8105967718E+00
  0.2449451365E+00  0.1466745413E+01  0.8142269515E+00
  0.2474193298E+00  0.1438901460E+01  0.8178215175E+00
  0.2499185149E+00  0.1412253421E+01  0.8213842994E+00
  0.2524429444E+00  0.1385526030E+01  0.8249156979E+00
  0.2549928731E+00  0.1355106547E+01  0.8284099067E+00
  0.2575685587E+00  0.1320884542E+01  0.8318561626E+00
  0.2601702613E+00  0.1282936287E+01  0.8352433463E+00
  0.2627982438E+00  0.1245731128E+01  0.8385659931E+00
  0.2654527715E+00  0.1207299156E+01  0.8418218115E+00
  0.2681341126E+00  0.1168846723E+01  0.8450074403E+00
  0.2708425380E+00  0.1132078484E+01  0.8481233825E+00
  0.2735783212E+00  0.1090692525E+01  0.8511638923E+00
  0.2763417386E+00  0.1049759996E+01  0.8541213741E+00
  0.2791330693E+00  0.1006430444E+01  0.8569911279E+00
  0.2819525952E+00  0.9627626300E+00  0.8597672233E+00
  0.2848006012E+00  0.9171327235E+00  0.8624442000E+00
  0.2876773750E+00  0.8687012117E+00  0.8650129201E+00
  0.2905832071E+00  0.8206207833E+00  0.8674673631E+00
  0.2935183910E+00  0.7752523677E+00  0.8698094537E+00
  0.2964832232E+00  0.7303149161E+00  0.8720413309E+00
  0.2994780032E+00  0.6782980296E+00  0.8741505739E+00
  0.3025030336E+00  0.6331389547E+00  0.8761341422E+00
  0.3055586198E+00  0.5902080093E+00  0.8780031632E+00
  0.3086450705E+00  0.5482719583E+00  0.8797600944E+00
  0.3117626974E+00  0.5123692908E+00  0.8814134363E+00
  0.3149118156E+00  0.4740878894E+00  0.8829666714E+00
  0.3180927430E+00  0.4302331089E+00  0.8844049611E+00
  0.3213058010E+00  0.3851147026E+00  0.8857148410E+00
  0.3245513142E+00  0.3370816079E+00  0.8868867898E+00
  0.3278296103E+00  0.2837775191E+00  0.8879044699E+00
  0.3311410205E+00  0.2358417881E+00  0.8887648062E+00
  0.3344858793E+00  0.1882582427E+00  0.8894740836E+00
  0.3378645245E+00  0.1476363167E+00  0.8900415178E+00
  0.3412772975E+00  0.1151884019E+00  0.8904899984E+00
  0.3447245429E+00  0.8814463985E-01  0.8908404678E+00
  0.3482066090E+00  0.6231187980E-01  0.8911024176E+00
  0.3517238475E+00  0.3500287666E-01  0.8912735572E+00
  0.3552766136E+00  0.7697346266E-02  0.8913494092E+00
  0.3588652663E+00 -0.2417947327E-01  0.8913198348E+00
  0.3624901680E+00 -0.6078496787E-01  0.8911658410E+00
  0.3661516848E+00 -0.1029183827E+00  0.8908661397E+00
  0.3698501867E+00 -0.1383648120E+00  0.8904199465E+00
  0.3735860472E+00 -0.1730536935E+00  0.8898382385E+00
  0.3773596436E+00 -0.2035297531E+00  0.8891277015E+00
  0.3811713572E+00 -0.2275370688E+00  0.8883061499E+00
  0.3850215729E+00 -0.2458601520E+00  0.8873948091E+00
  0.3889106797E+00 -0.2558613078E+00  0.8864191850E+00
  0.3928390704E+00 -0.2628962534E+00  0.8854002438E+00
  0.3968071418E+00 -0.2682950190E+00  0.8843463413E+00
  0.4008152948E+00 -0.2690354477E+00  0.8832694900E+00
  0.4048639341E+00 -0.2680299200E+00  0.8821822980E+00
  0.4089534688E+00 -0.2652299913E+00  0.8810919055E+00
  0.4130843119E+00 -0.2575101942E+00  0.8800122267E+00
  0.4172568807E+00 -0.2494928778E+00  0.8789544741E+00
  0.4214715967E+00 -0.2432247800E+00  0.8779161416E+00
  0.4257288855E+00 -0.2393470495E+00  0.8768889178E+00
  0.4300291773E+00 -0.2472893212E+00  0.8758425786E+00
  0.4343729064E+00 -0.2564354706E+00  0.8747485566E+00
  0.4387605115E+00 -0.2643951303E+00  0.8736059571E+00
  0.4431924359E+00 -0.2732298383E+00  0.8724146005E+00
  0.4476691271E+00 -0.2778351032E+00  0.8711811267E+00
  0.4521910375E+00 -0.2754153392E+00  0.8699302522E+00
  0.4567586237E+00 -0.2692153421E+00  0.8686864284E+00
  0.4613723472E+00 -0.2640857131E+00  0.8674561766E+00
  0.4660326740E+00 -0.2637832825E+00  0.8662261556E+00
  0.4707400747E+00 -0.2588781168E+00  0.8649959673E+00
  0.4754950250E+00 -0.2499040153E+00  0.8637863504E+00
  0.4802980050E+00 -0.2448958646E+00  0.8625980934E+00
  0.4851495000E+00 -0.2412233118E+00  0.8614188911E+00
  0.4900500000E+00 -0.2385478827E+00  0.8602433317E+00
  0.4950000000E+00 -0.2364816417E+00  0.8590676336E+00
  0.5000000000E+00 -0.2328041269E+00  0.8579614199E+00
  0.5050000000E+00 -0.2228776728E+00  0.8568222154E+00
  0.5099500000E+00 -0.2165253496E+00  0.8557346929E+00
  0.5148505000E+00 -0.2205790252E+00  0.8546636779E+00
  0.5197019950E+00 -0.2247771782E+00  0.8535833562E+00
  0.5245049750E+00 -0.2301098440E+00  0.8524909496E+00
  0.5292599253E+00 -0.2267682214E+00  0.8514047333E+00
  0.5339673260E+00 -0.2203724414E+00  0.8503522982E+00
  0.5386276528E+00 -0.2082984320E+00  0.8493534250E+00
  0.5432413763E+00 -0.1998435341E+00  0.8484118979E+00
  0.5478089625E+00 -0.1962758026E+00  0.8475072433E+00
  0.5523308729E+00 -0.2025630668E+00  0.8466054865E+00
  0.5568075641E+00 -0.2001377869E+00  0.8457041028E+00
  0.5612394885E+00 -0.1922512241E+00  0.8448345836E+00
  0.5656270936E+00 -0.1739283557E+00  0.8440312579E+00
  0.5699708227E+00 -0.1496618231E+00  0.8433284639E+00
  0.5742711145E+00 -0.1276989535E+00  0.8427320977E+00
  0.5785284033E+00 -0.1089938810E+00  0.8422282628E+00
  0.5827431193E+00 -0.8579558640E-01  0.8418177717E+00
  0.5869156881E+00 -0.5691003358E-01  0.8415200472E+00
  0.5910465312E+00 -0.3061711866E-01  0.8413392667E+00
  0.5951360659E+00 -0.7351076381E-02  0.8412616306E+00
  0.5991847052E+00  0.1177439864E-01  0.8412705848E+00
  0.6031928582E+00  0.2180047408E-01  0.8413378714E+00
  0.6071609296E+00  0.2429432581E-01  0.8414293252E+00
  0.6110893203E+00  0.1876618728E-01  0.8415139044E+00
  0.6149784271E+00  0.6210994924E-02  0.8415624739E+00
  0.6188286428E+00 -0.7948207982E-02  0.8415591296E+00
  0.6226403564E+00 -0.2122485632E-01  0.8415035299E+00
  0.6264139528E+00 -0.3204246425E-01  0.8414030252E+00
  0.6301498133E+00 -0.3707731540E-01  0.8412739143E+00
  0.6338483152E+00 -0.4040799902E-01  0.8411306245E+00
  0.6375098320E+00 -0.4231356324E-01  0.8409791813E+00
  0.6411347337E+00 -0.4828765677E-01  0.8408149710E+00
  0.6447233864E+00 -0.5427362527E-01  0.8406309426E+00
  0.6482761525E+00 -0.6673608301E-01  0.8404159830E+00
  0.6517933910E+00 -0.8033379276E-01  0.8401573431E+00
  0.6552754571E+00 -0.8826218332E-01  0.8398638119E+00
  0.6587227025E+00 -0.9002216938E-01  0.8395565170E+00
  0.6621354755E+00 -0.8764542367E-01  0.8392533474E+00
  0.6655141207E+00 -0.8461593319E-01  0.8389623424E+00
  0.6688589795E+00 -0.8686550205E-01  0.8386755518E+00
  0.6721703897E+00 -0.9144747743E-01  0.8383803181E+00
  0.6754486858E+00 -0.9460716593E-01  0.8380753470E+00
  0.6786941990E+00 -0.9807098566E-01  0.8377626772E+00
  0.6819072570E+00 -0.1018107657E+00  0.8374415614E+00
  0.6850881844E+00 -0.1121512822E+00  0.8371012625E+00
  0.6882373026E+00 -0.1256640693E+00  0.8367268082E+00
  0.6913549295E+00 -0.1446046867E+00  0.8363055096E+00
  0.6944413802E+00 -0.1733651106E+00  0.8358148106E+00
  0.6974969664E+00 -0.2014121836E+00  0.8352422284E+00
  0.7005219968E+00 -0.2272426555E+00  0.8345938815E+00
  0.7035167768E+00 -0.2514483357E+00  0.8338770944E+00
  0.7064816090E+00 -0.2724624543E+00  0.8331004406E+00
  0.7094167929E+00 -0.2951412829E+00  0.8322674299E+00
  0.7123226250E+00 -0.3272955783E+00  0.8313630814E+00
  0.7151993988E+00 -0.3597803400E+00  0.8303748004E+00
  0.7180474048E+00 -0.3943748364E+00  0.8293008812E+00
  0.7208669307E+00 -0.4287247161E+00  0.8281405059E+00
  0.7236582614E+00 -0.4640275988E+00  0.8268945224E+00
  0.7264216788E+00 -0.5069733225E+00  0.8255528820E+00
  0.7291574620E+00 -0.5491297306E+00  0.8241082475E+00
  0.7318658874E+00 -0.5913180593E+00  0.8225638386E+00
  0.7345472285E+00 -0.6363471378E+00  0.8209179440E+00
  0.7372017562E+00 -0.6814382792E+00  0.8191688951E+00
  0.7398297387E+00 -0.7272178204E+00  0.8173179333E+00
  0.7424314413E+00 -0.7749910860E+00  0.8153637829E+00
  0.7450071269E+00 -0.8228087092E+00  0.8133060680E+00
  0.7475570556E+00 -0.8712535790E+00  0.8111461989E+00
  0.7500814851E+00 -0.9209063028E+00  0.8088841083E+00
  0.7525806702E+00 -0.9701877336E+00  0.8065210113E+00
  0.7550548635E+00 -0.1017910442E+01  0.8040615417E+00
  0.7575043149E+00 -0.1064711596E+01  0.8015109010E+00
  0.7599292717E+00 -0.1112586384E+01  0.7988709742E+00
  0.7623299790E+00 -0.1154404157E+01  0.7961497838E+00
  0.7647066792E+00 -0.1194804978E+01  0.7933581009E+00
  0.7670596124E+00 -0.1235162016E+01  0.7904993259E+00
  0.7693890163E+00 -0.1272181161E+01  0.7875790184E+00
  0.7716951261E+00 -0.1306455145E+01  0.7846057091E+00
  0.7739781749E+00 -0.1339802159E+01  0.7815849419E+00
  0.7762383931E+00 -0.1371958914E+01  0.7785203560E+00
  0.7784760092E+00 -0.1396202710E+01  0.7754233145E+00
  0.7806912491E+00 -0.1415317518E+01  0.7723092186E+00
  0.7828843366E+00 -0.1432423945E+01  0.7691865455E+00
  0.7850554932E+00 -0.1451290031E+01  0.7660560481E+00
  0.7872049383E+00 -0.1470474547E+01  0.7629159619E+00
  0.7893328889E+00 -0.1491481918E+01  0.7597645134E+00
  0.7914395600E+00 -0.1515602321E+01  0.7565970446E+00
  0.7935251644E+00 -0.1543330157E+01  0.7534071831E+00
  0.7955899128E+00 -0.1572568133E+01  0.7501904102E+00
  0.7976340137E+00 -0.1602047461E+01  0.7469457929E+00
  0.7996576735E+00 -0.1632873659E+01  0.7436726029E+00
  0.8016610968E+00 -0.1665762264E+01  0.7403683209E+00
  0.8036444858E+00 -0.1700241048E+01  0.7370302739E+00
  0.8056080410E+00 -0.1734789597E+01  0.7336578379E+00
  0.8075519606E+00 -0.1769024022E+01  0.7302522719E+00
  0.8094764409E+00 -0.1806402459E+01  0.7268118528E+00
  0.8113816765E+00 -0.1846861419E+01  0.7233316886E+00
  0.8132678598E+00 -0.1887767219E+01  0.7198095917E+00
  0.8151351812E+00 -0.1929060345E+01  0.7162459698E+00
  0.8169838294E+00 -0.1970699795E+01  0.7126413275E+00
  0.8188139911E+00 -0.2011310602E+01  0.7089974660E+00
  0.8206258512E+00 -0.2053459523E+01  0.7053150687E+00
  0.8224195926E+00 -0.2094615942E+01  0.7015947811E+00
  0.8241953967E+00 -0.2135637589E+01  0.6978387304E+00
  0.8259534428E+00 -0.2175314380E+01  0.6940493044E+00
  0.8276939083E+00 -0.2213125121E+01  0.6902303405E+00
  0.8294169692E+00 -0.2250425898E+01  0.6863848553E+00
  0.8311227996E+00 -0.2286761398E+01  0.6825150195E+00
  0.8328115716E+00 -0.2320965712E+01  0.6786243192E+00
  0.8344834558E+00 -0.2353684976E+01  0.6747165817E+00
  0.8361386213E+00 -0.2385177203E+01  0.6707947813E+00
  0.8377772351E+00 -0.2416031148E+01  0.6668611182E+00
  0.8393994627E+00 -0.2444147589E+01  0.6629189600E+00
  0.8410054681E+00 -0.2470479113E+01  0.6589725016E+00
  0.8425954134E+00 -0.2495213235E+01  0.6550249119E+00
  0.8441694593E+00 -0.2519307453E+01  0.6510783691E+00
  0.8457277647E+00 -0.2543345866E+01  0.6471337891E+00
  0.8472704870E+00 -0.2569997184E+01  0.6431895548E+00
  0.8487977822E+00 -0.2598788091E+01  0.6392424245E+00
  0.8503098043E+00 -0.2627935459E+01  0.6352909635E+00
  0.8518067063E+00 -0.2655930905E+01  0.6313362486E+00
  0.8532886392E+00 -0.2682748356E+01  0.6273804663E+00
  0.8547557528E+00 -0.2711698516E+01  0.6234233331E+00
  0.8562081953E+00 -0.2739401364E+01  0.6194646286E+00
  0.8576461134E+00 -0.2766343651E+01  0.6155062235E+00
  0.8590696522E+00 -0.2794907171E+01  0.6115478952E+00
  0.8604789557E+00 -0.2822644442E+01  0.6075894777E+00
  0.8618741662E+00 -0.2851744725E+01  0.6036309942E+00
  0.8632554245E+00 -0.2880697070E+01  0.5996720026E+00
  0.8646228702E+00 -0.2911572615E+01  0.5957116953E+00
  0.8659766415E+00 -0.2942749083E+01  0.5917489890E+00
  0.8673168751E+00 -0.2973705499E+01  0.5877842734E+00
  0.8686437064E+00 -0.3004408631E+01  0.5838182991E+00
  0.8699572693E+00 -0.3035633267E+01  0.5798513115E+00
  0.8712576966E+00 -0.3066674772E+01  0.5758835075E+00
  0.8725451197E+00 -0.3097651693E+01  0.5719154596E+00
  0.8738196685E+00 -0.3130297543E+01  0.5679465470E+00
  0.8750814718E+00 -0.3163042855E+01  0.5639760681E+00
  0.8763306571E+00 -0.3195851666E+01  0.5600043494E+00
  0.8775673505E+00 -0.3227426109E+01  0.5560325366E+00
  0.8787916770E+00 -0.3257956770E+01  0.5520624236E+00
  0.8800037602E+00 -0.3288088137E+01  0.5480952480E+00
  0.8812037226E+00 -0.3317300173E+01  0.5441321392E+00
  0.8823916854E+00 -0.3345212212E+01  0.5401747308E+00
  0.8835677685E+00 -0.3372160993E+01  0.5362246361E+00
  0.8847320908E+00 -0.3398473473E+01  0.5322830357E+00
  0.8858847699E+00 -0.3424258011E+01  0.5283508258E+00
  0.8870259222E+00 -0.3450304840E+01  0.5244283641E+00
  0.8881556630E+00 -0.3476471276E+01  0.5205156334E+00
  0.8892741064E+00 -0.3501996370E+01  0.5166131230E+00
  0.8903813653E+00 -0.3528052539E+01  0.5127210808E+00
  0.8914775517E+00 -0.3554401556E+01  0.5088392360E+00
  0.8925627761E+00 -0.3579350360E+01  0.5049683749E+00
  0.8936371484E+00 -0.3603388227E+01  0.5011099074E+00
  0.8947007769E+00 -0.3627245188E+01  0.4972645535E+00
  0.8957537691E+00 -0.3651003808E+01  0.4934325837E+00
  0.8967962314E+00 -0.3675319551E+01  0.4896138757E+00
  0.8978282691E+00 -0.3699818253E+01  0.4858081656E+00
  0.8988499864E+00 -0.3724474344E+01  0.4820154015E+00
  0.8998614866E+00 -0.3748799301E+01  0.4782357928E+00
  0.9008628717E+00 -0.3772367393E+01  0.4744700006E+00
  0.9018542430E+00 -0.3796015700E+01  0.4707184617E+00
  0.9028357006E+00 -0.3819898103E+01  0.4669811136E+00
  0.9038073436E+00 -0.3843428752E+01  0.4632581047E+00
  0.9047692701E+00 -0.3867086198E+01  0.4595496301E+00
  0.9057215774E+00 -0.3889722231E+01  0.4558561975E+00
  0.9066643616E+00 -0.3912187164E+01  0.4521784389E+00
  0.9075977180E+00 -0.3934665965E+01  0.4485164837E+00
  0.9085217408E+00 -0.3956786271E+01  0.4448705427E+00
  0.9094365234E+00 -0.3978517749E+01  0.4412410037E+00
  0.9103421582E+00 -0.4000224236E+01  0.4376280907E+00
  0.9112387366E+00 -0.4021463111E+01  0.4340320548E+00
  0.9121263493E+00 -0.4042068405E+01  0.4304534086E+00
  0.9130050858E+00 -0.4062268349E+01  0.4268926203E+00
  0.9138750349E+00 -0.4082009434E+01  0.4233500665E+00
  0.9147362846E+00 -0.4101186436E+01  0.4198261792E+00
  0.9155889217E+00 -0.4120037657E+01  0.4163213187E+00
  0.9164330325E+00 -0.4138588528E+01  0.4128357210E+00
  0.9172687022E+00 -0.4156866639E+01  0.4093695908E+00
  0.9180960151E+00 -0.4174900534E+01  0.4059231013E+00
  0.9189150550E+00 -0.4192718583E+01  0.4024963945E+00
  0.9197259044E+00 -0.4209877886E+01  0.3990897741E+00
  0.9205286454E+00 -0.4226373414E+01  0.3957037119E+00
  0.9213233589E+00 -0.4242629256E+01  0.3923384964E+00
  0.9221101254E+00 -0.4258795984E+01  0.3889941784E+00
  0.9228890241E+00 -0.4275529902E+01  0.3856704906E+00
  0.9236601339E+00 -0.4292245049E+01  0.3823671431E+00
  0.9244235325E+00 -0.4308795139E+01  0.3790841319E+00
  0.9251792972E+00 -0.4324368858E+01  0.3758218117E+00
  0.9259275042E+00 -0.4339562702E+01  0.3725806044E+00
  0.9266682292E+00 -0.4354732454E+01  0.3693605637E+00
  0.9274015469E+00 -0.4369867390E+01  0.3661616119E+00
  0.9281275314E+00 -0.4384808582E+01  0.3629837323E+00
  0.9288462561E+00 -0.4399870717E+01  0.3598268493E+00
  0.9295577935E+00 -0.4414921066E+01  0.3566908222E+00
  0.9302622156E+00 -0.4429766631E+01  0.3535756256E+00
  0.9309595935E+00 -0.4444742543E+01  0.3504811825E+00
  0.9316499975E+00 -0.4459628029E+01  0.3474073757E+00
  0.9323334975E+00 -0.4474361458E+01  0.3443541847E+00
  0.9330101626E+00 -0.4489504799E+01  0.3413214173E+00
  0.9336800609E+00 -0.4504226819E+01  0.3383089742E+00
  0.9343432603E+00 -0.4518876102E+01  0.3353169160E+00
  0.9349998277E+00 -0.4533361618E+01  0.3323452140E+00
  0.9356498295E+00 -0.4547918826E+01  0.3293937900E+00
  0.9362933312E+00 -0.4562475495E+01  0.3264625128E+00
  0.9369303978E+00 -0.4576759560E+01  0.3235513617E+00
  0.9375610939E+00 -0.4590644715E+01  0.3206604390E+00
  0.9381854829E+00 -0.4604292326E+01  0.3177898300E+00
  0.9388036281E+00 -0.4617626549E+01  0.3149395877E+00
  0.9394155918E+00 -0.4630659756E+01  0.3121097798E+00
  0.9400214359E+00 -0.4643137602E+01  0.3093005422E+00
  0.9406212215E+00 -0.4655388343E+01  0.3065119810E+00
  0.9412150093E+00 -0.4667640650E+01  0.3037440307E+00
  0.9418028592E+00 -0.4679857102E+01  0.3009965678E+00
  0.9423848306E+00 -0.4692086951E+01  0.2982694661E+00
  0.9429609823E+00 -0.4704268728E+01  0.2955626030E+00
  0.9435313725E+00 -0.4715926632E+01  0.2928760095E+00
  0.9440960588E+00 -0.4727112010E+01  0.2902098324E+00
  0.9446550982E+00 -0.4738353061E+01  0.2875640484E+00
  0.9452085472E+00 -0.4749578426E+01  0.2849385052E+00
  0.9457564617E+00 -0.4760942976E+01  0.2823330288E+00
  0.9462988971E+00 -0.4772010434E+01  0.2797475231E+00
  0.9468359082E+00 -0.4782576792E+01  0.2771820638E+00
  0.9473675491E+00 -0.4792886514E+01  0.2746367097E+00
  0.9478938736E+00 -0.4803172009E+01  0.2721113893E+00
  0.9484149348E+00 -0.4812835980E+01  0.2696061247E+00
  0.9489307855E+00 -0.4822311878E+01  0.2671209760E+00
  0.9494414776E+00 -0.4831640029E+01  0.2646558773E+00
  0.9499470629E+00 -0.4840815732E+01  0.2622107520E+00
  0.9504475922E+00 -0.4849995643E+01  0.2597854841E+00
  0.9509431163E+00 -0.4858965179E+01  0.2573799722E+00
  0.9514336852E+00 -0.4867782654E+01  0.2549941525E+00
  0.9519193483E+00 -0.4876455114E+01  0.2526279439E+00
  0.9524001548E+00 -0.4884856268E+01  0.2502812929E+00
  0.9528761533E+00 -0.4893001348E+01  0.2479541703E+00
  0.9533473917E+00 -0.4901026552E+01  0.2456465090E+00
  0.9538139178E+00 -0.4909123529E+01  0.2433581635E+00
  0.9542757786E+00 -0.4917450394E+01  0.2410889088E+00
  0.9547330209E+00 -0.4925800329E+01  0.2388385339E+00
  0.9551856906E+00 -0.4933983019E+01  0.2366069209E+00
  0.9556338337E+00 -0.4942156640E+01  0.2343939590E+00
  0.9560774954E+00 -0.4950411254E+01  0.2321994824E+00
  0.9565167205E+00 -0.4958664648E+01  0.2300233252E+00
  0.9569515532E+00 -0.4966803940E+01  0.2278653656E+00
  0.9573820377E+00 -0.4974757450E+01  0.2257255217E+00
  0.9578082173E+00 -0.4982434239E+01  0.2236037456E+00
  0.9582301352E+00 -0.4989945186E+01  0.2214999833E+00
  0.9586478338E+00 -0.4997371081E+01  0.2194141391E+00
  0.9590613555E+00 -0.5004712401E+01  0.2173461000E+00
  0.9594707419E+00 -0.5012212619E+01  0.2152957033E+00
  0.9598760345E+00 -0.5019856126E+01  0.2132627418E+00
  0.9602772742E+00 -0.5027362978E+01  0.2112470704E+00
  0.9606745014E+00 -0.5034493087E+01  0.2092486487E+00
  0.9610677564E+00 -0.5041399074E+01  0.2072674513E+00
  0.9614570788E+00 -0.5048215858E+01  0.2053033945E+00
  0.9618425080E+00 -0.5054888737E+01  0.2033563787E+00
  0.9622240830E+00 -0.5061415404E+01  0.2014263147E+00
  0.9626018421E+00 -0.5067661877E+01  0.1995131388E+00
  0.9629758237E+00 -0.5073720855E+01  0.1976167937E+00
  0.9633460655E+00 -0.5079791724E+01  0.1957371665E+00
  0.9637126048E+00 -0.5085946784E+01  0.1938740949E+00
  0.9640754788E+00 -0.5092135460E+01  0.1920274144E+00
  0.9644347240E+00 -0.5098227554E+01  0.1901969949E+00
  0.9647903767E+00 -0.5104224485E+01  0.1883827298E+00
  0.9651424730E+00 -0.5110127731E+01  0.1865845123E+00
  0.9654910483E+00 -0.5115938819E+01  0.1848022353E+00
  0.9658361378E+00 -0.5121585908E+01  0.1830358041E+00
  0.9661777764E+00 -0.5127135948E+01  0.1812851245E+00
  0.9665159986E+00 -0.5132696275E+01  0.1795500728E+00
  0.9668508386E+00 -0.5138146978E+01  0.1778305281E+00
  0.9671823303E+00 -0.5143472920E+01  0.1761263928E+00
  0.9675105070E+00 -0.5148697577E+01  0.1744375675E+00
  0.9678354019E+00 -0.5153837093E+01  0.1727639469E+00
  0.9681570479E+00 -0.5158893314E+01  0.1711054227E+00
  0.9684754774E+00 -0.5163844034E+01  0.1694618906E+00
  0.9687907226E+00 -0.5168729304E+01  0.1678332433E+00
  0.9691028154E+00 -0.5173591095E+01  0.1662193616E+00
  0.9694117872E+00 -0.5178295279E+01  0.1646201409E+00
  0.9697176694E+00 -0.5182784372E+01  0.1630355063E+00
  0.9700204927E+00 -0.5187186406E+01  0.1614653719E+00
  0.9703202877E+00 -0.5191575744E+01  0.1599096210E+00
  0.9706170849E+00 -0.5195910256E+01  0.1583681331E+00
  0.9709109140E+00 -0.5200262544E+01  0.1568407838E+00
  0.9712018049E+00 -0.5204543205E+01  0.1553274523E+00
  0.9714897868E+00 -0.5208754374E+01  0.1538280314E+00
  0.9717748890E+00 -0.5212965337E+01  0.1523424042E+00
  0.9720571401E+00 -0.5217178209E+01  0.1508704444E+00
  0.9723365687E+00 -0.5221540605E+01  0.1494120061E+00
  0.9726132030E+00 -0.5225970966E+01  0.1479669360E+00
  0.9728870709E+00 -0.5230415706E+01  0.1465351013E+00
  0.9731582002E+00 -0.5234825055E+01  0.1451163846E+00
  0.9734266182E+00 -0.5239160900E+01  0.1437106815E+00
  0.9736923521E+00 -0.5243424888E+01  0.1423178927E+00
  0.9739554285E+00 -0.5247618630E+01  0.1409379193E+00
  0.9742158742E+00 -0.5251620303E+01  0.1395706784E+00
  0.9744737155E+00 -0.5255555154E+01  0.1382160868E+00
  0.9747289784E+00 -0.5259427114E+01  0.1368740446E+00
  0.9749816886E+00 -0.5263308662E+01  0.1355444432E+00
  0.9752318717E+00 -0.5267150393E+01  0.1342271717E+00
  0.9754795530E+00 -0.5270926580E+01  0.1329221295E+00
  0.9757247574E+00 -0.5274640517E+01  0.1316292194E+00
  0.9759675099E+00 -0.5278298346E+01  0.1303483436E+00
  0.9762078348E+00 -0.5281912166E+01  0.1290794028E+00
  0.9764457564E+00 -0.5285470513E+01  0.1278222983E+00
  0.9766812989E+00 -0.5288967155E+01  0.1265769339E+00
  0.9769144859E+00 -0.5292411034E+01  0.1253432139E+00
  0.9771453410E+00 -0.5295803702E+01  0.1241210420E+00
  0.9773738876E+00 -0.5299146190E+01  0.1229103221E+00
  0.9776001487E+00 -0.5302439492E+01  0.1217109588E+00
  0.9778241472E+00 -0.5305684561E+01  0.1205228568E+00
  0.9780459058E+00 -0.5308836777E+01  0.1193459265E+00
  0.9782654467E+00 -0.5311933250E+01  0.1181800795E+00
  0.9784827922E+00 -0.5314986000E+01  0.1170252228E+00
  0.9786979643E+00 -0.5317995824E+01  0.1158812624E+00
  0.9789109847E+00 -0.5320936015E+01  0.1147481079E+00
  0.9791218748E+00 -0.5323828056E+01  0.1136256699E+00
  0.9793306561E+00 -0.5326719737E+01  0.1125138526E+00
  0.9795373495E+00 -0.5329571289E+01  0.1114125599E+00
  0.9797419760E+00 -0.5332383395E+01  0.1103217006E+00
  0.9799445563E+00 -0.5335140108E+01  0.1092411859E+00
  0.9801451107E+00 -0.5337842604E+01  0.1081709288E+00
  0.9803436596E+00 -0.5340567730E+01  0.1071108356E+00
  0.9805402230E+00 -0.5343292657E+01  0.1060608076E+00
  0.9807348208E+00 -0.5345978627E+01  0.1050207534E+00
  0.9809274726E+00 -0.5348626271E+01  0.1039905860E+00
  0.9811181978E+00 -0.5351236199E+01  0.1029702189E+00
  0.9813070158E+00 -0.5353809000E+01  0.1019595662E+00
  0.9814939457E+00 -0.5356341628E+01  0.1009585428E+00
  0.9816790062E+00 -0.5358826207E+01  0.9996706541E-01
  0.9818622162E+00 -0.5361275337E+01  0.9898505084E-01
  0.9820435940E+00 -0.5363688986E+01  0.9801241542E-01
  0.9822231581E+00 -0.5366027830E+01  0.9704907966E-01
  0.9824009265E+00 -0.5368322796E+01  0.9609496539E-01
  0.9825769172E+00 -0.5370579201E+01  0.9514999176E-01
  0.9827511481E+00 -0.5372803668E+01  0.9421407752E-01
  0.9829236366E+00 -0.5374989584E+01  0.9328714204E-01
  0.9830944002E+00 -0.5377141760E+01  0.9236910553E-01
  0.9832634562E+00 -0.5379271351E+01  0.9145988746E-01
  0.9834308216E+00 -0.5381392203E+01  0.9055940587E-01
  0.9835965134E+00 -0.5383483468E+01  0.8966758015E-01
  0.9837605483E+00 -0.5385545550E+01  0.8878433203E-01
  0.9839229428E+00 -0.5387569611E+01  0.8790958462E-01
  0.9840837134E+00 -0.5389554443E+01  0.8704326242E-01
  0.9842428762E+00 -0.5391513480E+01  0.8618528958E-01
  0.9844004475E+00 -0.5393448316E+01  0.8533558969E-01
  0.9845564430E+00 -0.5395341731E+01  0.8449408821E-01
  0.9847108786E+00 -0.5397209188E+01  0.8366071133E-01
  0.9848637698E+00 -0.5398993792E+01  0.8283538904E-01
  0.9850151321E+00 -0.5400716465E+01  0.8201805454E-01
  0.9851649808E+00 -0.5402416674E+01  0.8120863692E-01
  0.9853133310E+00 -0.5404094720E+01  0.8040706290E-01
  0.9854601977E+00 -0.5405750899E+01  0.7961325978E-01
  0.9856055957E+00 -0.5407343281E+01  0.7882715852E-01
  0.9857495397E+00 -0.5408895861E+01  0.7804869192E-01
  0.9858920443E+00 -0.5410428826E+01  0.7727779014E-01
  0.9860331239E+00 -0.5411929443E+01  0.7651438338E-01
  0.9861727926E+00 -0.5413351445E+01  0.7575840660E-01
  0.9863110647E+00 -0.5414756612E+01  0.7500979412E-01
  0.9864479541E+00 -0.5416145177E+01  0.7426847655E-01
  0.9865834745E+00 -0.5417517370E+01  0.7353438509E-01
  0.9867176398E+00 -0.5418873414E+01  0.7280745152E-01
  0.9868504634E+00 -0.5420213527E+01  0.7208760824E-01
  0.9869819588E+00 -0.5421500678E+01  0.7137479065E-01
  0.9871121392E+00 -0.5422762885E+01  0.7066893530E-01
  0.9872410178E+00 -0.5424011169E+01  0.6996997672E-01
  0.9873686076E+00 -0.5425245711E+01  0.6927784935E-01
  0.9874949215E+00 -0.5426466685E+01  0.6859248816E-01
  0.9876199723E+00 -0.5427652531E+01  0.6791383010E-01
  0.9877437726E+00 -0.5428805555E+01  0.6724181384E-01
  0.9878663349E+00 -0.5429937183E+01  0.6657637773E-01
  0.9879876715E+00 -0.5431055323E+01  0.6591745950E-01
  0.9881077948E+00 -0.5432162103E+01  0.6526499682E-01
  0.9882267168E+00 -0.5433257663E+01  0.6461892781E-01
  0.9883444497E+00 -0.5434342142E+01  0.6397919117E-01
  0.9884610052E+00 -0.5435415671E+01  0.6334572612E-01
  0.9885763951E+00 -0.5436510083E+01  0.6271847064E-01
  0.9886906312E+00 -0.5437613136E+01  0.6209736221E-01
  0.9888037249E+00 -0.5438703969E+01  0.6148234080E-01
  0.9889156876E+00 -0.5439782739E+01  0.6087334815E-01
  0.9890265307E+00 -0.5440849600E+01  0.6027032651E-01
  0.9891362654E+00 -0.5441904703E+01  0.5967321866E-01
  0.9892449028E+00 -0.5442948198E+01  0.5908196790E-01
  0.9893524538E+00 -0.5443980229E+01  0.5849651803E-01
  0.9894589292E+00 -0.5445003269E+01  0.5791681325E-01
  0.9895643399E+00 -0.5446036788E+01  0.5734279713E-01
  0.9896686965E+00 -0.5447084941E+01  0.5677441255E-01
  0.9897720096E+00 -0.5448120583E+01  0.5621160418E-01
  0.9898742895E+00 -0.5449143882E+01  0.5565431860E-01
  0.9899755466E+00 -0.5450155003E+01  0.5510250287E-01
  0.9900757911E+00 -0.5451154109E+01  0.5455610454E-01
  0.9901750332E+00 -0.5452129348E+01  0.5401507223E-01
  0.9902732829E+00 -0.5453079633E+01  0.5347935565E-01
  0.9903705500E+00 -0.5454013341E+01  0.5294890461E-01
  0.9904668445E+00 -0.5454935992E+01  0.5242366870E-01
  0.9905621761E+00 -0.5455848387E+01  0.5190359768E-01
  0.9906565543E+00 -0.5456750656E+01  0.5138864174E-01
  0.9907499888E+00 -0.5457642169E+01  0.5087875155E-01
  0.9908424889E+00 -0.5458519588E+01  0.5037387846E-01
  0.9909340640E+00 -0.5459387385E+01  0.4987397419E-01
  0.9910247234E+00 -0.5460245683E+01  0.4937899072E-01
  0.9911144761E+00 -0.5461094599E+01  0.4888888046E-01
  0.9912033314E+00 -0.5461929721E+01  0.4840359650E-01
  0.9912912981E+00 -0.5462752403E+01  0.4792309245E-01
  0.9913783851E+00 -0.5463566271E+01  0.4744732219E-01
  0.9914646012E+00 -0.5464371435E+01  0.4697623984E-01
  0.9915499552E+00 -0.5465168003E+01  0.4650979995E-01
  0.9916344557E+00 -0.5465956079E+01  0.4604795751E-01
  0.9917181111E+00 -0.5466735767E+01  0.4559066792E-01
  0.9918009300E+00 -0.5467507169E+01  0.4513788699E-01
  0.9918829207E+00 -0.5468270385E+01  0.4468957096E-01
  0.9919640915E+00 -0.5469025513E+01  0.4424567647E-01
  0.9920444506E+00 -0.5469772651E+01  0.4380616056E-01
  0.9921240061E+00 -0.5470511894E+01  0.4337098069E-01
  0.9922027660E+00 -0.5471243335E+01  0.4294009470E-01
  0.9922807383E+00 -0.5471967067E+01  0.4251346084E-01
  0.9923579310E+00 -0.5472683181E+01  0.4209103775E-01
  0.9924343516E+00 -0.5473391766E+01  0.4167278444E-01
  0.9925100081E+00 -0.5474092910E+01  0.4125866035E-01
  0.9925849081E+00 -0.5474786700E+01  0.4084862525E-01
  0.9926590590E+00 -0.5475477201E+01  0.4044263918E-01
  0.9927324684E+00 -0.5476168456E+01  0.4004066226E-01
  0.9928051437E+00 -0.5476852170E+01  0.3964265514E-01
  0.9928770923E+00 -0.5477521587E+01  0.3924857941E-01
  0.9929483213E+00 -0.5478178902E+01  0.3885839720E-01
  0.9930188381E+00 -0.5478829350E+01  0.3847207069E-01
  0.9930886497E+00 -0.5479473011E+01  0.3808956228E-01
  0.9931577632E+00 -0.5480109963E+01  0.3771083469E-01
  0.9932261856E+00 -0.5480740284E+01  0.3733585103E-01
  0.9932939238E+00 -0.5481364052E+01  0.3696457473E-01
  0.9933609845E+00 -0.5481981341E+01  0.3659696958E-01
  0.9934273747E+00 -0.5482592225E+01  0.3623299971E-01
  0.9934931009E+00 -0.5483201561E+01  0.3587262944E-01
  0.9935581699E+00 -0.5483804330E+01  0.3551582344E-01
  0.9936225882E+00 -0.5484400214E+01  0.3516254689E-01
  0.9936863623E+00 -0.5484989840E+01  0.3481276530E-01
  0.9937494987E+00 -0.5485573280E+01  0.3446644450E-01
  0.9938120037E+00 -0.5486150606E+01  0.3412355063E-01
  0.9938738837E+00 -0.5486721888E+01  0.3378405016E-01
  0.9939351449E+00 -0.5487287196E+01  0.3344790988E-01
  0.9939957934E+00 -0.5487846598E+01  0.3311509690E-01
  0.9940558355E+00 -0.5488400162E+01  0.3278557863E-01
  0.9941152771E+00 -0.5488947955E+01  0.3245932281E-01
  0.9941741243E+00 -0.5489490042E+01  0.3213629749E-01
  0.9942323831E+00 -0.5490026488E+01  0.3181647100E-01
  0.9942900593E+00 -0.5490557356E+01  0.3149981199E-01
  0.9943471587E+00 -0.5491082710E+01  0.3118628942E-01
  0.9944036871E+00 -0.5491602612E+01  0.3087587253E-01
  0.9944596502E+00 -0.5492117122E+01  0.3056853087E-01
  0.9945150537E+00 -0.5492626301E+01  0.3026423427E-01
  0.9945699032E+00 -0.5493130209E+01  0.2996295285E-01
  0.9946242041E+00 -0.5493628903E+01  0.2966465702E-01
  0.9946779621E+00 -0.5494122443E+01  0.2936931748E-01
  0.9947311825E+00 -0.5494610885E+01  0.2907690520E-01
  0.9947838707E+00 -0.5495094285E+01  0.2878739145E-01
  0.9948360320E+00 -0.5495572699E+01  0.2850074774E-01
  0.9948876716E+00 -0.5496046182E+01  0.2821694590E-01
  0.9949387949E+00 -0.5496514788E+01  0.2793595799E-01
  0.9949894070E+00 -0.5496979078E+01  0.2765775636E-01
  0.9950395129E+00 -0.5497439768E+01  0.2738231357E-01
  0.9950891178E+00 -0.5497895675E+01  0.2710960247E-01
  0.9951382266E+00 -0.5498346851E+01  0.2683959621E-01
  0.9951868443E+00 -0.5498793349E+01  0.2657226819E-01
  0.9952349759E+00 -0.5499235222E+01  0.2630759207E-01
  0.9952826261E+00 -0.5499672521E+01  0.2604554177E-01
  0.9953297999E+00 -0.5500105295E+01  0.2578609145E-01
  0.9953765019E+00 -0.5500533596E+01  0.2552921552E-01
  0.9954227368E+00 -0.5500957473E+01  0.2527488865E-01
  0.9954685095E+00 -0.5501376973E+01  0.2502308575E-01
  0.9955138244E+00 -0.5501793453E+01  0.2477378194E-01
  0.9955586861E+00 -0.5502206312E+01  0.2452695256E-01
  0.9956030993E+00 -0.5502615121E+01  0.2428257323E-01
  0.9956470683E+00 -0.5503021147E+01  0.2404061978E-01
  0.9956905976E+00 -0.5503422895E+01  0.2380106828E-01
  0.9957336916E+00 -0.5503820757E+01  0.2356389507E-01
  0.9957763547E+00 -0.5504215330E+01  0.2332907669E-01
  0.9958185912E+00 -0.5504605723E+01  0.2309658992E-01
  0.9958604053E+00 -0.5504991984E+01  0.2286641177E-01
  0.9959018012E+00 -0.5505374161E+01  0.2263851950E-01
  0.9959427832E+00 -0.5505752302E+01  0.2241289057E-01
  0.9959833554E+00 -0.5506126453E+01  0.2218950268E-01
  0.9960235218E+00 -0.5506496659E+01  0.2196833371E-01
  0.9960632866E+00 -0.5506862967E+01  0.2174936179E-01
  0.9961026537E+00 -0.5507225420E+01  0.2153256524E-01
  0.9961416272E+00 -0.5507584064E+01  0.2131792260E-01
  0.9961802109E+00 -0.5507938941E+01  0.2110541263E-01
  0.9962184088E+00 -0.5508290094E+01  0.2089501427E-01
  0.9962562247E+00 -0.5508637566E+01  0.2068670669E-01
  0.9962936625E+00 -0.5508981399E+01  0.2048046924E-01
  0.9963307258E+00 -0.5509321632E+01  0.2027628149E-01
  0.9963674186E+00 -0.5509658308E+01  0.2007412320E-01
  0.9964037444E+00 -0.5509991466E+01  0.1987397432E-01
  0.9964397070E+00 -0.5510321146E+01  0.1967581502E-01
  0.9964753099E+00 -0.5510647387E+01  0.1947962563E-01
  0.9965105568E+00 -0.5510970227E+01  0.1928538670E-01
  0.9965454512E+00 -0.5511289705E+01  0.1909307895E-01
  0.9965799967E+00 -0.5511605858E+01  0.1890268329E-01
  0.9966141967E+00 -0.5511918722E+01  0.1871418084E-01
  0.9966480548E+00 -0.5512228335E+01  0.1852755288E-01
  0.9966815742E+00 -0.5512534733E+01  0.1834278087E-01
  0.9967147585E+00 -0.5512837951E+01  0.1815984646E-01
  0.9967476109E+00 -0.5513138024E+01  0.1797873149E-01
  0.9967801348E+00 -0.5513434988E+01  0.1779941796E-01
  0.9968123334E+00 -0.5513728876E+01  0.1762188806E-01
  0.9968442101E+00 -0.5514019722E+01  0.1744612413E-01
  0.9968757680E+00 -0.5514307560E+01  0.1727210871E-01
  0.9969070103E+00 -0.5514592423E+01  0.1709982450E-01
  0.9969379402E+00 -0.5514874343E+01  0.1692925436E-01
  0.9969685608E+00 -0.5515153352E+01  0.1676038134E-01
  0.9969988752E+00 -0.5515429483E+01  0.1659318864E-01
  0.9970288865E+00 -0.5515702766E+01  0.1642765961E-01
  0.9970585976E+00 -0.5515973233E+01  0.1626377781E-01
  0.9970880116E+00 -0.5516240915E+01  0.1610152690E-01
  0.9971171315E+00 -0.5516505840E+01  0.1594089075E-01
  0.9971459602E+00 -0.5516768040E+01  0.1578185336E-01
  0.9971745006E+00 -0.5517027544E+01  0.1562439890E-01
  0.9972027556E+00 -0.5517284380E+01  0.1546851169E-01
  0.9972307280E+00 -0.5517538579E+01  0.1531417620E-01
  0.9972584207E+00 -0.5517790167E+01  0.1516137707E-01
  0.9972858365E+00 -0.5518039174E+01  0.1501009907E-01
  0.9973129782E+00 -0.5518285627E+01  0.1486032712E-01
  0.9973398484E+00 -0.5518529553E+01  0.1471204630E-01
  0.9973664499E+00 -0.5518770980E+01  0.1456524184E-01
  0.9973927854E+00 -0.5519009933E+01  0.1441989909E-01
  0.9974188575E+00 -0.5519246441E+01  0.1427600358E-01
  0.9974446690E+00 -0.5519480528E+01  0.1413354094E-01
  0.9974702223E+00 -0.5519712222E+01  0.1399249698E-01
  0.9974955201E+00 -0.5519941634E+01  0.1385285763E-01
  0.9975205649E+00 -0.5520168798E+01  0.1371460896E-01
  0.9975453592E+00 -0.5520393635E+01  0.1357773717E-01
  0.9975699056E+00 -0.5520616172E+01  0.1344222860E-01
  0.9975942066E+00 -0.5520836432E+01  0.1330806974E-01
  0.9976182645E+00 -0.5521054440E+01  0.1317524720E-01
  0.9976420819E+00 -0.5521270219E+01  0.1304374771E-01
  0.9976656610E+00 -0.5521483794E+01  0.1291355816E-01
  0.9976890044E+00 -0.5521695188E+01  0.1278466555E-01
  0.9977121144E+00 -0.5521904424E+01  0.1265705700E-01
  0.9977349932E+00 -0.5522111525E+01  0.1253071977E-01
  0.9977576433E+00 -0.5522316514E+01  0.1240564125E-01
  0.9977800669E+00 -0.5522519412E+01  0.1228180894E-01
  0.9978022662E+00 -0.5522720242E+01  0.1215921048E-01
  0.9978242435E+00 -0.5522919026E+01  0.1203783360E-01
  0.9978460011E+00 -0.5523115785E+01  0.1191766619E-01
  0.9978675411E+00 -0.5523310541E+01  0.1179869624E-01
  0.9978888657E+00 -0.5523503315E+01  0.1168091186E-01
  0.9979099770E+00 -0.5523694127E+01  0.1156430127E-01
  0.9979308773E+00 -0.5523882999E+01  0.1144885282E-01
  0.9979515685E+00 -0.5524069950E+01  0.1133455497E-01
  0.9979720528E+00 -0.5524255001E+01  0.1122139628E-01
  0.9979923323E+00 -0.5524438171E+01  0.1110936545E-01
  0.9980124089E+00 -0.5524619481E+01  0.1099845127E-01
  0.9980322849E+00 -0.5524798950E+01  0.1088864264E-01
  0.9980519620E+00 -0.5524976596E+01  0.1077992859E-01
  0.9980714424E+00 -0.5525152440E+01  0.1067229823E-01
  0.9980907280E+00 -0.5525326499E+01  0.1056574081E-01
  0.9981098207E+00 -0.5525498793E+01  0.1046024565E-01
  0.9981287225E+00 -0.5525669339E+01  0.1035580220E-01
  0.9981474353E+00 -0.5525838157E+01  0.1025240002E-01
  0.9981659609E+00 -0.5526005264E+01  0.1015002874E-01
  0.9981843013E+00 -0.5526170677E+01  0.1004867812E-01
  0.9982024583E+00 -0.5526334415E+01  0.9948338028E-02
  0.9982204337E+00 -0.5526496494E+01  0.9848998404E-02
  0.9982382294E+00 -0.5526656933E+01  0.9750649307E-02
  0.9982558471E+00 -0.5526815747E+01  0.9653280889E-02
  0.9982732886E+00 -0.5526972955E+01  0.9556883399E-02
  0.9982905557E+00 -0.5527128571E+01  0.9461447183E-02
  0.9983076502E+00 -0.5527282614E+01  0.9366962683E-02
  0.9983245737E+00 -0.5527435098E+01  0.9273420434E-02
  0.9983413279E+00 -0.5527586041E+01  0.9180811065E-02
  0.9983579146E+00 -0.5527735458E+01  0.9089125299E-02
  0.9983743355E+00 -0.5527883365E+01  0.8998353950E-02
  0.9983905921E+00 -0.5528029778E+01  0.8908487922E-02
  0.9984066862E+00 -0.5528174711E+01  0.8819518210E-02
  0.9984226194E+00 -0.5528318180E+01  0.8731435897E-02
  0.9984383932E+00 -0.5528460201E+01  0.8644232155E-02
  0.9984540092E+00 -0.5528600788E+01  0.8557898245E-02
  0.9984694691E+00 -0.5528739955E+01  0.8472425511E-02
  0.9984847744E+00 -0.5528877718E+01  0.8387805385E-02
  0.9984999267E+00 -0.5529014091E+01  0.8304029384E-02
  0.9985149274E+00 -0.5529149087E+01  0.8221089107E-02
  0.9985297782E+00 -0.5529282722E+01  0.8138976238E-02
  0.9985444804E+00 -0.5529415010E+01  0.8057682544E-02
  0.9985590356E+00 -0.5529545963E+01  0.7977199870E-02
  0.9985734452E+00 -0.5529675596E+01  0.7897520145E-02
  0.9985877108E+00 -0.5529803922E+01  0.7818635378E-02
  0.9986018337E+00 -0.5529930955E+01  0.7740537656E-02
  0.9986158153E+00 -0.5530056707E+01  0.7663219143E-02
  0.9986296572E+00 -0.5530181193E+01  0.7586672084E-02
  0.9986433606E+00 -0.5530304424E+01  0.7510888798E-02
  0.9986569270E+00 -0.5530426414E+01  0.7435861681E-02
  0.9986703577E+00 -0.5530547175E+01  0.7361583206E-02
  0.9986836541E+00 -0.5530666720E+01  0.7288045917E-02
  0.9986968176E+00 -0.5530785062E+01  0.7215242436E-02
  0.9987098494E+00 -0.5530902212E+01  0.7143165455E-02
  0.9987227509E+00 -0.5531018183E+01  0.7071807740E-02
  0.9987355234E+00 -0.5531132987E+01  0.7001162129E-02
  0.9987481682E+00 -0.5531246635E+01  0.6931221529E-02
  0.9987606865E+00 -0.5531359140E+01  0.6861978920E-02
  0.9987730796E+00 -0.5531470512E+01  0.6793427349E-02
  0.9987853488E+00 -0.5531580765E+01  0.6725559935E-02
  0.9987974954E+00 -0.5531689908E+01  0.6658369862E-02
  0.9988095204E+00 -0.5531797954E+01  0.6591850385E-02
  0.9988214252E+00 -0.5531904913E+01  0.6525994822E-02
  0.9988332109E+00 -0.5532010797E+01  0.6460796560E-02
  0.9988448788E+00 -0.5532115616E+01  0.6396249052E-02
  0.9988564300E+00 -0.5532219381E+01  0.6332345815E-02
  0.9988678657E+00 -0.5532322103E+01  0.6269080429E-02
  0.9988791871E+00 -0.5532423793E+01  0.6206446540E-02
  0.9988903952E+00 -0.5532524461E+01  0.6144437855E-02
  0.9989014913E+00 -0.5532624117E+01  0.6083048147E-02
  0.9989124764E+00 -0.5532722772E+01  0.6022271246E-02
  0.9989233516E+00 -0.5532820435E+01  0.5962101046E-02
  0.9989341181E+00 -0.5532917118E+01  0.5902531502E-02
  0.9989447769E+00 -0.5533012829E+01  0.5843556629E-02
  0.9989553291E+00 -0.5533107579E+01  0.5785170499E-02
  0.9989657758E+00 -0.5533201377E+01  0.5727367246E-02
  0.9989761181E+00 -0.5533294233E+01  0.5670141060E-02
  0.9989863569E+00 -0.5533386157E+01  0.5613486189E-02
  0.9989964933E+00 -0.5533477158E+01  0.5557396941E-02
  0.9990065284E+00 -0.5533567245E+01  0.5501867676E-02
  0.9990164631E+00 -0.5533656428E+01  0.5446892814E-02
  0.9990262985E+00 -0.5533744715E+01  0.5392466827E-02
  0.9990360355E+00 -0.5533832117E+01  0.5338584245E-02
  0.9990456751E+00 -0.5533918641E+01  0.5285239650E-02
  0.9990552184E+00 -0.5534004296E+01  0.5232427680E-02
  0.9990646662E+00 -0.5534089092E+01  0.5180143025E-02
  0.9990740195E+00 -0.5534173037E+01  0.5128380426E-02
  0.9990832793E+00 -0.5534256140E+01  0.5077134681E-02
  0.9990924466E+00 -0.5534338409E+01  0.5026400634E-02
  0.9991015221E+00 -0.5534419852E+01  0.4976173186E-02
  0.9991105069E+00 -0.5534500479E+01  0.4926447283E-02
  0.9991194018E+00 -0.5534580297E+01  0.4877217927E-02
  0.9991282078E+00 -0.5534659314E+01  0.4828480164E-02
  0.9991369257E+00 -0.5534737538E+01  0.4780229094E-02
  0.9991455564E+00 -0.5534814978E+01  0.4732459862E-02
  0.9991541009E+00 -0.5534891641E+01  0.4685167665E-02
  0.9991625599E+00 -0.5534967536E+01  0.4638347744E-02
  0.9991709343E+00 -0.5535042669E+01  0.4591995390E-02
  0.9991792249E+00 -0.5535117049E+01  0.4546105940E-02
  0.9991874327E+00 -0.5535190683E+01  0.4500674777E-02
  0.9991955584E+00 -0.5535263579E+01  0.4455697330E-02
  0.9992036028E+00 -0.5535335744E+01  0.4411169074E-02
  0.9992115667E+00 -0.5535407185E+01  0.4367085529E-02
  0.9992194511E+00 -0.5535477910E+01  0.4323442259E-02
  0.9992272566E+00 -0.5535547927E+01  0.4280234872E-02
  0.9992349840E+00 -0.5535617241E+01  0.4237459021E-02
  0.9992426342E+00 -0.5535685861E+01  0.4195110401E-02
  0.9992502078E+00 -0.5535753793E+01  0.4153184750E-02
  0.9992577057E+00 -0.5535821044E+01  0.4111677849E-02
  0.9992651287E+00 -0.5535887621E+01  0.4070585519E-02
  0.9992724774E+00 -0.5535953531E+01  0.4029903627E-02
  0.9992797526E+00 -0.5536018781E+01  0.3989628076E-02
  0.9992869551E+00 -0.5536083376E+01  0.3949754813E-02
  0.9992940855E+00 -0.5536147324E+01  0.3910279825E-02
  0.9993011447E+00 -0.5536210632E+01  0.3871199137E-02
  0.9993081332E+00 -0.5536273305E+01  0.3832508816E-02
  0.9993150519E+00 -0.5536335351E+01  0.3794204966E-02
  0.9993219014E+00 -0.5536396774E+01  0.3756283733E-02
  0.9993286824E+00 -0.5536457583E+01  0.3718741297E-02
  0.9993353956E+00 -0.5536517782E+01  0.3681573879E-02
  0.9993420416E+00 -0.5536577378E+01  0.3644777738E-02
  0.9993486212E+00 -0.5536636377E+01  0.3608349167E-02
  0.9993551350E+00 -0.5536694785E+01  0.3572284501E-02
  0.9993615836E+00 -0.5536752608E+01  0.3536580105E-02
  0.9993679678E+00 -0.5536809852E+01  0.3501232387E-02
  0.9993742881E+00 -0.5536866522E+01  0.3466237786E-02
  0.9993805452E+00 -0.5536922625E+01  0.3431592778E-02
  0.9993867398E+00 -0.5536978166E+01  0.3397293874E-02
  0.9993928724E+00 -0.5537033151E+01  0.3363337621E-02
  0.9993989436E+00 -0.5537087585E+01  0.3329720597E-02
  0.9994049542E+00 -0.5537141474E+01  0.3296439419E-02
  0.9994109047E+00 -0.5537194823E+01  0.3263490733E-02
  0.9994167956E+00 -0.5537247639E+01  0.3230871221E-02
  0.9994226277E+00 -0.5537299925E+01  0.3198577598E-02
  0.9994284014E+00 -0.5537351687E+01  0.3166606611E-02
  0.9994341174E+00 -0.5537402932E+01  0.3134955040E-02
  0.9994397762E+00 -0.5537453663E+01  0.3103619695E-02
  0.9994453784E+00 -0.5537503886E+01  0.3072597421E-02
  0.9994509247E+00 -0.5537553607E+01  0.3041885093E-02
  0.9994564154E+00 -0.5537602830E+01  0.3011479616E-02
  0.9994618513E+00 -0.5537651559E+01  0.2981377928E-02
  0.9994672327E+00 -0.5537699801E+01  0.2951576996E-02
  0.9994725604E+00 -0.5537747560E+01  0.2922073818E-02
  0.9994778348E+00 -0.5537794841E+01  0.2892865420E-02
  0.9994830565E+00 -0.5537841649E+01  0.2863948861E-02
  0.9994882259E+00 -0.5537887988E+01  0.2835321227E-02
  0.9994933436E+00 -0.5537933863E+01  0.2806979633E-02
  0.9994984102E+00 -0.5537979279E+01  0.2778921224E-02
  0.9995034261E+00 -0.5538024240E+01  0.2751143173E-02
  0.9995083918E+00 -0.5538068751E+01  0.2723642679E-02
  0.9995133079E+00 -0.5538112817E+01  0.2696416973E-02
  0.9995181748E+00 -0.5538156442E+01  0.2669463311E-02
  0.9995229931E+00 -0.5538199630E+01  0.2642778976E-02
  0.9995277632E+00 -0.5538242385E+01  0.2616361279E-02
  0.9995324855E+00 -0.5538284713E+01  0.2590207558E-02
  0.9995371607E+00 -0.5538326617E+01  0.2564315178E-02
  0.9995417891E+00 -0.5538368102E+01  0.2538681529E-02
  0.9995463712E+00 -0.5538409171E+01  0.2513304027E-02
  0.9995509075E+00 -0.5538449830E+01  0.2488180114E-02
  0.9995553984E+00 -0.5538490081E+01  0.2463307259E-02
  0.9995598444E+00 -0.5538529930E+01  0.2438682955E-02
  0.9995642460E+00 -0.5538569380E+01  0.2414304719E-02
  0.9995686035E+00 -0.5538608435E+01  0.2390170094E-02
  0.9995729175E+00 -0.5538647099E+01  0.2366276648E-02
  0.9995771883E+00 -0.5538685377E+01  0.2342621972E-02
  0.9995814164E+00 -0.5538723271E+01  0.2319203682E-02
  0.9995856022E+00 -0.5538760786E+01  0.2296019417E-02
  0.9995897462E+00 -0.5538797926E+01  0.2273066840E-02
  0.9995938488E+00 -0.5538834694E+01  0.2250343637E-02
  0.9995979103E+00 -0.5538871094E+01  0.2227847517E-02
  0.9996019312E+00 -0.5538907130E+01  0.2205576214E-02
  0.9996059119E+00 -0.5538942805E+01  0.2183527480E-02
  0.9996098527E+00 -0.5538978123E+01  0.2161699094E-02
  0.9996137542E+00 -0.5539013088E+01  0.2140088854E-02
  0.9996176167E+00 -0.5539047703E+01  0.2118694583E-02
  0.9996214405E+00 -0.5539081972E+01  0.2097514123E-02
  0.9996252261E+00 -0.5539115898E+01  0.2076545338E-02
  0.9996289738E+00 -0.5539149484E+01  0.2055786114E-02
  0.9996326841E+00 -0.5539182734E+01  0.2035234359E-02
  0.9996363573E+00 -0.5539215652E+01  0.2014888000E-02
  0.9996399937E+00 -0.5539248240E+01  0.1994744985E-02
  0.9996435938E+00 -0.5539280503E+01  0.1974803284E-02
  0.9996471578E+00 -0.5539312442E+01  0.1955060885E-02
  0.9996506862E+00 -0.5539344062E+01  0.1935515798E-02
  0.9996541794E+00 -0.5539375365E+01  0.1916166052E-02
  0.9996576376E+00 -0.5539406356E+01  0.1897009696E-02
  0.9996610612E+00 -0.5539437036E+01  0.1878044798E-02
  0.9996644506E+00 -0.5539467410E+01  0.1859269445E-02
  0.9996678400E+00 -0.5539497783E+01  0.1840493989E-02
  0.9996712294E+00 -0.5539528156E+01  0.1821718431E-02
  0.9996746188E+00 -0.5539558529E+01  0.1802942769E-02
  0.9996780081E+00 -0.5539588902E+01  0.1784167005E-02
  0.9996813975E+00 -0.5539619274E+01  0.1765391138E-02
  0.9996847869E+00 -0.5539649647E+01  0.1746615167E-02
  0.9996881763E+00 -0.5539680019E+01  0.1727839094E-02
  0.9996915657E+00 -0.5539710391E+01  0.1709062918E-02
  0.9996949551E+00 -0.5539740764E+01  0.1690286639E-02
  0.9996983445E+00 -0.5539771136E+01  0.1671510256E-02
  0.9997017339E+00 -0.5539801508E+01  0.1652733771E-02
  0.9997051232E+00 -0.5539831879E+01  0.1633957183E-02
  0.9997085126E+00 -0.5539862251E+01  0.1615180492E-02
  0.9997119020E+00 -0.5539892623E+01  0.1596403699E-02
  0.9997152914E+00 -0.5539922994E+01  0.1577626802E-02
  0.9997186808E+00 -0.5539953365E+01  0.1558849802E-02
  0.9997220702E+00 -0.5539983736E+01  0.1540072699E-02
  0.9997254596E+00 -0.5540014108E+01  0.1521295494E-02
  0.9997288490E+00 -0.5540044478E+01  0.1502518185E-02
  0.9997322384E+00 -0.5540074849E+01  0.1483740774E-02
  0.9997356277E+00 -0.5540105220E+01  0.1464963259E-02
  0.9997390171E+00 -0.5540135591E+01  0.1446185642E-02
  0.9997424065E+00 -0.5540165961E+01  0.1427407921E-02
  0.9997457959E+00 -0.5540196332E+01  0.1408630098E-02
  0.9997491853E+00 -0.5540226702E+01  0.1389852172E-02
  0.9997525747E+00 -0.5540257072E+01  0.1371074143E-02
  0.9997559641E+00 -0.5540287442E+01  0.1352296011E-02
  0.9997593535E+00 -0.5540317812E+01  0.1333517776E-02
  0.9997627428E+00 -0.5540348182E+01  0.1314739438E-02
  0.9997661322E+00 -0.5540378552E+01  0.1295960997E-02
  0.9997695216E+00 -0.5540408922E+01  0.1277182453E-02
  0.9997729110E+00 -0.5540439291E+01  0.1258403806E-02
  0.9997763004E+00 -0.5540469661E+01  0.1239625057E-02
  0.9997796898E+00 -0.5540500030E+01  0.1220846204E-02
  0.9997830792E+00 -0.5540530399E+01  0.1202067249E-02
  0.9997864686E+00 -0.5540560769E+01  0.1183288190E-02
  0.9997898579E+00 -0.5540591138E+01  0.1164509029E-02
  0.9997932473E+00 -0.5540621507E+01  0.1145729764E-02
  0.9997966367E+00 -0.5540651876E+01  0.1126950397E-02
  0.9998000261E+00 -0.5540682245E+01  0.1108170927E-02
  0.9998034155E+00 -0.5540712614E+01  0.1089391354E-02
  0.9998068049E+00 -0.5540742982E+01  0.1070611678E-02
  0.9998101943E+00 -0.5540773351E+01  0.1051831899E-02
  0.9998135837E+00 -0.5540803719E+01  0.1033052017E-02
  0.9998169731E+00 -0.5540834088E+01  0.1014272032E-02
  0.9998203624E+00 -0.5540864456E+01  0.9954919439E-03
  0.9998237518E+00 -0.5540894825E+01  0.9767117532E-03
  0.9998271412E+00 -0.5540925193E+01  0.9579314596E-03
  0.9998305306E+00 -0.5540955561E+01  0.9391510630E-03
  0.9998339200E+00 -0.5540985929E+01  0.9203705634E-03
  0.9998373094E+00 -0.5541016297E+01  0.9015899610E-03
  0.9998406988E+00 -0.5541046665E+01  0.8828092556E-03
  0.9998440882E+00 -0.5541077033E+01  0.8640284473E-03
  0.9998474775E+00 -0.5541107401E+01  0.8452475361E-03
  0.9998508669E+00 -0.5541137769E+01  0.8264665219E-03
  0.9998542563E+00 -0.5541168137E+01  0.8076854048E-03
  0.9998576457E+00 -0.5541198504E+01  0.7889041848E-03
  0.9998610351E+00 -0.5541228872E+01  0.7701228618E-03
  0.9998644245E+00 -0.5541259239E+01  0.7513414360E-03
  0.9998678139E+00 -0.5541289607E+01  0.7325599072E-03
  0.9998712033E+00 -0.5541319974E+01  0.7137782754E-03
  0.9998745926E+00 -0.5541350342E+01  0.6949965408E-03
  0.9998779820E+00 -0.5541380709E+01  0.6762147032E-03
  0.9998813714E+00 -0.5541411076E+01  0.6574327627E-03
  0.9998847608E+00 -0.5541441444E+01  0.6386507193E-03
  0.9998881502E+00 -0.5541471811E+01  0.6198685729E-03
  0.9998915396E+00 -0.5541502178E+01  0.6010863236E-03
  0.9998949290E+00 -0.5541532545E+01  0.5823039714E-03
  0.9998983184E+00 -0.5541562912E+01  0.5635215162E-03
  0.9999017077E+00 -0.5541593279E+01  0.5447389582E-03
  0.9999050971E+00 -0.5541623646E+01  0.5259562972E-03
  0.9999084865E+00 -0.5541654013E+01  0.5071735333E-03
  0.9999118759E+00 -0.5541684380E+01  0.4883906664E-03
  0.9999152653E+00 -0.5541714747E+01  0.4696076967E-03
  0.9999186547E+00 -0.5541745114E+01  0.4508246240E-03
  0.9999220441E+00 -0.5541775480E+01  0.4320414483E-03
  0.9999254335E+00 -0.5541805847E+01  0.4132581698E-03
  0.9999288229E+00 -0.5541836214E+01  0.3944747883E-03
  0.9999322122E+00 -0.5541866581E+01  0.3756913039E-03
  0.9999356016E+00 -0.5541896947E+01  0.3569077166E-03
  0.9999389910E+00 -0.5541927314E+01  0.3381240264E-03
  0.9999423804E+00 -0.5541957680E+01  0.3193402332E-03
  0.9999457698E+00 -0.5541988047E+01  0.3005563371E-03
  0.9999491592E+00 -0.5542018414E+01  0.2817723381E-03
  0.9999525486E+00 -0.5542048780E+01  0.2629882362E-03
  0.9999559380E+00 -0.5542079147E+01  0.2442040313E-03
  0.9999593273E+00 -0.5542109513E+01  0.2254197235E-03
  0.9999627167E+00 -0.5542139880E+01  0.2066353128E-03
  0.9999661061E+00 -0.5542170246E+01  0.1878507992E-03
  0.9999694955E+00 -0.5542200613E+01  0.1690661826E-03
  0.9999728849E+00 -0.5542230979E+01  0.1502814632E-03
  0.9999762743E+00 -0.5542261346E+01  0.1314966408E-03
  0.9999796637E+00 -0.5542291712E+01  0.1127117154E-03
  0.9999830531E+00 -0.5542322078E+01  0.9392668718E-04
  0.9999864424E+00 -0.5542352445E+01  0.7514155601E-04
  0.9999898318E+00 -0.5542382811E+01  0.5635632191E-04
  0.9999932212E+00 -0.5542413178E+01  0.3757098489E-04
  0.9999966106E+00 -0.5542443544E+01  0.1878554495E-04
  0.1000000000E+01 -0.5542475136E+01  0.3877788375E-17
  0.1000000000E+01 -0.5542475136E+01  0.0000000000E+00
