  0.0000000000E+00  0.5542473970E+01  0.0000000000E+00
  0.6996492144E-18  0.5542473970E+01  0.3877787559E-17
  0.3389387958E-05  0.5542432863E+01  0.1878552487E-04
  0.6778775916E-05  0.5542391757E+01  0.3757091041E-04
  0.1016816387E-04  0.5542350651E+01  0.5635615663E-04
  0.1355755183E-04  0.5542309544E+01  0.7514126352E-04
  0.1694693979E-04  0.5542268438E+01  0.9392623109E-04
  0.2033632775E-04  0.5542227332E+01  0.1127110593E-03
  0.2372571571E-04  0.5542186225E+01  0.1314957482E-03
  0.2711510367E-04  0.5542145119E+01  0.1502802978E-03
  0.3050449162E-04  0.5542104013E+01  0.1690647081E-03
  0.3389387958E-04  0.5542062906E+01  0.1878489790E-03
  0.3728326754E-04  0.5542021800E+01  0.2066331107E-03
  0.4067265550E-04  0.5541980693E+01  0.2254171029E-03
  0.4406204346E-04  0.5541939587E+01  0.2442009559E-03
  0.4745143141E-04  0.5541898481E+01  0.2629846696E-03
  0.5084081937E-04  0.5541857374E+01  0.2817682439E-03
  0.5423020733E-04  0.5541816268E+01  0.3005516788E-03
  0.5761959529E-04  0.5541775161E+01  0.3193349745E-03
  0.6100898325E-04  0.5541734054E+01  0.3381181308E-03
  0.6439837120E-04  0.5541692948E+01  0.3569011479E-03
  0.6778775916E-04  0.5541651841E+01  0.3756840255E-03
  0.7117714712E-04  0.5541610735E+01  0.3944667639E-03
  0.7456653508E-04  0.5541569628E+01  0.4132493629E-03
  0.7795592304E-04  0.5541528521E+01  0.4320318226E-03
  0.8134531100E-04  0.5541487414E+01  0.4508141430E-03
  0.8473469895E-04  0.5541446308E+01  0.4695963240E-03
  0.8812408691E-04  0.5541405201E+01  0.4883783658E-03
  0.9151347487E-04  0.5541364094E+01  0.5071602682E-03
  0.9490286283E-04  0.5541322987E+01  0.5259420312E-03
  0.9829225079E-04  0.5541281880E+01  0.5447236550E-03
  0.1016816387E-03  0.5541240773E+01  0.5635051394E-03
  0.1050710267E-03  0.5541199666E+01  0.5822864845E-03
  0.1084604147E-03  0.5541158559E+01  0.6010676902E-03
  0.1118498026E-03  0.5541117452E+01  0.6198487567E-03
  0.1152391906E-03  0.5541076345E+01  0.6386296838E-03
  0.1186285785E-03  0.5541035237E+01  0.6574104715E-03
  0.1220179665E-03  0.5540994130E+01  0.6761911200E-03
  0.1254073545E-03  0.5540953023E+01  0.6949716291E-03
  0.1287967424E-03  0.5540911915E+01  0.7137519989E-03
  0.1321861304E-03  0.5540870808E+01  0.7325322293E-03
  0.1355755183E-03  0.5540829700E+01  0.7513123205E-03
  0.1389649063E-03  0.5540788592E+01  0.7700922723E-03
  0.1423542942E-03  0.5540747485E+01  0.7888720847E-03
  0.1457436822E-03  0.5540706377E+01  0.8076517579E-03
  0.1491330702E-03  0.5540665269E+01  0.8264312917E-03
  0.1525224581E-03  0.5540624161E+01  0.8452106862E-03
  0.1559118461E-03  0.5540583053E+01  0.8639899413E-03
  0.1593012340E-03  0.5540541945E+01  0.8827690571E-03
  0.1626906220E-03  0.5540500837E+01  0.9015480336E-03
  0.1660800099E-03  0.5540459729E+01  0.9203268708E-03
  0.1694693979E-03  0.5540418620E+01  0.9391055686E-03
  0.1728587859E-03  0.5540377512E+01  0.9578841271E-03
  0.1762481738E-03  0.5540336404E+01  0.9766625462E-03
  0.1796375618E-03  0.5540295295E+01  0.9954408261E-03
  0.1830269497E-03  0.5540254186E+01  0.1014218967E-02
  0.1864163377E-03  0.5540213078E+01  0.1032996968E-02
  0.1898057257E-03  0.5540171969E+01  0.1051774830E-02
  0.1931951136E-03  0.5540130860E+01  0.1070552552E-02
  0.1965845016E-03  0.5540089751E+01  0.1089330135E-02
  0.1999738895E-03  0.5540048642E+01  0.1108107579E-02
  0.2033632775E-03  0.5540007533E+01  0.1126884883E-02
  0.2067526654E-03  0.5539966423E+01  0.1145662049E-02
  0.2101420534E-03  0.5539925314E+01  0.1164439074E-02
  0.2135314414E-03  0.5539884205E+01  0.1183215961E-02
  0.2169208293E-03  0.5539843095E+01  0.1201992708E-02
  0.2203102173E-03  0.5539801985E+01  0.1220769316E-02
  0.2236996052E-03  0.5539760876E+01  0.1239545784E-02
  0.2270889932E-03  0.5539719766E+01  0.1258322113E-02
  0.2304783812E-03  0.5539678656E+01  0.1277098303E-02
  0.2338677691E-03  0.5539637546E+01  0.1295874354E-02
  0.2372571571E-03  0.5539596435E+01  0.1314650265E-02
  0.2406465450E-03  0.5539555325E+01  0.1333426037E-02
  0.2440359330E-03  0.5539514215E+01  0.1352201669E-02
  0.2474253209E-03  0.5539473104E+01  0.1370977162E-02
  0.2508147089E-03  0.5539431993E+01  0.1389752516E-02
  0.2542040969E-03  0.5539390882E+01  0.1408527730E-02
  0.2575934848E-03  0.5539349772E+01  0.1427302805E-02
  0.2609828728E-03  0.5539308660E+01  0.1446077741E-02
  0.2643722607E-03  0.5539267549E+01  0.1464852538E-02
  0.2677616487E-03  0.5539226438E+01  0.1483627195E-02
  0.2711510367E-03  0.5539185327E+01  0.1502401712E-02
  0.2745404246E-03  0.5539144215E+01  0.1521176091E-02
  0.2779298126E-03  0.5539103103E+01  0.1539950330E-02
  0.2813192005E-03  0.5539061991E+01  0.1558724429E-02
  0.2847085885E-03  0.5539020879E+01  0.1577498390E-02
  0.2880979764E-03  0.5538979767E+01  0.1596272211E-02
  0.2914873644E-03  0.5538938655E+01  0.1615045892E-02
  0.2948767524E-03  0.5538897543E+01  0.1633819435E-02
  0.2982661403E-03  0.5538856430E+01  0.1652592838E-02
  0.3016555283E-03  0.5538815318E+01  0.1671366101E-02
  0.3050449162E-03  0.5538774205E+01  0.1690139226E-02
  0.3084343042E-03  0.5538733092E+01  0.1708912211E-02
  0.3118236921E-03  0.5538691979E+01  0.1727685056E-02
  0.3152130801E-03  0.5538650865E+01  0.1746457762E-02
  0.3186024681E-03  0.5538609752E+01  0.1765230329E-02
  0.3219918560E-03  0.5538568639E+01  0.1784002757E-02
  0.3253812440E-03  0.5538527525E+01  0.1802775045E-02
  0.3287706319E-03  0.5538486411E+01  0.1821547194E-02
  0.3321600199E-03  0.5538445297E+01  0.1840319203E-02
  0.3355494079E-03  0.5538404183E+01  0.1859091073E-02
  0.3389387958E-03  0.5538363068E+01  0.1877862804E-02
  0.3423624200E-03  0.5538321539E+01  0.1896824007E-02
  0.3458206263E-03  0.5538279589E+01  0.1915976592E-02
  0.3493137639E-03  0.5538237216E+01  0.1935322491E-02
  0.3528421858E-03  0.5538194414E+01  0.1954863653E-02
  0.3564062483E-03  0.5538151180E+01  0.1974602047E-02
  0.3600063114E-03  0.5538107509E+01  0.1994539662E-02
  0.3636427388E-03  0.5538063397E+01  0.2014678508E-02
  0.3673158977E-03  0.5538018839E+01  0.2035020613E-02
  0.3710261593E-03  0.5537973830E+01  0.2055568028E-02
  0.3747738983E-03  0.5537928367E+01  0.2076322824E-02
  0.3785594932E-03  0.5537882444E+01  0.2097287090E-02
  0.3823833265E-03  0.5537836058E+01  0.2118462941E-02
  0.3862457844E-03  0.5537789202E+01  0.2139852508E-02
  0.3901472569E-03  0.5537741873E+01  0.2161457949E-02
  0.3940881383E-03  0.5537694066E+01  0.2183281438E-02
  0.3980688266E-03  0.5537645775E+01  0.2205325176E-02
  0.4020897238E-03  0.5537596996E+01  0.2227591383E-02
  0.4061512362E-03  0.5537547725E+01  0.2250082301E-02
  0.4102537739E-03  0.5537497955E+01  0.2272800198E-02
  0.4143977514E-03  0.5537447682E+01  0.2295747361E-02
  0.4185835873E-03  0.5537396902E+01  0.2318926101E-02
  0.4228117043E-03  0.5537345608E+01  0.2342338755E-02
  0.4270825296E-03  0.5537293795E+01  0.2365987680E-02
  0.4313964946E-03  0.5537241459E+01  0.2389875259E-02
  0.4357540349E-03  0.5537188594E+01  0.2414003897E-02
  0.4401555908E-03  0.5537135195E+01  0.2438376024E-02
  0.4446016069E-03  0.5537081256E+01  0.2462994096E-02
  0.4490925322E-03  0.5537026771E+01  0.2487860592E-02
  0.4536288204E-03  0.5536971736E+01  0.2512978017E-02
  0.4582109297E-03  0.5536916145E+01  0.2538348899E-02
  0.4628393230E-03  0.5536859991E+01  0.2563975794E-02
  0.4675144676E-03  0.5536803270E+01  0.2589861283E-02
  0.4722368360E-03  0.5536745976E+01  0.2616007973E-02
  0.4770069051E-03  0.5536688102E+01  0.2642418495E-02
  0.4818251566E-03  0.5536629644E+01  0.2669095510E-02
  0.4866920774E-03  0.5536570594E+01  0.2696041705E-02
  0.4916081590E-03  0.5536510948E+01  0.2723259791E-02
  0.4965738980E-03  0.5536450698E+01  0.2750752509E-02
  0.5015897959E-03  0.5536389840E+01  0.2778522629E-02
  0.5066563595E-03  0.5536328366E+01  0.2806572944E-02
  0.5117741005E-03  0.5536266271E+01  0.2834906280E-02
  0.5169435359E-03  0.5536203547E+01  0.2863525488E-02
  0.5221651878E-03  0.5536140190E+01  0.2892433451E-02
  0.5274395836E-03  0.5536076192E+01  0.2921633077E-02
  0.5327672562E-03  0.5536011547E+01  0.2951127306E-02
  0.5381487436E-03  0.5535946249E+01  0.2980919106E-02
  0.5435845895E-03  0.5535880290E+01  0.3011011478E-02
  0.5490753429E-03  0.5535813664E+01  0.3041407449E-02
  0.5546215585E-03  0.5535746365E+01  0.3072110078E-02
  0.5602237965E-03  0.5535678385E+01  0.3103122456E-02
  0.5658826227E-03  0.5535609718E+01  0.3134447704E-02
  0.5715986088E-03  0.5535540356E+01  0.3166088974E-02
  0.5773723321E-03  0.5535470293E+01  0.3198049450E-02
  0.5832043759E-03  0.5535399521E+01  0.3230332349E-02
  0.5890953291E-03  0.5535328034E+01  0.3262940918E-02
  0.5950457870E-03  0.5535255824E+01  0.3295878439E-02
  0.6010563505E-03  0.5535182883E+01  0.3329148227E-02
  0.6071276268E-03  0.5535109205E+01  0.3362753628E-02
  0.6132602291E-03  0.5535034781E+01  0.3396698023E-02
  0.6194547769E-03  0.5534959605E+01  0.3430984827E-02
  0.6257118958E-03  0.5534883669E+01  0.3465617490E-02
  0.6320322180E-03  0.5534806964E+01  0.3500599496E-02
  0.6384163818E-03  0.5534729483E+01  0.3535934363E-02
  0.6448650321E-03  0.5534651219E+01  0.3571625646E-02
  0.6513788203E-03  0.5534572163E+01  0.3607676934E-02
  0.6579584044E-03  0.5534492308E+01  0.3644091854E-02
  0.6646044489E-03  0.5534411644E+01  0.3680874068E-02
  0.6713176251E-03  0.5534330165E+01  0.3718027276E-02
  0.6780986112E-03  0.5534247861E+01  0.3755555212E-02
  0.6849480921E-03  0.5534164725E+01  0.3793461653E-02
  0.6918667597E-03  0.5534080747E+01  0.3831750409E-02
  0.6988553129E-03  0.5533995920E+01  0.3870425329E-02
  0.7059144575E-03  0.5533910234E+01  0.3909490304E-02
  0.7130449065E-03  0.5533823682E+01  0.3948949261E-02
  0.7202473803E-03  0.5533736254E+01  0.3988806166E-02
  0.7275226064E-03  0.5533647941E+01  0.4029065027E-02
  0.7348713196E-03  0.5533558734E+01  0.4069729891E-02
  0.7422942622E-03  0.5533468624E+01  0.4110804845E-02
  0.7497921840E-03  0.5533377603E+01  0.4152294019E-02
  0.7573658425E-03  0.5533285661E+01  0.4194201583E-02
  0.7650160025E-03  0.5533192787E+01  0.4236531749E-02
  0.7727434369E-03  0.5533098974E+01  0.4279288770E-02
  0.7805489261E-03  0.5533004212E+01  0.4322476945E-02
  0.7884332587E-03  0.5532908490E+01  0.4366100613E-02
  0.7963972310E-03  0.5532811799E+01  0.4410164158E-02
  0.8044416475E-03  0.5532714129E+01  0.4454672008E-02
  0.8125673207E-03  0.5532615471E+01  0.4499628634E-02
  0.8207750714E-03  0.5532515814E+01  0.4545038553E-02
  0.8290657287E-03  0.5532415147E+01  0.4590906329E-02
  0.8374401300E-03  0.5532313462E+01  0.4637236567E-02
  0.8458991212E-03  0.5532210747E+01  0.4684033924E-02
  0.8544435568E-03  0.5532106992E+01  0.4731303099E-02
  0.8630742998E-03  0.5532002186E+01  0.4779048840E-02
  0.8717922220E-03  0.5531896319E+01  0.4827275944E-02
  0.8805982040E-03  0.5531789379E+01  0.4875989252E-02
  0.8894931354E-03  0.5531681357E+01  0.4925193659E-02
  0.8984779145E-03  0.5531572240E+01  0.4974894104E-02
  0.9075534490E-03  0.5531462019E+01  0.5025095578E-02
  0.9167206556E-03  0.5531350680E+01  0.5075803123E-02
  0.9259804602E-03  0.5531238214E+01  0.5127021829E-02
  0.9353337982E-03  0.5531124609E+01  0.5178756838E-02
  0.9447816143E-03  0.5531009852E+01  0.5231013344E-02
  0.9543248629E-03  0.5530893933E+01  0.5283796593E-02
  0.9639645080E-03  0.5530776839E+01  0.5337111883E-02
  0.9737015233E-03  0.5530658558E+01  0.5390964566E-02
  0.9835368922E-03  0.5530539079E+01  0.5445360046E-02
  0.9934716083E-03  0.5530418389E+01  0.5500303782E-02
  0.1003506675E-02  0.5530296476E+01  0.5555801288E-02
  0.1013643106E-02  0.5530173327E+01  0.5611858132E-02
  0.1023881925E-02  0.5530048930E+01  0.5668479941E-02
  0.1034224167E-02  0.5529923272E+01  0.5725672393E-02
  0.1044670876E-02  0.5529796340E+01  0.5783441228E-02
  0.1055223107E-02  0.5529668120E+01  0.5841792241E-02
  0.1065881926E-02  0.5529538601E+01  0.5900731283E-02
  0.1076648410E-02  0.5529407768E+01  0.5960264268E-02
  0.1087523647E-02  0.5529275609E+01  0.6020397167E-02
  0.1098508734E-02  0.5529142109E+01  0.6081136009E-02
  0.1109604782E-02  0.5529007255E+01  0.6142486886E-02
  0.1120812911E-02  0.5528871033E+01  0.6204455950E-02
  0.1132134253E-02  0.5528733429E+01  0.6267049414E-02
  0.1143569953E-02  0.5528594429E+01  0.6330273553E-02
  0.1155121165E-02  0.5528454019E+01  0.6394134707E-02
  0.1166789055E-02  0.5528312184E+01  0.6458639276E-02
  0.1178574803E-02  0.5528168909E+01  0.6523793726E-02
  0.1190479599E-02  0.5528024181E+01  0.6589604587E-02
  0.1202504646E-02  0.5527877983E+01  0.6656078456E-02
  0.1214651157E-02  0.5527730301E+01  0.6723221993E-02
  0.1226920361E-02  0.5527581120E+01  0.6791041926E-02
  0.1239313496E-02  0.5527430424E+01  0.6859545051E-02
  0.1251831814E-02  0.5527278198E+01  0.6928738231E-02
  0.1264476580E-02  0.5527124427E+01  0.6998628397E-02
  0.1277249070E-02  0.5526969093E+01  0.7069222551E-02
  0.1290150576E-02  0.5526812181E+01  0.7140527762E-02
  0.1303182400E-02  0.5526653676E+01  0.7212551173E-02
  0.1316345859E-02  0.5526493560E+01  0.7285299996E-02
  0.1329642282E-02  0.5526331817E+01  0.7358781515E-02
  0.1343073012E-02  0.5526168431E+01  0.7433003089E-02
  0.1356639406E-02  0.5526003383E+01  0.7507972148E-02
  0.1370342834E-02  0.5525836659E+01  0.7583696197E-02
  0.1384184681E-02  0.5525668239E+01  0.7660182816E-02
  0.1398166344E-02  0.5525498107E+01  0.7737439661E-02
  0.1412289237E-02  0.5525326244E+01  0.7815474462E-02
  0.1426554785E-02  0.5525152634E+01  0.7894295030E-02
  0.1440964429E-02  0.5524977258E+01  0.7973909250E-02
  0.1455519625E-02  0.5524800098E+01  0.8054325089E-02
  0.1470221844E-02  0.5524621136E+01  0.8135550591E-02
  0.1485072569E-02  0.5524440352E+01  0.8217593882E-02
  0.1500073302E-02  0.5524257728E+01  0.8300463167E-02
  0.1515225558E-02  0.5524073246E+01  0.8384166735E-02
  0.1530530867E-02  0.5523886885E+01  0.8468712954E-02
  0.1545990774E-02  0.5523698627E+01  0.8554110281E-02
  0.1561606843E-02  0.5523508451E+01  0.8640367252E-02
  0.1577380649E-02  0.5523316339E+01  0.8727492490E-02
  0.1593313787E-02  0.5523122269E+01  0.8815494705E-02
  0.1609407866E-02  0.5522926223E+01  0.8904382691E-02
  0.1625664511E-02  0.5522728178E+01  0.8994165333E-02
  0.1642085364E-02  0.5522528115E+01  0.9084851602E-02
  0.1658672085E-02  0.5522326012E+01  0.9176450558E-02
  0.1675426349E-02  0.5522121848E+01  0.9268971352E-02
  0.1692349847E-02  0.5521915603E+01  0.9362423228E-02
  0.1709444290E-02  0.5521707254E+01  0.9456815518E-02
  0.1726711404E-02  0.5521496779E+01  0.9552157650E-02
  0.1744152934E-02  0.5521284156E+01  0.9648459144E-02
  0.1761770640E-02  0.5521069364E+01  0.9745729615E-02
  0.1779566303E-02  0.5520852379E+01  0.9843978774E-02
  0.1797541720E-02  0.5520633178E+01  0.9943216429E-02
  0.1815698707E-02  0.5520411739E+01  0.1004345248E-01
  0.1834039098E-02  0.5520188037E+01  0.1014469694E-01
  0.1852564746E-02  0.5519962050E+01  0.1024695991E-01
  0.1871277521E-02  0.5519733754E+01  0.1035025158E-01
  0.1890179314E-02  0.5519503124E+01  0.1045458227E-01
  0.1909272034E-02  0.5519270136E+01  0.1055996237E-01
  0.1928557610E-02  0.5519034766E+01  0.1066640241E-01
  0.1948037990E-02  0.5518796987E+01  0.1077391298E-01
  0.1967715142E-02  0.5518556776E+01  0.1088250482E-01
  0.1987591052E-02  0.5518314107E+01  0.1099218875E-01
  0.2007667730E-02  0.5518068953E+01  0.1110297570E-01
  0.2027947202E-02  0.5517821289E+01  0.1121487672E-01
  0.2048431517E-02  0.5517571088E+01  0.1132790294E-01
  0.2069122744E-02  0.5517318324E+01  0.1144206565E-01
  0.2090022974E-02  0.5517062969E+01  0.1155737620E-01
  0.2111134317E-02  0.5516804996E+01  0.1167384609E-01
  0.2132458906E-02  0.5516544379E+01  0.1179148691E-01
  0.2153998895E-02  0.5516281088E+01  0.1191031038E-01
  0.2175756460E-02  0.5516015095E+01  0.1203032833E-01
  0.2197733798E-02  0.5515746373E+01  0.1215155270E-01
  0.2219933129E-02  0.5515474891E+01  0.1227399557E-01
  0.2242356696E-02  0.5515200622E+01  0.1239766911E-01
  0.2265006764E-02  0.5514923534E+01  0.1252258564E-01
  0.2287885620E-02  0.5514643600E+01  0.1264875758E-01
  0.2310995576E-02  0.5514360787E+01  0.1277619748E-01
  0.2334338965E-02  0.5514075065E+01  0.1290491802E-01
  0.2357918147E-02  0.5513786405E+01  0.1303493200E-01
  0.2381735502E-02  0.5513494773E+01  0.1316625233E-01
  0.2405793436E-02  0.5513200139E+01  0.1329889208E-01
  0.2430094380E-02  0.5512902471E+01  0.1343286443E-01
  0.2454640788E-02  0.5512601736E+01  0.1356818269E-01
  0.2479435139E-02  0.5512297901E+01  0.1370486031E-01
  0.2504479939E-02  0.5511990933E+01  0.1384291086E-01
  0.2529777716E-02  0.5511680799E+01  0.1398234806E-01
  0.2555331026E-02  0.5511367464E+01  0.1412318574E-01
  0.2581142450E-02  0.5511050894E+01  0.1426543790E-01
  0.2607214596E-02  0.5510731055E+01  0.1440911866E-01
  0.2633550097E-02  0.5510407911E+01  0.1455424227E-01
  0.2660151614E-02  0.5510081427E+01  0.1470082313E-01
  0.2687021832E-02  0.5509751565E+01  0.1484887579E-01
  0.2714163467E-02  0.5509418291E+01  0.1499841493E-01
  0.2741579259E-02  0.5509081567E+01  0.1514945538E-01
  0.2769271979E-02  0.5508741356E+01  0.1530201212E-01
  0.2797244423E-02  0.5508397619E+01  0.1545610028E-01
  0.2825499417E-02  0.5508050319E+01  0.1561173511E-01
  0.2854039815E-02  0.5507699416E+01  0.1576893205E-01
  0.2882868500E-02  0.5507344872E+01  0.1592770668E-01
  0.2911988384E-02  0.5506986647E+01  0.1608807470E-01
  0.2941402408E-02  0.5506624700E+01  0.1625005202E-01
  0.2971113544E-02  0.5506258991E+01  0.1641365466E-01
  0.3001124792E-02  0.5505889479E+01  0.1657889882E-01
  0.3031439184E-02  0.5505516122E+01  0.1674580085E-01
  0.3062059781E-02  0.5505138877E+01  0.1691437727E-01
  0.3092989678E-02  0.5504757702E+01  0.1708464475E-01
  0.3124231998E-02  0.5504372554E+01  0.1725662013E-01
  0.3155789897E-02  0.5503983389E+01  0.1743032043E-01
  0.3187666563E-02  0.5503590162E+01  0.1760576280E-01
  0.3219865215E-02  0.5503192828E+01  0.1778296459E-01
  0.3252389106E-02  0.5502791341E+01  0.1796194330E-01
  0.3285241521E-02  0.5502385657E+01  0.1814271662E-01
  0.3318425779E-02  0.5501975727E+01  0.1832530241E-01
  0.3351945231E-02  0.5501561505E+01  0.1850971868E-01
  0.3385803264E-02  0.5501142943E+01  0.1869598364E-01
  0.3420003297E-02  0.5500719991E+01  0.1888411568E-01
  0.3454548785E-02  0.5500292601E+01  0.1907413335E-01
  0.3489443217E-02  0.5499860724E+01  0.1926605540E-01
  0.3524690118E-02  0.5499424308E+01  0.1945990076E-01
  0.3560293049E-02  0.5498983302E+01  0.1965568853E-01
  0.3596255605E-02  0.5498537655E+01  0.1985343801E-01
  0.3632581419E-02  0.5498087314E+01  0.2005316869E-01
  0.3669274160E-02  0.5497632226E+01  0.2025490024E-01
  0.3706337536E-02  0.5497172337E+01  0.2045865252E-01
  0.3743775289E-02  0.5496707592E+01  0.2066444560E-01
  0.3781591201E-02  0.5496237936E+01  0.2087229973E-01
  0.3819789092E-02  0.5495763313E+01  0.2108223536E-01
  0.3858372820E-02  0.5495283666E+01  0.2129427315E-01
  0.3897346283E-02  0.5494798937E+01  0.2150843394E-01
  0.3936713417E-02  0.5494309068E+01  0.2172473878E-01
  0.3976478199E-02  0.5493813999E+01  0.2194320894E-01
  0.4016644645E-02  0.5493313671E+01  0.2216386588E-01
  0.4057216813E-02  0.5492808023E+01  0.2238673127E-01
  0.4098198801E-02  0.5492296992E+01  0.2261182699E-01
  0.4139594749E-02  0.5491780517E+01  0.2283917513E-01
  0.4181408837E-02  0.5491258534E+01  0.2306879802E-01
  0.4223645290E-02  0.5490729908E+01  0.2330071814E-01
  0.4266308374E-02  0.5490194736E+01  0.2353495819E-01
  0.4309402398E-02  0.5489653783E+01  0.2377154112E-01
  0.4352931715E-02  0.5489106980E+01  0.2401049010E-01
  0.4396900722E-02  0.5488554256E+01  0.2425182853E-01
  0.4441313861E-02  0.5487995540E+01  0.2449558004E-01
  0.4486175617E-02  0.5487430760E+01  0.2474176849E-01
  0.4531490522E-02  0.5486859841E+01  0.2499041796E-01
  0.4577263154E-02  0.5486282709E+01  0.2524155277E-01
  0.4623498135E-02  0.5485699288E+01  0.2549519746E-01
  0.4670200136E-02  0.5485109501E+01  0.2575137682E-01
  0.4717373875E-02  0.5484513269E+01  0.2601011588E-01
  0.4765024116E-02  0.5483910515E+01  0.2627143990E-01
  0.4813155673E-02  0.5483301156E+01  0.2653537439E-01
  0.4861773407E-02  0.5482685111E+01  0.2680194509E-01
  0.4910882230E-02  0.5482062297E+01  0.2707117801E-01
  0.4960487101E-02  0.5481432630E+01  0.2734309938E-01
  0.5010593031E-02  0.5480794545E+01  0.2761773568E-01
  0.5061205082E-02  0.5480144367E+01  0.2789511348E-01
  0.5112328365E-02  0.5479486823E+01  0.2817525964E-01
  0.5163968046E-02  0.5478822854E+01  0.2845820145E-01
  0.5216129339E-02  0.5478153909E+01  0.2874396649E-01
  0.5268817514E-02  0.5477477445E+01  0.2903258260E-01
  0.5322037893E-02  0.5476793361E+01  0.2932407782E-01
  0.5375795852E-02  0.5476101561E+01  0.2961848046E-01
  0.5430096820E-02  0.5475401941E+01  0.2991581908E-01
  0.5484946283E-02  0.5474694401E+01  0.3021612253E-01
  0.5540349781E-02  0.5473978835E+01  0.3051941993E-01
  0.5596312910E-02  0.5473255139E+01  0.3082574066E-01
  0.5652841323E-02  0.5472523203E+01  0.3113511440E-01
  0.5709940730E-02  0.5471782920E+01  0.3144757110E-01
  0.5767616899E-02  0.5471033156E+01  0.3176314095E-01
  0.5825875656E-02  0.5470274624E+01  0.3208185444E-01
  0.5884722885E-02  0.5469507361E+01  0.3240374237E-01
  0.5944164530E-02  0.5468731248E+01  0.3272883582E-01
  0.6004206596E-02  0.5467946166E+01  0.3305716617E-01
  0.6064855147E-02  0.5467151835E+01  0.3338876510E-01
  0.6126116310E-02  0.5466346662E+01  0.3372366452E-01
  0.6187996273E-02  0.5465532084E+01  0.3406189664E-01
  0.6250501286E-02  0.5464707971E+01  0.3440349404E-01
  0.6313637663E-02  0.5463874192E+01  0.3474848958E-01
  0.6377411780E-02  0.5463030612E+01  0.3509691644E-01
  0.6441830081E-02  0.5462177095E+01  0.3544880810E-01
  0.6506899072E-02  0.5461312547E+01  0.3580419832E-01
  0.6572625325E-02  0.5460433164E+01  0.3616312103E-01
  0.6639015480E-02  0.5459543220E+01  0.3652561049E-01
  0.6706076242E-02  0.5458642563E+01  0.3689170142E-01
  0.6773814386E-02  0.5457731040E+01  0.3726142887E-01
  0.6842236754E-02  0.5456801070E+01  0.3763482793E-01
  0.6911350256E-02  0.5455856522E+01  0.3801193392E-01
  0.6981161875E-02  0.5454900246E+01  0.3839278272E-01
  0.7051678662E-02  0.5453932067E+01  0.3877741062E-01
  0.7122907739E-02  0.5452951809E+01  0.3916585426E-01
  0.7194856302E-02  0.5451959291E+01  0.3955815060E-01
  0.7267531618E-02  0.5450954332E+01  0.3995433695E-01
  0.7340941029E-02  0.5449937629E+01  0.4035445097E-01
  0.7415091948E-02  0.5448915353E+01  0.4075853096E-01
  0.7489991867E-02  0.5447880377E+01  0.4116661552E-01
  0.7565648350E-02  0.5446832514E+01  0.4157874335E-01
  0.7642069041E-02  0.5445771575E+01  0.4199495351E-01
  0.7719261657E-02  0.5444697369E+01  0.4241528541E-01
  0.7797233997E-02  0.5443609700E+01  0.4283977880E-01
  0.7875993937E-02  0.5442508370E+01  0.4326847380E-01
  0.7955549431E-02  0.5441393178E+01  0.4370141088E-01
  0.8035908516E-02  0.5440264148E+01  0.4413863089E-01
  0.8117079309E-02  0.5439121667E+01  0.4458017508E-01
  0.8199070009E-02  0.5437964758E+01  0.4502608505E-01
  0.8281888898E-02  0.5436793210E+01  0.4547640273E-01
  0.8365544342E-02  0.5435606807E+01  0.4593117046E-01
  0.8450044790E-02  0.5434405332E+01  0.4639043090E-01
  0.8535398777E-02  0.5433188566E+01  0.4685422714E-01
  0.8621614927E-02  0.5431956285E+01  0.4732260262E-01
  0.8708701946E-02  0.5430708261E+01  0.4779560116E-01
  0.8796668632E-02  0.5429444265E+01  0.4827326697E-01
  0.8885523871E-02  0.5428164065E+01  0.4875564466E-01
  0.8975276638E-02  0.5426867424E+01  0.4924277921E-01
  0.9065935997E-02  0.5425554102E+01  0.4973471601E-01
  0.9157511109E-02  0.5424223859E+01  0.5023150082E-01
  0.9250011221E-02  0.5422876448E+01  0.5073317982E-01
  0.9343445678E-02  0.5421511621E+01  0.5123979957E-01
  0.9437823917E-02  0.5420129126E+01  0.5175140705E-01
  0.9533155471E-02  0.5418728709E+01  0.5226804964E-01
  0.9629449971E-02  0.5417331480E+01  0.5278977614E-01
  0.9726717143E-02  0.5415920499E+01  0.5331663602E-01
  0.9824966811E-02  0.5414508181E+01  0.5384867904E-01
  0.9924208900E-02  0.5413083568E+01  0.5438595545E-01
  0.1002445343E-01  0.5411641402E+01  0.5492851520E-01
  0.1012571054E-01  0.5410181448E+01  0.5547640843E-01
  0.1022799044E-01  0.5408707208E+01  0.5602968588E-01
  0.1033130348E-01  0.5407227755E+01  0.5658839941E-01
  0.1043566008E-01  0.5405730362E+01  0.5715260119E-01
  0.1054107079E-01  0.5404214799E+01  0.5772234318E-01
  0.1064754625E-01  0.5402696866E+01  0.5829767864E-01
  0.1075509722E-01  0.5401190439E+01  0.5887866293E-01
  0.1086373457E-01  0.5399694413E+01  0.5946535266E-01
  0.1097346926E-01  0.5398184577E+01  0.6005780362E-01
  0.1108431238E-01  0.5396679316E+01  0.6065607184E-01
  0.1119627514E-01  0.5395163497E+01  0.6126021405E-01
  0.1130936882E-01  0.5393630983E+01  0.6187028633E-01
  0.1142360487E-01  0.5392081567E+01  0.6248634492E-01
  0.1153899482E-01  0.5390515037E+01  0.6310844655E-01
  0.1165555032E-01  0.5388924498E+01  0.6373664805E-01
  0.1177328316E-01  0.5387290631E+01  0.6437100521E-01
  0.1189220521E-01  0.5385631933E+01  0.6501157424E-01
  0.1201232849E-01  0.5383938569E+01  0.6565841233E-01
  0.1213366514E-01  0.5382178955E+01  0.6631157466E-01
  0.1225622742E-01  0.5380397267E+01  0.6697111757E-01
  0.1238002770E-01  0.5378596496E+01  0.6763710077E-01
  0.1250507848E-01  0.5376771247E+01  0.6830958436E-01
  0.1263139240E-01  0.5374863199E+01  0.6898862493E-01
  0.1275898223E-01  0.5372930558E+01  0.6967427948E-01
  0.1288786083E-01  0.5370972996E+01  0.7036660915E-01
  0.1301804125E-01  0.5368990186E+01  0.7106567556E-01
  0.1314953661E-01  0.5366981797E+01  0.7177154085E-01
  0.1328236022E-01  0.5364932008E+01  0.7248426657E-01
  0.1341652547E-01  0.5362853044E+01  0.7320391458E-01
  0.1355204593E-01  0.5360746784E+01  0.7393054817E-01
  0.1368893528E-01  0.5358612870E+01  0.7466423127E-01
  0.1382720736E-01  0.5356431341E+01  0.7540502696E-01
  0.1396687612E-01  0.5354221015E+01  0.7615299873E-01
  0.1410795567E-01  0.5351981562E+01  0.7690821189E-01
  0.1425046028E-01  0.5349712624E+01  0.7767073223E-01
  0.1439440432E-01  0.5347413847E+01  0.7844062605E-01
  0.1453980234E-01  0.5345084875E+01  0.7921796014E-01
  0.1468666903E-01  0.5342719407E+01  0.8000280136E-01
  0.1483501923E-01  0.5340319303E+01  0.8079521678E-01
  0.1498486790E-01  0.5337887771E+01  0.8159527439E-01
  0.1513623021E-01  0.5335424469E+01  0.8240304295E-01
  0.1528912142E-01  0.5332929057E+01  0.8321859171E-01
  0.1544355699E-01  0.5330412311E+01  0.8404199131E-01
  0.1559955252E-01  0.5327865520E+01  0.8487331313E-01
  0.1575712375E-01  0.5325312263E+01  0.8571263034E-01
  0.1591628662E-01  0.5322732371E+01  0.8656001699E-01
  0.1607705719E-01  0.5320119887E+01  0.8741554571E-01
  0.1623945171E-01  0.5317481515E+01  0.8827928978E-01
  0.1640348657E-01  0.5314832828E+01  0.8915132491E-01
  0.1656917836E-01  0.5312151656E+01  0.9003172692E-01
  0.1673654380E-01  0.5309437753E+01  0.9092057040E-01
  0.1690559979E-01  0.5306691105E+01  0.9181793053E-01
  0.1707636343E-01  0.5303911182E+01  0.9272388303E-01
  0.1724885195E-01  0.5301097743E+01  0.9363850418E-01
  0.1742308278E-01  0.5298250554E+01  0.9456187079E-01
  0.1759907351E-01  0.5295362106E+01  0.9549405963E-01
  0.1777684193E-01  0.5292430876E+01  0.9643514724E-01
  0.1795640599E-01  0.5289464992E+01  0.9738521133E-01
  0.1813778383E-01  0.5286464272E+01  0.9834433093E-01
  0.1832099377E-01  0.5283428549E+01  0.9931258563E-01
  0.1850605431E-01  0.5280357673E+01  0.1002900556E+00
  0.1869298415E-01  0.5277251506E+01  0.1012768217E+00
  0.1888180217E-01  0.5274092082E+01  0.1022729637E+00
  0.1907252745E-01  0.5270851599E+01  0.1032785573E+00
  0.1926517924E-01  0.5267505173E+01  0.1042936740E+00
  0.1945977701E-01  0.5264088765E+01  0.1053183863E+00
  0.1965634041E-01  0.5260538027E+01  0.1063527645E+00
  0.1985488931E-01  0.5256926323E+01  0.1073968800E+00
  0.2005544374E-01  0.5253315622E+01  0.1084508178E+00
  0.2025802398E-01  0.5249662476E+01  0.1095146657E+00
  0.2046265049E-01  0.5245966849E+01  0.1105885077E+00
  0.2066934393E-01  0.5242192540E+01  0.1116724246E+00
  0.2087812518E-01  0.5238313790E+01  0.1127664912E+00
  0.2108901533E-01  0.5234389082E+01  0.1138707861E+00
  0.2130203569E-01  0.5230418380E+01  0.1149853947E+00
  0.2151720777E-01  0.5226343326E+01  0.1161103962E+00
  0.2173455330E-01  0.5222215757E+01  0.1172458700E+00
  0.2195409424E-01  0.5218040487E+01  0.1183919019E+00
  0.2217585277E-01  0.5213817606E+01  0.1195485786E+00
  0.2239985128E-01  0.5209547255E+01  0.1207159878E+00
  0.2262611241E-01  0.5205230217E+01  0.1218942174E+00
  0.2285465900E-01  0.5200906362E+01  0.1230833609E+00
  0.2308551414E-01  0.5196622131E+01  0.1242835224E+00
  0.2331870115E-01  0.5192364788E+01  0.1254948108E+00
  0.2355424359E-01  0.5188174761E+01  0.1267173395E+00
  0.2379216524E-01  0.5183946463E+01  0.1279512157E+00
  0.2403249014E-01  0.5179660482E+01  0.1291965321E+00
  0.2427524257E-01  0.5175361523E+01  0.1304533854E+00
  0.2452044704E-01  0.5170921644E+01  0.1317218629E+00
  0.2476812832E-01  0.5166408816E+01  0.1330020445E+00
  0.2501831143E-01  0.5161851134E+01  0.1342940226E+00
  0.2527102165E-01  0.5157248764E+01  0.1355978936E+00
  0.2552628449E-01  0.5152601912E+01  0.1369137545E+00
  0.2578412575E-01  0.5147937130E+01  0.1382417065E+00
  0.2604457147E-01  0.5143326041E+01  0.1395818642E+00
  0.2630764795E-01  0.5138671264E+01  0.1409343400E+00
  0.2657338176E-01  0.5133960703E+01  0.1422992329E+00
  0.2684179976E-01  0.5129171290E+01  0.1436766375E+00
  0.2711292905E-01  0.5124335109E+01  0.1450666505E+00
  0.2738679702E-01  0.5119452365E+01  0.1464693731E+00
  0.2766343134E-01  0.5114540843E+01  0.1478849100E+00
  0.2794285993E-01  0.5109680132E+01  0.1493133798E+00
  0.2822511105E-01  0.5104775815E+01  0.1507549006E+00
  0.2851021318E-01  0.5099828084E+01  0.1522095778E+00
  0.2879819513E-01  0.5094837189E+01  0.1536775176E+00
  0.2908908599E-01  0.5089674779E+01  0.1551588083E+00
  0.2938291514E-01  0.5084462192E+01  0.1566535373E+00
  0.2967971226E-01  0.5079201731E+01  0.1581618104E+00
  0.2997950734E-01  0.5073859956E+01  0.1596837293E+00
  0.3028233064E-01  0.5068475108E+01  0.1612193971E+00
  0.3058821277E-01  0.5063048321E+01  0.1627689230E+00
  0.3089718462E-01  0.5057580868E+01  0.1643324178E+00
  0.3120927739E-01  0.5052154472E+01  0.1659100055E+00
  0.3152452262E-01  0.5046712482E+01  0.1675018152E+00
  0.3184295214E-01  0.5041207221E+01  0.1691079610E+00
  0.3216459812E-01  0.5035681827E+01  0.1707285564E+00
  0.3248949305E-01  0.5030111653E+01  0.1723637190E+00
  0.3281766975E-01  0.5024373835E+01  0.1740135430E+00
  0.3314916136E-01  0.5018589345E+01  0.1756781220E+00
  0.3348400137E-01  0.5012897389E+01  0.1773575936E+00
  0.3382222361E-01  0.5006972914E+01  0.1790520650E+00
  0.3416386223E-01  0.5001011736E+01  0.1807616221E+00
  0.3450895175E-01  0.4995159970E+01  0.1824864091E+00
  0.3485752702E-01  0.4989345470E+01  0.1842265850E+00
  0.3520962325E-01  0.4983553542E+01  0.1859822950E+00
  0.3556527601E-01  0.4977764732E+01  0.1877536802E+00
  0.3592452122E-01  0.4972075005E+01  0.1895408964E+00
  0.3628739518E-01  0.4966490316E+01  0.1913441196E+00
  0.3665393452E-01  0.4960943058E+01  0.1931635171E+00
  0.3702417628E-01  0.4955419699E+01  0.1949992429E+00
  0.3739815786E-01  0.4949925671E+01  0.1968514512E+00
  0.3777591703E-01  0.4944466602E+01  0.1987202999E+00
  0.3815749195E-01  0.4938996005E+01  0.2006059407E+00
  0.3854292116E-01  0.4933493419E+01  0.2025085136E+00
  0.3893224360E-01  0.4927927225E+01  0.2044281497E+00
  0.3932549859E-01  0.4922380986E+01  0.2063649911E+00
  0.3972272585E-01  0.4916887625E+01  0.2083192040E+00
  0.4012396550E-01  0.4911453152E+01  0.2102909640E+00
  0.4052925808E-01  0.4906007359E+01  0.2122804360E+00
  0.4093864453E-01  0.4900629514E+01  0.2142877881E+00
  0.4135216619E-01  0.4895325836E+01  0.2163132079E+00
  0.4176986484E-01  0.4890102457E+01  0.2183568880E+00
  0.4219178266E-01  0.4884965364E+01  0.2204190257E+00
  0.4261796229E-01  0.4880034316E+01  0.2224998476E+00
  0.4304844675E-01  0.4875378705E+01  0.2245996245E+00
  0.4348327955E-01  0.4870843200E+01  0.2267186130E+00
  0.4392250460E-01  0.4866433316E+01  0.2288570409E+00
  0.4436616626E-01  0.4862129497E+01  0.2310151360E+00
  0.4481430935E-01  0.4857913408E+01  0.2331931211E+00
  0.4526697914E-01  0.4853829194E+01  0.2353912273E+00
  0.4572422136E-01  0.4849879161E+01  0.2376096999E+00
  0.4618608218E-01  0.4846050166E+01  0.2398487848E+00
  0.4665260826E-01  0.4842505707E+01  0.2421087668E+00
  0.4712384673E-01  0.4839116522E+01  0.2443899432E+00
  0.4759984518E-01  0.4836138901E+01  0.2466926465E+00
  0.4808065170E-01  0.4833632524E+01  0.2490172911E+00
  0.4856631485E-01  0.4831288177E+01  0.2513642390E+00
  0.4905688368E-01  0.4829074553E+01  0.2537337755E+00
  0.4955240776E-01  0.4826984791E+01  0.2561261804E+00
  0.5005293713E-01  0.4824900257E+01  0.2585417064E+00
  0.5055852235E-01  0.4822691713E+01  0.2609805464E+00
  0.5106921450E-01  0.4820568049E+01  0.2634429149E+00
  0.5158506515E-01  0.4818518481E+01  0.2659290794E+00
  0.5210612641E-01  0.4816531127E+01  0.2684393050E+00
  0.5263245092E-01  0.4814659978E+01  0.2709738709E+00
  0.5316409184E-01  0.4812702531E+01  0.2735330208E+00
  0.5370110287E-01  0.4810500371E+01  0.2761169039E+00
  0.5424353825E-01  0.4807746155E+01  0.2787255425E+00
  0.5479145278E-01  0.4804760100E+01  0.2813589584E+00
  0.5534490180E-01  0.4801721280E+01  0.2840173073E+00
  0.5590394121E-01  0.4798195887E+01  0.2867006733E+00
  0.5646862749E-01  0.4794592234E+01  0.2894091312E+00
  0.5703901766E-01  0.4791094271E+01  0.2921429219E+00
  0.5761516936E-01  0.4787482163E+01  0.2949022784E+00
  0.5819714076E-01  0.4783899085E+01  0.2976874135E+00
  0.5878499067E-01  0.4780745934E+01  0.3004987014E+00
  0.5937877846E-01  0.4777762147E+01  0.3033365640E+00
  0.5997856410E-01  0.4774662775E+01  0.3062012677E+00
  0.6058440818E-01  0.4771393100E+01  0.3090929784E+00
  0.6119637190E-01  0.4767942220E+01  0.3120118420E+00
  0.6181451707E-01  0.4764301466E+01  0.3149579972E+00
  0.6243890613E-01  0.4759375794E+01  0.3179312371E+00
  0.6306960215E-01  0.4753561918E+01  0.3209311231E+00
  0.6370666884E-01  0.4747028111E+01  0.3239573778E+00
  0.6435017054E-01  0.4740514200E+01  0.3270100027E+00
  0.6500017227E-01  0.4734343205E+01  0.3300893395E+00
  0.6565673966E-01  0.4727758406E+01  0.3331955932E+00
  0.6631993905E-01  0.4720949120E+01  0.3363287817E+00
  0.6698983743E-01  0.4713937886E+01  0.3394889894E+00
  0.6766650245E-01  0.4706698297E+01  0.3426762970E+00
  0.6835000248E-01  0.4699630241E+01  0.3458909099E+00
  0.6904040654E-01  0.4692412671E+01  0.3491330622E+00
  0.6973778439E-01  0.4685014620E+01  0.3524028672E+00
  0.7044220645E-01  0.4677684461E+01  0.3557005131E+00
  0.7115374389E-01  0.4670433049E+01  0.3590262809E+00
  0.7187246858E-01  0.4662932163E+01  0.3623803409E+00
  0.7259845311E-01  0.4655103347E+01  0.3657627157E+00
  0.7333177082E-01  0.4647396275E+01  0.3691735595E+00
  0.7407249577E-01  0.4639505866E+01  0.3726130796E+00
  0.7482070280E-01  0.4631108654E+01  0.3760812491E+00
  0.7557646748E-01  0.4622556910E+01  0.3795780459E+00
  0.7633986614E-01  0.4613870833E+01  0.3831035842E+00
  0.7711097590E-01  0.4604970678E+01  0.3866579535E+00
  0.7788987464E-01  0.4595779280E+01  0.3902411798E+00
  0.7867664105E-01  0.4586400847E+01  0.3938532952E+00
  0.7947135460E-01  0.4576917697E+01  0.3974944019E+00
  0.8027409556E-01  0.4567318026E+01  0.4011646282E+00
  0.8108494501E-01  0.4557588022E+01  0.4048640907E+00
  0.8190398485E-01  0.4547480058E+01  0.4085927975E+00
  0.8273129783E-01  0.4536792921E+01  0.4123505660E+00
  0.8356696751E-01  0.4525870342E+01  0.4161372624E+00
  0.8441107829E-01  0.4514085995E+01  0.4199526247E+00
  0.8526371544E-01  0.4502158908E+01  0.4237964174E+00
  0.8612496510E-01  0.4488799419E+01  0.4276681473E+00
  0.8699491424E-01  0.4475089301E+01  0.4315672109E+00
  0.8787365075E-01  0.4461071789E+01  0.4354934764E+00
  0.8876126338E-01  0.4446769442E+01  0.4394468326E+00
  0.8965784180E-01  0.4432186208E+01  0.4434271726E+00
  0.9056347656E-01  0.4418014641E+01  0.4474346974E+00
  0.9147825915E-01  0.4405107670E+01  0.4514703168E+00
  0.9240228197E-01  0.4392343434E+01  0.4555348396E+00
  0.9333563836E-01  0.4378640831E+01  0.4596280666E+00
  0.9427842258E-01  0.4365491905E+01  0.4637499818E+00
  0.9523072988E-01  0.4353544351E+01  0.4679015828E+00
  0.9619265645E-01  0.4342114325E+01  0.4720838753E+00
  0.9716429944E-01  0.4330168816E+01  0.4762970569E+00
  0.9814575701E-01  0.4317490322E+01  0.4805407122E+00
  0.9913712829E-01  0.4303488926E+01  0.4848140078E+00
  0.1001385134E+00  0.4289353742E+01  0.4891163802E+00
  0.1011500136E+00  0.4274647803E+01  0.4934476246E+00
  0.1021717309E+00  0.4258367398E+01  0.4978067893E+00
  0.1032037686E+00  0.4241561093E+01  0.5021929125E+00
  0.1042462309E+00  0.4225528014E+01  0.5066062232E+00
  0.1052992231E+00  0.4209463082E+01  0.5110472132E+00
  0.1063628516E+00  0.4193478222E+01  0.5155160172E+00
  0.1074372239E+00  0.4176883118E+01  0.5200124591E+00
  0.1085224483E+00  0.4159843329E+01  0.5245360689E+00
  0.1096186347E+00  0.4141089571E+01  0.5290857536E+00
  0.1107258936E+00  0.4121726239E+01  0.5336602919E+00
  0.1118443370E+00  0.4101945845E+01  0.5382591477E+00
  0.1129740778E+00  0.4080673285E+01  0.5428812669E+00
  0.1141152301E+00  0.4059075318E+01  0.5475256134E+00
  0.1152679092E+00  0.4037421961E+01  0.5521919449E+00
  0.1164322315E+00  0.4014270426E+01  0.5568793275E+00
  0.1176083146E+00  0.3988989522E+01  0.5615855770E+00
  0.1187962774E+00  0.3963342275E+01  0.5663091141E+00
  0.1199962398E+00  0.3937392843E+01  0.5710494066E+00
  0.1212083230E+00  0.3911015504E+01  0.5758058687E+00
  0.1224326495E+00  0.3884358924E+01  0.5805779104E+00
  0.1236693429E+00  0.3857057014E+01  0.5853647896E+00
  0.1249185282E+00  0.3828694650E+01  0.5901652535E+00
  0.1261803315E+00  0.3801737238E+01  0.5949793056E+00
  0.1274548803E+00  0.3773672296E+01  0.5998069202E+00
  0.1287423034E+00  0.3744262206E+01  0.6046463012E+00
  0.1300427307E+00  0.3714086347E+01  0.6094958213E+00
  0.1313562936E+00  0.3685437613E+01  0.6143556915E+00
  0.1326831249E+00  0.3656496708E+01  0.6192264454E+00
  0.1340233585E+00  0.3626010568E+01  0.6241065758E+00
  0.1353771298E+00  0.3593988293E+01  0.6289936895E+00
  0.1367445755E+00  0.3560855666E+01  0.6338856200E+00
  0.1381258338E+00  0.3526048457E+01  0.6387800427E+00
  0.1395210443E+00  0.3489310935E+01  0.6436739940E+00
  0.1409303478E+00  0.3450589192E+01  0.6485642067E+00
  0.1423538866E+00  0.3409566811E+01  0.6534470560E+00
  0.1437918047E+00  0.3367910228E+01  0.6583197843E+00
  0.1452442472E+00  0.3327112030E+01  0.6631818517E+00
  0.1467113608E+00  0.3286098189E+01  0.6680330170E+00
  0.1481932937E+00  0.3244643229E+01  0.6728720774E+00
  0.1496901957E+00  0.3203644998E+01  0.6776983050E+00
  0.1512022178E+00  0.3162781022E+01  0.6825113937E+00
  0.1527295130E+00  0.3121645041E+01  0.6873104804E+00
  0.1542722353E+00  0.3079351445E+01  0.6920936883E+00
  0.1558305407E+00  0.3039293847E+01  0.6968610473E+00
  0.1574045866E+00  0.2998936695E+01  0.7016132733E+00
  0.1589945319E+00  0.2959978871E+01  0.7063504482E+00
  0.1606005373E+00  0.2925657811E+01  0.7110766303E+00
  0.1622227649E+00  0.2894297038E+01  0.7157972761E+00
  0.1638613787E+00  0.2863832415E+01  0.7205149513E+00
  0.1655165442E+00  0.2833306217E+01  0.7252298048E+00
  0.1671884284E+00  0.2803800333E+01  0.7299420997E+00
  0.1688772004E+00  0.2773555198E+01  0.7346515406E+00
  0.1705830308E+00  0.2745436276E+01  0.7393587721E+00
  0.1723060917E+00  0.2717760139E+01  0.7440654822E+00
  0.1740465572E+00  0.2687453538E+01  0.7487692764E+00
  0.1758046033E+00  0.2655364665E+01  0.7534657365E+00
  0.1775804074E+00  0.2621602583E+01  0.7581511665E+00
  0.1793741488E+00  0.2588595248E+01  0.7628240405E+00
  0.1811860089E+00  0.2555318729E+01  0.7674840667E+00
  0.1830161706E+00  0.2521536338E+01  0.7721297996E+00
  0.1848648188E+00  0.2484938714E+01  0.7767574051E+00
  0.1867321402E+00  0.2447758864E+01  0.7813628710E+00
  0.1886183235E+00  0.2406487480E+01  0.7859408700E+00
  0.1905235591E+00  0.2363554355E+01  0.7904848968E+00
  0.1924480394E+00  0.2320988158E+01  0.7949925519E+00
  0.1943919590E+00  0.2275056743E+01  0.7994597227E+00
  0.1963555142E+00  0.2227035530E+01  0.8038797759E+00
  0.1983389032E+00  0.2176956951E+01  0.8082471911E+00
  0.2003423265E+00  0.2124695217E+01  0.8125562061E+00
  0.2023659863E+00  0.2072637428E+01  0.8168031930E+00
  0.2044100872E+00  0.2021304111E+01  0.8209874077E+00
  0.2064748356E+00  0.1973264058E+01  0.8251112967E+00
  0.2085604400E+00  0.1926907463E+01  0.8291784042E+00
  0.2106671111E+00  0.1881249597E+01  0.8331896714E+00
  0.2127950617E+00  0.1834700269E+01  0.8371433503E+00
  0.2149445068E+00  0.1790802166E+01  0.8410397595E+00
  0.2171156634E+00  0.1748737969E+01  0.8448822075E+00
  0.2193087509E+00  0.1707042643E+01  0.8486716221E+00
  0.2215239908E+00  0.1666526851E+01  0.8524082550E+00
  0.2237616069E+00  0.1627908884E+01  0.8560940962E+00
  0.2260218251E+00  0.1589885513E+01  0.8597305550E+00
  0.2283048739E+00  0.1550386875E+01  0.8633152525E+00
  0.2306109837E+00  0.1510417537E+01  0.8668445280E+00
  0.2329403876E+00  0.1472984848E+01  0.8703193026E+00
  0.2352933208E+00  0.1436675003E+01  0.8737424202E+00
  0.2376700210E+00  0.1397798204E+01  0.8771107668E+00
  0.2400707283E+00  0.1361469249E+01  0.8804228635E+00
  0.2424956851E+00  0.1328552580E+01  0.8836844569E+00
  0.2449451365E+00  0.1300163710E+01  0.8869039133E+00
  0.2474193298E+00  0.1273931766E+01  0.8900883182E+00
  0.2499185149E+00  0.1250613759E+01  0.8932429715E+00
  0.2524429444E+00  0.1232266528E+01  0.8963768996E+00
  0.2549928731E+00  0.1211597136E+01  0.8994927386E+00
  0.2575685587E+00  0.1191841962E+01  0.9025879904E+00
  0.2601702613E+00  0.1174476862E+01  0.9056662193E+00
  0.2627982438E+00  0.1159499678E+01  0.9087330440E+00
  0.2654527715E+00  0.1145268704E+01  0.9117920797E+00
  0.2681341126E+00  0.1132920414E+01  0.9148463808E+00
  0.2708425380E+00  0.1125598344E+01  0.9179048956E+00
  0.2735783212E+00  0.1115118704E+01  0.9209699536E+00
  0.2763417386E+00  0.1106785523E+01  0.9240399780E+00
  0.2791330693E+00  0.1096398881E+01  0.9271148862E+00
  0.2819525952E+00  0.1088199715E+01  0.9301946524E+00
  0.2848006012E+00  0.1083768524E+01  0.9332875417E+00
  0.2876773750E+00  0.1080966401E+01  0.9364012680E+00
  0.2905832071E+00  0.1078493005E+01  0.9395387812E+00
  0.2935183910E+00  0.1076098388E+01  0.9427008422E+00
  0.2964832232E+00  0.1073821009E+01  0.9458879173E+00
  0.2994780032E+00  0.1072867601E+01  0.9491023474E+00
  0.3025030336E+00  0.1072084826E+01  0.9523466205E+00
  0.3055586198E+00  0.1062548495E+01  0.9556078986E+00
  0.3086450705E+00  0.1053069590E+01  0.9588727740E+00
  0.3117626974E+00  0.1045658226E+01  0.9621442992E+00
  0.3149118156E+00  0.1040030002E+01  0.9654283386E+00
  0.3180927430E+00  0.1037566760E+01  0.9687326808E+00
  0.3213058010E+00  0.1047909483E+01  0.9720830589E+00
  0.3245513142E+00  0.1061609125E+01  0.9755062941E+00
  0.3278296103E+00  0.1078674645E+01  0.9790145361E+00
  0.3311410205E+00  0.1101718817E+01  0.9826246247E+00
  0.3344858793E+00  0.1111611903E+01  0.9863262640E+00
  0.3378645245E+00  0.1117675163E+01  0.9900922491E+00
  0.3412772975E+00  0.1129834440E+01  0.9939273691E+00
  0.3447245429E+00  0.1139584099E+01  0.9978389904E+00
  0.3482066090E+00  0.1146293041E+01  0.1001818778E+01
  0.3517238475E+00  0.1147962391E+01  0.1005853500E+01
  0.3552766136E+00  0.1145567321E+01  0.1009927687E+01
  0.3588652663E+00  0.1140298830E+01  0.1014029277E+01
  0.3624901680E+00  0.1130330151E+01  0.1018144680E+01
  0.3661516848E+00  0.1117110139E+01  0.1022259201E+01
  0.3698501867E+00  0.1096440887E+01  0.1026352612E+01
  0.3735860472E+00  0.1069290434E+01  0.1030398047E+01
  0.3773596436E+00  0.1032659467E+01  0.1034364002E+01
  0.3811713572E+00  0.9872971150E+00  0.1038213750E+01
  0.3850215729E+00  0.9394121824E+00  0.1041922873E+01
  0.3889106797E+00  0.8991132677E+00  0.1045497984E+01
  0.3928390704E+00  0.8589063409E+00  0.1048951078E+01
  0.3968071418E+00  0.8228872892E+00  0.1052287817E+01
  0.4008152948E+00  0.7938132872E+00  0.1055527809E+01
  0.4048639341E+00  0.7686869105E+00  0.1058690808E+01
  0.4089534688E+00  0.7451572845E+00  0.1061786268E+01
  0.4130843119E+00  0.7144062443E+00  0.1064800882E+01
  0.4172568807E+00  0.6830392930E+00  0.1067716350E+01
  0.4214715967E+00  0.6545963125E+00  0.1070535227E+01
  0.4257288855E+00  0.6242123701E+00  0.1073257356E+01
  0.4300291773E+00  0.5935493139E+00  0.1075875722E+01
  0.4343729064E+00  0.5554273208E+00  0.1078371143E+01
  0.4387605115E+00  0.5114764246E+00  0.1080711719E+01
  0.4431924359E+00  0.4686384445E+00  0.1082883617E+01
  0.4476691271E+00  0.4237523218E+00  0.1084881096E+01
  0.4521910375E+00  0.3798024402E+00  0.1086697897E+01
  0.4567586237E+00  0.3351733812E+00  0.1088330754E+01
  0.4613723472E+00  0.2901504159E+00  0.1089773290E+01
  0.4660326740E+00  0.2416741004E+00  0.1091012528E+01
  0.4707400747E+00  0.1858744881E+00  0.1092018849E+01
  0.4754950250E+00  0.1198484756E+00  0.1092745698E+01
  0.4802980050E+00  0.4863449691E-01  0.1093150308E+01
  0.4851495000E+00 -0.1773587382E-01  0.1093225260E+01
  0.4900500000E+00 -0.8805345655E-01  0.1092966050E+01
  0.4950000000E+00 -0.1537474285E+00  0.1092367593E+01
  0.5000000000E+00 -0.2195039586E+00  0.1091434202E+01
  0.5050000000E+00 -0.2811531866E+00  0.1090182559E+01
  0.5099500000E+00 -0.3367655835E+00  0.1088653210E+01
  0.5148505000E+00 -0.3828704639E+00  0.1086889922E+01
  0.5197019950E+00 -0.4207865394E+00  0.1084940453E+01
  0.5245049750E+00 -0.4557036456E+00  0.1082835571E+01
  0.5292599253E+00 -0.4852038546E+00  0.1080598586E+01
  0.5339673260E+00 -0.5119079670E+00  0.1078251684E+01
  0.5386276528E+00 -0.5355836767E+00  0.1075810857E+01
  0.5432413763E+00 -0.5645141631E+00  0.1073273084E+01
  0.5478089625E+00 -0.5929756807E+00  0.1070629616E+01
  0.5523308729E+00 -0.6146664152E+00  0.1067899192E+01
  0.5568075641E+00 -0.6419433184E+00  0.1065086465E+01
  0.5612394885E+00 -0.6737220197E+00  0.1062171000E+01
  0.5656270936E+00 -0.7155165212E+00  0.1059123285E+01
  0.5699708227E+00 -0.7611847983E+00  0.1055916090E+01
  0.5742711145E+00 -0.8092087168E+00  0.1052539515E+01
  0.5785284033E+00 -0.8588897232E+00  0.1048988726E+01
  0.5827431193E+00 -0.9030894469E+00  0.1045275605E+01
  0.5869156881E+00 -0.9493000318E+00  0.1041410994E+01
  0.5910465312E+00 -0.1002261191E+01  0.1037380197E+01
  0.5951360659E+00 -0.1052670113E+01  0.1033178341E+01
  0.5991847052E+00 -0.1100695245E+01  0.1028819241E+01
  0.6031928582E+00 -0.1144775780E+01  0.1024319145E+01
  0.6071609296E+00 -0.1180147020E+01  0.1019706416E+01
  0.6110893203E+00 -0.1205659441E+01  0.1015020226E+01
  0.6149784271E+00 -0.1229566710E+01  0.1010284798E+01
  0.6188286428E+00 -0.1253412064E+01  0.1005504796E+01
  0.6226403564E+00 -0.1273785703E+01  0.1000688319E+01
  0.6264139528E+00 -0.1288946231E+01  0.9958529614E+00
  0.6301498133E+00 -0.1305632373E+01  0.9910064695E+00
  0.6338483152E+00 -0.1323656104E+01  0.9861442554E+00
  0.6375098320E+00 -0.1336042367E+01  0.9812749900E+00
  0.6411347337E+00 -0.1344308662E+01  0.9764169855E+00
  0.6447233864E+00 -0.1352728655E+01  0.9715776204E+00
  0.6482761525E+00 -0.1359963143E+01  0.9667588407E+00
  0.6517933910E+00 -0.1364742567E+01  0.9619671208E+00
  0.6552754571E+00 -0.1362476979E+01  0.9572189414E+00
  0.6587227025E+00 -0.1361297757E+01  0.9525241814E+00
  0.6621354755E+00 -0.1360554299E+01  0.9478796499E+00
  0.6655141207E+00 -0.1360185049E+01  0.9432834433E+00
  0.6688589795E+00 -0.1361346682E+01  0.9387318737E+00
  0.6721703897E+00 -0.1368671481E+01  0.9342117686E+00
  0.6754486858E+00 -0.1374524351E+01  0.9297152645E+00
  0.6786941990E+00 -0.1379904306E+01  0.9252454973E+00
  0.6819072570E+00 -0.1386829857E+01  0.9208006587E+00
  0.6850881844E+00 -0.1393058231E+01  0.9163793475E+00
  0.6882373026E+00 -0.1393818700E+01  0.9119912452E+00
  0.6913549295E+00 -0.1392980988E+01  0.9076471442E+00
  0.6944413802E+00 -0.1395146888E+01  0.9033444346E+00
  0.6974969664E+00 -0.1392505316E+01  0.8990854788E+00
  0.7005219968E+00 -0.1384328234E+01  0.8948854759E+00
  0.7035167768E+00 -0.1380599170E+01  0.8907453012E+00
  0.7064816090E+00 -0.1380973873E+01  0.8866515009E+00
  0.7094167929E+00 -0.1383054103E+01  0.8825950356E+00
  0.7123226250E+00 -0.1385162056E+01  0.8785730500E+00
  0.7151993988E+00 -0.1386755740E+01  0.8745859598E+00
  0.7180474048E+00 -0.1386856663E+01  0.8706363274E+00
  0.7208669307E+00 -0.1386659029E+01  0.8667263277E+00
  0.7236582614E+00 -0.1383403050E+01  0.8628602480E+00
  0.7264216788E+00 -0.1382408189E+01  0.8590387026E+00
  0.7291574620E+00 -0.1383752492E+01  0.8552548946E+00
  0.7318658874E+00 -0.1385956641E+01  0.8515041194E+00
  0.7345472285E+00 -0.1394481213E+01  0.8477764682E+00
  0.7372017562E+00 -0.1407815317E+01  0.8440570813E+00
  0.7398297387E+00 -0.1425709729E+01  0.8403338543E+00
  0.7424314413E+00 -0.1447039342E+01  0.8365968349E+00
  0.7450071269E+00 -0.1471055214E+01  0.8328387878E+00
  0.7475570556E+00 -0.1499320364E+01  0.8290516648E+00
  0.7500814851E+00 -0.1526324292E+01  0.8252326516E+00
  0.7525806702E+00 -0.1551930879E+01  0.8213860868E+00
  0.7550548635E+00 -0.1580798130E+01  0.8175105982E+00
  0.7575043149E+00 -0.1609863816E+01  0.8136029126E+00
  0.7599292717E+00 -0.1636871975E+01  0.8096663155E+00
  0.7623299790E+00 -0.1656463425E+01  0.8057131483E+00
  0.7647066792E+00 -0.1676503792E+01  0.8017524164E+00
  0.7670596124E+00 -0.1697753310E+01  0.7977827156E+00
  0.7693890163E+00 -0.1720891328E+01  0.7938010136E+00
  0.7716951261E+00 -0.1745189287E+01  0.7898044323E+00
  0.7739781749E+00 -0.1773088938E+01  0.7857882319E+00
  0.7762383931E+00 -0.1806956807E+01  0.7817423896E+00
  0.7784760092E+00 -0.1844765313E+01  0.7776568135E+00
  0.7806912491E+00 -0.1881046161E+01  0.7735300304E+00
  0.7828843366E+00 -0.1918425884E+01  0.7693637431E+00
  0.7850554932E+00 -0.1955466585E+01  0.7651583294E+00
  0.7872049383E+00 -0.2000894606E+01  0.7609063389E+00
  0.7893328889E+00 -0.2047672846E+01  0.7565987631E+00
  0.7914395600E+00 -0.2095460202E+01  0.7522346537E+00
  0.7935251644E+00 -0.2143726508E+01  0.7478140205E+00
  0.7955899128E+00 -0.2191562726E+01  0.7433383798E+00
  0.7976340137E+00 -0.2235478352E+01  0.7388137206E+00
  0.7996576735E+00 -0.2274113435E+01  0.7342507806E+00
  0.8016610968E+00 -0.2307818704E+01  0.7296610059E+00
  0.8036444858E+00 -0.2339682584E+01  0.7250521043E+00
  0.8056080410E+00 -0.2369938490E+01  0.7204283040E+00
  0.8075519606E+00 -0.2397407998E+01  0.7157946349E+00
  0.8094764409E+00 -0.2424906174E+01  0.7111544104E+00
  0.8113816765E+00 -0.2450717000E+01  0.7065098050E+00
  0.8132678598E+00 -0.2476366889E+01  0.7018631134E+00
  0.8151351812E+00 -0.2502280846E+01  0.6972147457E+00
  0.8169838294E+00 -0.2530095252E+01  0.6925631992E+00
  0.8188139911E+00 -0.2559127484E+01  0.6879061489E+00
  0.8206258512E+00 -0.2587793845E+01  0.6832433983E+00
  0.8224195926E+00 -0.2613010942E+01  0.6785789486E+00
  0.8241953967E+00 -0.2634444513E+01  0.6739197222E+00
  0.8259534428E+00 -0.2654442649E+01  0.6692706687E+00
  0.8276939083E+00 -0.2673600573E+01  0.6646340308E+00
  0.8294169692E+00 -0.2691407313E+01  0.6600119131E+00
  0.8311227996E+00 -0.2708891969E+01  0.6554059160E+00
  0.8328115716E+00 -0.2729254933E+01  0.6508140209E+00
  0.8344834558E+00 -0.2748863528E+01  0.6462346308E+00
  0.8361386213E+00 -0.2766291152E+01  0.6416703841E+00
  0.8377772351E+00 -0.2784246920E+01  0.6371227900E+00
  0.8393994627E+00 -0.2802027109E+01  0.6325916859E+00
  0.8410054681E+00 -0.2820564207E+01  0.6280767299E+00
  0.8425954134E+00 -0.2842629470E+01  0.6235746458E+00
  0.8441694593E+00 -0.2866111008E+01  0.6190817361E+00
  0.8457277647E+00 -0.2891649920E+01  0.6145955611E+00
  0.8472704870E+00 -0.2917716942E+01  0.6101144411E+00
  0.8487977822E+00 -0.2944042730E+01  0.6056381226E+00
  0.8503098043E+00 -0.2969358898E+01  0.6011675254E+00
  0.8518067063E+00 -0.2993247147E+01  0.5967048070E+00
  0.8532886392E+00 -0.3016566449E+01  0.5922517367E+00
  0.8547557528E+00 -0.3039157623E+01  0.5878095191E+00
  0.8562081953E+00 -0.3060386929E+01  0.5833799003E+00
  0.8576461134E+00 -0.3079436917E+01  0.5789656185E+00
  0.8590696522E+00 -0.3096089578E+01  0.5745700676E+00
  0.8604789557E+00 -0.3111862443E+01  0.5701956234E+00
  0.8618741662E+00 -0.3126752541E+01  0.5658435330E+00
  0.8632554245E+00 -0.3141427374E+01  0.5615145451E+00
  0.8646228702E+00 -0.3156091454E+01  0.5572087874E+00
  0.8659766415E+00 -0.3171849834E+01  0.5529254948E+00
  0.8673168751E+00 -0.3188720788E+01  0.5486631696E+00
  0.8686437064E+00 -0.3205270988E+01  0.5444212955E+00
  0.8699572693E+00 -0.3221605131E+01  0.5402002424E+00
  0.8712576966E+00 -0.3237654074E+01  0.5360003439E+00
  0.8725451197E+00 -0.3254423539E+01  0.5318213187E+00
  0.8738196685E+00 -0.3272198473E+01  0.5276620696E+00
  0.8750814718E+00 -0.3289260264E+01  0.5235224344E+00
  0.8763306571E+00 -0.3307214666E+01  0.5194023247E+00
  0.8775673505E+00 -0.3325415603E+01  0.5153010596E+00
  0.8787916770E+00 -0.3343331389E+01  0.5112186978E+00
  0.8800037602E+00 -0.3362108754E+01  0.5071549220E+00
  0.8812037226E+00 -0.3380239834E+01  0.5031096396E+00
  0.8823916854E+00 -0.3397500008E+01  0.4990837883E+00
  0.8835677685E+00 -0.3413859600E+01  0.4950784257E+00
  0.8847320908E+00 -0.3430199771E+01  0.4910940801E+00
  0.8858847699E+00 -0.3445148379E+01  0.4871315451E+00
  0.8870259222E+00 -0.3458640667E+01  0.4831924077E+00
  0.8881556630E+00 -0.3471217565E+01  0.4792779360E+00
  0.8892741064E+00 -0.3483799591E+01  0.4753885396E+00
  0.8903813653E+00 -0.3495652601E+01  0.4715245092E+00
  0.8914775517E+00 -0.3507461105E+01  0.4676861504E+00
  0.8925627761E+00 -0.3518064536E+01  0.4638740142E+00
  0.8936371484E+00 -0.3528083252E+01  0.4600889214E+00
  0.8947007769E+00 -0.3537986555E+01  0.4563310847E+00
  0.8957537691E+00 -0.3548593020E+01  0.4526000281E+00
  0.8967962314E+00 -0.3559067355E+01  0.4488952941E+00
  0.8978282691E+00 -0.3569583682E+01  0.4452167758E+00
  0.8988499864E+00 -0.3579645804E+01  0.4415645301E+00
  0.8998614866E+00 -0.3589487406E+01  0.4379387404E+00
  0.9008628717E+00 -0.3598941394E+01  0.4343395476E+00
  0.9018542430E+00 -0.3607615572E+01  0.4307673608E+00
  0.9028357006E+00 -0.3615842493E+01  0.4272226020E+00
  0.9038073436E+00 -0.3624371565E+01  0.4237051503E+00
  0.9047692701E+00 -0.3632899658E+01  0.4202146693E+00
  0.9057215774E+00 -0.3641014145E+01  0.4167511687E+00
  0.9066643616E+00 -0.3648556658E+01  0.4133149226E+00
  0.9075977180E+00 -0.3655889354E+01  0.4099060969E+00
  0.9085217408E+00 -0.3662885751E+01  0.4065247393E+00
  0.9094365234E+00 -0.3669282835E+01  0.4031710692E+00
  0.9103421582E+00 -0.3675108085E+01  0.3998454013E+00
  0.9112387366E+00 -0.3680470901E+01  0.3965479746E+00
  0.9121263493E+00 -0.3685688624E+01  0.3932788265E+00
  0.9130050858E+00 -0.3691432906E+01  0.3900375535E+00
  0.9138750349E+00 -0.3697281183E+01  0.3868236508E+00
  0.9147362846E+00 -0.3703801387E+01  0.3836365609E+00
  0.9155889217E+00 -0.3709875558E+01  0.3804759727E+00
  0.9164330325E+00 -0.3715578456E+01  0.3773420198E+00
  0.9172687022E+00 -0.3721047228E+01  0.3742347385E+00
  0.9180960151E+00 -0.3726714937E+01  0.3711539233E+00
  0.9189150550E+00 -0.3732481667E+01  0.3680992337E+00
  0.9197259044E+00 -0.3738156637E+01  0.3650704522E+00
  0.9205286454E+00 -0.3743992830E+01  0.3620673383E+00
  0.9213233589E+00 -0.3750040975E+01  0.3590895332E+00
  0.9221101254E+00 -0.3755863550E+01  0.3561368365E+00
  0.9228890241E+00 -0.3762274002E+01  0.3532089025E+00
  0.9236601339E+00 -0.3769284742E+01  0.3503050733E+00
  0.9244235325E+00 -0.3776751140E+01  0.3474247564E+00
  0.9251792972E+00 -0.3784792228E+01  0.3445673827E+00
  0.9259275042E+00 -0.3793465514E+01  0.3417323299E+00
  0.9266682292E+00 -0.3802517017E+01  0.3389190630E+00
  0.9274015469E+00 -0.3811950394E+01  0.3361271511E+00
  0.9281275314E+00 -0.3821852634E+01  0.3333561396E+00
  0.9288462561E+00 -0.3832260341E+01  0.3306055397E+00
  0.9295577935E+00 -0.3843009444E+01  0.3278749187E+00
  0.9302622156E+00 -0.3854080165E+01  0.3251639189E+00
  0.9309595935E+00 -0.3865449622E+01  0.3224722044E+00
  0.9316499975E+00 -0.3877298919E+01  0.3197993918E+00
  0.9323334975E+00 -0.3890250300E+01  0.3171448318E+00
  0.9330101626E+00 -0.3903989129E+01  0.3145077872E+00
  0.9336800609E+00 -0.3917754632E+01  0.3118879005E+00
  0.9343432603E+00 -0.3931421786E+01  0.3092851159E+00
  0.9349998277E+00 -0.3945142027E+01  0.3066993684E+00
  0.9356498295E+00 -0.3958884342E+01  0.3041305531E+00
  0.9362933312E+00 -0.3972619120E+01  0.3015785851E+00
  0.9369303978E+00 -0.3986318435E+01  0.2990433981E+00
  0.9375610939E+00 -0.3999865202E+01  0.2965249709E+00
  0.9381854829E+00 -0.4013508304E+01  0.2940232396E+00
  0.9388036281E+00 -0.4027321512E+01  0.2915380395E+00
  0.9394155918E+00 -0.4041000736E+01  0.2890692793E+00
  0.9400214359E+00 -0.4054530103E+01  0.2866169645E+00
  0.9406212215E+00 -0.4067895988E+01  0.2841811073E+00
  0.9412150093E+00 -0.4080978449E+01  0.2817617562E+00
  0.9418028592E+00 -0.4093680927E+01  0.2793590198E+00
  0.9423848306E+00 -0.4106204970E+01  0.2769729703E+00
  0.9429609823E+00 -0.4118545395E+01  0.2746036183E+00
  0.9435313725E+00 -0.4130698800E+01  0.2722509744E+00
  0.9440960588E+00 -0.4142876549E+01  0.2699149872E+00
  0.9446550982E+00 -0.4154968450E+01  0.2675955760E+00
  0.9452085472E+00 -0.4167043239E+01  0.2652926714E+00
  0.9457564617E+00 -0.4178925825E+01  0.2630062326E+00
  0.9462988971E+00 -0.4190653032E+01  0.2607362547E+00
  0.9468359082E+00 -0.4202735954E+01  0.2584825835E+00
  0.9473675491E+00 -0.4214659039E+01  0.2562450677E+00
  0.9478938736E+00 -0.4226714647E+01  0.2540236167E+00
  0.9484149348E+00 -0.4238303882E+01  0.2518182201E+00
  0.9489307855E+00 -0.4249956272E+01  0.2496288828E+00
  0.9494414776E+00 -0.4261401870E+01  0.2474555410E+00
  0.9499470629E+00 -0.4272538904E+01  0.2452982238E+00
  0.9504475922E+00 -0.4283877730E+01  0.2431568549E+00
  0.9509431163E+00 -0.4295100806E+01  0.2410313097E+00
  0.9514336852E+00 -0.4306224570E+01  0.2389215386E+00
  0.9519193483E+00 -0.4317231738E+01  0.2368274911E+00
  0.9524001548E+00 -0.4328114500E+01  0.2347491217E+00
  0.9528761533E+00 -0.4338865002E+01  0.2326863873E+00
  0.9533473917E+00 -0.4349626476E+01  0.2306392116E+00
  0.9538139178E+00 -0.4360093954E+01  0.2286075557E+00
  0.9542757786E+00 -0.4370278069E+01  0.2265914473E+00
  0.9547330209E+00 -0.4380351736E+01  0.2245908686E+00
  0.9551856906E+00 -0.4390324704E+01  0.2226057585E+00
  0.9556338337E+00 -0.4400137917E+01  0.2206360659E+00
  0.9560774954E+00 -0.4409750971E+01  0.2186817610E+00
  0.9565167205E+00 -0.4419344292E+01  0.2167427811E+00
  0.9569515532E+00 -0.4429147326E+01  0.2148189739E+00
  0.9573820377E+00 -0.4438859477E+01  0.2129102043E+00
  0.9578082173E+00 -0.4448530269E+01  0.2110163921E+00
  0.9582301352E+00 -0.4458167220E+01  0.2091374449E+00
  0.9586478338E+00 -0.4467686578E+01  0.2072732864E+00
  0.9590613555E+00 -0.4476785470E+01  0.2054239199E+00
  0.9594707419E+00 -0.4485743352E+01  0.2035893510E+00
  0.9598760345E+00 -0.4494679810E+01  0.2017695015E+00
  0.9602772742E+00 -0.4503599034E+01  0.1999642684E+00
  0.9606745014E+00 -0.4512460777E+01  0.1981735560E+00
  0.9610677564E+00 -0.4521501405E+01  0.1963972307E+00
  0.9614570788E+00 -0.4530566475E+01  0.1946351441E+00
  0.9618425080E+00 -0.4539622857E+01  0.1928871862E+00
  0.9622240830E+00 -0.4548774567E+01  0.1911532339E+00
  0.9626018421E+00 -0.4557998256E+01  0.1894331504E+00
  0.9629758237E+00 -0.4567220232E+01  0.1877268186E+00
  0.9633460655E+00 -0.4576446177E+01  0.1860341350E+00
  0.9637126048E+00 -0.4585784000E+01  0.1843549761E+00
  0.9640754788E+00 -0.4595102857E+01  0.1826892238E+00
  0.9644347240E+00 -0.4604309220E+01  0.1810368014E+00
  0.9647903767E+00 -0.4613524997E+01  0.1793976273E+00
  0.9651424730E+00 -0.4622398834E+01  0.1777716603E+00
  0.9654910483E+00 -0.4631391112E+01  0.1761588391E+00
  0.9658361378E+00 -0.4640486166E+01  0.1745590253E+00
  0.9661777764E+00 -0.4649570894E+01  0.1729721042E+00
  0.9665159986E+00 -0.4658680879E+01  0.1713979753E+00
  0.9668508386E+00 -0.4667619275E+01  0.1698365661E+00
  0.9671823303E+00 -0.4676488211E+01  0.1682878194E+00
  0.9675105070E+00 -0.4685497041E+01  0.1667516267E+00
  0.9678354019E+00 -0.4694450595E+01  0.1652278780E+00
  0.9681570479E+00 -0.4703360933E+01  0.1637164939E+00
  0.9684754774E+00 -0.4712204821E+01  0.1622173968E+00
  0.9687907226E+00 -0.4720985120E+01  0.1607305128E+00
  0.9691028154E+00 -0.4729699527E+01  0.1592557676E+00
  0.9694117872E+00 -0.4738394201E+01  0.1577930804E+00
  0.9697176694E+00 -0.4747033490E+01  0.1563423690E+00
  0.9700204927E+00 -0.4755515778E+01  0.1549035723E+00
  0.9703202877E+00 -0.4763923648E+01  0.1534766318E+00
  0.9706170849E+00 -0.4772154732E+01  0.1520614914E+00
  0.9709109140E+00 -0.4780427534E+01  0.1506580779E+00
  0.9712018049E+00 -0.4788660676E+01  0.1492662977E+00
  0.9714897868E+00 -0.4796810306E+01  0.1478860764E+00
  0.9717748890E+00 -0.4804874793E+01  0.1465173460E+00
  0.9720571401E+00 -0.4812852663E+01  0.1451600388E+00
  0.9723365687E+00 -0.4820777224E+01  0.1438140830E+00
  0.9726132030E+00 -0.4828626378E+01  0.1424794049E+00
  0.9728870709E+00 -0.4836385866E+01  0.1411559363E+00
  0.9731582002E+00 -0.4844136311E+01  0.1398435997E+00
  0.9734266182E+00 -0.4851918182E+01  0.1385423020E+00
  0.9736923521E+00 -0.4859837987E+01  0.1372519309E+00
  0.9739554285E+00 -0.4867749147E+01  0.1359723812E+00
  0.9742158742E+00 -0.4875762872E+01  0.1347035533E+00
  0.9744737155E+00 -0.4883828639E+01  0.1334453406E+00
  0.9747289784E+00 -0.4891826124E+01  0.1321976599E+00
  0.9749816886E+00 -0.4899765490E+01  0.1309604422E+00
  0.9752318717E+00 -0.4907553149E+01  0.1297336295E+00
  0.9754795530E+00 -0.4915221835E+01  0.1285171707E+00
  0.9757247574E+00 -0.4922773132E+01  0.1273110106E+00
  0.9759675099E+00 -0.4930256638E+01  0.1261150871E+00
  0.9762078348E+00 -0.4937658878E+01  0.1249293342E+00
  0.9764457564E+00 -0.4944942893E+01  0.1237536917E+00
  0.9766812989E+00 -0.4952111478E+01  0.1225881036E+00
  0.9769144859E+00 -0.4959212614E+01  0.1214325076E+00
  0.9771453410E+00 -0.4966197592E+01  0.1202868416E+00
  0.9773738876E+00 -0.4973125921E+01  0.1191510423E+00
  0.9776001487E+00 -0.4979996636E+01  0.1180250400E+00
  0.9778241472E+00 -0.4986753273E+01  0.1169087714E+00
  0.9780459058E+00 -0.4993397484E+01  0.1158021796E+00
  0.9782654467E+00 -0.4999930969E+01  0.1147052073E+00
  0.9784827922E+00 -0.5006355480E+01  0.1136177964E+00
  0.9786979643E+00 -0.5012714254E+01  0.1125398844E+00
  0.9789109847E+00 -0.5019019208E+01  0.1114714027E+00
  0.9791218748E+00 -0.5025197845E+01  0.1104122894E+00
  0.9793306561E+00 -0.5031251369E+01  0.1093624904E+00
  0.9795373495E+00 -0.5037334894E+01  0.1083219351E+00
  0.9797419760E+00 -0.5043337857E+01  0.1072905486E+00
  0.9799445563E+00 -0.5049218646E+01  0.1062682724E+00
  0.9801451107E+00 -0.5054975914E+01  0.1052550519E+00
  0.9803436596E+00 -0.5060665779E+01  0.1042508271E+00
  0.9805402230E+00 -0.5066264863E+01  0.1032555351E+00
  0.9807348208E+00 -0.5071774871E+01  0.1022691152E+00
  0.9809274726E+00 -0.5077197504E+01  0.1012915063E+00
  0.9811181978E+00 -0.5082525136E+01  0.1003226484E+00
  0.9813070158E+00 -0.5087649203E+01  0.9936249228E-01
  0.9814939457E+00 -0.5092691582E+01  0.9841098753E-01
  0.9816790062E+00 -0.5097655221E+01  0.9746807198E-01
  0.9818622162E+00 -0.5102528704E+01  0.9653368445E-01
  0.9820435940E+00 -0.5107248858E+01  0.9560777076E-01
  0.9822231581E+00 -0.5111895289E+01  0.9469027525E-01
  0.9824009265E+00 -0.5116424337E+01  0.9378113914E-01
  0.9825769172E+00 -0.5120862066E+01  0.9288030536E-01
  0.9827511481E+00 -0.5125230251E+01  0.9198771279E-01
  0.9829236366E+00 -0.5129537287E+01  0.9110329796E-01
  0.9830944002E+00 -0.5133784550E+01  0.9022699689E-01
  0.9832634562E+00 -0.5137973386E+01  0.8935874574E-01
  0.9834308216E+00 -0.5142105112E+01  0.8849848082E-01
  0.9835965134E+00 -0.5146181018E+01  0.8764613858E-01
  0.9837605483E+00 -0.5150202359E+01  0.8680165565E-01
  0.9839229428E+00 -0.5154170364E+01  0.8596496884E-01
  0.9840837134E+00 -0.5158086230E+01  0.8513601514E-01
  0.9842428762E+00 -0.5161951125E+01  0.8431473178E-01
  0.9844004475E+00 -0.5165720588E+01  0.8350105977E-01
  0.9845564430E+00 -0.5169407342E+01  0.8269494292E-01
  0.9847108786E+00 -0.5173048335E+01  0.8189632140E-01
  0.9848637698E+00 -0.5176644613E+01  0.8110513284E-01
  0.9850151321E+00 -0.5180212455E+01  0.8032131397E-01
  0.9851649808E+00 -0.5183754691E+01  0.7954480058E-01
  0.9853133310E+00 -0.5187262321E+01  0.7877552940E-01
  0.9854601977E+00 -0.5190754114E+01  0.7801343693E-01
  0.9856055957E+00 -0.5194204434E+01  0.7725846071E-01
  0.9857495397E+00 -0.5197614146E+01  0.7651054052E-01
  0.9858920443E+00 -0.5200984087E+01  0.7576961646E-01
  0.9860331239E+00 -0.5204335966E+01  0.7503562749E-01
  0.9861727926E+00 -0.5207654585E+01  0.7430851258E-01
  0.9863110647E+00 -0.5210938072E+01  0.7358821238E-01
  0.9864479541E+00 -0.5214189231E+01  0.7287466791E-01
  0.9865834745E+00 -0.5217427075E+01  0.7216781920E-01
  0.9867176398E+00 -0.5220649764E+01  0.7146760558E-01
  0.9868504634E+00 -0.5223844449E+01  0.7077396791E-01
  0.9869819588E+00 -0.5227002006E+01  0.7008684897E-01
  0.9871121392E+00 -0.5230127608E+01  0.6940619224E-01
  0.9872410178E+00 -0.5233263217E+01  0.6873193862E-01
  0.9873686076E+00 -0.5236368278E+01  0.6806402941E-01
  0.9874949215E+00 -0.5239437409E+01  0.6740240935E-01
  0.9876199723E+00 -0.5242471269E+01  0.6674702389E-01
  0.9877437726E+00 -0.5245512157E+01  0.6609781627E-01
  0.9878663349E+00 -0.5248500609E+01  0.6545473123E-01
  0.9879876715E+00 -0.5251423614E+01  0.6481771841E-01
  0.9881077948E+00 -0.5254314275E+01  0.6418672654E-01
  0.9882267168E+00 -0.5257173138E+01  0.6356170271E-01
  0.9883444497E+00 -0.5260000734E+01  0.6294259438E-01
  0.9884610052E+00 -0.5262797577E+01  0.6232934935E-01
  0.9885763951E+00 -0.5265564169E+01  0.6172191579E-01
  0.9886906312E+00 -0.5268300995E+01  0.6112024223E-01
  0.9888037249E+00 -0.5271008529E+01  0.6052427753E-01
  0.9889156876E+00 -0.5273687230E+01  0.5993397096E-01
  0.9890265307E+00 -0.5276337543E+01  0.5934927211E-01
  0.9891362654E+00 -0.5278959902E+01  0.5877013095E-01
  0.9892449028E+00 -0.5281554729E+01  0.5819649781E-01
  0.9893524538E+00 -0.5284122435E+01  0.5762832338E-01
  0.9894589292E+00 -0.5286663417E+01  0.5706555873E-01
  0.9895643399E+00 -0.5289152639E+01  0.5650815660E-01
  0.9896686965E+00 -0.5291612645E+01  0.5595607025E-01
  0.9897720096E+00 -0.5294047902E+01  0.5540925189E-01
  0.9898742895E+00 -0.5296458753E+01  0.5486765389E-01
  0.9899755466E+00 -0.5298823350E+01  0.5433123009E-01
  0.9900757911E+00 -0.5301160449E+01  0.5379993487E-01
  0.9901750332E+00 -0.5303474894E+01  0.5327372179E-01
  0.9902732829E+00 -0.5305783535E+01  0.5275254373E-01
  0.9903705500E+00 -0.5308071532E+01  0.5223635390E-01
  0.9904668445E+00 -0.5310337170E+01  0.5172510672E-01
  0.9905621761E+00 -0.5312591394E+01  0.5121875657E-01
  0.9906565543E+00 -0.5314830778E+01  0.5071725788E-01
  0.9907499888E+00 -0.5317069216E+01  0.5022056498E-01
  0.9908424889E+00 -0.5319272608E+01  0.4972863357E-01
  0.9909340640E+00 -0.5321450801E+01  0.4924142086E-01
  0.9910247234E+00 -0.5323609814E+01  0.4875888366E-01
  0.9911144761E+00 -0.5325772656E+01  0.4828097790E-01
  0.9912033314E+00 -0.5327922469E+01  0.4780765958E-01
  0.9912912981E+00 -0.5330050360E+01  0.4733888631E-01
  0.9913783851E+00 -0.5332156213E+01  0.4687461641E-01
  0.9914646012E+00 -0.5334227229E+01  0.4641480916E-01
  0.9915499552E+00 -0.5336277587E+01  0.4595942409E-01
  0.9916344557E+00 -0.5338307530E+01  0.4550842048E-01
  0.9917181111E+00 -0.5340317297E+01  0.4506175793E-01
  0.9918009300E+00 -0.5342307123E+01  0.4461939639E-01
  0.9918829207E+00 -0.5344277236E+01  0.4418129612E-01
  0.9919640915E+00 -0.5346227861E+01  0.4374741773E-01
  0.9920444506E+00 -0.5348159218E+01  0.4331772215E-01
  0.9921240061E+00 -0.5350075533E+01  0.4289217047E-01
  0.9922027660E+00 -0.5351974480E+01  0.4247072407E-01
  0.9922807383E+00 -0.5353854581E+01  0.4205334480E-01
  0.9923579310E+00 -0.5355716047E+01  0.4163999491E-01
  0.9924343516E+00 -0.5357559085E+01  0.4123063697E-01
  0.9925100081E+00 -0.5359383898E+01  0.4082523386E-01
  0.9925849081E+00 -0.5361190685E+01  0.4042374878E-01
  0.9926590590E+00 -0.5362979641E+01  0.4002614523E-01
  0.9927324684E+00 -0.5364750960E+01  0.3963238704E-01
  0.9928051437E+00 -0.5366504831E+01  0.3924243834E-01
  0.9928770923E+00 -0.5368241440E+01  0.3885626355E-01
  0.9929483213E+00 -0.5369960971E+01  0.3847382743E-01
  0.9930188381E+00 -0.5371663602E+01  0.3809509500E-01
  0.9930886497E+00 -0.5373349512E+01  0.3772003162E-01
  0.9931577632E+00 -0.5375018875E+01  0.3734860293E-01
  0.9932261856E+00 -0.5376673000E+01  0.3698077482E-01
  0.9932939238E+00 -0.5378311224E+01  0.3661651349E-01
  0.9933609845E+00 -0.5379939016E+01  0.3625578526E-01
  0.9934273747E+00 -0.5381552651E+01  0.3589855671E-01
  0.9934931009E+00 -0.5383150260E+01  0.3554479492E-01
  0.9935581699E+00 -0.5384732012E+01  0.3519446730E-01
  0.9936225882E+00 -0.5386298071E+01  0.3484754157E-01
  0.9936863623E+00 -0.5387848601E+01  0.3450398572E-01
  0.9937494987E+00 -0.5389383763E+01  0.3416376802E-01
  0.9938120037E+00 -0.5390903715E+01  0.3382685702E-01
  0.9938738837E+00 -0.5392408614E+01  0.3349322153E-01
  0.9939351449E+00 -0.5393898614E+01  0.3316283067E-01
  0.9939957934E+00 -0.5395373868E+01  0.3283565380E-01
  0.9940558355E+00 -0.5396834525E+01  0.3251166055E-01
  0.9941152771E+00 -0.5398280735E+01  0.3219082085E-01
  0.9941741243E+00 -0.5399712644E+01  0.3187310485E-01
  0.9942323831E+00 -0.5401130397E+01  0.3155848301E-01
  0.9942900593E+00 -0.5402534136E+01  0.3124692602E-01
  0.9943471587E+00 -0.5403926653E+01  0.3093840477E-01
  0.9944036871E+00 -0.5405308921E+01  0.3063289030E-01
  0.9944596502E+00 -0.5406677371E+01  0.3033035401E-01
  0.9945150537E+00 -0.5408032145E+01  0.3003076764E-01
  0.9945699032E+00 -0.5409373384E+01  0.2973410320E-01
  0.9946242041E+00 -0.5410701227E+01  0.2944033294E-01
  0.9946779621E+00 -0.5412015810E+01  0.2914942935E-01
  0.9947311825E+00 -0.5413317270E+01  0.2886136518E-01
  0.9947838707E+00 -0.5414605739E+01  0.2857611343E-01
  0.9948360320E+00 -0.5415881351E+01  0.2829364732E-01
  0.9948876716E+00 -0.5417144236E+01  0.2801394033E-01
  0.9949387949E+00 -0.5418394524E+01  0.2773696617E-01
  0.9949894070E+00 -0.5419632342E+01  0.2746269879E-01
  0.9950395129E+00 -0.5420857817E+01  0.2719111237E-01
  0.9950891178E+00 -0.5422067347E+01  0.2692218142E-01
  0.9951382266E+00 -0.5423264147E+01  0.2665588069E-01
  0.9951868443E+00 -0.5424450122E+01  0.2639218504E-01
  0.9952349759E+00 -0.5425624370E+01  0.2613106956E-01
  0.9952826261E+00 -0.5426787007E+01  0.2587250955E-01
  0.9953297999E+00 -0.5427938146E+01  0.2561648056E-01
  0.9953765019E+00 -0.5429077902E+01  0.2536295837E-01
  0.9954227368E+00 -0.5430204132E+01  0.2511191902E-01
  0.9954685095E+00 -0.5431319098E+01  0.2486333877E-01
  0.9955138244E+00 -0.5432423104E+01  0.2461719405E-01
  0.9955586861E+00 -0.5433516256E+01  0.2437346149E-01
  0.9956030993E+00 -0.5434598659E+01  0.2413211794E-01
  0.9956470683E+00 -0.5435670417E+01  0.2389314047E-01
  0.9956905976E+00 -0.5436731632E+01  0.2365650635E-01
  0.9957336916E+00 -0.5437782406E+01  0.2342219307E-01
  0.9957763547E+00 -0.5438822840E+01  0.2319017831E-01
  0.9958185912E+00 -0.5439853034E+01  0.2296043997E-01
  0.9958604053E+00 -0.5440873087E+01  0.2273295614E-01
  0.9959018012E+00 -0.5441883096E+01  0.2250770514E-01
  0.9959427832E+00 -0.5442883159E+01  0.2228466546E-01
  0.9959833554E+00 -0.5443873372E+01  0.2206381580E-01
  0.9960235218E+00 -0.5444853829E+01  0.2184513507E-01
  0.9960632866E+00 -0.5445824626E+01  0.2162860234E-01
  0.9961026537E+00 -0.5446785855E+01  0.2141419691E-01
  0.9961416272E+00 -0.5447737609E+01  0.2120189826E-01
  0.9961802109E+00 -0.5448679980E+01  0.2099168605E-01
  0.9962184088E+00 -0.5449613058E+01  0.2078354014E-01
  0.9962562247E+00 -0.5450536933E+01  0.2057744059E-01
  0.9962936625E+00 -0.5451451695E+01  0.2037336761E-01
  0.9963307258E+00 -0.5452357430E+01  0.2017130162E-01
  0.9963674186E+00 -0.5453254228E+01  0.1997122323E-01
  0.9964037444E+00 -0.5454142173E+01  0.1977311320E-01
  0.9964397070E+00 -0.5455021353E+01  0.1957695250E-01
  0.9964753099E+00 -0.5455891851E+01  0.1938272226E-01
  0.9965105568E+00 -0.5456753753E+01  0.1919040379E-01
  0.9965454512E+00 -0.5457607141E+01  0.1899997857E-01
  0.9965799967E+00 -0.5458452097E+01  0.1881142828E-01
  0.9966141967E+00 -0.5459288705E+01  0.1862473473E-01
  0.9966480548E+00 -0.5460117044E+01  0.1843987993E-01
  0.9966815742E+00 -0.5460937194E+01  0.1825684605E-01
  0.9967147585E+00 -0.5461749237E+01  0.1807561543E-01
  0.9967476109E+00 -0.5462553249E+01  0.1789617057E-01
  0.9967801348E+00 -0.5463349310E+01  0.1771849414E-01
  0.9968123334E+00 -0.5464137496E+01  0.1754256897E-01
  0.9968442101E+00 -0.5464917884E+01  0.1736837804E-01
  0.9968757680E+00 -0.5465690549E+01  0.1719590453E-01
  0.9969070103E+00 -0.5466455568E+01  0.1702513172E-01
  0.9969379402E+00 -0.5467213014E+01  0.1685604310E-01
  0.9969685608E+00 -0.5467962961E+01  0.1668862229E-01
  0.9969988752E+00 -0.5468705483E+01  0.1652285306E-01
  0.9970288865E+00 -0.5469440650E+01  0.1635871936E-01
  0.9970585976E+00 -0.5470168536E+01  0.1619620525E-01
  0.9970880116E+00 -0.5470889211E+01  0.1603529498E-01
  0.9971171315E+00 -0.5471602746E+01  0.1587597294E-01
  0.9971459602E+00 -0.5472309209E+01  0.1571822364E-01
  0.9971745006E+00 -0.5473008671E+01  0.1556203177E-01
  0.9972027556E+00 -0.5473701199E+01  0.1540738216E-01
  0.9972307280E+00 -0.5474386861E+01  0.1525425977E-01
  0.9972584207E+00 -0.5475065725E+01  0.1510264971E-01
  0.9972858365E+00 -0.5475737856E+01  0.1495253723E-01
  0.9973129782E+00 -0.5476403320E+01  0.1480390772E-01
  0.9973398484E+00 -0.5477062184E+01  0.1465674672E-01
  0.9973664499E+00 -0.5477714511E+01  0.1451103988E-01
  0.9973927854E+00 -0.5478360365E+01  0.1436677302E-01
  0.9974188575E+00 -0.5478999809E+01  0.1422393208E-01
  0.9974446690E+00 -0.5479632907E+01  0.1408250312E-01
  0.9974702223E+00 -0.5480259720E+01  0.1394247235E-01
  0.9974955201E+00 -0.5480880311E+01  0.1380382611E-01
  0.9975205649E+00 -0.5481494740E+01  0.1366655087E-01
  0.9975453592E+00 -0.5482103067E+01  0.1353063322E-01
  0.9975699056E+00 -0.5482705353E+01  0.1339605989E-01
  0.9975942066E+00 -0.5483301656E+01  0.1326281773E-01
  0.9976182645E+00 -0.5483892036E+01  0.1313089372E-01
  0.9976420819E+00 -0.5484476550E+01  0.1300027495E-01
  0.9976656610E+00 -0.5485055256E+01  0.1287094866E-01
  0.9976890044E+00 -0.5485628211E+01  0.1274290219E-01
  0.9977121144E+00 -0.5486195473E+01  0.1261612301E-01
  0.9977349932E+00 -0.5486757095E+01  0.1249059871E-01
  0.9977576433E+00 -0.5487313135E+01  0.1236631699E-01
  0.9977800669E+00 -0.5487863647E+01  0.1224326569E-01
  0.9978022662E+00 -0.5488408585E+01  0.1212143274E-01
  0.9978242435E+00 -0.5488947852E+01  0.1200080620E-01
  0.9978460011E+00 -0.5489481766E+01  0.1188137425E-01
  0.9978675411E+00 -0.5490010380E+01  0.1176312518E-01
  0.9978888657E+00 -0.5490533746E+01  0.1164604739E-01
  0.9979099770E+00 -0.5491051914E+01  0.1153012938E-01
  0.9979308773E+00 -0.5491564937E+01  0.1141535977E-01
  0.9979515685E+00 -0.5492072864E+01  0.1130172730E-01
  0.9979720528E+00 -0.5492575746E+01  0.1118922079E-01
  0.9979923323E+00 -0.5493073632E+01  0.1107782921E-01
  0.9980124089E+00 -0.5493566570E+01  0.1096754159E-01
  0.9980322849E+00 -0.5494054611E+01  0.1085834711E-01
  0.9980519620E+00 -0.5494537801E+01  0.1075023501E-01
  0.9980714424E+00 -0.5495016188E+01  0.1064319466E-01
  0.9980907280E+00 -0.5495489819E+01  0.1053721554E-01
  0.9981098207E+00 -0.5495958742E+01  0.1043228722E-01
  0.9981287225E+00 -0.5496423003E+01  0.1032839935E-01
  0.9981474353E+00 -0.5496882647E+01  0.1022554173E-01
  0.9981659609E+00 -0.5497337719E+01  0.1012370420E-01
  0.9981843013E+00 -0.5497788266E+01  0.1002287675E-01
  0.9982024583E+00 -0.5498234330E+01  0.9923049426E-02
  0.9982204337E+00 -0.5498675958E+01  0.9824212400E-02
  0.9982382294E+00 -0.5499113191E+01  0.9726355925E-02
  0.9982558471E+00 -0.5499546074E+01  0.9629470351E-02
  0.9982732886E+00 -0.5499974650E+01  0.9533546119E-02
  0.9982905557E+00 -0.5500398960E+01  0.9438573766E-02
  0.9983076502E+00 -0.5500819047E+01  0.9344543920E-02
  0.9983245737E+00 -0.5501234953E+01  0.9251447297E-02
  0.9983413279E+00 -0.5501646719E+01  0.9159274708E-02
  0.9983579146E+00 -0.5502054385E+01  0.9068017049E-02
  0.9983743355E+00 -0.5502457993E+01  0.8977665305E-02
  0.9983905921E+00 -0.5502857581E+01  0.8888210550E-02
  0.9984066862E+00 -0.5503253191E+01  0.8799643944E-02
  0.9984226194E+00 -0.5503644861E+01  0.8711956732E-02
  0.9984383932E+00 -0.5504032630E+01  0.8625140245E-02
  0.9984540092E+00 -0.5504416536E+01  0.8539185897E-02
  0.9984694691E+00 -0.5504796619E+01  0.8454085187E-02
  0.9984847744E+00 -0.5505172915E+01  0.8369829696E-02
  0.9984999267E+00 -0.5505545462E+01  0.8286411087E-02
  0.9985149274E+00 -0.5505914298E+01  0.8203821103E-02
  0.9985297782E+00 -0.5506279458E+01  0.8122051568E-02
  0.9985444804E+00 -0.5506640980E+01  0.8041094387E-02
  0.9985590356E+00 -0.5506998899E+01  0.7960941542E-02
  0.9985734452E+00 -0.5507353251E+01  0.7881585094E-02
  0.9985877108E+00 -0.5507704071E+01  0.7803017181E-02
  0.9986018337E+00 -0.5508051394E+01  0.7725230016E-02
  0.9986158153E+00 -0.5508395256E+01  0.7648215891E-02
  0.9986296572E+00 -0.5508735689E+01  0.7571967172E-02
  0.9986433606E+00 -0.5509072729E+01  0.7496476298E-02
  0.9986569270E+00 -0.5509406409E+01  0.7421735783E-02
  0.9986703577E+00 -0.5509736761E+01  0.7347738214E-02
  0.9986836541E+00 -0.5510063820E+01  0.7274476250E-02
  0.9986968176E+00 -0.5510387617E+01  0.7201942622E-02
  0.9987098494E+00 -0.5510708186E+01  0.7130130132E-02
  0.9987227509E+00 -0.5511025557E+01  0.7059031651E-02
  0.9987355234E+00 -0.5511339764E+01  0.6988640122E-02
  0.9987481682E+00 -0.5511650836E+01  0.6918948554E-02
  0.9987606865E+00 -0.5511958806E+01  0.6849950028E-02
  0.9987730796E+00 -0.5512263704E+01  0.6781637689E-02
  0.9987853488E+00 -0.5512565561E+01  0.6714004752E-02
  0.9987974954E+00 -0.5512864406E+01  0.6647044496E-02
  0.9988095204E+00 -0.5513160270E+01  0.6580750266E-02
  0.9988214252E+00 -0.5513453183E+01  0.6515115474E-02
  0.9988332109E+00 -0.5513743173E+01  0.6450133595E-02
  0.9988448788E+00 -0.5514030269E+01  0.6385798169E-02
  0.9988564300E+00 -0.5514314501E+01  0.6322102796E-02
  0.9988678657E+00 -0.5514595897E+01  0.6259041144E-02
  0.9988791871E+00 -0.5514874485E+01  0.6196606938E-02
  0.9988903952E+00 -0.5515150292E+01  0.6134793967E-02
  0.9989014913E+00 -0.5515423348E+01  0.6073596080E-02
  0.9989124764E+00 -0.5515693678E+01  0.6013007188E-02
  0.9989233516E+00 -0.5515961310E+01  0.5953021260E-02
  0.9989341181E+00 -0.5516226271E+01  0.5893632324E-02
  0.9989447769E+00 -0.5516488587E+01  0.5834834467E-02
  0.9989553291E+00 -0.5516748285E+01  0.5776621835E-02
  0.9989657758E+00 -0.5517005391E+01  0.5718988629E-02
  0.9989761181E+00 -0.5517259931E+01  0.5661929110E-02
  0.9989863569E+00 -0.5517511929E+01  0.5605437593E-02
  0.9989964933E+00 -0.5517761412E+01  0.5549508449E-02
  0.9990065284E+00 -0.5518008404E+01  0.5494136105E-02
  0.9990164631E+00 -0.5518252930E+01  0.5439315044E-02
  0.9990262985E+00 -0.5518495015E+01  0.5385039800E-02
  0.9990360355E+00 -0.5518734682E+01  0.5331304963E-02
  0.9990456751E+00 -0.5518971957E+01  0.5278105176E-02
  0.9990552184E+00 -0.5519206863E+01  0.5225435134E-02
  0.9990646662E+00 -0.5519439423E+01  0.5173289583E-02
  0.9990740195E+00 -0.5519669661E+01  0.5121663324E-02
  0.9990832793E+00 -0.5519897600E+01  0.5070551206E-02
  0.9990924466E+00 -0.5520123262E+01  0.5019948130E-02
  0.9991015221E+00 -0.5520346671E+01  0.4969849048E-02
  0.9991105069E+00 -0.5520567849E+01  0.4920248958E-02
  0.9991194018E+00 -0.5520786818E+01  0.4871142912E-02
  0.9991282078E+00 -0.5521003601E+01  0.4822526008E-02
  0.9991369257E+00 -0.5521218218E+01  0.4774393393E-02
  0.9991455564E+00 -0.5521430692E+01  0.4726740261E-02
  0.9991541009E+00 -0.5521641043E+01  0.4679561853E-02
  0.9991625599E+00 -0.5521849294E+01  0.4632853459E-02
  0.9991709343E+00 -0.5522055464E+01  0.4586610414E-02
  0.9991792249E+00 -0.5522259575E+01  0.4540828099E-02
  0.9991874327E+00 -0.5522461648E+01  0.4495501939E-02
  0.9991955584E+00 -0.5522661701E+01  0.4450627408E-02
  0.9992036028E+00 -0.5522859757E+01  0.4406200020E-02
  0.9992115667E+00 -0.5523055834E+01  0.4362215337E-02
  0.9992194511E+00 -0.5523249952E+01  0.4318668963E-02
  0.9992272566E+00 -0.5523442131E+01  0.4275556545E-02
  0.9992349840E+00 -0.5523632390E+01  0.4232873773E-02
  0.9992426342E+00 -0.5523820749E+01  0.4190616381E-02
  0.9992502078E+00 -0.5524007226E+01  0.4148780143E-02
  0.9992577057E+00 -0.5524191839E+01  0.4107360877E-02
  0.9992651287E+00 -0.5524374609E+01  0.4066354439E-02
  0.9992724774E+00 -0.5524555552E+01  0.4025756730E-02
  0.9992797526E+00 -0.5524734687E+01  0.3985563688E-02
  0.9992869551E+00 -0.5524912033E+01  0.3945771292E-02
  0.9992940855E+00 -0.5525087606E+01  0.3906375563E-02
  0.9993011447E+00 -0.5525261426E+01  0.3867372557E-02
  0.9993081332E+00 -0.5525433508E+01  0.3828758372E-02
  0.9993150519E+00 -0.5525603871E+01  0.3790529145E-02
  0.9993219014E+00 -0.5525772532E+01  0.3752681049E-02
  0.9993286824E+00 -0.5525939508E+01  0.3715210297E-02
  0.9993353956E+00 -0.5526104815E+01  0.3678113136E-02
  0.9993420416E+00 -0.5526268470E+01  0.3641385854E-02
  0.9993486212E+00 -0.5526430490E+01  0.3605024773E-02
  0.9993551350E+00 -0.5526590891E+01  0.3569026253E-02
  0.9993615836E+00 -0.5526749689E+01  0.3533386688E-02
  0.9993679678E+00 -0.5526906900E+01  0.3498102511E-02
  0.9993742881E+00 -0.5527062540E+01  0.3463170187E-02
  0.9993805452E+00 -0.5527216624E+01  0.3428586217E-02
  0.9993867398E+00 -0.5527369169E+01  0.3394347137E-02
  0.9993928724E+00 -0.5527520189E+01  0.3360449517E-02
  0.9993989436E+00 -0.5527669700E+01  0.3326889961E-02
  0.9994049542E+00 -0.5527817717E+01  0.3293665107E-02
  0.9994109047E+00 -0.5527964254E+01  0.3260771624E-02
  0.9994167956E+00 -0.5528109327E+01  0.3228206218E-02
  0.9994226277E+00 -0.5528252950E+01  0.3195965624E-02
  0.9994284014E+00 -0.5528395138E+01  0.3164046610E-02
  0.9994341174E+00 -0.5528535905E+01  0.3132445978E-02
  0.9994397762E+00 -0.5528675264E+01  0.3101160560E-02
  0.9994453784E+00 -0.5528813231E+01  0.3070187219E-02
  0.9994509247E+00 -0.5528949819E+01  0.3039522850E-02
  0.9994564154E+00 -0.5529085042E+01  0.3009164379E-02
  0.9994618513E+00 -0.5529218913E+01  0.2979108760E-02
  0.9994672327E+00 -0.5529351446E+01  0.2949352982E-02
  0.9994725604E+00 -0.5529482654E+01  0.2919894058E-02
  0.9994778348E+00 -0.5529612551E+01  0.2890729035E-02
  0.9994830565E+00 -0.5529741149E+01  0.2861854988E-02
  0.9994882259E+00 -0.5529868462E+01  0.2833269019E-02
  0.9994933436E+00 -0.5529994503E+01  0.2804968262E-02
  0.9994984102E+00 -0.5530119283E+01  0.2776949877E-02
  0.9995034261E+00 -0.5530242817E+01  0.2749211054E-02
  0.9995083918E+00 -0.5530365115E+01  0.2721749008E-02
  0.9995133079E+00 -0.5530486191E+01  0.2694560984E-02
  0.9995181748E+00 -0.5530606057E+01  0.2667644254E-02
  0.9995229931E+00 -0.5530724725E+01  0.2640996117E-02
  0.9995277632E+00 -0.5530842206E+01  0.2614613898E-02
  0.9995324855E+00 -0.5530958513E+01  0.2588494949E-02
  0.9995371607E+00 -0.5531073657E+01  0.2562636649E-02
  0.9995417891E+00 -0.5531187651E+01  0.2537036401E-02
  0.9995463712E+00 -0.5531300505E+01  0.2511691636E-02
  0.9995509075E+00 -0.5531412230E+01  0.2486599809E-02
  0.9995553984E+00 -0.5531522839E+01  0.2461758402E-02
  0.9995598444E+00 -0.5531632342E+01  0.2437164919E-02
  0.9995642460E+00 -0.5531740750E+01  0.2412816891E-02
  0.9995686035E+00 -0.5531848075E+01  0.2388711874E-02
  0.9995729175E+00 -0.5531954327E+01  0.2364847446E-02
  0.9995771883E+00 -0.5532059516E+01  0.2341221211E-02
  0.9995814164E+00 -0.5532163654E+01  0.2317830796E-02
  0.9995856022E+00 -0.5532266751E+01  0.2294673851E-02
  0.9995897462E+00 -0.5532368817E+01  0.2271748050E-02
  0.9995938488E+00 -0.5532469863E+01  0.2249051091E-02
  0.9995979103E+00 -0.5532569899E+01  0.2226580693E-02
  0.9996019312E+00 -0.5532668934E+01  0.2204334599E-02
  0.9996059119E+00 -0.5532766980E+01  0.2182310574E-02
  0.9996098527E+00 -0.5532864045E+01  0.2160506404E-02
  0.9996137542E+00 -0.5532960140E+01  0.2138919899E-02
  0.9996176167E+00 -0.5533055274E+01  0.2117548890E-02
  0.9996214405E+00 -0.5533149457E+01  0.2096391229E-02
  0.9996252261E+00 -0.5533242699E+01  0.2075444790E-02
  0.9996289738E+00 -0.5533335008E+01  0.2054707468E-02
  0.9996326841E+00 -0.5533426394E+01  0.2034177178E-02
  0.9996363573E+00 -0.5533516867E+01  0.2013851857E-02
  0.9996399937E+00 -0.5533606435E+01  0.1993729462E-02
  0.9996435938E+00 -0.5533695108E+01  0.1973807970E-02
  0.9996471578E+00 -0.5533782894E+01  0.1954085378E-02
  0.9996506862E+00 -0.5533869803E+01  0.1934559705E-02
  0.9996541794E+00 -0.5533955842E+01  0.1915228985E-02
  0.9996576376E+00 -0.5534041022E+01  0.1896091277E-02
  0.9996610612E+00 -0.5534125349E+01  0.1877144656E-02
  0.9996644506E+00 -0.5534208834E+01  0.1858387217E-02
  0.9996678400E+00 -0.5534292319E+01  0.1839629495E-02
  0.9996712294E+00 -0.5534375804E+01  0.1820871489E-02
  0.9996746188E+00 -0.5534459289E+01  0.1802113201E-02
  0.9996780081E+00 -0.5534542774E+01  0.1783354630E-02
  0.9996813975E+00 -0.5534626260E+01  0.1764595776E-02
  0.9996847869E+00 -0.5534709745E+01  0.1745836639E-02
  0.9996881763E+00 -0.5534793231E+01  0.1727077219E-02
  0.9996915657E+00 -0.5534876717E+01  0.1708317516E-02
  0.9996949551E+00 -0.5534960203E+01  0.1689557530E-02
  0.9996983445E+00 -0.5535043689E+01  0.1670797261E-02
  0.9997017339E+00 -0.5535127175E+01  0.1652036709E-02
  0.9997051232E+00 -0.5535210662E+01  0.1633275874E-02
  0.9997085126E+00 -0.5535294148E+01  0.1614514756E-02
  0.9997119020E+00 -0.5535377635E+01  0.1595753355E-02
  0.9997152914E+00 -0.5535461122E+01  0.1576991672E-02
  0.9997186808E+00 -0.5535544609E+01  0.1558229705E-02
  0.9997220702E+00 -0.5535628096E+01  0.1539467455E-02
  0.9997254596E+00 -0.5535711583E+01  0.1520704922E-02
  0.9997288490E+00 -0.5535795071E+01  0.1501942107E-02
  0.9997322384E+00 -0.5535878558E+01  0.1483179008E-02
  0.9997356277E+00 -0.5535962046E+01  0.1464415627E-02
  0.9997390171E+00 -0.5536045534E+01  0.1445651962E-02
  0.9997424065E+00 -0.5536129022E+01  0.1426888014E-02
  0.9997457959E+00 -0.5536212510E+01  0.1408123784E-02
  0.9997491853E+00 -0.5536295998E+01  0.1389359270E-02
  0.9997525747E+00 -0.5536379486E+01  0.1370594474E-02
  0.9997559641E+00 -0.5536462975E+01  0.1351829394E-02
  0.9997593535E+00 -0.5536546463E+01  0.1333064032E-02
  0.9997627428E+00 -0.5536629952E+01  0.1314298387E-02
  0.9997661322E+00 -0.5536713441E+01  0.1295532458E-02
  0.9997695216E+00 -0.5536796929E+01  0.1276766247E-02
  0.9997729110E+00 -0.5536880418E+01  0.1257999753E-02
  0.9997763004E+00 -0.5536963908E+01  0.1239232975E-02
  0.9997796898E+00 -0.5537047397E+01  0.1220465915E-02
  0.9997830792E+00 -0.5537130886E+01  0.1201698572E-02
  0.9997864686E+00 -0.5537214375E+01  0.1182930946E-02
  0.9997898579E+00 -0.5537297865E+01  0.1164163036E-02
  0.9997932473E+00 -0.5537381355E+01  0.1145394844E-02
  0.9997966367E+00 -0.5537464844E+01  0.1126626369E-02
  0.9998000261E+00 -0.5537548334E+01  0.1107857611E-02
  0.9998034155E+00 -0.5537631824E+01  0.1089088570E-02
  0.9998068049E+00 -0.5537715314E+01  0.1070319246E-02
  0.9998101943E+00 -0.5537798804E+01  0.1051549638E-02
  0.9998135837E+00 -0.5537882294E+01  0.1032779748E-02
  0.9998169731E+00 -0.5537965784E+01  0.1014009575E-02
  0.9998203624E+00 -0.5538049275E+01  0.9952391193E-03
  0.9998237518E+00 -0.5538132765E+01  0.9764683803E-03
  0.9998271412E+00 -0.5538216256E+01  0.9576973583E-03
  0.9998305306E+00 -0.5538299746E+01  0.9389260533E-03
  0.9998339200E+00 -0.5538383237E+01  0.9201544654E-03
  0.9998373094E+00 -0.5538466728E+01  0.9013825944E-03
  0.9998406988E+00 -0.5538550219E+01  0.8826104405E-03
  0.9998440882E+00 -0.5538633710E+01  0.8638380036E-03
  0.9998474775E+00 -0.5538717201E+01  0.8450652837E-03
  0.9998508669E+00 -0.5538800692E+01  0.8262922808E-03
  0.9998542563E+00 -0.5538884183E+01  0.8075189950E-03
  0.9998576457E+00 -0.5538967674E+01  0.7887454261E-03
  0.9998610351E+00 -0.5539051165E+01  0.7699715743E-03
  0.9998644245E+00 -0.5539134657E+01  0.7511974395E-03
  0.9998678139E+00 -0.5539218148E+01  0.7324230217E-03
  0.9998712033E+00 -0.5539301640E+01  0.7136483209E-03
  0.9998745926E+00 -0.5539385131E+01  0.6948733371E-03
  0.9998779820E+00 -0.5539468623E+01  0.6760980704E-03
  0.9998813714E+00 -0.5539552114E+01  0.6573225206E-03
  0.9998847608E+00 -0.5539635606E+01  0.6385466879E-03
  0.9998881502E+00 -0.5539719098E+01  0.6197705722E-03
  0.9998915396E+00 -0.5539802590E+01  0.6009941735E-03
  0.9998949290E+00 -0.5539886082E+01  0.5822174918E-03
  0.9998983184E+00 -0.5539969573E+01  0.5634405272E-03
  0.9999017077E+00 -0.5540053065E+01  0.5446632795E-03
  0.9999050971E+00 -0.5540136557E+01  0.5258857489E-03
  0.9999084865E+00 -0.5540220049E+01  0.5071079352E-03
  0.9999118759E+00 -0.5540303542E+01  0.4883298386E-03
  0.9999152653E+00 -0.5540387034E+01  0.4695514590E-03
  0.9999186547E+00 -0.5540470526E+01  0.4507727964E-03
  0.9999220441E+00 -0.5540554018E+01  0.4319938509E-03
  0.9999254335E+00 -0.5540637510E+01  0.4132146223E-03
  0.9999288229E+00 -0.5540721003E+01  0.3944351107E-03
  0.9999322122E+00 -0.5540804495E+01  0.3756553162E-03
  0.9999356016E+00 -0.5540887987E+01  0.3568752387E-03
  0.9999389910E+00 -0.5540971480E+01  0.3380948782E-03
  0.9999423804E+00 -0.5541054972E+01  0.3193142347E-03
  0.9999457698E+00 -0.5541138465E+01  0.3005333082E-03
  0.9999491592E+00 -0.5541221957E+01  0.2817520987E-03
  0.9999525486E+00 -0.5541305450E+01  0.2629706062E-03
  0.9999559380E+00 -0.5541388942E+01  0.2441888307E-03
  0.9999593273E+00 -0.5541472435E+01  0.2254067723E-03
  0.9999627167E+00 -0.5541555927E+01  0.2066244309E-03
  0.9999661061E+00 -0.5541639420E+01  0.1878418064E-03
  0.9999694955E+00 -0.5541722913E+01  0.1690588990E-03
  0.9999728849E+00 -0.5541806405E+01  0.1502757086E-03
  0.9999762743E+00 -0.5541889898E+01  0.1314922352E-03
  0.9999796637E+00 -0.5541973391E+01  0.1127084789E-03
  0.9999830531E+00 -0.5542056883E+01  0.9392443949E-04
  0.9999864424E+00 -0.5542140376E+01  0.7514011713E-04
  0.9999898318E+00 -0.5542223869E+01  0.5635551178E-04
  0.9999932212E+00 -0.5542307361E+01  0.3757062345E-04
  0.9999966106E+00 -0.5542390854E+01  0.1878545212E-04
  0.1000000000E+01 -0.5542473054E+01  0.3877786918E-17
  0.1000000000E+01 -0.5542473054E+01  0.0000000000E+00
