  0.0000000000E+00  0.5542473970E+01  0.0000000000E+00
  0.6996492144E-18  0.5542473970E+01  0.3877787559E-17
  0.3389387958E-05  0.5542403370E+01  0.1878547489E-04
  0.6778775916E-05  0.5542332771E+01  0.3757071049E-04
  0.1016816387E-04  0.5542262172E+01  0.5635570680E-04
  0.1355755183E-04  0.5542191573E+01  0.7514046382E-04
  0.1694693979E-04  0.5542120974E+01  0.9392498155E-04
  0.2033632775E-04  0.5542050375E+01  0.1127092600E-03
  0.2372571571E-04  0.5541979775E+01  0.1314932992E-03
  0.2711510367E-04  0.5541909176E+01  0.1502770990E-03
  0.3050449162E-04  0.5541838577E+01  0.1690606596E-03
  0.3389387958E-04  0.5541767978E+01  0.1878439809E-03
  0.3728326754E-04  0.5541697379E+01  0.2066270629E-03
  0.4067265550E-04  0.5541626780E+01  0.2254099056E-03
  0.4406204346E-04  0.5541556181E+01  0.2441925091E-03
  0.4745143141E-04  0.5541485582E+01  0.2629748732E-03
  0.5084081937E-04  0.5541414983E+01  0.2817569981E-03
  0.5423020733E-04  0.5541344384E+01  0.3005388836E-03
  0.5761959529E-04  0.5541273785E+01  0.3193205299E-03
  0.6100898325E-04  0.5541203186E+01  0.3381019369E-03
  0.6439837120E-04  0.5541132588E+01  0.3568831046E-03
  0.6778775916E-04  0.5541061989E+01  0.3756640331E-03
  0.7117714712E-04  0.5540991390E+01  0.3944447222E-03
  0.7456653508E-04  0.5540920791E+01  0.4132251720E-03
  0.7795592304E-04  0.5540850193E+01  0.4320053826E-03
  0.8134531100E-04  0.5540779594E+01  0.4507853539E-03
  0.8473469895E-04  0.5540708996E+01  0.4695650859E-03
  0.8812408691E-04  0.5540638397E+01  0.4883445786E-03
  0.9151347487E-04  0.5540567799E+01  0.5071238320E-03
  0.9490286283E-04  0.5540497201E+01  0.5259028461E-03
  0.9829225079E-04  0.5540426602E+01  0.5446816210E-03
  0.1016816387E-03  0.5540356004E+01  0.5634601566E-03
  0.1050710267E-03  0.5540285406E+01  0.5822384528E-03
  0.1084604147E-03  0.5540214808E+01  0.6010165098E-03
  0.1118498026E-03  0.5540144210E+01  0.6197943276E-03
  0.1152391906E-03  0.5540073612E+01  0.6385719060E-03
  0.1186285785E-03  0.5540003014E+01  0.6573492451E-03
  0.1220179665E-03  0.5539932416E+01  0.6761263450E-03
  0.1254073545E-03  0.5539861819E+01  0.6949032056E-03
  0.1287967424E-03  0.5539791221E+01  0.7136798269E-03
  0.1321861304E-03  0.5539720623E+01  0.7324562089E-03
  0.1355755183E-03  0.5539650026E+01  0.7512323516E-03
  0.1389649063E-03  0.5539579429E+01  0.7700082551E-03
  0.1423542942E-03  0.5539508831E+01  0.7887839192E-03
  0.1457436822E-03  0.5539438234E+01  0.8075593441E-03
  0.1491330702E-03  0.5539367637E+01  0.8263345297E-03
  0.1525224581E-03  0.5539297040E+01  0.8451094760E-03
  0.1559118461E-03  0.5539226443E+01  0.8638841831E-03
  0.1593012340E-03  0.5539155846E+01  0.8826586509E-03
  0.1626906220E-03  0.5539085250E+01  0.9014328793E-03
  0.1660800099E-03  0.5539014653E+01  0.9202068685E-03
  0.1694693979E-03  0.5538944057E+01  0.9389806185E-03
  0.1728587859E-03  0.5538873460E+01  0.9577541291E-03
  0.1762481738E-03  0.5538802864E+01  0.9765274005E-03
  0.1796375618E-03  0.5538732268E+01  0.9953004326E-03
  0.1830269497E-03  0.5538661672E+01  0.1014073225E-02
  0.1864163377E-03  0.5538591076E+01  0.1032845779E-02
  0.1898057257E-03  0.5538520480E+01  0.1051618093E-02
  0.1931951136E-03  0.5538449885E+01  0.1070390168E-02
  0.1965845016E-03  0.5538379289E+01  0.1089162004E-02
  0.1999738895E-03  0.5538308694E+01  0.1107933600E-02
  0.2033632775E-03  0.5538238099E+01  0.1126704957E-02
  0.2067526654E-03  0.5538167504E+01  0.1145476075E-02
  0.2101420534E-03  0.5538096909E+01  0.1164246954E-02
  0.2135314414E-03  0.5538026314E+01  0.1183017593E-02
  0.2169208293E-03  0.5537955719E+01  0.1201787993E-02
  0.2203102173E-03  0.5537885125E+01  0.1220558154E-02
  0.2236996052E-03  0.5537814530E+01  0.1239328076E-02
  0.2270889932E-03  0.5537743936E+01  0.1258097758E-02
  0.2304783812E-03  0.5537673342E+01  0.1276867201E-02
  0.2338677691E-03  0.5537602748E+01  0.1295636405E-02
  0.2372571571E-03  0.5537532154E+01  0.1314405369E-02
  0.2406465450E-03  0.5537461560E+01  0.1333174094E-02
  0.2440359330E-03  0.5537390967E+01  0.1351942580E-02
  0.2474253209E-03  0.5537320374E+01  0.1370710827E-02
  0.2508147089E-03  0.5537249781E+01  0.1389478834E-02
  0.2542040969E-03  0.5537179188E+01  0.1408246602E-02
  0.2575934848E-03  0.5537108595E+01  0.1427014131E-02
  0.2609828728E-03  0.5537038002E+01  0.1445781421E-02
  0.2643722607E-03  0.5536967410E+01  0.1464548471E-02
  0.2677616487E-03  0.5536896817E+01  0.1483315282E-02
  0.2711510367E-03  0.5536826225E+01  0.1502081854E-02
  0.2745404246E-03  0.5536755633E+01  0.1520848186E-02
  0.2779298126E-03  0.5536685041E+01  0.1539614279E-02
  0.2813192005E-03  0.5536614450E+01  0.1558380133E-02
  0.2847085885E-03  0.5536543858E+01  0.1577145748E-02
  0.2880979764E-03  0.5536473267E+01  0.1595911124E-02
  0.2914873644E-03  0.5536402676E+01  0.1614676260E-02
  0.2948767524E-03  0.5536332085E+01  0.1633441157E-02
  0.2982661403E-03  0.5536261495E+01  0.1652205814E-02
  0.3016555283E-03  0.5536190904E+01  0.1670970233E-02
  0.3050449162E-03  0.5536120314E+01  0.1689734412E-02
  0.3084343042E-03  0.5536049724E+01  0.1708498352E-02
  0.3118236921E-03  0.5535979134E+01  0.1727262052E-02
  0.3152130801E-03  0.5535908544E+01  0.1746025514E-02
  0.3186024681E-03  0.5535837955E+01  0.1764788736E-02
  0.3219918560E-03  0.5535767366E+01  0.1783551719E-02
  0.3253812440E-03  0.5535696777E+01  0.1802314462E-02
  0.3287706319E-03  0.5535626188E+01  0.1821076967E-02
  0.3321600199E-03  0.5535555599E+01  0.1839839232E-02
  0.3355494079E-03  0.5535485011E+01  0.1858601258E-02
  0.3389387958E-03  0.5535414423E+01  0.1877363044E-02
  0.3423624200E-03  0.5535343122E+01  0.1896314101E-02
  0.3458206263E-03  0.5535271101E+01  0.1915456335E-02
  0.3493137639E-03  0.5535198353E+01  0.1934791672E-02
  0.3528421858E-03  0.5535124870E+01  0.1954322057E-02
  0.3564062483E-03  0.5535050645E+01  0.1974049455E-02
  0.3600063114E-03  0.5534975671E+01  0.1993975852E-02
  0.3636427388E-03  0.5534899940E+01  0.2014103252E-02
  0.3673158977E-03  0.5534823444E+01  0.2034433679E-02
  0.3710261593E-03  0.5534746176E+01  0.2054969178E-02
  0.3747738983E-03  0.5534668127E+01  0.2075711816E-02
  0.3785594932E-03  0.5534589290E+01  0.2096663678E-02
  0.3823833265E-03  0.5534509658E+01  0.2117826873E-02
  0.3862457844E-03  0.5534429221E+01  0.2139203527E-02
  0.3901472569E-03  0.5534347972E+01  0.2160795793E-02
  0.3940881383E-03  0.5534265903E+01  0.2182605840E-02
  0.3980688266E-03  0.5534183005E+01  0.2204635862E-02
  0.4020897238E-03  0.5534099271E+01  0.2226888075E-02
  0.4061512362E-03  0.5534014690E+01  0.2249364716E-02
  0.4102537739E-03  0.5533929256E+01  0.2272068045E-02
  0.4143977514E-03  0.5533842960E+01  0.2295000344E-02
  0.4185835873E-03  0.5533755792E+01  0.2318163920E-02
  0.4228117043E-03  0.5533667744E+01  0.2341561101E-02
  0.4270825296E-03  0.5533578807E+01  0.2365194240E-02
  0.4313964946E-03  0.5533488972E+01  0.2389065711E-02
  0.4357540349E-03  0.5533398230E+01  0.2413177915E-02
  0.4401555908E-03  0.5533306572E+01  0.2437533275E-02
  0.4446016069E-03  0.5533213989E+01  0.2462134239E-02
  0.4490925322E-03  0.5533120471E+01  0.2486983280E-02
  0.4536288204E-03  0.5533026008E+01  0.2512082894E-02
  0.4582109297E-03  0.5532930593E+01  0.2537435606E-02
  0.4628393230E-03  0.5532834214E+01  0.2563043961E-02
  0.4675144676E-03  0.5532736862E+01  0.2588910534E-02
  0.4722368360E-03  0.5532638527E+01  0.2615037923E-02
  0.4770069051E-03  0.5532539200E+01  0.2641428754E-02
  0.4818251566E-03  0.5532438870E+01  0.2668085678E-02
  0.4866920774E-03  0.5532337527E+01  0.2695011373E-02
  0.4916081590E-03  0.5532235162E+01  0.2722208544E-02
  0.4965738980E-03  0.5532131762E+01  0.2749679923E-02
  0.5015897959E-03  0.5532027320E+01  0.2777428270E-02
  0.5066563595E-03  0.5531921823E+01  0.2805456371E-02
  0.5117741005E-03  0.5531815261E+01  0.2833767041E-02
  0.5169435359E-03  0.5531707623E+01  0.2862363124E-02
  0.5221651878E-03  0.5531598899E+01  0.2891247492E-02
  0.5274395836E-03  0.5531489078E+01  0.2920423045E-02
  0.5327672562E-03  0.5531378148E+01  0.2949892712E-02
  0.5381487436E-03  0.5531266099E+01  0.2979659452E-02
  0.5435845895E-03  0.5531152918E+01  0.3009726255E-02
  0.5490753429E-03  0.5531038595E+01  0.3040096138E-02
  0.5546215585E-03  0.5530923119E+01  0.3070772150E-02
  0.5602237965E-03  0.5530806477E+01  0.3101757371E-02
  0.5658826227E-03  0.5530688658E+01  0.3133054910E-02
  0.5715986088E-03  0.5530569650E+01  0.3164667909E-02
  0.5773723321E-03  0.5530449441E+01  0.3196599541E-02
  0.5832043759E-03  0.5530328018E+01  0.3228853010E-02
  0.5890953291E-03  0.5530205371E+01  0.3261431553E-02
  0.5950457870E-03  0.5530081485E+01  0.3294338439E-02
  0.6010563505E-03  0.5529956350E+01  0.3327576969E-02
  0.6071276268E-03  0.5529829952E+01  0.3361150478E-02
  0.6132602291E-03  0.5529702278E+01  0.3395062334E-02
  0.6194547769E-03  0.5529573316E+01  0.3429315939E-02
  0.6257118958E-03  0.5529443053E+01  0.3463914730E-02
  0.6320322180E-03  0.5529311475E+01  0.3498862176E-02
  0.6384163818E-03  0.5529178570E+01  0.3534161782E-02
  0.6448650321E-03  0.5529044324E+01  0.3569817088E-02
  0.6513788203E-03  0.5528908723E+01  0.3605831670E-02
  0.6579584044E-03  0.5528771755E+01  0.3642209139E-02
  0.6646044489E-03  0.5528633404E+01  0.3678953142E-02
  0.6713176251E-03  0.5528493657E+01  0.3716067364E-02
  0.6780986112E-03  0.5528352501E+01  0.3753555524E-02
  0.6849480921E-03  0.5528209921E+01  0.3791421381E-02
  0.6918667597E-03  0.5528065902E+01  0.3829668729E-02
  0.6988553129E-03  0.5527920431E+01  0.3868301403E-02
  0.7059144575E-03  0.5527773492E+01  0.3907323274E-02
  0.7130449065E-03  0.5527625071E+01  0.3946738252E-02
  0.7202473803E-03  0.5527475153E+01  0.3986550287E-02
  0.7275226064E-03  0.5527323722E+01  0.4026763368E-02
  0.7348713196E-03  0.5527170765E+01  0.4067381522E-02
  0.7422942622E-03  0.5527016264E+01  0.4108408820E-02
  0.7497921840E-03  0.5526860206E+01  0.4149849371E-02
  0.7573658425E-03  0.5526702573E+01  0.4191707326E-02
  0.7650160025E-03  0.5526543351E+01  0.4233986876E-02
  0.7727434369E-03  0.5526382522E+01  0.4276692255E-02
  0.7805489261E-03  0.5526220072E+01  0.4319827741E-02
  0.7884332587E-03  0.5526055984E+01  0.4363397651E-02
  0.7963972310E-03  0.5525890242E+01  0.4407406348E-02
  0.8044416475E-03  0.5525722828E+01  0.4451858237E-02
  0.8125673207E-03  0.5525553726E+01  0.4496757768E-02
  0.8207750714E-03  0.5525382918E+01  0.4542109434E-02
  0.8290657287E-03  0.5525210389E+01  0.4587917775E-02
  0.8374401300E-03  0.5525036121E+01  0.4634187375E-02
  0.8458991212E-03  0.5524860095E+01  0.4680922862E-02
  0.8544435568E-03  0.5524682295E+01  0.4728128914E-02
  0.8630742998E-03  0.5524502702E+01  0.4775810252E-02
  0.8717922220E-03  0.5524321299E+01  0.4823971646E-02
  0.8805982040E-03  0.5524138068E+01  0.4872617913E-02
  0.8894931354E-03  0.5523952990E+01  0.4921753919E-02
  0.8984779145E-03  0.5523766046E+01  0.4971384577E-02
  0.9075534490E-03  0.5523577218E+01  0.5021514849E-02
  0.9167206556E-03  0.5523386487E+01  0.5072149748E-02
  0.9259804602E-03  0.5523193834E+01  0.5123294336E-02
  0.9353337982E-03  0.5522999240E+01  0.5174953725E-02
  0.9447816143E-03  0.5522802684E+01  0.5227133077E-02
  0.9543248629E-03  0.5522604148E+01  0.5279837609E-02
  0.9639645080E-03  0.5522403612E+01  0.5333072587E-02
  0.9737015233E-03  0.5522201055E+01  0.5386843329E-02
  0.9835368922E-03  0.5521996457E+01  0.5441155207E-02
  0.9934716083E-03  0.5521789798E+01  0.5496013648E-02
  0.1003506675E-02  0.5521581058E+01  0.5551424129E-02
  0.1013643106E-02  0.5521370214E+01  0.5607392186E-02
  0.1023881925E-02  0.5521157247E+01  0.5663923408E-02
  0.1034224167E-02  0.5520942135E+01  0.5721023438E-02
  0.1044670876E-02  0.5520724856E+01  0.5778697978E-02
  0.1055223107E-02  0.5520505389E+01  0.5836952784E-02
  0.1065881926E-02  0.5520283712E+01  0.5895793672E-02
  0.1076648410E-02  0.5520059803E+01  0.5955226513E-02
  0.1087523647E-02  0.5519833639E+01  0.6015257239E-02
  0.1098508734E-02  0.5519605198E+01  0.6075891839E-02
  0.1109604782E-02  0.5519374457E+01  0.6137136362E-02
  0.1120812911E-02  0.5519141393E+01  0.6198996918E-02
  0.1132134253E-02  0.5518905983E+01  0.6261479675E-02
  0.1143569953E-02  0.5518668204E+01  0.6324590866E-02
  0.1155121165E-02  0.5518428031E+01  0.6388336783E-02
  0.1166789055E-02  0.5518185441E+01  0.6452723782E-02
  0.1178574803E-02  0.5517940409E+01  0.6517758282E-02
  0.1190479599E-02  0.5517692912E+01  0.6583446763E-02
  0.1202504646E-02  0.5517442924E+01  0.6649795774E-02
  0.1214651157E-02  0.5517190422E+01  0.6716811925E-02
  0.1226920361E-02  0.5516935379E+01  0.6784501893E-02
  0.1239313496E-02  0.5516677770E+01  0.6852872421E-02
  0.1251831814E-02  0.5516417570E+01  0.6921930320E-02
  0.1264476580E-02  0.5516154752E+01  0.6991682467E-02
  0.1277249070E-02  0.5515889292E+01  0.7062135807E-02
  0.1290150576E-02  0.5515621162E+01  0.7133297354E-02
  0.1303182400E-02  0.5515350335E+01  0.7205174194E-02
  0.1316345859E-02  0.5515076786E+01  0.7277773479E-02
  0.1329642282E-02  0.5514800486E+01  0.7351102435E-02
  0.1343073012E-02  0.5514521409E+01  0.7425168358E-02
  0.1356639406E-02  0.5514239527E+01  0.7499978616E-02
  0.1370342834E-02  0.5513954811E+01  0.7575540652E-02
  0.1384184681E-02  0.5513667234E+01  0.7651861979E-02
  0.1398166344E-02  0.5513376767E+01  0.7728950188E-02
  0.1412289237E-02  0.5513083381E+01  0.7806812943E-02
  0.1426554785E-02  0.5512787048E+01  0.7885457984E-02
  0.1440964429E-02  0.5512487738E+01  0.7964893128E-02
  0.1455519625E-02  0.5512185422E+01  0.8045126269E-02
  0.1470221844E-02  0.5511880069E+01  0.8126165378E-02
  0.1485072569E-02  0.5511571650E+01  0.8208018507E-02
  0.1500073302E-02  0.5511260133E+01  0.8290693786E-02
  0.1515225558E-02  0.5510945490E+01  0.8374199424E-02
  0.1530530867E-02  0.5510627687E+01  0.8458543714E-02
  0.1545990774E-02  0.5510306694E+01  0.8543735028E-02
  0.1561606843E-02  0.5509982480E+01  0.8629781823E-02
  0.1577380649E-02  0.5509655012E+01  0.8716692638E-02
  0.1593313787E-02  0.5509324258E+01  0.8804476096E-02
  0.1609407866E-02  0.5508990186E+01  0.8893140905E-02
  0.1625664511E-02  0.5508652763E+01  0.8982695861E-02
  0.1642085364E-02  0.5508311956E+01  0.9073149844E-02
  0.1658672085E-02  0.5507967730E+01  0.9164511822E-02
  0.1675426349E-02  0.5507620053E+01  0.9256790852E-02
  0.1692349847E-02  0.5507268891E+01  0.9349996080E-02
  0.1709444290E-02  0.5506914208E+01  0.9444136742E-02
  0.1726711404E-02  0.5506555970E+01  0.9539222165E-02
  0.1744152934E-02  0.5506194142E+01  0.9635261767E-02
  0.1761770640E-02  0.5505828689E+01  0.9732265059E-02
  0.1779566303E-02  0.5505459575E+01  0.9830241647E-02
  0.1797541720E-02  0.5505086764E+01  0.9929201229E-02
  0.1815698707E-02  0.5504710218E+01  0.1002915360E-01
  0.1834039098E-02  0.5504329903E+01  0.1013010865E-01
  0.1852564746E-02  0.5503945780E+01  0.1023207637E-01
  0.1871277521E-02  0.5503557811E+01  0.1033506684E-01
  0.1890179314E-02  0.5503165960E+01  0.1043909025E-01
  0.1909272034E-02  0.5502770189E+01  0.1054415688E-01
  0.1928557610E-02  0.5502370457E+01  0.1065027711E-01
  0.1948037990E-02  0.5501966727E+01  0.1075746145E-01
  0.1967715142E-02  0.5501558960E+01  0.1086572047E-01
  0.1987591052E-02  0.5501147116E+01  0.1097506487E-01
  0.2007667730E-02  0.5500731154E+01  0.1108550545E-01
  0.2027947202E-02  0.5500311035E+01  0.1119705311E-01
  0.2048431517E-02  0.5499886717E+01  0.1130971887E-01
  0.2069122744E-02  0.5499458161E+01  0.1142351385E-01
  0.2090022974E-02  0.5499025323E+01  0.1153844926E-01
  0.2111134317E-02  0.5498588164E+01  0.1165453646E-01
  0.2132458906E-02  0.5498146639E+01  0.1177178688E-01
  0.2153998895E-02  0.5497700707E+01  0.1189021210E-01
  0.2175756460E-02  0.5497250325E+01  0.1200982378E-01
  0.2197733798E-02  0.5496795448E+01  0.1213063371E-01
  0.2219933129E-02  0.5496336035E+01  0.1225265379E-01
  0.2242356696E-02  0.5495872039E+01  0.1237589605E-01
  0.2265006764E-02  0.5495403418E+01  0.1250037261E-01
  0.2287885620E-02  0.5494930125E+01  0.1262609574E-01
  0.2310995576E-02  0.5494452115E+01  0.1275307781E-01
  0.2334338965E-02  0.5493969222E+01  0.1288133131E-01
  0.2357918147E-02  0.5493481507E+01  0.1301086886E-01
  0.2381735502E-02  0.5492988932E+01  0.1314170319E-01
  0.2405793436E-02  0.5492491449E+01  0.1327384718E-01
  0.2430094380E-02  0.5491989010E+01  0.1340731380E-01
  0.2454640788E-02  0.5491481568E+01  0.1354211617E-01
  0.2479435139E-02  0.5490969075E+01  0.1367826754E-01
  0.2504479939E-02  0.5490451480E+01  0.1381578128E-01
  0.2529777716E-02  0.5489928735E+01  0.1395467089E-01
  0.2555331026E-02  0.5489400790E+01  0.1409494999E-01
  0.2581142450E-02  0.5488867594E+01  0.1423663237E-01
  0.2607214596E-02  0.5488329033E+01  0.1437973190E-01
  0.2633550097E-02  0.5487784974E+01  0.1452426263E-01
  0.2660151614E-02  0.5487235503E+01  0.1467023872E-01
  0.2687021832E-02  0.5486680568E+01  0.1481767449E-01
  0.2714163467E-02  0.5486120115E+01  0.1496658436E-01
  0.2741579259E-02  0.5485554091E+01  0.1511698293E-01
  0.2769271979E-02  0.5484982443E+01  0.1526888493E-01
  0.2797244423E-02  0.5484405116E+01  0.1542230522E-01
  0.2825499417E-02  0.5483822056E+01  0.1557725882E-01
  0.2854039815E-02  0.5483233207E+01  0.1573376088E-01
  0.2882868500E-02  0.5482638514E+01  0.1589182671E-01
  0.2911988384E-02  0.5482037921E+01  0.1605147176E-01
  0.2941402408E-02  0.5481431371E+01  0.1621271164E-01
  0.2971113544E-02  0.5480818806E+01  0.1637556209E-01
  0.3001124792E-02  0.5480200169E+01  0.1654003901E-01
  0.3031439184E-02  0.5479575403E+01  0.1670615848E-01
  0.3062059781E-02  0.5478944447E+01  0.1687393669E-01
  0.3092989678E-02  0.5478307244E+01  0.1704339003E-01
  0.3124231998E-02  0.5477663733E+01  0.1721453500E-01
  0.3155789897E-02  0.5477013854E+01  0.1738738831E-01
  0.3187666563E-02  0.5476357546E+01  0.1756196679E-01
  0.3219865215E-02  0.5475694748E+01  0.1773828745E-01
  0.3252389106E-02  0.5475025398E+01  0.1791636746E-01
  0.3285241521E-02  0.5474349434E+01  0.1809622417E-01
  0.3318425779E-02  0.5473666793E+01  0.1827787506E-01
  0.3351945231E-02  0.5472977411E+01  0.1846133782E-01
  0.3385803264E-02  0.5472280394E+01  0.1864663027E-01
  0.3420003297E-02  0.5471576455E+01  0.1883377040E-01
  0.3454548785E-02  0.5470865546E+01  0.1902277640E-01
  0.3489443217E-02  0.5470147602E+01  0.1921366662E-01
  0.3524690118E-02  0.5469422554E+01  0.1940645959E-01
  0.3560293049E-02  0.5468690335E+01  0.1960117403E-01
  0.3596255605E-02  0.5467950629E+01  0.1979782881E-01
  0.3632581419E-02  0.5467203054E+01  0.1999644299E-01
  0.3669274160E-02  0.5466448068E+01  0.2019703581E-01
  0.3706337536E-02  0.5465685599E+01  0.2039962670E-01
  0.3743775289E-02  0.5464915576E+01  0.2060423527E-01
  0.3781591201E-02  0.5464137926E+01  0.2081088133E-01
  0.3819789092E-02  0.5463352574E+01  0.2101958488E-01
  0.3858372820E-02  0.5462559447E+01  0.2123036609E-01
  0.3897346283E-02  0.5461758471E+01  0.2144324534E-01
  0.3936713417E-02  0.5460949568E+01  0.2165824319E-01
  0.3976478199E-02  0.5460132664E+01  0.2187538042E-01
  0.4016644645E-02  0.5459307680E+01  0.2209467798E-01
  0.4057216813E-02  0.5458474540E+01  0.2231615703E-01
  0.4098198801E-02  0.5457633165E+01  0.2253983892E-01
  0.4139594749E-02  0.5456783475E+01  0.2276574523E-01
  0.4181408837E-02  0.5455925391E+01  0.2299389772E-01
  0.4223645290E-02  0.5455058832E+01  0.2322431836E-01
  0.4266308374E-02  0.5454183716E+01  0.2345702932E-01
  0.4309402398E-02  0.5453299961E+01  0.2369205300E-01
  0.4352931715E-02  0.5452407484E+01  0.2392941200E-01
  0.4396900722E-02  0.5451506201E+01  0.2416912913E-01
  0.4441313861E-02  0.5450596026E+01  0.2441122742E-01
  0.4486175617E-02  0.5449676876E+01  0.2465573011E-01
  0.4531490522E-02  0.5448748663E+01  0.2490266067E-01
  0.4577263154E-02  0.5447811299E+01  0.2515204278E-01
  0.4623498135E-02  0.5446864698E+01  0.2540390035E-01
  0.4670200136E-02  0.5445908769E+01  0.2565825751E-01
  0.4717373875E-02  0.5444943283E+01  0.2591513862E-01
  0.4765024116E-02  0.5443968103E+01  0.2617456825E-01
  0.4813155673E-02  0.5442983309E+01  0.2643657121E-01
  0.4861773407E-02  0.5441988809E+01  0.2670117255E-01
  0.4910882230E-02  0.5440984509E+01  0.2696839755E-01
  0.4960487101E-02  0.5439970314E+01  0.2723827173E-01
  0.5010593031E-02  0.5438946127E+01  0.2751082084E-01
  0.5061205082E-02  0.5437911851E+01  0.2778607089E-01
  0.5112328365E-02  0.5436867388E+01  0.2806404810E-01
  0.5163968046E-02  0.5435812638E+01  0.2834477896E-01
  0.5216129339E-02  0.5434747502E+01  0.2862829020E-01
  0.5268817514E-02  0.5433671877E+01  0.2891460879E-01
  0.5322037893E-02  0.5432585661E+01  0.2920376196E-01
  0.5375795852E-02  0.5431488749E+01  0.2949577719E-01
  0.5430096820E-02  0.5430381038E+01  0.2979068222E-01
  0.5484946283E-02  0.5429262420E+01  0.3008850502E-01
  0.5540349781E-02  0.5428132788E+01  0.3038927386E-01
  0.5596312910E-02  0.5426992379E+01  0.3069301724E-01
  0.5652841323E-02  0.5425845857E+01  0.3099976410E-01
  0.5709940730E-02  0.5424688199E+01  0.3130954364E-01
  0.5767616899E-02  0.5423519299E+01  0.3162238516E-01
  0.5825875656E-02  0.5422339049E+01  0.3193831827E-01
  0.5884722885E-02  0.5421147339E+01  0.3225737283E-01
  0.5944164530E-02  0.5419944058E+01  0.3257957899E-01
  0.6004206596E-02  0.5418729095E+01  0.3290496715E-01
  0.6064855147E-02  0.5417502336E+01  0.3323356802E-01
  0.6126116310E-02  0.5416263666E+01  0.3356541258E-01
  0.6187996273E-02  0.5415012968E+01  0.3390053207E-01
  0.6250501286E-02  0.5413750125E+01  0.3423895806E-01
  0.6313637663E-02  0.5412475016E+01  0.3458072237E-01
  0.6377411780E-02  0.5411187521E+01  0.3492585714E-01
  0.6441830081E-02  0.5409887516E+01  0.3527439477E-01
  0.6506899072E-02  0.5408574877E+01  0.3562636799E-01
  0.6572625325E-02  0.5407249476E+01  0.3598180979E-01
  0.6639015480E-02  0.5405911187E+01  0.3634075350E-01
  0.6706076242E-02  0.5404559877E+01  0.3670323271E-01
  0.6773814386E-02  0.5403195415E+01  0.3706928135E-01
  0.6842236754E-02  0.5401817667E+01  0.3743893364E-01
  0.6911350256E-02  0.5400426494E+01  0.3781222411E-01
  0.6981161875E-02  0.5399023063E+01  0.3818918764E-01
  0.7051678662E-02  0.5397614140E+01  0.3856985972E-01
  0.7122907739E-02  0.5396191722E+01  0.3895427613E-01
  0.7194856302E-02  0.5394755674E+01  0.3934247271E-01
  0.7267531618E-02  0.5393305856E+01  0.3973448560E-01
  0.7340941029E-02  0.5391842129E+01  0.4013035128E-01
  0.7415091948E-02  0.5390364348E+01  0.4053010654E-01
  0.7489991867E-02  0.5388872366E+01  0.4093378852E-01
  0.7565648350E-02  0.5387366036E+01  0.4134143467E-01
  0.7642069041E-02  0.5385845205E+01  0.4175308279E-01
  0.7719261657E-02  0.5384309718E+01  0.4216877101E-01
  0.7797233997E-02  0.5382759418E+01  0.4258853780E-01
  0.7875993937E-02  0.5381182790E+01  0.4301242152E-01
  0.7955549431E-02  0.5379586674E+01  0.4344046068E-01
  0.8035908516E-02  0.5377974549E+01  0.4387269457E-01
  0.8117079309E-02  0.5376337866E+01  0.4430916261E-01
  0.8199070009E-02  0.5374684639E+01  0.4474990454E-01
  0.8281888898E-02  0.5373014666E+01  0.4519496079E-01
  0.8365544342E-02  0.5371327743E+01  0.4564437216E-01
  0.8450044790E-02  0.5369623658E+01  0.4609817976E-01
  0.8535398777E-02  0.5367902197E+01  0.4655642509E-01
  0.8621614927E-02  0.5366163139E+01  0.4701914998E-01
  0.8708701946E-02  0.5364406261E+01  0.4748639663E-01
  0.8796668632E-02  0.5362631330E+01  0.4795820760E-01
  0.8885523871E-02  0.5360838112E+01  0.4843462582E-01
  0.8975276638E-02  0.5359026365E+01  0.4891569457E-01
  0.9065935997E-02  0.5357209206E+01  0.4940145810E-01
  0.9157511109E-02  0.5355379453E+01  0.4989196135E-01
  0.9250011221E-02  0.5353531132E+01  0.5038724906E-01
  0.9343445678E-02  0.5351663995E+01  0.5088736611E-01
  0.9437823917E-02  0.5349780495E+01  0.5139235785E-01
  0.9533155471E-02  0.5347882868E+01  0.5190227029E-01
  0.9629449971E-02  0.5345965873E+01  0.5241714970E-01
  0.9726717143E-02  0.5344029239E+01  0.5293704249E-01
  0.9824966811E-02  0.5342072689E+01  0.5346199548E-01
  0.9924208900E-02  0.5340095935E+01  0.5399205584E-01
  0.1002445343E-01  0.5338098685E+01  0.5452727116E-01
  0.1012571054E-01  0.5336080636E+01  0.5506768941E-01
  0.1022799044E-01  0.5334041477E+01  0.5561335895E-01
  0.1033130348E-01  0.5331991205E+01  0.5616432905E-01
  0.1043566008E-01  0.5329925465E+01  0.5672064974E-01
  0.1054107079E-01  0.5327837948E+01  0.5728237094E-01
  0.1064754625E-01  0.5325728298E+01  0.5784954263E-01
  0.1075509722E-01  0.5323596152E+01  0.5842221523E-01
  0.1086373457E-01  0.5321444707E+01  0.5900043972E-01
  0.1097346926E-01  0.5319321225E+01  0.5958427031E-01
  0.1108431238E-01  0.5317186898E+01  0.6017376221E-01
  0.1119627514E-01  0.5315048466E+01  0.6076896937E-01
  0.1130936882E-01  0.5312888451E+01  0.6136994566E-01
  0.1142360487E-01  0.5310706480E+01  0.6197674441E-01
  0.1153899482E-01  0.5308517610E+01  0.6258942027E-01
  0.1165555032E-01  0.5306315850E+01  0.6320802890E-01
  0.1177328316E-01  0.5304050588E+01  0.6383262314E-01
  0.1189220521E-01  0.5301751369E+01  0.6446325501E-01
  0.1201232849E-01  0.5299421315E+01  0.6509997885E-01
  0.1213366514E-01  0.5297028479E+01  0.6574284772E-01
  0.1225622742E-01  0.5294610126E+01  0.6639191538E-01
  0.1238002770E-01  0.5292172950E+01  0.6704723872E-01
  0.1250507848E-01  0.5289713313E+01  0.6770887531E-01
  0.1263139240E-01  0.5287225750E+01  0.6837688265E-01
  0.1275898223E-01  0.5284713848E+01  0.6905131859E-01
  0.1288786083E-01  0.5282215417E+01  0.6973224416E-01
  0.1301804125E-01  0.5279687947E+01  0.7041972063E-01
  0.1314953661E-01  0.5277130808E+01  0.7111380700E-01
  0.1328236022E-01  0.5274543350E+01  0.7181456269E-01
  0.1341652547E-01  0.5271922215E+01  0.7252204731E-01
  0.1355204593E-01  0.5269266508E+01  0.7323632068E-01
  0.1368893528E-01  0.5266578333E+01  0.7395744317E-01
  0.1382720736E-01  0.5263867596E+01  0.7468547647E-01
  0.1396687612E-01  0.5261140608E+01  0.7542048389E-01
  0.1410795567E-01  0.5258371963E+01  0.7616252798E-01
  0.1425046028E-01  0.5255551866E+01  0.7691166925E-01
  0.1439440432E-01  0.5252694766E+01  0.7766796900E-01
  0.1453980234E-01  0.5249799771E+01  0.7843148998E-01
  0.1468666903E-01  0.5246865964E+01  0.7920229525E-01
  0.1483501923E-01  0.5243855686E+01  0.7998044554E-01
  0.1498486790E-01  0.5240776703E+01  0.8076599970E-01
  0.1513623021E-01  0.5237654554E+01  0.8155901944E-01
  0.1528912142E-01  0.5234488228E+01  0.8235956875E-01
  0.1544355699E-01  0.5231276694E+01  0.8316771193E-01
  0.1559955252E-01  0.5228018899E+01  0.8398351359E-01
  0.1575712375E-01  0.5224713770E+01  0.8480703860E-01
  0.1591628662E-01  0.5221360213E+01  0.8563835214E-01
  0.1607705719E-01  0.5217957118E+01  0.8647751965E-01
  0.1623945171E-01  0.5214503354E+01  0.8732460684E-01
  0.1640348657E-01  0.5210997776E+01  0.8817967968E-01
  0.1656917836E-01  0.5207439223E+01  0.8904280438E-01
  0.1673654380E-01  0.5203826518E+01  0.8991404740E-01
  0.1690559979E-01  0.5200158474E+01  0.9079347544E-01
  0.1707636343E-01  0.5196433891E+01  0.9168115539E-01
  0.1724885195E-01  0.5192620715E+01  0.9257715171E-01
  0.1742308278E-01  0.5188698695E+01  0.9348152465E-01
  0.1759907351E-01  0.5184714181E+01  0.9439433693E-01
  0.1777684193E-01  0.5180665914E+01  0.9531565554E-01
  0.1795640599E-01  0.5176552634E+01  0.9624554765E-01
  0.1813778383E-01  0.5172330578E+01  0.9718407668E-01
  0.1832099377E-01  0.5168003291E+01  0.9813130264E-01
  0.1850605431E-01  0.5163628091E+01  0.9908729130E-01
  0.1869298415E-01  0.5159181128E+01  0.1000521118E+00
  0.1888180217E-01  0.5154661171E+01  0.1010258315E+00
  0.1907252745E-01  0.5150067008E+01  0.1020085176E+00
  0.1926517924E-01  0.5145397454E+01  0.1030002374E+00
  0.1945977701E-01  0.5140651351E+01  0.1040010585E+00
  0.1965634041E-01  0.5135893218E+01  0.1050110548E+00
  0.1985488931E-01  0.5131109378E+01  0.1060303058E+00
  0.2005544374E-01  0.5126259219E+01  0.1070588862E+00
  0.2025802398E-01  0.5121334736E+01  0.1080968662E+00
  0.2046265049E-01  0.5116338853E+01  0.1091443159E+00
  0.2066934393E-01  0.5111267005E+01  0.1102013054E+00
  0.2087812518E-01  0.5106119158E+01  0.1112679047E+00
  0.2108901533E-01  0.5100974964E+01  0.1123441925E+00
  0.2130203569E-01  0.5095758527E+01  0.1134302484E+00
  0.2151720777E-01  0.5090469658E+01  0.1145261444E+00
  0.2173455330E-01  0.5085094547E+01  0.1156319511E+00
  0.2195409424E-01  0.5079643059E+01  0.1167477391E+00
  0.2217585277E-01  0.5074118682E+01  0.1178735808E+00
  0.2239985128E-01  0.5068521619E+01  0.1190095489E+00
  0.2262611241E-01  0.5062852185E+01  0.1201557169E+00
  0.2285465900E-01  0.5057110810E+01  0.1213121585E+00
  0.2308551414E-01  0.5051298046E+01  0.1224789475E+00
  0.2331870115E-01  0.5045434667E+01  0.1236561610E+00
  0.2355424359E-01  0.5039510055E+01  0.1248438772E+00
  0.2379216524E-01  0.5033516878E+01  0.1260421728E+00
  0.2403249014E-01  0.5027456155E+01  0.1272511240E+00
  0.2427524257E-01  0.5021329042E+01  0.1284708075E+00
  0.2452044704E-01  0.5015136830E+01  0.1297013006E+00
  0.2476812832E-01  0.5008944743E+01  0.1309426893E+00
  0.2501831143E-01  0.5002728967E+01  0.1321950652E+00
  0.2527102165E-01  0.4996459598E+01  0.1334585137E+00
  0.2552628449E-01  0.4990161190E+01  0.1347331204E+00
  0.2578412575E-01  0.4983828145E+01  0.1360189733E+00
  0.2604457147E-01  0.4977448436E+01  0.1373161592E+00
  0.2630764795E-01  0.4971024489E+01  0.1386247639E+00
  0.2657338176E-01  0.4964571414E+01  0.1399448758E+00
  0.2684179976E-01  0.4958136500E+01  0.1412765925E+00
  0.2711292905E-01  0.4951668299E+01  0.1426200116E+00
  0.2738679702E-01  0.4945169668E+01  0.1439752251E+00
  0.2766343134E-01  0.4938643540E+01  0.1453423260E+00
  0.2794285993E-01  0.4932092910E+01  0.1467214091E+00
  0.2822511105E-01  0.4925490646E+01  0.1481125660E+00
  0.2851021318E-01  0.4918746853E+01  0.1495158726E+00
  0.2879819513E-01  0.4911978407E+01  0.1509314083E+00
  0.2908908599E-01  0.4905171784E+01  0.1523592679E+00
  0.2938291514E-01  0.4898223875E+01  0.1537995296E+00
  0.2967971226E-01  0.4891186764E+01  0.1552522641E+00
  0.2997950734E-01  0.4884132248E+01  0.1567175603E+00
  0.3028233064E-01  0.4877063984E+01  0.1581955192E+00
  0.3058821277E-01  0.4870081147E+01  0.1596862579E+00
  0.3089718462E-01  0.4863075538E+01  0.1611898936E+00
  0.3120927739E-01  0.4856038920E+01  0.1627065263E+00
  0.3152452262E-01  0.4848996556E+01  0.1642362594E+00
  0.3184295214E-01  0.4842091055E+01  0.1657792236E+00
  0.3216459812E-01  0.4835426423E+01  0.1673355909E+00
  0.3248949305E-01  0.4828765832E+01  0.1689055144E+00
  0.3281766975E-01  0.4822109810E+01  0.1704891107E+00
  0.3314916136E-01  0.4815458522E+01  0.1720864972E+00
  0.3348400137E-01  0.4808811737E+01  0.1736977926E+00
  0.3382222361E-01  0.4802168799E+01  0.1753231163E+00
  0.3416386223E-01  0.4795621757E+01  0.1769626042E+00
  0.3450895175E-01  0.4789092296E+01  0.1786163964E+00
  0.3485752702E-01  0.4782389839E+01  0.1802845874E+00
  0.3520962325E-01  0.4775554272E+01  0.1819672454E+00
  0.3556527601E-01  0.4768630758E+01  0.1836644533E+00
  0.3592452122E-01  0.4761679168E+01  0.1853763124E+00
  0.3628739518E-01  0.4754700173E+01  0.1871029355E+00
  0.3665393452E-01  0.4747490271E+01  0.1888443988E+00
  0.3702417628E-01  0.4740013410E+01  0.1906007339E+00
  0.3739815786E-01  0.4732408908E+01  0.1923719896E+00
  0.3777591703E-01  0.4724627443E+01  0.1941582307E+00
  0.3815749195E-01  0.4716707451E+01  0.1959595190E+00
  0.3854292116E-01  0.4708678578E+01  0.1977759286E+00
  0.3893224360E-01  0.4700594497E+01  0.1996075491E+00
  0.3932549859E-01  0.4692437526E+01  0.2014544775E+00
  0.3972272585E-01  0.4684229751E+01  0.2033168114E+00
  0.4012396550E-01  0.4676040993E+01  0.2051946673E+00
  0.4052925808E-01  0.4667729647E+01  0.2070881477E+00
  0.4093864453E-01  0.4659285645E+01  0.2089973246E+00
  0.4135216619E-01  0.4650698777E+01  0.2109222647E+00
  0.4176986484E-01  0.4641958779E+01  0.2128630299E+00
  0.4219178266E-01  0.4633055433E+01  0.2148196768E+00
  0.4261796229E-01  0.4623916257E+01  0.2167922432E+00
  0.4304844675E-01  0.4614502856E+01  0.2187807412E+00
  0.4348327955E-01  0.4605073844E+01  0.2207852283E+00
  0.4392250460E-01  0.4595539509E+01  0.2228057982E+00
  0.4436616626E-01  0.4585806472E+01  0.2248425038E+00
  0.4481430935E-01  0.4575796530E+01  0.2268953584E+00
  0.4526697914E-01  0.4565570072E+01  0.2289643687E+00
  0.4572422136E-01  0.4555374996E+01  0.2310496092E+00
  0.4618608218E-01  0.4545051670E+01  0.2331511745E+00
  0.4665260826E-01  0.4534608051E+01  0.2352691235E+00
  0.4712384673E-01  0.4523930886E+01  0.2374034895E+00
  0.4759984518E-01  0.4512946488E+01  0.2395542593E+00
  0.4808065170E-01  0.4501735840E+01  0.2417214183E+00
  0.4856631485E-01  0.4490301573E+01  0.2439049689E+00
  0.4905688368E-01  0.4478647984E+01  0.2461049125E+00
  0.4955240776E-01  0.4466781053E+01  0.2483212503E+00
  0.5005293713E-01  0.4454434826E+01  0.2505539155E+00
  0.5055852235E-01  0.4441863498E+01  0.2528028340E+00
  0.5106921450E-01  0.4429106798E+01  0.2550680015E+00
  0.5158506515E-01  0.4416177042E+01  0.2573494242E+00
  0.5210612641E-01  0.4403087811E+01  0.2596471128E+00
  0.5263245092E-01  0.4389853790E+01  0.2619610832E+00
  0.5316409184E-01  0.4376916822E+01  0.2642914701E+00
  0.5370110287E-01  0.4363725954E+01  0.2666383809E+00
  0.5424353825E-01  0.4350206451E+01  0.2690017536E+00
  0.5479145278E-01  0.4336067149E+01  0.2713814213E+00
  0.5534490180E-01  0.4322060324E+01  0.2737773374E+00
  0.5590394121E-01  0.4308284013E+01  0.2761896887E+00
  0.5646862749E-01  0.4294396706E+01  0.2786185966E+00
  0.5703901766E-01  0.4280326676E+01  0.2810640656E+00
  0.5761516936E-01  0.4265363922E+01  0.2835258726E+00
  0.5819714076E-01  0.4249878618E+01  0.2860036865E+00
  0.5878499067E-01  0.4234560719E+01  0.2884974749E+00
  0.5937877846E-01  0.4219502764E+01  0.2910074347E+00
  0.5997856410E-01  0.4204500671E+01  0.2935337328E+00
  0.6058440818E-01  0.4189680412E+01  0.2960765153E+00
  0.6119637190E-01  0.4174958771E+01  0.2986359432E+00
  0.6181451707E-01  0.4160352032E+01  0.3012121592E+00
  0.6243890613E-01  0.4146099634E+01  0.3038053880E+00
  0.6306960215E-01  0.4132485625E+01  0.3064160234E+00
  0.6370666884E-01  0.4119050030E+01  0.3090444126E+00
  0.6435017054E-01  0.4105520035E+01  0.3116906751E+00
  0.6500017227E-01  0.4092655262E+01  0.3143550891E+00
  0.6565673966E-01  0.4079933381E+01  0.3170380167E+00
  0.6631993905E-01  0.4067040033E+01  0.3197395506E+00
  0.6698983743E-01  0.4053478963E+01  0.3224595119E+00
  0.6766650245E-01  0.4039742069E+01  0.3251977117E+00
  0.6835000248E-01  0.4025859230E+01  0.3279541310E+00
  0.6904040654E-01  0.4011944283E+01  0.3307287971E+00
  0.6973778439E-01  0.3998508676E+01  0.3335219533E+00
  0.7044220645E-01  0.3985298130E+01  0.3363339382E+00
  0.7115374389E-01  0.3971892944E+01  0.3391648579E+00
  0.7187246858E-01  0.3958273007E+01  0.3420146609E+00
  0.7259845311E-01  0.3944422821E+01  0.3448832783E+00
  0.7333177082E-01  0.3930332324E+01  0.3477706270E+00
  0.7407249577E-01  0.3915693530E+01  0.3506765006E+00
  0.7482070280E-01  0.3900566759E+01  0.3536005911E+00
  0.7557646748E-01  0.3885005984E+01  0.3565426215E+00
  0.7633986614E-01  0.3869464923E+01  0.3595024978E+00
  0.7711097590E-01  0.3853765281E+01  0.3624802269E+00
  0.7788987464E-01  0.3837868350E+01  0.3654757288E+00
  0.7867664105E-01  0.3821811921E+01  0.3684889184E+00
  0.7947135460E-01  0.3805639908E+01  0.3715197380E+00
  0.8027409556E-01  0.3789401335E+01  0.3745681634E+00
  0.8108494501E-01  0.3773149066E+01  0.3776342083E+00
  0.8190398485E-01  0.3756498329E+01  0.3807177489E+00
  0.8273129783E-01  0.3739719496E+01  0.3838186081E+00
  0.8356696751E-01  0.3723082722E+01  0.3869368268E+00
  0.8441107829E-01  0.3706639825E+01  0.3900725813E+00
  0.8526371544E-01  0.3690437634E+01  0.3932260928E+00
  0.8612496510E-01  0.3674517196E+01  0.3963976252E+00
  0.8699491424E-01  0.3657762231E+01  0.3995869803E+00
  0.8787365075E-01  0.3640835327E+01  0.4027937524E+00
  0.8876126338E-01  0.3623984300E+01  0.4060179252E+00
  0.8965784180E-01  0.3607758474E+01  0.4092598375E+00
  0.9056347656E-01  0.3592156365E+01  0.4125200841E+00
  0.9147825915E-01  0.3576851122E+01  0.4157991257E+00
  0.9240228197E-01  0.3561809186E+01  0.4190972682E+00
  0.9333563836E-01  0.3547107676E+01  0.4224148447E+00
  0.9427842258E-01  0.3533916068E+01  0.4257527834E+00
  0.9523072988E-01  0.3520289745E+01  0.4291116692E+00
  0.9619265645E-01  0.3506502399E+01  0.4324912983E+00
  0.9716429944E-01  0.3492498830E+01  0.4358915635E+00
  0.9814575701E-01  0.3478153155E+01  0.4393122631E+00
  0.9913712829E-01  0.3463132797E+01  0.4427529589E+00
  0.1001385134E+00  0.3446297718E+01  0.4462124594E+00
  0.1011500136E+00  0.3428746282E+01  0.4496895133E+00
  0.1021717309E+00  0.3410598323E+01  0.4531834517E+00
  0.1032037686E+00  0.3391933602E+01  0.4566936864E+00
  0.1042462309E+00  0.3372694460E+01  0.4602196213E+00
  0.1052992231E+00  0.3352686444E+01  0.4637605082E+00
  0.1063628516E+00  0.3331826634E+01  0.4673154276E+00
  0.1074372239E+00  0.3311125705E+01  0.4708839293E+00
  0.1085224483E+00  0.3291031343E+01  0.4744663406E+00
  0.1096186347E+00  0.3271175261E+01  0.4780630412E+00
  0.1107258936E+00  0.3250623830E+01  0.4816737014E+00
  0.1118443370E+00  0.3231717198E+01  0.4852987671E+00
  0.1129740778E+00  0.3212404511E+01  0.4889388606E+00
  0.1141152301E+00  0.3192477253E+01  0.4925933334E+00
  0.1152679092E+00  0.3171763061E+01  0.4962612967E+00
  0.1164322315E+00  0.3150935000E+01  0.4999421260E+00
  0.1176083146E+00  0.3131063372E+01  0.5036362022E+00
  0.1187962774E+00  0.3110596369E+01  0.5073436319E+00
  0.1199962398E+00  0.3088812631E+01  0.5110631607E+00
  0.1212083230E+00  0.3066361533E+01  0.5147934524E+00
  0.1224326495E+00  0.3042568706E+01  0.5185331150E+00
  0.1236693429E+00  0.3017568163E+01  0.5222803807E+00
  0.1249185282E+00  0.2991233862E+01  0.5260334342E+00
  0.1261803315E+00  0.2964358037E+01  0.5297908270E+00
  0.1274548803E+00  0.2937228100E+01  0.5335517568E+00
  0.1287423034E+00  0.2909824897E+01  0.5373155722E+00
  0.1300427307E+00  0.2882117599E+01  0.5410815723E+00
  0.1313562936E+00  0.2854511701E+01  0.5448492841E+00
  0.1326831249E+00  0.2827672966E+01  0.5486189342E+00
  0.1340233585E+00  0.2800852115E+01  0.5523907033E+00
  0.1353771298E+00  0.2773452963E+01  0.5561638704E+00
  0.1367445755E+00  0.2744873431E+01  0.5599368764E+00
  0.1381258338E+00  0.2715446866E+01  0.5637079329E+00
  0.1395210443E+00  0.2685219053E+01  0.5674754657E+00
  0.1409303478E+00  0.2653757621E+01  0.5712375849E+00
  0.1423538866E+00  0.2621194152E+01  0.5749921343E+00
  0.1437918047E+00  0.2588390633E+01  0.5787376123E+00
  0.1452442472E+00  0.2556087203E+01  0.5824736413E+00
  0.1467113608E+00  0.2523923757E+01  0.5862001179E+00
  0.1481932937E+00  0.2491837799E+01  0.5899166291E+00
  0.1496901957E+00  0.2458560252E+01  0.5936217593E+00
  0.1512022178E+00  0.2425659131E+01  0.5973142833E+00
  0.1527295130E+00  0.2393329103E+01  0.6009942920E+00
  0.1542722353E+00  0.2361710344E+01  0.6046621448E+00
  0.1558305407E+00  0.2330921115E+01  0.6083184213E+00
  0.1574045866E+00  0.2301746426E+01  0.6119644369E+00
  0.1589945319E+00  0.2273236647E+01  0.6156014233E+00
  0.1606005373E+00  0.2244204398E+01  0.6192289406E+00
  0.1622227649E+00  0.2218761453E+01  0.6228489139E+00
  0.1638613787E+00  0.2195684118E+01  0.6264656996E+00
  0.1655165442E+00  0.2171930168E+01  0.6300802617E+00
  0.1671884284E+00  0.2147395525E+01  0.6336909681E+00
  0.1688772004E+00  0.2121724736E+01  0.6372957535E+00
  0.1705830308E+00  0.2094631302E+01  0.6408919475E+00
  0.1723060917E+00  0.2066447729E+01  0.6444768438E+00
  0.1740465572E+00  0.2038397496E+01  0.6480490147E+00
  0.1758046033E+00  0.2007296963E+01  0.6516052732E+00
  0.1775804074E+00  0.1976188431E+01  0.6551422180E+00
  0.1793741488E+00  0.1944331021E+01  0.6586584172E+00
  0.1811860089E+00  0.1912475338E+01  0.6621524140E+00
  0.1830161706E+00  0.1880749995E+01  0.6656235219E+00
  0.1848648188E+00  0.1849471407E+01  0.6690714554E+00
  0.1867321402E+00  0.1818504206E+01  0.6724961001E+00
  0.1886183235E+00  0.1786822047E+01  0.6758962530E+00
  0.1905235591E+00  0.1753110929E+01  0.6792684562E+00
  0.1924480394E+00  0.1719697717E+01  0.6826101322E+00
  0.1943919590E+00  0.1686671464E+01  0.6859209861E+00
  0.1963555142E+00  0.1654134930E+01  0.6892009149E+00
  0.1983389032E+00  0.1622462582E+01  0.6924502987E+00
  0.2003423265E+00  0.1593004394E+01  0.6956712694E+00
  0.2023659863E+00  0.1563057298E+01  0.6988646671E+00
  0.2044100872E+00  0.1532131423E+01  0.7020281060E+00
  0.2064748356E+00  0.1498463160E+01  0.7051568136E+00
  0.2085604400E+00  0.1461571161E+01  0.7082435439E+00
  0.2106671111E+00  0.1423473512E+01  0.7112824641E+00
  0.2127950617E+00  0.1386782406E+01  0.7142725070E+00
  0.2149445068E+00  0.1347128982E+01  0.7172107032E+00
  0.2171156634E+00  0.1305334419E+01  0.7200901599E+00
  0.2193087509E+00  0.1260566044E+01  0.7229037820E+00
  0.2215239908E+00  0.1214332400E+01  0.7256450289E+00
  0.2237616069E+00  0.1167181939E+01  0.7283094863E+00
  0.2260218251E+00  0.1119236082E+01  0.7308933882E+00
  0.2283048739E+00  0.1071703618E+01  0.7333943992E+00
  0.2306109837E+00  0.1022600511E+01  0.7358092469E+00
  0.2329403876E+00  0.9757796654E+00  0.7381367642E+00
  0.2352933208E+00  0.9339335303E+00  0.7403834780E+00
  0.2376700210E+00  0.8970170294E+00  0.7425592883E+00
  0.2400707283E+00  0.8662128581E+00  0.7446757877E+00
  0.2424956851E+00  0.8318823265E+00  0.7467346915E+00
  0.2449451365E+00  0.7976010994E+00  0.7487303617E+00
  0.2474193298E+00  0.7645733248E+00  0.7506629224E+00
  0.2499185149E+00  0.7316327127E+00  0.7525325704E+00
  0.2524429444E+00  0.7029385341E+00  0.7543433073E+00
  0.2549928731E+00  0.6756860290E+00  0.7561010045E+00
  0.2575685587E+00  0.6496719713E+00  0.7578078573E+00
  0.2601702613E+00  0.6246249811E+00  0.7594655281E+00
  0.2627982438E+00  0.5990495842E+00  0.7610734257E+00
  0.2654527715E+00  0.5742550696E+00  0.7626307106E+00
  0.2681341126E+00  0.5513543446E+00  0.7641397820E+00
  0.2708425380E+00  0.5289251831E+00  0.7656027103E+00
  0.2735783212E+00  0.5091771800E+00  0.7670227218E+00
  0.2763417386E+00  0.4924186962E+00  0.7684066355E+00
  0.2791330693E+00  0.4791660355E+00  0.7697626426E+00
  0.2819525952E+00  0.4676251828E+00  0.7710973938E+00
  0.2848006012E+00  0.4567742709E+00  0.7724137414E+00
  0.2876773750E+00  0.4477429074E+00  0.7737147871E+00
  0.2905832071E+00  0.4415971735E+00  0.7750069235E+00
  0.2935183910E+00  0.4296641429E+00  0.7762855796E+00
  0.2964832232E+00  0.4174500646E+00  0.7775413554E+00
  0.2994780032E+00  0.4005523162E+00  0.7787662240E+00
  0.3025030336E+00  0.3743258789E+00  0.7799382390E+00
  0.3055586198E+00  0.3457766598E+00  0.7810384067E+00
  0.3086450705E+00  0.3232562810E+00  0.7820708753E+00
  0.3117626974E+00  0.3062296537E+00  0.7830521265E+00
  0.3149118156E+00  0.2918169358E+00  0.7839937862E+00
  0.3180927430E+00  0.2791017916E+00  0.7849018117E+00
  0.3213058010E+00  0.2710550711E+00  0.7857856546E+00
  0.3245513142E+00  0.2669145640E+00  0.7866586484E+00
  0.3278296103E+00  0.2641760804E+00  0.7875291846E+00
  0.3311410205E+00  0.2645816980E+00  0.7884046515E+00
  0.3344858793E+00  0.2679964002E+00  0.7892953508E+00
  0.3378645245E+00  0.2728680022E+00  0.7902090453E+00
  0.3412772975E+00  0.2809899480E+00  0.7911541410E+00
  0.3447245429E+00  0.2871265867E+00  0.7921333596E+00
  0.3482066090E+00  0.2873525217E+00  0.7931335467E+00
  0.3517238475E+00  0.2872766869E+00  0.7941441007E+00
  0.3552766136E+00  0.2839095770E+00  0.7951587463E+00
  0.3588652663E+00  0.2828222385E+00  0.7961756481E+00
  0.3624901680E+00  0.2847181010E+00  0.7972042870E+00
  0.3661516848E+00  0.2790197728E+00  0.7982363549E+00
  0.3698501867E+00  0.2640046210E+00  0.7992405433E+00
  0.3735860472E+00  0.2514506034E+00  0.8002033777E+00
  0.3773596436E+00  0.2396892426E+00  0.8011300595E+00
  0.3811713572E+00  0.2293604898E+00  0.8020240011E+00
  0.3850215729E+00  0.2244442499E+00  0.8028976241E+00
  0.3889106797E+00  0.2301629992E+00  0.8037816322E+00
  0.3928390704E+00  0.2348508505E+00  0.8046950103E+00
  0.3968071418E+00  0.2398178219E+00  0.8056367699E+00
  0.4008152948E+00  0.2446691183E+00  0.8066077187E+00
  0.4048639341E+00  0.2470159873E+00  0.8076030466E+00
  0.4089534688E+00  0.2491011475E+00  0.8086174907E+00
  0.4130843119E+00  0.2504552049E+00  0.8096492851E+00
  0.4172568807E+00  0.2538346345E+00  0.8107013772E+00
  0.4214715967E+00  0.2469017449E+00  0.8117566080E+00
  0.4257288855E+00  0.2362785281E+00  0.8127851270E+00
  0.4300291773E+00  0.2279841343E+00  0.8137833594E+00
  0.4343729064E+00  0.2250224406E+00  0.8147672283E+00
  0.4387605115E+00  0.2235432858E+00  0.8157512930E+00
  0.4431924359E+00  0.2188032070E+00  0.8167315161E+00
  0.4476691271E+00  0.2067359360E+00  0.8176840198E+00
  0.4521910375E+00  0.1946287417E+00  0.8185914873E+00
  0.4567586237E+00  0.1923251744E+00  0.8194752100E+00
  0.4613723472E+00  0.1939113851E+00  0.8203662043E+00
  0.4660326740E+00  0.2048466528E+00  0.8212953757E+00
  0.4707400747E+00  0.2142156217E+00  0.8222817227E+00
  0.4754950250E+00  0.2149546850E+00  0.8233020645E+00
  0.4802980050E+00  0.2144108639E+00  0.8243331816E+00
  0.4851495000E+00  0.2065289575E+00  0.8253542753E+00
  0.4900500000E+00  0.2024705098E+00  0.8263564262E+00
  0.4950000000E+00  0.2050504131E+00  0.8273650405E+00
  0.5000000000E+00  0.2136358667E+00  0.8284041568E+00
  0.5050000000E+00  0.2317772816E+00  0.8295176896E+00
  0.5099500000E+00  0.2520486202E+00  0.8307151587E+00
  0.5148505000E+00  0.2725162037E+00  0.8320004737E+00
  0.5197019950E+00  0.2952795498E+00  0.8333778028E+00
  0.5245049750E+00  0.3101225186E+00  0.8348316699E+00
  0.5292599253E+00  0.3148827313E+00  0.8363176043E+00
  0.5339673260E+00  0.3148771488E+00  0.8377998704E+00
  0.5386276528E+00  0.3145147542E+00  0.8392664563E+00
  0.5432413763E+00  0.3161558187E+00  0.8407213261E+00
  0.5478089625E+00  0.3187260526E+00  0.8421712650E+00
  0.5523308729E+00  0.3234192093E+00  0.8436231266E+00
  0.5568075641E+00  0.3310236783E+00  0.8450879960E+00
  0.5612394885E+00  0.3346067263E+00  0.8465630078E+00
  0.5656270936E+00  0.3374370171E+00  0.8480373391E+00
  0.5699708227E+00  0.3364573230E+00  0.8495009463E+00
  0.5742711145E+00  0.3360424830E+00  0.8509469190E+00
  0.5785284033E+00  0.3337108896E+00  0.8523725858E+00
  0.5827431193E+00  0.3277486879E+00  0.8537665179E+00
  0.5869156881E+00  0.3198295189E+00  0.8551175502E+00
  0.5910465312E+00  0.3126811547E+00  0.8564239514E+00
  0.5951360659E+00  0.3026081597E+00  0.8576820749E+00
  0.5991847052E+00  0.2954661598E+00  0.8588927685E+00
  0.6031928582E+00  0.2873893050E+00  0.8600608554E+00
  0.6071609296E+00  0.2769263055E+00  0.8611804778E+00
  0.6110893203E+00  0.2624807163E+00  0.8622399785E+00
  0.6149784271E+00  0.2451506652E+00  0.8632270949E+00
  0.6188286428E+00  0.2282496525E+00  0.8641384415E+00
  0.6226403564E+00  0.2083804503E+00  0.8649705960E+00
  0.6264139528E+00  0.1830781913E+00  0.8657091994E+00
  0.6301498133E+00  0.1559380502E+00  0.8663424581E+00
  0.6338483152E+00  0.1323933369E+00  0.8668756552E+00
  0.6375098320E+00  0.1060223412E+00  0.8673121367E+00
  0.6411347337E+00  0.7894398379E-01  0.8676473791E+00
  0.6447233864E+00  0.4975286985E-01  0.8678783033E+00
  0.6482761525E+00  0.1914526037E-01  0.8680006927E+00
  0.6517933910E+00 -0.9976136033E-02  0.8680168177E+00
  0.6552754571E+00 -0.3757577799E-01  0.8679340283E+00
  0.6587227025E+00 -0.6423341600E-01  0.8677585476E+00
  0.6621354755E+00 -0.9426406084E-01  0.8674880897E+00
  0.6655141207E+00 -0.1299707526E+00  0.8671092847E+00
  0.6688589795E+00 -0.1617438198E+00  0.8666214127E+00
  0.6721703897E+00 -0.1925121294E+00  0.8660348693E+00
  0.6754486858E+00 -0.2244111235E+00  0.8653514704E+00
  0.6786941990E+00 -0.2524889012E+00  0.8645775777E+00
  0.6819072570E+00 -0.2797055605E+00  0.8637225919E+00
  0.6850881844E+00 -0.3055388614E+00  0.8627917819E+00
  0.6882373026E+00 -0.3339704639E+00  0.8617848367E+00
  0.6913549295E+00 -0.3625090455E+00  0.8606991550E+00
  0.6944413802E+00 -0.3889220955E+00  0.8595395274E+00
  0.6974969664E+00 -0.4116551485E+00  0.8583164110E+00
  0.7005219968E+00 -0.4328872713E+00  0.8570390278E+00
  0.7035167768E+00 -0.4554902352E+00  0.8557087802E+00
  0.7064816090E+00 -0.4741968585E+00  0.8543305971E+00
  0.7094167929E+00 -0.4908272998E+00  0.8529143354E+00
  0.7123226250E+00 -0.5067720225E+00  0.8514649073E+00
  0.7151993988E+00 -0.5261513304E+00  0.8499791639E+00
  0.7180474048E+00 -0.5507493578E+00  0.8484456541E+00
  0.7208669307E+00 -0.5812742079E+00  0.8468497692E+00
  0.7236582614E+00 -0.6183110372E+00  0.8451755497E+00
  0.7264216788E+00 -0.6606148298E+00  0.8434084467E+00
  0.7291574620E+00 -0.7078187394E+00  0.8415365779E+00
  0.7318658874E+00 -0.7556497949E+00  0.8395547302E+00
  0.7345472285E+00 -0.8027666287E+00  0.8374654072E+00
  0.7372017562E+00 -0.8464795495E+00  0.8352764224E+00
  0.7398297387E+00 -0.8871271013E+00  0.8329984784E+00
  0.7424314413E+00 -0.9243425114E+00  0.8306420258E+00
  0.7450071269E+00 -0.9594886854E+00  0.8282159474E+00
  0.7475570556E+00 -0.9931625769E+00  0.8257263866E+00
  0.7500814851E+00 -0.1025657029E+01  0.8231782028E+00
  0.7525806702E+00 -0.1062888056E+01  0.8205683724E+00
  0.7550548635E+00 -0.1099793443E+01  0.8178929263E+00
  0.7575043149E+00 -0.1139347178E+01  0.8151505933E+00
  0.7599292717E+00 -0.1177475498E+01  0.8123414958E+00
  0.7623299790E+00 -0.1211205679E+01  0.8094742336E+00
  0.7647066792E+00 -0.1240678819E+01  0.8065605364E+00
  0.7670596124E+00 -0.1267366883E+01  0.8036099044E+00
  0.7693890163E+00 -0.1291961894E+01  0.8006290492E+00
  0.7716951261E+00 -0.1315020435E+01  0.7976230554E+00
  0.7739781749E+00 -0.1337337134E+01  0.7945953246E+00
  0.7762383931E+00 -0.1359809584E+01  0.7915472545E+00
  0.7784760092E+00 -0.1383668398E+01  0.7884778293E+00
  0.7806912491E+00 -0.1409467417E+01  0.7853840964E+00
  0.7828843366E+00 -0.1437675647E+01  0.7822620794E+00
  0.7850554932E+00 -0.1469716304E+01  0.7791058777E+00
  0.7872049383E+00 -0.1502608267E+01  0.7759114536E+00
  0.7893328889E+00 -0.1535538055E+01  0.7726789409E+00
  0.7914395600E+00 -0.1571280221E+01  0.7694064187E+00
  0.7935251644E+00 -0.1607646694E+01  0.7660914267E+00
  0.7955899128E+00 -0.1644497837E+01  0.7627339967E+00
  0.7976340137E+00 -0.1683702367E+01  0.7593324082E+00
  0.7996576735E+00 -0.1726913070E+01  0.7558814455E+00
  0.8016610968E+00 -0.1772715336E+01  0.7523758270E+00
  0.8036444858E+00 -0.1815980250E+01  0.7488169372E+00
  0.8056080410E+00 -0.1860263034E+01  0.7452076840E+00
  0.8075519606E+00 -0.1903619136E+01  0.7415493419E+00
  0.8094764409E+00 -0.1947400017E+01  0.7378437365E+00
  0.8113816765E+00 -0.1989555040E+01  0.7340933230E+00
  0.8132678598E+00 -0.2031945673E+01  0.7303006794E+00
  0.8151351812E+00 -0.2075643519E+01  0.7264655848E+00
  0.8169838294E+00 -0.2119107640E+01  0.7225882752E+00
  0.8188139911E+00 -0.2161457273E+01  0.7186712122E+00
  0.8206258512E+00 -0.2202057905E+01  0.7147181727E+00
  0.8224195926E+00 -0.2243618138E+01  0.7107309760E+00
  0.8241953967E+00 -0.2283988071E+01  0.7067109052E+00
  0.8259534428E+00 -0.2323572242E+01  0.7026607536E+00
  0.8276939083E+00 -0.2362672123E+01  0.6985826301E+00
  0.8294169692E+00 -0.2403016796E+01  0.6944768440E+00
  0.8311227996E+00 -0.2444169885E+01  0.6903426050E+00
  0.8328115716E+00 -0.2484137245E+01  0.6861812114E+00
  0.8344834558E+00 -0.2522935349E+01  0.6819955885E+00
  0.8361386213E+00 -0.2562736559E+01  0.6777867743E+00
  0.8377772351E+00 -0.2603870741E+01  0.6735537373E+00
  0.8393994627E+00 -0.2645439284E+01  0.6692959494E+00
  0.8410054681E+00 -0.2686653968E+01  0.6650142641E+00
  0.8425954134E+00 -0.2727413502E+01  0.6607102285E+00
  0.8441694593E+00 -0.2767411603E+01  0.6563856752E+00
  0.8457277647E+00 -0.2806538164E+01  0.6520427171E+00
  0.8472704870E+00 -0.2843938101E+01  0.6476841591E+00
  0.8487977822E+00 -0.2879089724E+01  0.6433137829E+00
  0.8503098043E+00 -0.2912634486E+01  0.6389351751E+00
  0.8518067063E+00 -0.2943267166E+01  0.6345523198E+00
  0.8532886392E+00 -0.2970550338E+01  0.6301703793E+00
  0.8547557528E+00 -0.2995527725E+01  0.6257939222E+00
  0.8562081953E+00 -0.3017517058E+01  0.6214271214E+00
  0.8576461134E+00 -0.3036494228E+01  0.6170745353E+00
  0.8590696522E+00 -0.3053865422E+01  0.6127396035E+00
  0.8604789557E+00 -0.3070277928E+01  0.6084242152E+00
  0.8618741662E+00 -0.3086077849E+01  0.6041295093E+00
  0.8632554245E+00 -0.3102876991E+01  0.5998552365E+00
  0.8646228702E+00 -0.3121060893E+01  0.5955997878E+00
  0.8659766415E+00 -0.3140170369E+01  0.5913616502E+00
  0.8673168751E+00 -0.3159767356E+01  0.5871399562E+00
  0.8686437064E+00 -0.3180951339E+01  0.5829334243E+00
  0.8699572693E+00 -0.3203091295E+01  0.5787405034E+00
  0.8712576966E+00 -0.3226256518E+01  0.5745600537E+00
  0.8725451197E+00 -0.3251222819E+01  0.5703904257E+00
  0.8738196685E+00 -0.3274988124E+01  0.5662314385E+00
  0.8750814718E+00 -0.3297783738E+01  0.5620846658E+00
  0.8763306571E+00 -0.3319696763E+01  0.5579514362E+00
  0.8775673505E+00 -0.3341702264E+01  0.5538323820E+00
  0.8787916770E+00 -0.3363696754E+01  0.5497275832E+00
  0.8800037602E+00 -0.3385771407E+01  0.5456371246E+00
  0.8812037226E+00 -0.3408128546E+01  0.5415609123E+00
  0.8823916854E+00 -0.3430529876E+01  0.5374988765E+00
  0.8835677685E+00 -0.3453426483E+01  0.5334508240E+00
  0.8847320908E+00 -0.3477223531E+01  0.5294160688E+00
  0.8858847699E+00 -0.3500529038E+01  0.5253945140E+00
  0.8870259222E+00 -0.3524128543E+01  0.5213864119E+00
  0.8881556630E+00 -0.3547468365E+01  0.5173918762E+00
  0.8892741064E+00 -0.3571418778E+01  0.5134108402E+00
  0.8903813653E+00 -0.3595325780E+01  0.5094431192E+00
  0.8914775517E+00 -0.3618938866E+01  0.5054890300E+00
  0.8925627761E+00 -0.3641892915E+01  0.5015492138E+00
  0.8936371484E+00 -0.3664853567E+01  0.4976241310E+00
  0.8947007769E+00 -0.3688299279E+01  0.4937136195E+00
  0.8957537691E+00 -0.3710902800E+01  0.4898179683E+00
  0.8967962314E+00 -0.3732572968E+01  0.4859381968E+00
  0.8978282691E+00 -0.3754074821E+01  0.4820749455E+00
  0.8988499864E+00 -0.3775629555E+01  0.4782283309E+00
  0.8998614866E+00 -0.3797860568E+01  0.4743980377E+00
  0.9008628717E+00 -0.3819885645E+01  0.4705838888E+00
  0.9018542430E+00 -0.3841390672E+01  0.4667863042E+00
  0.9028357006E+00 -0.3862284580E+01  0.4630058890E+00
  0.9038073436E+00 -0.3883064505E+01  0.4592430319E+00
  0.9047692701E+00 -0.3903789519E+01  0.4554978410E+00
  0.9057215774E+00 -0.3923354669E+01  0.4517709177E+00
  0.9066643616E+00 -0.3941811343E+01  0.4480633405E+00
  0.9075977180E+00 -0.3959866780E+01  0.4443757996E+00
  0.9085217408E+00 -0.3977702134E+01  0.4407085522E+00
  0.9094365234E+00 -0.3995319951E+01  0.4370617613E+00
  0.9103421582E+00 -0.4012670474E+01  0.4334356041E+00
  0.9112387366E+00 -0.4029235217E+01  0.4298305045E+00
  0.9121263493E+00 -0.4045529475E+01  0.4262468730E+00
  0.9130050858E+00 -0.4061553839E+01  0.4226848779E+00
  0.9138750349E+00 -0.4076746562E+01  0.4191449242E+00
  0.9147362846E+00 -0.4091728982E+01  0.4156273758E+00
  0.9155889217E+00 -0.4106829308E+01  0.4121321781E+00
  0.9164330325E+00 -0.4122145791E+01  0.4086590948E+00
  0.9172687022E+00 -0.4137189627E+01  0.4052080568E+00
  0.9180960151E+00 -0.4152138568E+01  0.4017791224E+00
  0.9189150550E+00 -0.4167010408E+01  0.3983722651E+00
  0.9197259044E+00 -0.4181228234E+01  0.3949876827E+00
  0.9205286454E+00 -0.4195234895E+01  0.3916256177E+00
  0.9213233589E+00 -0.4209251351E+01  0.3882860382E+00
  0.9221101254E+00 -0.4223505279E+01  0.3849687334E+00
  0.9228890241E+00 -0.4237674378E+01  0.3816735322E+00
  0.9236601339E+00 -0.4251828265E+01  0.3784003631E+00
  0.9244235325E+00 -0.4265752990E+01  0.3751492080E+00
  0.9251792972E+00 -0.4279463067E+01  0.3719201218E+00
  0.9259275042E+00 -0.4292975097E+01  0.3687131426E+00
  0.9266682292E+00 -0.4306307376E+01  0.3655282910E+00
  0.9274015469E+00 -0.4319113901E+01  0.3623657039E+00
  0.9281275314E+00 -0.4330935476E+01  0.3592258029E+00
  0.9288462561E+00 -0.4342259301E+01  0.3561089833E+00
  0.9295577935E+00 -0.4353755377E+01  0.3530152133E+00
  0.9302622156E+00 -0.4365475720E+01  0.3499442039E+00
  0.9309595935E+00 -0.4377065886E+01  0.3468957765E+00
  0.9316499975E+00 -0.4388748837E+01  0.3438697994E+00
  0.9323334975E+00 -0.4400433721E+01  0.3408660962E+00
  0.9330101626E+00 -0.4412132711E+01  0.3378845184E+00
  0.9336800609E+00 -0.4423779398E+01  0.3349249369E+00
  0.9343432603E+00 -0.4435386649E+01  0.3319872401E+00
  0.9349998277E+00 -0.4446922873E+01  0.3290713227E+00
  0.9356498295E+00 -0.4458258695E+01  0.3261771310E+00
  0.9362933312E+00 -0.4469746114E+01  0.3233045378E+00
  0.9369303978E+00 -0.4481744219E+01  0.3204531897E+00
  0.9375610939E+00 -0.4493816887E+01  0.3176227643E+00
  0.9381854829E+00 -0.4505964042E+01  0.3148130820E+00
  0.9388036281E+00 -0.4517931838E+01  0.3120240431E+00
  0.9394155918E+00 -0.4529695898E+01  0.3092556332E+00
  0.9400214359E+00 -0.4541092276E+01  0.3065078915E+00
  0.9406212215E+00 -0.4552612719E+01  0.3037807547E+00
  0.9412150093E+00 -0.4564252049E+01  0.3010740132E+00
  0.9418028592E+00 -0.4576041560E+01  0.2983874528E+00
  0.9423848306E+00 -0.4588049168E+01  0.2957208334E+00
  0.9429609823E+00 -0.4600182336E+01  0.2930739259E+00
  0.9435313725E+00 -0.4612472893E+01  0.2904465218E+00
  0.9440960588E+00 -0.4624867227E+01  0.2878384223E+00
  0.9446550982E+00 -0.4637419186E+01  0.2852494307E+00
  0.9452085472E+00 -0.4649991212E+01  0.2826793766E+00
  0.9457564617E+00 -0.4662185331E+01  0.2801282382E+00
  0.9462988971E+00 -0.4674409506E+01  0.2775959885E+00
  0.9468359082E+00 -0.4686795276E+01  0.2750824534E+00
  0.9473675491E+00 -0.4699822529E+01  0.2725872983E+00
  0.9478938736E+00 -0.4712605611E+01  0.2701103025E+00
  0.9484149348E+00 -0.4725167034E+01  0.2676514737E+00
  0.9489307855E+00 -0.4737442570E+01  0.2652108270E+00
  0.9494414776E+00 -0.4749653505E+01  0.2627883343E+00
  0.9499470629E+00 -0.4762018259E+01  0.2603838539E+00
  0.9504475922E+00 -0.4774276337E+01  0.2579972561E+00
  0.9509431163E+00 -0.4786416827E+01  0.2556284793E+00
  0.9514336852E+00 -0.4798667318E+01  0.2532774075E+00
  0.9519193483E+00 -0.4810906309E+01  0.2509438996E+00
  0.9524001548E+00 -0.4822936988E+01  0.2486278923E+00
  0.9528761533E+00 -0.4834800735E+01  0.2463293582E+00
  0.9533473917E+00 -0.4846502665E+01  0.2440482569E+00
  0.9538139178E+00 -0.4857907007E+01  0.2417845768E+00
  0.9542757786E+00 -0.4868953856E+01  0.2395383488E+00
  0.9547330209E+00 -0.4879775922E+01  0.2373095834E+00
  0.9551856906E+00 -0.4890390404E+01  0.2350982539E+00
  0.9556338337E+00 -0.4900793802E+01  0.2329043281E+00
  0.9560774954E+00 -0.4911038539E+01  0.2307277612E+00
  0.9565167205E+00 -0.4921134979E+01  0.2285684927E+00
  0.9569515532E+00 -0.4931011045E+01  0.2264264746E+00
  0.9573820377E+00 -0.4940574252E+01  0.2243016926E+00
  0.9578082173E+00 -0.4949965312E+01  0.2221941193E+00
  0.9582301352E+00 -0.4959117913E+01  0.2201037099E+00
  0.9586478338E+00 -0.4968035165E+01  0.2180304307E+00
  0.9590613555E+00 -0.4976589273E+01  0.2159742719E+00
  0.9594707419E+00 -0.4985048412E+01  0.2139351922E+00
  0.9598760345E+00 -0.4993273140E+01  0.2119131223E+00
  0.9602772742E+00 -0.5001269617E+01  0.2099080189E+00
  0.9606745014E+00 -0.5009034843E+01  0.2079198360E+00
  0.9610677564E+00 -0.5016553652E+01  0.2059485296E+00
  0.9614570788E+00 -0.5023988258E+01  0.2039940255E+00
  0.9618425080E+00 -0.5031479362E+01  0.2020561901E+00
  0.9622240830E+00 -0.5038799597E+01  0.2001349071E+00
  0.9626018421E+00 -0.5046052378E+01  0.1982300845E+00
  0.9629758237E+00 -0.5053119429E+01  0.1963416323E+00
  0.9633460655E+00 -0.5060002507E+01  0.1944694823E+00
  0.9637126048E+00 -0.5066553129E+01  0.1926135918E+00
  0.9640754788E+00 -0.5072787893E+01  0.1907739404E+00
  0.9644347240E+00 -0.5078852489E+01  0.1889504763E+00
  0.9647903767E+00 -0.5084758447E+01  0.1871431181E+00
  0.9651424730E+00 -0.5090427700E+01  0.1853517958E+00
  0.9654910483E+00 -0.5095965829E+01  0.1835764334E+00
  0.9658361378E+00 -0.5101378775E+01  0.1818169350E+00
  0.9661777764E+00 -0.5106605014E+01  0.1800732142E+00
  0.9665159986E+00 -0.5111599742E+01  0.1783452022E+00
  0.9668508386E+00 -0.5116489443E+01  0.1766328154E+00
  0.9671823303E+00 -0.5121343056E+01  0.1749359376E+00
  0.9675105070E+00 -0.5126138389E+01  0.1732544453E+00
  0.9678354019E+00 -0.5130440998E+01  0.1715882900E+00
  0.9681570479E+00 -0.5134629808E+01  0.1699374306E+00
  0.9684754774E+00 -0.5138752555E+01  0.1683017565E+00
  0.9687907226E+00 -0.5142812785E+01  0.1666811493E+00
  0.9691028154E+00 -0.5146929703E+01  0.1650754722E+00
  0.9694117872E+00 -0.5151021972E+01  0.1634845836E+00
  0.9697176694E+00 -0.5155054625E+01  0.1619083613E+00
  0.9700204927E+00 -0.5159030396E+01  0.1603466886E+00
  0.9703202877E+00 -0.5162951842E+01  0.1587994489E+00
  0.9706170849E+00 -0.5166821347E+01  0.1572665254E+00
  0.9709109140E+00 -0.5170641134E+01  0.1557478015E+00
  0.9712018049E+00 -0.5174413269E+01  0.1542431606E+00
  0.9714897868E+00 -0.5177997971E+01  0.1527525068E+00
  0.9717748890E+00 -0.5181463044E+01  0.1512757546E+00
  0.9720571401E+00 -0.5184779082E+01  0.1498128129E+00
  0.9723365687E+00 -0.5188060949E+01  0.1483635789E+00
  0.9726132030E+00 -0.5191289725E+01  0.1469279366E+00
  0.9728870709E+00 -0.5194479446E+01  0.1455057718E+00
  0.9731582002E+00 -0.5197656353E+01  0.1440969656E+00
  0.9734266182E+00 -0.5200834665E+01  0.1427013946E+00
  0.9736923521E+00 -0.5203990703E+01  0.1413189376E+00
  0.9739554285E+00 -0.5207135657E+01  0.1399494763E+00
  0.9742158742E+00 -0.5210279163E+01  0.1385928908E+00
  0.9744737155E+00 -0.5213396125E+01  0.1372490640E+00
  0.9747289784E+00 -0.5216487279E+01  0.1359178832E+00
  0.9749816886E+00 -0.5219553288E+01  0.1345992361E+00
  0.9752318717E+00 -0.5222667085E+01  0.1332930025E+00
  0.9754795530E+00 -0.5225780635E+01  0.1319990601E+00
  0.9757247574E+00 -0.5228871000E+01  0.1307172964E+00
  0.9759675099E+00 -0.5231861544E+01  0.1294476123E+00
  0.9762078348E+00 -0.5234809534E+01  0.1281899115E+00
  0.9764457564E+00 -0.5237793207E+01  0.1269440820E+00
  0.9766812989E+00 -0.5240754725E+01  0.1257100106E+00
  0.9769144859E+00 -0.5243694106E+01  0.1244875920E+00
  0.9771453410E+00 -0.5246611351E+01  0.1232767215E+00
  0.9773738876E+00 -0.5249506450E+01  0.1220772956E+00
  0.9776001487E+00 -0.5252379383E+01  0.1208892113E+00
  0.9778241472E+00 -0.5255214874E+01  0.1197123686E+00
  0.9780459058E+00 -0.5258009388E+01  0.1185466700E+00
  0.9782654467E+00 -0.5260884562E+01  0.1173920061E+00
  0.9784827922E+00 -0.5263684115E+01  0.1162482721E+00
  0.9786979643E+00 -0.5266523837E+01  0.1151153687E+00
  0.9789109847E+00 -0.5269404522E+01  0.1139931851E+00
  0.9791218748E+00 -0.5272259385E+01  0.1128816185E+00
  0.9793306561E+00 -0.5275078790E+01  0.1117805753E+00
  0.9795373495E+00 -0.5277765176E+01  0.1106899735E+00
  0.9797419760E+00 -0.5280428723E+01  0.1096097303E+00
  0.9799445563E+00 -0.5283067441E+01  0.1085397525E+00
  0.9801451107E+00 -0.5285618051E+01  0.1074799541E+00
  0.9803436596E+00 -0.5288145798E+01  0.1064302496E+00
  0.9805402230E+00 -0.5290650728E+01  0.1053905475E+00
  0.9807348208E+00 -0.5293132897E+01  0.1043607571E+00
  0.9809274726E+00 -0.5295592365E+01  0.1033407887E+00
  0.9811181978E+00 -0.5298029204E+01  0.1023305530E+00
  0.9813070158E+00 -0.5300443490E+01  0.1013299617E+00
  0.9814939457E+00 -0.5302835308E+01  0.1003389270E+00
  0.9816790062E+00 -0.5305204749E+01  0.9935736222E-01
  0.9818622162E+00 -0.5307551912E+01  0.9838518097E-01
  0.9820435940E+00 -0.5309876903E+01  0.9742229783E-01
  0.9822231581E+00 -0.5312179832E+01  0.9646862801E-01
  0.9824009265E+00 -0.5314460817E+01  0.9552408746E-01
  0.9825769172E+00 -0.5316719980E+01  0.9458859280E-01
  0.9827511481E+00 -0.5318983182E+01  0.9366205911E-01
  0.9829236366E+00 -0.5321255968E+01  0.9274439956E-01
  0.9830944002E+00 -0.5323448726E+01  0.9183553534E-01
  0.9832634562E+00 -0.5325607047E+01  0.9093539196E-01
  0.9834308216E+00 -0.5327742442E+01  0.9004389071E-01
  0.9835965134E+00 -0.5329855194E+01  0.8916095253E-01
  0.9837605483E+00 -0.5331962856E+01  0.8828649758E-01
  0.9839229428E+00 -0.5334098482E+01  0.8742044264E-01
  0.9840837134E+00 -0.5336210287E+01  0.8656270682E-01
  0.9842428762E+00 -0.5338295158E+01  0.8571321438E-01
  0.9844004475E+00 -0.5340345853E+01  0.8487189104E-01
  0.9845564430E+00 -0.5342374187E+01  0.8403866278E-01
  0.9847108786E+00 -0.5344380449E+01  0.8321345526E-01
  0.9848637698E+00 -0.5346364928E+01  0.8239619474E-01
  0.9850151321E+00 -0.5348354415E+01  0.8158680607E-01
  0.9851649808E+00 -0.5350351731E+01  0.8078521257E-01
  0.9853133310E+00 -0.5352326527E+01  0.7999134039E-01
  0.9854601977E+00 -0.5354261303E+01  0.7920511983E-01
  0.9856055957E+00 -0.5356163628E+01  0.7842648252E-01
  0.9857495397E+00 -0.5358045845E+01  0.7765535920E-01
  0.9858920443E+00 -0.5359907604E+01  0.7689168035E-01
  0.9860331239E+00 -0.5361748967E+01  0.7613537708E-01
  0.9861727926E+00 -0.5363522528E+01  0.7538638438E-01
  0.9863110647E+00 -0.5365268604E+01  0.7464463829E-01
  0.9864479541E+00 -0.5366996823E+01  0.7391007185E-01
  0.9865834745E+00 -0.5368707417E+01  0.7318261807E-01
  0.9867176398E+00 -0.5370400617E+01  0.7246221048E-01
  0.9868504634E+00 -0.5372076647E+01  0.7174878322E-01
  0.9869819588E+00 -0.5373735729E+01  0.7104227095E-01
  0.9871121392E+00 -0.5375410742E+01  0.7034260679E-01
  0.9872410178E+00 -0.5377076226E+01  0.6964972402E-01
  0.9873686076E+00 -0.5378724216E+01  0.6896355868E-01
  0.9874949215E+00 -0.5380343429E+01  0.6828404866E-01
  0.9876199723E+00 -0.5381937933E+01  0.6761113279E-01
  0.9877437726E+00 -0.5383516090E+01  0.6694474970E-01
  0.9878663349E+00 -0.5385078111E+01  0.6628483800E-01
  0.9879876715E+00 -0.5386624201E+01  0.6563133685E-01
  0.9881077948E+00 -0.5388154563E+01  0.6498418594E-01
  0.9882267168E+00 -0.5389669396E+01  0.6434332547E-01
  0.9883444497E+00 -0.5391168895E+01  0.6370869616E-01
  0.9884610052E+00 -0.5392653250E+01  0.6308023926E-01
  0.9885763951E+00 -0.5394114899E+01  0.6245789695E-01
  0.9886906312E+00 -0.5395559195E+01  0.6184161208E-01
  0.9888037249E+00 -0.5396989123E+01  0.6123132753E-01
  0.9889156876E+00 -0.5398396785E+01  0.6062698698E-01
  0.9890265307E+00 -0.5399751634E+01  0.6002853673E-01
  0.9891362654E+00 -0.5401094112E+01  0.5943592298E-01
  0.9892449028E+00 -0.5402424359E+01  0.5884909020E-01
  0.9893524538E+00 -0.5403744459E+01  0.5826798322E-01
  0.9894589292E+00 -0.5405074275E+01  0.5769254623E-01
  0.9895643399E+00 -0.5406391563E+01  0.5712272409E-01
  0.9896686965E+00 -0.5407696460E+01  0.5655846336E-01
  0.9897720096E+00 -0.5408989100E+01  0.5599971106E-01
  0.9898742895E+00 -0.5410269614E+01  0.5544641468E-01
  0.9899755466E+00 -0.5411538134E+01  0.5489852222E-01
  0.9900757911E+00 -0.5412794784E+01  0.5435598211E-01
  0.9901750332E+00 -0.5414039690E+01  0.5381874328E-01
  0.9902732829E+00 -0.5415272973E+01  0.5328675509E-01
  0.9903705500E+00 -0.5416494753E+01  0.5275996738E-01
  0.9904668445E+00 -0.5417704466E+01  0.5223833049E-01
  0.9905621761E+00 -0.5418889283E+01  0.5172179582E-01
  0.9906565543E+00 -0.5420063410E+01  0.5121031519E-01
  0.9907499888E+00 -0.5421226949E+01  0.5070384015E-01
  0.9908424889E+00 -0.5422379999E+01  0.5020232272E-01
  0.9909340640E+00 -0.5423524081E+01  0.4970571529E-01
  0.9910247234E+00 -0.5424661415E+01  0.4921397051E-01
  0.9911144761E+00 -0.5425788390E+01  0.4872704157E-01
  0.9912033314E+00 -0.5426905101E+01  0.4824488223E-01
  0.9912912981E+00 -0.5428011644E+01  0.4776744670E-01
  0.9913783851E+00 -0.5429108110E+01  0.4729468960E-01
  0.9914646012E+00 -0.5430194590E+01  0.4682656597E-01
  0.9915499552E+00 -0.5431271175E+01  0.4636303126E-01
  0.9916344557E+00 -0.5432352193E+01  0.4590404074E-01
  0.9917181111E+00 -0.5433424713E+01  0.4544955005E-01
  0.9918009300E+00 -0.5434487032E+01  0.4499951586E-01
  0.9918829207E+00 -0.5435547562E+01  0.4455389499E-01
  0.9919640915E+00 -0.5436599533E+01  0.4411264459E-01
  0.9920444506E+00 -0.5437641239E+01  0.4367572257E-01
  0.9921240061E+00 -0.5438672786E+01  0.4324308730E-01
  0.9922027660E+00 -0.5439694278E+01  0.4281469753E-01
  0.9922807383E+00 -0.5440705819E+01  0.4239051241E-01
  0.9923579310E+00 -0.5441707098E+01  0.4197049144E-01
  0.9924343516E+00 -0.5442697195E+01  0.4155459460E-01
  0.9925100081E+00 -0.5443677699E+01  0.4114278217E-01
  0.9925849081E+00 -0.5444648705E+01  0.4073501479E-01
  0.9926590590E+00 -0.5445610309E+01  0.4033125343E-01
  0.9927324684E+00 -0.5446562602E+01  0.3993145944E-01
  0.9928051437E+00 -0.5447505678E+01  0.3953559451E-01
  0.9928770923E+00 -0.5448439627E+01  0.3914362071E-01
  0.9929483213E+00 -0.5449364540E+01  0.3875550044E-01
  0.9930188381E+00 -0.5450283805E+01  0.3837119635E-01
  0.9930886497E+00 -0.5451194740E+01  0.3799067142E-01
  0.9931577632E+00 -0.5452096764E+01  0.3761388909E-01
  0.9932261856E+00 -0.5452989967E+01  0.3724081316E-01
  0.9932939238E+00 -0.5453874436E+01  0.3687140778E-01
  0.9933609845E+00 -0.5454758003E+01  0.3650563718E-01
  0.9934273747E+00 -0.5455633240E+01  0.3614346590E-01
  0.9934931009E+00 -0.5456499694E+01  0.3578485909E-01
  0.9935581699E+00 -0.5457357458E+01  0.3542978226E-01
  0.9936225882E+00 -0.5458206623E+01  0.3507820121E-01
  0.9936863623E+00 -0.5459047280E+01  0.3473008209E-01
  0.9937494987E+00 -0.5459879517E+01  0.3438539136E-01
  0.9938120037E+00 -0.5460703422E+01  0.3404409577E-01
  0.9938738837E+00 -0.5461524287E+01  0.3370616225E-01
  0.9939351449E+00 -0.5462337441E+01  0.3337155801E-01
  0.9939957934E+00 -0.5463142315E+01  0.3304025075E-01
  0.9940558355E+00 -0.5463939000E+01  0.3271220848E-01
  0.9941152771E+00 -0.5464727583E+01  0.3238739952E-01
  0.9941741243E+00 -0.5465508151E+01  0.3206579248E-01
  0.9942323831E+00 -0.5466280788E+01  0.3174735626E-01
  0.9942900593E+00 -0.5467045580E+01  0.3143206007E-01
  0.9943471587E+00 -0.5467802610E+01  0.3111987340E-01
  0.9944036871E+00 -0.5468551959E+01  0.3081076601E-01
  0.9944596502E+00 -0.5469293710E+01  0.3050470798E-01
  0.9945150537E+00 -0.5470027943E+01  0.3020166963E-01
  0.9945699032E+00 -0.5470754737E+01  0.2990162161E-01
  0.9946242041E+00 -0.5471474170E+01  0.2960453480E-01
  0.9946779621E+00 -0.5472186319E+01  0.2931038037E-01
  0.9947311825E+00 -0.5472891262E+01  0.2901912979E-01
  0.9947838707E+00 -0.5473589074E+01  0.2873075475E-01
  0.9948360320E+00 -0.5474279829E+01  0.2844522725E-01
  0.9948876716E+00 -0.5474963602E+01  0.2816251953E-01
  0.9949387949E+00 -0.5475640464E+01  0.2788260411E-01
  0.9949894070E+00 -0.5476310489E+01  0.2760545376E-01
  0.9950395129E+00 -0.5476973747E+01  0.2733104152E-01
  0.9950891178E+00 -0.5477630309E+01  0.2705934065E-01
  0.9951382266E+00 -0.5478280244E+01  0.2679032472E-01
  0.9951868443E+00 -0.5478923621E+01  0.2652396751E-01
  0.9952349759E+00 -0.5479560508E+01  0.2626024306E-01
  0.9952826261E+00 -0.5480190973E+01  0.2599912566E-01
  0.9953297999E+00 -0.5480816910E+01  0.2574058980E-01
  0.9953765019E+00 -0.5481436278E+01  0.2548461022E-01
  0.9954227368E+00 -0.5482049182E+01  0.2523116194E-01
  0.9954685095E+00 -0.5482655878E+01  0.2498022024E-01
  0.9955138244E+00 -0.5483256429E+01  0.2473176060E-01
  0.9955586861E+00 -0.5483850901E+01  0.2448575876E-01
  0.9956030993E+00 -0.5484439355E+01  0.2424219066E-01
  0.9956470683E+00 -0.5485021856E+01  0.2400103250E-01
  0.9956905976E+00 -0.5485598463E+01  0.2376226069E-01
  0.9957336916E+00 -0.5486169239E+01  0.2352585188E-01
  0.9957763547E+00 -0.5486734244E+01  0.2329178293E-01
  0.9958185912E+00 -0.5487293537E+01  0.2306003093E-01
  0.9958604053E+00 -0.5487847178E+01  0.2283057318E-01
  0.9959018012E+00 -0.5488395226E+01  0.2260338720E-01
  0.9959427832E+00 -0.5488937736E+01  0.2237845074E-01
  0.9959833554E+00 -0.5489474765E+01  0.2215574174E-01
  0.9960235218E+00 -0.5490006371E+01  0.2193523837E-01
  0.9960632866E+00 -0.5490532612E+01  0.2171691900E-01
  0.9961026537E+00 -0.5491053541E+01  0.2150076221E-01
  0.9961416272E+00 -0.5491569213E+01  0.2128674679E-01
  0.9961802109E+00 -0.5492079683E+01  0.2107485173E-01
  0.9962184088E+00 -0.5492585004E+01  0.2086505622E-01
  0.9962562247E+00 -0.5493085230E+01  0.2065733965E-01
  0.9962936625E+00 -0.5493580411E+01  0.2045168161E-01
  0.9963307258E+00 -0.5494070600E+01  0.2024806189E-01
  0.9963674186E+00 -0.5494555849E+01  0.2004646048E-01
  0.9964037444E+00 -0.5495036207E+01  0.1984685754E-01
  0.9964397070E+00 -0.5495511726E+01  0.1964923344E-01
  0.9964753099E+00 -0.5495982454E+01  0.1945356874E-01
  0.9965105568E+00 -0.5496448440E+01  0.1925984418E-01
  0.9965454512E+00 -0.5496909734E+01  0.1906804068E-01
  0.9965799967E+00 -0.5497366382E+01  0.1887813936E-01
  0.9966141967E+00 -0.5497818433E+01  0.1869012152E-01
  0.9966480548E+00 -0.5498265933E+01  0.1850396863E-01
  0.9966815742E+00 -0.5498708929E+01  0.1831966234E-01
  0.9967147585E+00 -0.5499147467E+01  0.1813718449E-01
  0.9967476109E+00 -0.5499581593E+01  0.1795651709E-01
  0.9967801348E+00 -0.5500011350E+01  0.1777764230E-01
  0.9968123334E+00 -0.5500436785E+01  0.1760054250E-01
  0.9968442101E+00 -0.5500857940E+01  0.1742520021E-01
  0.9968757680E+00 -0.5501274859E+01  0.1725159811E-01
  0.9969070103E+00 -0.5501687586E+01  0.1707971907E-01
  0.9969379402E+00 -0.5502096163E+01  0.1690954612E-01
  0.9969685608E+00 -0.5502500633E+01  0.1674106246E-01
  0.9969988752E+00 -0.5502901036E+01  0.1657425143E-01
  0.9970288865E+00 -0.5503297416E+01  0.1640909655E-01
  0.9970585976E+00 -0.5503689811E+01  0.1624558151E-01
  0.9970880116E+00 -0.5504078263E+01  0.1608369013E-01
  0.9971171315E+00 -0.5504462607E+01  0.1592340642E-01
  0.9971459602E+00 -0.5504842639E+01  0.1576471452E-01
  0.9971745006E+00 -0.5505218873E+01  0.1560759875E-01
  0.9972027556E+00 -0.5505591345E+01  0.1545204356E-01
  0.9972307280E+00 -0.5505960095E+01  0.1529803356E-01
  0.9972584207E+00 -0.5506325159E+01  0.1514555349E-01
  0.9972858365E+00 -0.5506686573E+01  0.1499458827E-01
  0.9973129782E+00 -0.5507044375E+01  0.1484512294E-01
  0.9973398484E+00 -0.5507398528E+01  0.1469714269E-01
  0.9973664499E+00 -0.5507748757E+01  0.1455063289E-01
  0.9973927854E+00 -0.5508095499E+01  0.1440557900E-01
  0.9974188575E+00 -0.5508438788E+01  0.1426196665E-01
  0.9974446690E+00 -0.5508778659E+01  0.1411978161E-01
  0.9974702223E+00 -0.5509115144E+01  0.1397900978E-01
  0.9974955201E+00 -0.5509448278E+01  0.1383963720E-01
  0.9975205649E+00 -0.5509778093E+01  0.1370165005E-01
  0.9975453592E+00 -0.5510104623E+01  0.1356503462E-01
  0.9975699056E+00 -0.5510427900E+01  0.1342977738E-01
  0.9975942066E+00 -0.5510747955E+01  0.1329586489E-01
  0.9976182645E+00 -0.5511064822E+01  0.1316328387E-01
  0.9976420819E+00 -0.5511378532E+01  0.1303202115E-01
  0.9976656610E+00 -0.5511689115E+01  0.1290206369E-01
  0.9976890044E+00 -0.5511996603E+01  0.1277339859E-01
  0.9977121144E+00 -0.5512301027E+01  0.1264601308E-01
  0.9977349932E+00 -0.5512602416E+01  0.1251989449E-01
  0.9977576433E+00 -0.5512900802E+01  0.1239503029E-01
  0.9977800669E+00 -0.5513196213E+01  0.1227140808E-01
  0.9978022662E+00 -0.5513488679E+01  0.1214901556E-01
  0.9978242435E+00 -0.5513778229E+01  0.1202784058E-01
  0.9978460011E+00 -0.5514064893E+01  0.1190787107E-01
  0.9978675411E+00 -0.5514348698E+01  0.1178909512E-01
  0.9978888657E+00 -0.5514629674E+01  0.1167150090E-01
  0.9979099770E+00 -0.5514907848E+01  0.1155507673E-01
  0.9979308773E+00 -0.5515183248E+01  0.1143981101E-01
  0.9979515685E+00 -0.5515455901E+01  0.1132569228E-01
  0.9979720528E+00 -0.5515725835E+01  0.1121270918E-01
  0.9979923323E+00 -0.5515993077E+01  0.1110085046E-01
  0.9980124089E+00 -0.5516257654E+01  0.1099010499E-01
  0.9980322849E+00 -0.5516519592E+01  0.1088046174E-01
  0.9980519620E+00 -0.5516778916E+01  0.1077190980E-01
  0.9980714424E+00 -0.5517035563E+01  0.1066443835E-01
  0.9980907280E+00 -0.5517289447E+01  0.1055803669E-01
  0.9981098207E+00 -0.5517540806E+01  0.1045269423E-01
  0.9981287225E+00 -0.5517789666E+01  0.1034840046E-01
  0.9981474353E+00 -0.5518036052E+01  0.1024514500E-01
  0.9981659609E+00 -0.5518279987E+01  0.1014291755E-01
  0.9981843013E+00 -0.5518521495E+01  0.1004170792E-01
  0.9982024583E+00 -0.5518760602E+01  0.9941506029E-02
  0.9982204337E+00 -0.5518997329E+01  0.9842301877E-02
  0.9982382294E+00 -0.5519231701E+01  0.9744085575E-02
  0.9982558471E+00 -0.5519463741E+01  0.9646847328E-02
  0.9982732886E+00 -0.5519693472E+01  0.9550577435E-02
  0.9982905557E+00 -0.5519920916E+01  0.9455266295E-02
  0.9983076502E+00 -0.5520146097E+01  0.9360904397E-02
  0.9983245737E+00 -0.5520369036E+01  0.9267482327E-02
  0.9983413279E+00 -0.5520589756E+01  0.9174990761E-02
  0.9983579146E+00 -0.5520808278E+01  0.9083420467E-02
  0.9983743355E+00 -0.5521024624E+01  0.8992762306E-02
  0.9983905921E+00 -0.5521238816E+01  0.8903007227E-02
  0.9984066862E+00 -0.5521450876E+01  0.8814146269E-02
  0.9984226194E+00 -0.5521660823E+01  0.8726170558E-02
  0.9984383932E+00 -0.5521868679E+01  0.8639071310E-02
  0.9984540092E+00 -0.5522074464E+01  0.8552839824E-02
  0.9984694691E+00 -0.5522278200E+01  0.8467467487E-02
  0.9984847744E+00 -0.5522479906E+01  0.8382945771E-02
  0.9984999267E+00 -0.5522679602E+01  0.8299266231E-02
  0.9985149274E+00 -0.5522877308E+01  0.8216420506E-02
  0.9985297782E+00 -0.5523073045E+01  0.8134400317E-02
  0.9985444804E+00 -0.5523266831E+01  0.8053197466E-02
  0.9985590356E+00 -0.5523458685E+01  0.7972803837E-02
  0.9985734452E+00 -0.5523648628E+01  0.7893211393E-02
  0.9985877108E+00 -0.5523836677E+01  0.7814412178E-02
  0.9986018337E+00 -0.5524022852E+01  0.7736398313E-02
  0.9986158153E+00 -0.5524207171E+01  0.7659161996E-02
  0.9986296572E+00 -0.5524389652E+01  0.7582695504E-02
  0.9986433606E+00 -0.5524570314E+01  0.7506991188E-02
  0.9986569270E+00 -0.5524749175E+01  0.7432041477E-02
  0.9986703577E+00 -0.5524926253E+01  0.7357838873E-02
  0.9986836541E+00 -0.5525101564E+01  0.7284375952E-02
  0.9986968176E+00 -0.5525275128E+01  0.7211645364E-02
  0.9987098494E+00 -0.5525446961E+01  0.7139639831E-02
  0.9987227509E+00 -0.5525617080E+01  0.7068352148E-02
  0.9987355234E+00 -0.5525785502E+01  0.6997775179E-02
  0.9987481682E+00 -0.5525952244E+01  0.6927901862E-02
  0.9987606865E+00 -0.5526117323E+01  0.6858725200E-02
  0.9987730796E+00 -0.5526280756E+01  0.6790238270E-02
  0.9987853488E+00 -0.5526442558E+01  0.6722434213E-02
  0.9987974954E+00 -0.5526602746E+01  0.6655306242E-02
  0.9988095204E+00 -0.5526761335E+01  0.6588847634E-02
  0.9988214252E+00 -0.5526918343E+01  0.6523051733E-02
  0.9988332109E+00 -0.5527073784E+01  0.6457911950E-02
  0.9988448788E+00 -0.5527227674E+01  0.6393421760E-02
  0.9988564300E+00 -0.5527380028E+01  0.6329574704E-02
  0.9988678657E+00 -0.5527530862E+01  0.6266364384E-02
  0.9988791871E+00 -0.5527680191E+01  0.6203784468E-02
  0.9988903952E+00 -0.5527828030E+01  0.6141828687E-02
  0.9989014913E+00 -0.5527974393E+01  0.6080490830E-02
  0.9989124764E+00 -0.5528119296E+01  0.6019764753E-02
  0.9989233516E+00 -0.5528262752E+01  0.5959644368E-02
  0.9989341181E+00 -0.5528404776E+01  0.5900123651E-02
  0.9989447769E+00 -0.5528545383E+01  0.5841196634E-02
  0.9989553291E+00 -0.5528684586E+01  0.5782857411E-02
  0.9989657758E+00 -0.5528822400E+01  0.5725100134E-02
  0.9989761181E+00 -0.5528958837E+01  0.5667919011E-02
  0.9989863569E+00 -0.5529093913E+01  0.5611308309E-02
  0.9989964933E+00 -0.5529227640E+01  0.5555262352E-02
  0.9990065284E+00 -0.5529360033E+01  0.5499775519E-02
  0.9990164631E+00 -0.5529491103E+01  0.5444842246E-02
  0.9990262985E+00 -0.5529620865E+01  0.5390457023E-02
  0.9990360355E+00 -0.5529749331E+01  0.5336614395E-02
  0.9990456751E+00 -0.5529876514E+01  0.5283308961E-02
  0.9990552184E+00 -0.5530002428E+01  0.5230535374E-02
  0.9990646662E+00 -0.5530127084E+01  0.5178288339E-02
  0.9990740195E+00 -0.5530250495E+01  0.5126562614E-02
  0.9990832793E+00 -0.5530372674E+01  0.5075353009E-02
  0.9990924466E+00 -0.5530493633E+01  0.5024654386E-02
  0.9991015221E+00 -0.5530613384E+01  0.4974461657E-02
  0.9991105069E+00 -0.5530731939E+01  0.4924769785E-02
  0.9991194018E+00 -0.5530849310E+01  0.4875573782E-02
  0.9991282078E+00 -0.5530965509E+01  0.4826868711E-02
  0.9991369257E+00 -0.5531080547E+01  0.4778649682E-02
  0.9991455564E+00 -0.5531194436E+01  0.4730911856E-02
  0.9991541009E+00 -0.5531307187E+01  0.4683650440E-02
  0.9991625599E+00 -0.5531418813E+01  0.4636860689E-02
  0.9991709343E+00 -0.5531529323E+01  0.4590537905E-02
  0.9991792249E+00 -0.5531638730E+01  0.4544677438E-02
  0.9991874327E+00 -0.5531747044E+01  0.4499274681E-02
  0.9991955584E+00 -0.5531854275E+01  0.4454325077E-02
  0.9992036028E+00 -0.5531960436E+01  0.4409824110E-02
  0.9992115667E+00 -0.5532065536E+01  0.4365767312E-02
  0.9992194511E+00 -0.5532169586E+01  0.4322150257E-02
  0.9992272566E+00 -0.5532272596E+01  0.4278968565E-02
  0.9992349840E+00 -0.5532374578E+01  0.4236217898E-02
  0.9992426342E+00 -0.5532475541E+01  0.4193893961E-02
  0.9992502078E+00 -0.5532575495E+01  0.4151992502E-02
  0.9992577057E+00 -0.5532674450E+01  0.4110509312E-02
  0.9992651287E+00 -0.5532772417E+01  0.4069440224E-02
  0.9992724774E+00 -0.5532869405E+01  0.4028781110E-02
  0.9992797526E+00 -0.5532965423E+01  0.3988527885E-02
  0.9992869551E+00 -0.5533060483E+01  0.3948676504E-02
  0.9992940855E+00 -0.5533154593E+01  0.3909222963E-02
  0.9993011447E+00 -0.5533247762E+01  0.3870163295E-02
  0.9993081332E+00 -0.5533340000E+01  0.3831493577E-02
  0.9993150519E+00 -0.5533431317E+01  0.3793209921E-02
  0.9993219014E+00 -0.5533521721E+01  0.3755308479E-02
  0.9993286824E+00 -0.5533611222E+01  0.3717785442E-02
  0.9993353956E+00 -0.5533699829E+01  0.3680637037E-02
  0.9993420416E+00 -0.5533787550E+01  0.3643859530E-02
  0.9993486212E+00 -0.5533874394E+01  0.3607449224E-02
  0.9993551350E+00 -0.5533960371E+01  0.3571402459E-02
  0.9993615836E+00 -0.5534045489E+01  0.3535715609E-02
  0.9993679678E+00 -0.5534129755E+01  0.3500385087E-02
  0.9993742881E+00 -0.5534213180E+01  0.3465407340E-02
  0.9993805452E+00 -0.5534295771E+01  0.3430778852E-02
  0.9993867398E+00 -0.5534377537E+01  0.3396496139E-02
  0.9993928724E+00 -0.5534458485E+01  0.3362555754E-02
  0.9993989436E+00 -0.5534538625E+01  0.3328954284E-02
  0.9994049542E+00 -0.5534617963E+01  0.3295688350E-02
  0.9994109047E+00 -0.5534696509E+01  0.3262754605E-02
  0.9994167956E+00 -0.5534774270E+01  0.3230149738E-02
  0.9994226277E+00 -0.5534851253E+01  0.3197870468E-02
  0.9994284014E+00 -0.5534927467E+01  0.3165913548E-02
  0.9994341174E+00 -0.5535002920E+01  0.3134275764E-02
  0.9994397762E+00 -0.5535077618E+01  0.3102953933E-02
  0.9994453784E+00 -0.5535151569E+01  0.3071944904E-02
  0.9994509247E+00 -0.5535224782E+01  0.3041245557E-02
  0.9994564154E+00 -0.5535297262E+01  0.3010852803E-02
  0.9994618513E+00 -0.5535369019E+01  0.2980763585E-02
  0.9994672327E+00 -0.5535440058E+01  0.2950974875E-02
  0.9994725604E+00 -0.5535510387E+01  0.2921483676E-02
  0.9994778348E+00 -0.5535580013E+01  0.2892287019E-02
  0.9994830565E+00 -0.5535648943E+01  0.2863381968E-02
  0.9994882259E+00 -0.5535717184E+01  0.2834765612E-02
  0.9994933436E+00 -0.5535784742E+01  0.2806435072E-02
  0.9994984102E+00 -0.5535851626E+01  0.2778387497E-02
  0.9995034261E+00 -0.5535917841E+01  0.2750620064E-02
  0.9995083918E+00 -0.5535983394E+01  0.2723129979E-02
  0.9995133079E+00 -0.5536048292E+01  0.2695914473E-02
  0.9995181748E+00 -0.5536112541E+01  0.2668970808E-02
  0.9995229931E+00 -0.5536176148E+01  0.2642296272E-02
  0.9995277632E+00 -0.5536239119E+01  0.2615888179E-02
  0.9995324855E+00 -0.5536301461E+01  0.2589743872E-02
  0.9995371607E+00 -0.5536363179E+01  0.2563860717E-02
  0.9995417891E+00 -0.5536424281E+01  0.2538236110E-02
  0.9995463712E+00 -0.5536484771E+01  0.2512867470E-02
  0.9995509075E+00 -0.5536544657E+01  0.2487752244E-02
  0.9995553984E+00 -0.5536603944E+01  0.2462887902E-02
  0.9995598444E+00 -0.5536662639E+01  0.2438271941E-02
  0.9995642460E+00 -0.5536720747E+01  0.2413901883E-02
  0.9995686035E+00 -0.5536778274E+01  0.2389775274E-02
  0.9995729175E+00 -0.5536835226E+01  0.2365889684E-02
  0.9995771883E+00 -0.5536891608E+01  0.2342242707E-02
  0.9995814164E+00 -0.5536947427E+01  0.2318831964E-02
  0.9995856022E+00 -0.5537002688E+01  0.2295655095E-02
  0.9995897462E+00 -0.5537057396E+01  0.2272709767E-02
  0.9995938488E+00 -0.5537111557E+01  0.2249993669E-02
  0.9995979103E+00 -0.5537165177E+01  0.2227504513E-02
  0.9996019312E+00 -0.5537218261E+01  0.2205240034E-02
  0.9996059119E+00 -0.5537270814E+01  0.2183197990E-02
  0.9996098527E+00 -0.5537322842E+01  0.2161376160E-02
  0.9996137542E+00 -0.5537374350E+01  0.2139772346E-02
  0.9996176167E+00 -0.5537425343E+01  0.2118384372E-02
  0.9996214405E+00 -0.5537475825E+01  0.2097210085E-02
  0.9996252261E+00 -0.5537525804E+01  0.2076247350E-02
  0.9996289738E+00 -0.5537575282E+01  0.2055494056E-02
  0.9996326841E+00 -0.5537624266E+01  0.2034948112E-02
  0.9996363573E+00 -0.5537672760E+01  0.2014607449E-02
  0.9996399937E+00 -0.5537720769E+01  0.1994470016E-02
  0.9996435938E+00 -0.5537768299E+01  0.1974533787E-02
  0.9996471578E+00 -0.5537815353E+01  0.1954796750E-02
  0.9996506862E+00 -0.5537861936E+01  0.1935256920E-02
  0.9996541794E+00 -0.5537908054E+01  0.1915912325E-02
  0.9996576376E+00 -0.5537953711E+01  0.1896761018E-02
  0.9996610612E+00 -0.5537998911E+01  0.1877801068E-02
  0.9996644506E+00 -0.5538043660E+01  0.1859030565E-02
  0.9996678400E+00 -0.5538088408E+01  0.1840259911E-02
  0.9996712294E+00 -0.5538133157E+01  0.1821489105E-02
  0.9996746188E+00 -0.5538177905E+01  0.1802718147E-02
  0.9996780081E+00 -0.5538222654E+01  0.1783947038E-02
  0.9996813975E+00 -0.5538267403E+01  0.1765175777E-02
  0.9996847869E+00 -0.5538312152E+01  0.1746404364E-02
  0.9996881763E+00 -0.5538356901E+01  0.1727632800E-02
  0.9996915657E+00 -0.5538401650E+01  0.1708861084E-02
  0.9996949551E+00 -0.5538446399E+01  0.1690089216E-02
  0.9996983445E+00 -0.5538491148E+01  0.1671317197E-02
  0.9997017339E+00 -0.5538535897E+01  0.1652545026E-02
  0.9997051232E+00 -0.5538580647E+01  0.1633772703E-02
  0.9997085126E+00 -0.5538625396E+01  0.1615000229E-02
  0.9997119020E+00 -0.5538670146E+01  0.1596227603E-02
  0.9997152914E+00 -0.5538714895E+01  0.1577454825E-02
  0.9997186808E+00 -0.5538759645E+01  0.1558681896E-02
  0.9997220702E+00 -0.5538804394E+01  0.1539908815E-02
  0.9997254596E+00 -0.5538849144E+01  0.1521135582E-02
  0.9997288490E+00 -0.5538893894E+01  0.1502362197E-02
  0.9997322384E+00 -0.5538938644E+01  0.1483588661E-02
  0.9997356277E+00 -0.5538983394E+01  0.1464814973E-02
  0.9997390171E+00 -0.5539028144E+01  0.1446041134E-02
  0.9997424065E+00 -0.5539072894E+01  0.1427267143E-02
  0.9997457959E+00 -0.5539117644E+01  0.1408493000E-02
  0.9997491853E+00 -0.5539162395E+01  0.1389718706E-02
  0.9997525747E+00 -0.5539207145E+01  0.1370944259E-02
  0.9997559641E+00 -0.5539251895E+01  0.1352169662E-02
  0.9997593535E+00 -0.5539296646E+01  0.1333394912E-02
  0.9997627428E+00 -0.5539341396E+01  0.1314620011E-02
  0.9997661322E+00 -0.5539386147E+01  0.1295844958E-02
  0.9997695216E+00 -0.5539430897E+01  0.1277069754E-02
  0.9997729110E+00 -0.5539475648E+01  0.1258294397E-02
  0.9997763004E+00 -0.5539520399E+01  0.1239518889E-02
  0.9997796898E+00 -0.5539565149E+01  0.1220743230E-02
  0.9997830792E+00 -0.5539609900E+01  0.1201967419E-02
  0.9997864686E+00 -0.5539654651E+01  0.1183191456E-02
  0.9997898579E+00 -0.5539699402E+01  0.1164415341E-02
  0.9997932473E+00 -0.5539744153E+01  0.1145639075E-02
  0.9997966367E+00 -0.5539788904E+01  0.1126862657E-02
  0.9998000261E+00 -0.5539833655E+01  0.1108086087E-02
  0.9998034155E+00 -0.5539878406E+01  0.1089309366E-02
  0.9998068049E+00 -0.5539923157E+01  0.1070532493E-02
  0.9998101943E+00 -0.5539967909E+01  0.1051755468E-02
  0.9998135837E+00 -0.5540012660E+01  0.1032978292E-02
  0.9998169731E+00 -0.5540057411E+01  0.1014200964E-02
  0.9998203624E+00 -0.5540102163E+01  0.9954234840E-03
  0.9998237518E+00 -0.5540146914E+01  0.9766458526E-03
  0.9998271412E+00 -0.5540191666E+01  0.9578680696E-03
  0.9998305306E+00 -0.5540236417E+01  0.9390901348E-03
  0.9998339200E+00 -0.5540281169E+01  0.9203120484E-03
  0.9998373094E+00 -0.5540325920E+01  0.9015338103E-03
  0.9998406988E+00 -0.5540370672E+01  0.8827554205E-03
  0.9998440882E+00 -0.5540415423E+01  0.8639768790E-03
  0.9998474775E+00 -0.5540460175E+01  0.8451981858E-03
  0.9998508669E+00 -0.5540504927E+01  0.8264193410E-03
  0.9998542563E+00 -0.5540549679E+01  0.8076403445E-03
  0.9998576457E+00 -0.5540594430E+01  0.7888611963E-03
  0.9998610351E+00 -0.5540639182E+01  0.7700818964E-03
  0.9998644245E+00 -0.5540683934E+01  0.7513024448E-03
  0.9998678139E+00 -0.5540728686E+01  0.7325228416E-03
  0.9998712033E+00 -0.5540773438E+01  0.7137430866E-03
  0.9998745926E+00 -0.5540818190E+01  0.6949631800E-03
  0.9998779820E+00 -0.5540862942E+01  0.6761831217E-03
  0.9998813714E+00 -0.5540907694E+01  0.6574029118E-03
  0.9998847608E+00 -0.5540952446E+01  0.6386225501E-03
  0.9998881502E+00 -0.5540997198E+01  0.6198420368E-03
  0.9998915396E+00 -0.5541041950E+01  0.6010613717E-03
  0.9998949290E+00 -0.5541086703E+01  0.5822805550E-03
  0.9998983184E+00 -0.5541131455E+01  0.5634995866E-03
  0.9999017077E+00 -0.5541176207E+01  0.5447184666E-03
  0.9999050971E+00 -0.5541220959E+01  0.5259371948E-03
  0.9999084865E+00 -0.5541265712E+01  0.5071557714E-03
  0.9999118759E+00 -0.5541310464E+01  0.4883741963E-03
  0.9999152653E+00 -0.5541355216E+01  0.4695924695E-03
  0.9999186547E+00 -0.5541399968E+01  0.4508105910E-03
  0.9999220441E+00 -0.5541444721E+01  0.4320285608E-03
  0.9999254335E+00 -0.5541489473E+01  0.4132463790E-03
  0.9999288229E+00 -0.5541534226E+01  0.3944640454E-03
  0.9999322122E+00 -0.5541578978E+01  0.3756815602E-03
  0.9999356016E+00 -0.5541623730E+01  0.3568989233E-03
  0.9999389910E+00 -0.5541668483E+01  0.3381161347E-03
  0.9999423804E+00 -0.5541713235E+01  0.3193331945E-03
  0.9999457698E+00 -0.5541757988E+01  0.3005501025E-03
  0.9999491592E+00 -0.5541802740E+01  0.2817668589E-03
  0.9999525486E+00 -0.5541847493E+01  0.2629834636E-03
  0.9999559380E+00 -0.5541892245E+01  0.2441999166E-03
  0.9999593273E+00 -0.5541936998E+01  0.2254162179E-03
  0.9999627167E+00 -0.5541981750E+01  0.2066323675E-03
  0.9999661061E+00 -0.5542026503E+01  0.1878483655E-03
  0.9999694955E+00 -0.5542071255E+01  0.1690642117E-03
  0.9999728849E+00 -0.5542116008E+01  0.1502799063E-03
  0.9999762743E+00 -0.5542160760E+01  0.1314954492E-03
  0.9999796637E+00 -0.5542205513E+01  0.1127108404E-03
  0.9999830531E+00 -0.5542250266E+01  0.9392607997E-04
  0.9999864424E+00 -0.5542295018E+01  0.7514116782E-04
  0.9999898318E+00 -0.5542339771E+01  0.5635610398E-04
  0.9999932212E+00 -0.5542384523E+01  0.3757088846E-04
  0.9999966106E+00 -0.5542429276E+01  0.1878552126E-04
  0.1000000000E+01 -0.5542475426E+01  0.3877788578E-17
  0.1000000000E+01 -0.5542475426E+01  0.0000000000E+00
