  0.0000000000E+00  0.5542473970E+01  0.0000000000E+00
  0.6996492144E-18  0.5542473970E+01  0.3877787559E-17
  0.3389387958E-05  0.5542442971E+01  0.1878554200E-04
  0.6778775916E-05  0.5542411973E+01  0.3757097893E-04
  0.1016816387E-04  0.5542380975E+01  0.5635631080E-04
  0.1355755183E-04  0.5542349977E+01  0.7514153761E-04
  0.1694693979E-04  0.5542318979E+01  0.9392665934E-04
  0.2033632775E-04  0.5542287981E+01  0.1127116760E-03
  0.2372571571E-04  0.5542256982E+01  0.1314965876E-03
  0.2711510367E-04  0.5542225984E+01  0.1502813942E-03
  0.3050449162E-04  0.5542194986E+01  0.1690660957E-03
  0.3389387958E-04  0.5542163988E+01  0.1878506921E-03
  0.3728326754E-04  0.5542132990E+01  0.2066351834E-03
  0.4067265550E-04  0.5542101991E+01  0.2254195697E-03
  0.4406204346E-04  0.5542070993E+01  0.2442038509E-03
  0.4745143141E-04  0.5542039995E+01  0.2629880271E-03
  0.5084081937E-04  0.5542008996E+01  0.2817720982E-03
  0.5423020733E-04  0.5541977998E+01  0.3005560642E-03
  0.5761959529E-04  0.5541946999E+01  0.3193399251E-03
  0.6100898325E-04  0.5541916001E+01  0.3381236810E-03
  0.6439837120E-04  0.5541885002E+01  0.3569073319E-03
  0.6778775916E-04  0.5541854003E+01  0.3756908776E-03
  0.7117714712E-04  0.5541823005E+01  0.3944743183E-03
  0.7456653508E-04  0.5541792006E+01  0.4132576539E-03
  0.7795592304E-04  0.5541761007E+01  0.4320408845E-03
  0.8134531100E-04  0.5541730008E+01  0.4508240100E-03
  0.8473469895E-04  0.5541699010E+01  0.4696070304E-03
  0.8812408691E-04  0.5541668011E+01  0.4883899458E-03
  0.9151347487E-04  0.5541637012E+01  0.5071727561E-03
  0.9490286283E-04  0.5541606012E+01  0.5259554613E-03
  0.9829225079E-04  0.5541575013E+01  0.5447380614E-03
  0.1016816387E-03  0.5541544014E+01  0.5635205565E-03
  0.1050710267E-03  0.5541513015E+01  0.5823029465E-03
  0.1084604147E-03  0.5541482015E+01  0.6010852315E-03
  0.1118498026E-03  0.5541451016E+01  0.6198674114E-03
  0.1152391906E-03  0.5541420016E+01  0.6386494862E-03
  0.1186285785E-03  0.5541389017E+01  0.6574314559E-03
  0.1220179665E-03  0.5541358017E+01  0.6762133206E-03
  0.1254073545E-03  0.5541327017E+01  0.6949950802E-03
  0.1287967424E-03  0.5541296017E+01  0.7137767347E-03
  0.1321861304E-03  0.5541265017E+01  0.7325582842E-03
  0.1355755183E-03  0.5541234017E+01  0.7513397285E-03
  0.1389649063E-03  0.5541203017E+01  0.7701210679E-03
  0.1423542942E-03  0.5541172016E+01  0.7889023021E-03
  0.1457436822E-03  0.5541141016E+01  0.8076834313E-03
  0.1491330702E-03  0.5541110015E+01  0.8264644554E-03
  0.1525224581E-03  0.5541079015E+01  0.8452453744E-03
  0.1559118461E-03  0.5541048014E+01  0.8640261883E-03
  0.1593012340E-03  0.5541017013E+01  0.8828068972E-03
  0.1626906220E-03  0.5540986012E+01  0.9015875010E-03
  0.1660800099E-03  0.5540955011E+01  0.9203679998E-03
  0.1694693979E-03  0.5540924010E+01  0.9391483934E-03
  0.1728587859E-03  0.5540893008E+01  0.9579286820E-03
  0.1762481738E-03  0.5540862007E+01  0.9767088655E-03
  0.1796375618E-03  0.5540831005E+01  0.9954889439E-03
  0.1830269497E-03  0.5540800003E+01  0.1014268917E-02
  0.1864163377E-03  0.5540769001E+01  0.1033048786E-02
  0.1898057257E-03  0.5540737999E+01  0.1051828549E-02
  0.1931951136E-03  0.5540706997E+01  0.1070608207E-02
  0.1965845016E-03  0.5540675995E+01  0.1089387760E-02
  0.1999738895E-03  0.5540644992E+01  0.1108167208E-02
  0.2033632775E-03  0.5540613990E+01  0.1126946551E-02
  0.2067526654E-03  0.5540582987E+01  0.1145725789E-02
  0.2101420534E-03  0.5540551984E+01  0.1164504921E-02
  0.2135314414E-03  0.5540520981E+01  0.1183283949E-02
  0.2169208293E-03  0.5540489977E+01  0.1202062871E-02
  0.2203102173E-03  0.5540458974E+01  0.1220841689E-02
  0.2236996052E-03  0.5540427970E+01  0.1239620401E-02
  0.2270889932E-03  0.5540396967E+01  0.1258399009E-02
  0.2304783812E-03  0.5540365963E+01  0.1277177511E-02
  0.2338677691E-03  0.5540334958E+01  0.1295955908E-02
  0.2372571571E-03  0.5540303954E+01  0.1314734200E-02
  0.2406465450E-03  0.5540272950E+01  0.1333512387E-02
  0.2440359330E-03  0.5540241945E+01  0.1352290469E-02
  0.2474253209E-03  0.5540210940E+01  0.1371068446E-02
  0.2508147089E-03  0.5540179935E+01  0.1389846317E-02
  0.2542040969E-03  0.5540148930E+01  0.1408624084E-02
  0.2575934848E-03  0.5540117924E+01  0.1427401745E-02
  0.2609828728E-03  0.5540086919E+01  0.1446179302E-02
  0.2643722607E-03  0.5540055913E+01  0.1464956753E-02
  0.2677616487E-03  0.5540024907E+01  0.1483734099E-02
  0.2711510367E-03  0.5539993901E+01  0.1502511341E-02
  0.2745404246E-03  0.5539962894E+01  0.1521288477E-02
  0.2779298126E-03  0.5539931888E+01  0.1540065508E-02
  0.2813192005E-03  0.5539900881E+01  0.1558842434E-02
  0.2847085885E-03  0.5539869874E+01  0.1577619254E-02
  0.2880979764E-03  0.5539838867E+01  0.1596395970E-02
  0.2914873644E-03  0.5539807859E+01  0.1615172581E-02
  0.2948767524E-03  0.5539776851E+01  0.1633949086E-02
  0.2982661403E-03  0.5539745844E+01  0.1652725487E-02
  0.3016555283E-03  0.5539714835E+01  0.1671501782E-02
  0.3050449162E-03  0.5539683827E+01  0.1690277972E-02
  0.3084343042E-03  0.5539652818E+01  0.1709054057E-02
  0.3118236921E-03  0.5539621810E+01  0.1727830037E-02
  0.3152130801E-03  0.5539590801E+01  0.1746605912E-02
  0.3186024681E-03  0.5539559791E+01  0.1765381682E-02
  0.3219918560E-03  0.5539528782E+01  0.1784157347E-02
  0.3253812440E-03  0.5539497772E+01  0.1802932906E-02
  0.3287706319E-03  0.5539466762E+01  0.1821708361E-02
  0.3321600199E-03  0.5539435752E+01  0.1840483710E-02
  0.3355494079E-03  0.5539404741E+01  0.1859258954E-02
  0.3389387958E-03  0.5539373730E+01  0.1878034093E-02
  0.3423624200E-03  0.5539342406E+01  0.1896998774E-02
  0.3458206263E-03  0.5539310765E+01  0.1916154908E-02
  0.3493137639E-03  0.5539278804E+01  0.1935504427E-02
  0.3528421858E-03  0.5539246520E+01  0.1955049282E-02
  0.3564062483E-03  0.5539213910E+01  0.1974791445E-02
  0.3600063114E-03  0.5539180970E+01  0.1994732905E-02
  0.3636427388E-03  0.5539147697E+01  0.2014875674E-02
  0.3673158977E-03  0.5539114087E+01  0.2035221782E-02
  0.3710261593E-03  0.5539080138E+01  0.2055773282E-02
  0.3747738983E-03  0.5539045845E+01  0.2076532244E-02
  0.3785594932E-03  0.5539011206E+01  0.2097500762E-02
  0.3823833265E-03  0.5538976216E+01  0.2118680951E-02
  0.3862457844E-03  0.5538940873E+01  0.2140074945E-02
  0.3901472569E-03  0.5538905172E+01  0.2161684901E-02
  0.3940881383E-03  0.5538869110E+01  0.2183512998E-02
  0.3980688266E-03  0.5538832684E+01  0.2205561437E-02
  0.4020897238E-03  0.5538795889E+01  0.2227832440E-02
  0.4061512362E-03  0.5538758722E+01  0.2250328252E-02
  0.4102537739E-03  0.5538721179E+01  0.2273051142E-02
  0.4143977514E-03  0.5538683257E+01  0.2296003400E-02
  0.4185835873E-03  0.5538644951E+01  0.2319187338E-02
  0.4228117043E-03  0.5538606258E+01  0.2342605296E-02
  0.4270825296E-03  0.5538567173E+01  0.2366259632E-02
  0.4313964946E-03  0.5538527693E+01  0.2390152732E-02
  0.4357540349E-03  0.5538487813E+01  0.2414287003E-02
  0.4401555908E-03  0.5538447531E+01  0.2438664878E-02
  0.4446016069E-03  0.5538406840E+01  0.2463288814E-02
  0.4490925322E-03  0.5538365738E+01  0.2488161293E-02
  0.4536288204E-03  0.5538324221E+01  0.2513284822E-02
  0.4582109297E-03  0.5538282283E+01  0.2538661933E-02
  0.4628393230E-03  0.5538239921E+01  0.2564295183E-02
  0.4675144676E-03  0.5538197131E+01  0.2590187156E-02
  0.4722368360E-03  0.5538153908E+01  0.2616340461E-02
  0.4770069051E-03  0.5538110247E+01  0.2642757733E-02
  0.4818251566E-03  0.5538066145E+01  0.2669441635E-02
  0.4866920774E-03  0.5538021596E+01  0.2696394856E-02
  0.4916081590E-03  0.5537976597E+01  0.2723620112E-02
  0.4965738980E-03  0.5537931142E+01  0.2751120145E-02
  0.5015897959E-03  0.5537885227E+01  0.2778897727E-02
  0.5066563595E-03  0.5537838848E+01  0.2806955658E-02
  0.5117741005E-03  0.5537792000E+01  0.2835296763E-02
  0.5169435359E-03  0.5537744677E+01  0.2863923898E-02
  0.5221651878E-03  0.5537696875E+01  0.2892839948E-02
  0.5274395836E-03  0.5537648590E+01  0.2922047826E-02
  0.5327672562E-03  0.5537599816E+01  0.2951550475E-02
  0.5381487436E-03  0.5537550548E+01  0.2981350866E-02
  0.5435845895E-03  0.5537500781E+01  0.3011452002E-02
  0.5490753429E-03  0.5537450511E+01  0.3041856915E-02
  0.5546215585E-03  0.5537399732E+01  0.3072568669E-02
  0.5602237965E-03  0.5537348439E+01  0.3103590356E-02
  0.5658826227E-03  0.5537296626E+01  0.3134925102E-02
  0.5715986088E-03  0.5537244289E+01  0.3166576063E-02
  0.5773723321E-03  0.5537191422E+01  0.3198546427E-02
  0.5832043759E-03  0.5537138020E+01  0.3230839414E-02
  0.5890953291E-03  0.5537084077E+01  0.3263458277E-02
  0.5950457870E-03  0.5537029588E+01  0.3296406300E-02
  0.6010563505E-03  0.5536974547E+01  0.3329686802E-02
  0.6071276268E-03  0.5536918948E+01  0.3363303136E-02
  0.6132602291E-03  0.5536862787E+01  0.3397258685E-02
  0.6194547769E-03  0.5536806056E+01  0.3431556871E-02
  0.6257118958E-03  0.5536748751E+01  0.3466201146E-02
  0.6320322180E-03  0.5536690866E+01  0.3501194999E-02
  0.6384163818E-03  0.5536632394E+01  0.3536541954E-02
  0.6448650321E-03  0.5536573330E+01  0.3572245569E-02
  0.6513788203E-03  0.5536513667E+01  0.3608309441E-02
  0.6579584044E-03  0.5536453400E+01  0.3644737200E-02
  0.6646044489E-03  0.5536392522E+01  0.3681532513E-02
  0.6713176251E-03  0.5536331027E+01  0.3718699085E-02
  0.6780986112E-03  0.5536268910E+01  0.3756240659E-02
  0.6849480921E-03  0.5536206162E+01  0.3794161012E-02
  0.6918667597E-03  0.5536142779E+01  0.3832463963E-02
  0.6988553129E-03  0.5536078753E+01  0.3871153367E-02
  0.7059144575E-03  0.5536014078E+01  0.3910233119E-02
  0.7130449065E-03  0.5535948748E+01  0.3949707153E-02
  0.7202473803E-03  0.5535882755E+01  0.3989579441E-02
  0.7275226064E-03  0.5535816093E+01  0.4029853997E-02
  0.7348713196E-03  0.5535748756E+01  0.4070534874E-02
  0.7422942622E-03  0.5535680735E+01  0.4111626167E-02
  0.7497921840E-03  0.5535612025E+01  0.4153132011E-02
  0.7573658425E-03  0.5535542618E+01  0.4195056583E-02
  0.7650160025E-03  0.5535472506E+01  0.4237404102E-02
  0.7727434369E-03  0.5535401684E+01  0.4280178828E-02
  0.7805489261E-03  0.5535330143E+01  0.4323385068E-02
  0.7884332587E-03  0.5535257877E+01  0.4367027167E-02
  0.7963972310E-03  0.5535184877E+01  0.4411109516E-02
  0.8044416475E-03  0.5535111136E+01  0.4455636552E-02
  0.8125673207E-03  0.5535036647E+01  0.4500612754E-02
  0.8207750714E-03  0.5534961402E+01  0.4546042646E-02
  0.8290657287E-03  0.5534885394E+01  0.4591930799E-02
  0.8374401300E-03  0.5534808614E+01  0.4638281829E-02
  0.8458991212E-03  0.5534731054E+01  0.4685100398E-02
  0.8544435568E-03  0.5534652707E+01  0.4732391216E-02
  0.8630742998E-03  0.5534573564E+01  0.4780159040E-02
  0.8717922220E-03  0.5534493618E+01  0.4828408673E-02
  0.8805982040E-03  0.5534412859E+01  0.4877144969E-02
  0.8894931354E-03  0.5534331281E+01  0.4926372829E-02
  0.8984779145E-03  0.5534248873E+01  0.4976097203E-02
  0.9075534490E-03  0.5534165628E+01  0.5026323092E-02
  0.9167206556E-03  0.5534081538E+01  0.5077055546E-02
  0.9259804602E-03  0.5533996593E+01  0.5128299666E-02
  0.9353337982E-03  0.5533910785E+01  0.5180060605E-02
  0.9447816143E-03  0.5533824104E+01  0.5232343567E-02
  0.9543248629E-03  0.5533736542E+01  0.5285153809E-02
  0.9639645080E-03  0.5533648090E+01  0.5338496639E-02
  0.9737015233E-03  0.5533558739E+01  0.5392377420E-02
  0.9835368922E-03  0.5533468479E+01  0.5446801567E-02
  0.9934716083E-03  0.5533377301E+01  0.5501774553E-02
  0.1003506675E-02  0.5533285195E+01  0.5557301901E-02
  0.1013643106E-02  0.5533192152E+01  0.5613389194E-02
  0.1023881925E-02  0.5533098162E+01  0.5670042067E-02
  0.1034224167E-02  0.5533003216E+01  0.5727266214E-02
  0.1044670876E-02  0.5532907304E+01  0.5785067386E-02
  0.1055223107E-02  0.5532810415E+01  0.5843451391E-02
  0.1065881926E-02  0.5532712539E+01  0.5902424096E-02
  0.1076648410E-02  0.5532613667E+01  0.5961991425E-02
  0.1087523647E-02  0.5532513787E+01  0.6022159364E-02
  0.1098508734E-02  0.5532412891E+01  0.6082933957E-02
  0.1109604782E-02  0.5532310966E+01  0.6144321310E-02
  0.1120812911E-02  0.5532208002E+01  0.6206327588E-02
  0.1132134253E-02  0.5532103990E+01  0.6268959021E-02
  0.1143569953E-02  0.5531998916E+01  0.6332221899E-02
  0.1155121165E-02  0.5531892772E+01  0.6396122577E-02
  0.1166789055E-02  0.5531785545E+01  0.6460667471E-02
  0.1178574803E-02  0.5531677224E+01  0.6525863063E-02
  0.1190479599E-02  0.5531567798E+01  0.6591715900E-02
  0.1202504646E-02  0.5531457256E+01  0.6658232595E-02
  0.1214651157E-02  0.5531345586E+01  0.6725419827E-02
  0.1226920361E-02  0.5531232775E+01  0.6793284340E-02
  0.1239313496E-02  0.5531118813E+01  0.6861832948E-02
  0.1251831814E-02  0.5531003687E+01  0.6931072532E-02
  0.1264476580E-02  0.5530887384E+01  0.7001010043E-02
  0.1277249070E-02  0.5530769894E+01  0.7071652501E-02
  0.1290150576E-02  0.5530651203E+01  0.7143006995E-02
  0.1303182400E-02  0.5530531299E+01  0.7215080687E-02
  0.1316345859E-02  0.5530410168E+01  0.7287880809E-02
  0.1329642282E-02  0.5530287799E+01  0.7361414667E-02
  0.1343073012E-02  0.5530164178E+01  0.7435689640E-02
  0.1356639406E-02  0.5530039293E+01  0.7510713179E-02
  0.1370342834E-02  0.5529913129E+01  0.7586492812E-02
  0.1384184681E-02  0.5529785674E+01  0.7663036141E-02
  0.1398166344E-02  0.5529656913E+01  0.7740350843E-02
  0.1412289237E-02  0.5529526834E+01  0.7818444673E-02
  0.1426554785E-02  0.5529395421E+01  0.7897325466E-02
  0.1440964429E-02  0.5529262662E+01  0.7977001130E-02
  0.1455519625E-02  0.5529128542E+01  0.8057479657E-02
  0.1470221844E-02  0.5528993047E+01  0.8138769117E-02
  0.1485072569E-02  0.5528856162E+01  0.8220877660E-02
  0.1500073302E-02  0.5528717872E+01  0.8303813518E-02
  0.1515225558E-02  0.5528578215E+01  0.8387585006E-02
  0.1530530867E-02  0.5528437193E+01  0.8472200523E-02
  0.1545990774E-02  0.5528294725E+01  0.8557668550E-02
  0.1561606843E-02  0.5528150798E+01  0.8643997655E-02
  0.1577380649E-02  0.5528005395E+01  0.8731196489E-02
  0.1593313787E-02  0.5527858502E+01  0.8819273791E-02
  0.1609407866E-02  0.5527710102E+01  0.8908238387E-02
  0.1625664511E-02  0.5527560179E+01  0.8998099189E-02
  0.1642085364E-02  0.5527408717E+01  0.9088865203E-02
  0.1658672085E-02  0.5527255701E+01  0.9180545519E-02
  0.1675426349E-02  0.5527101113E+01  0.9273149322E-02
  0.1692349847E-02  0.5526944937E+01  0.9366685888E-02
  0.1709444290E-02  0.5526787155E+01  0.9461164584E-02
  0.1726711404E-02  0.5526627752E+01  0.9556594872E-02
  0.1744152934E-02  0.5526466710E+01  0.9652986308E-02
  0.1761770640E-02  0.5526304010E+01  0.9750348542E-02
  0.1779566303E-02  0.5526139637E+01  0.9848691324E-02
  0.1797541720E-02  0.5525973570E+01  0.9948024497E-02
  0.1815698707E-02  0.5525805794E+01  0.1004835800E-01
  0.1834039098E-02  0.5525636289E+01  0.1014970189E-01
  0.1852564746E-02  0.5525465037E+01  0.1025206629E-01
  0.1871277521E-02  0.5525292077E+01  0.1035546146E-01
  0.1890179314E-02  0.5525117435E+01  0.1045989774E-01
  0.1909272034E-02  0.5524940995E+01  0.1056538557E-01
  0.1928557610E-02  0.5524762738E+01  0.1067193553E-01
  0.1948037990E-02  0.5524582644E+01  0.1077955825E-01
  0.1967715142E-02  0.5524400695E+01  0.1088826451E-01
  0.1987591052E-02  0.5524216871E+01  0.1099806517E-01
  0.2007667730E-02  0.5524031150E+01  0.1110897123E-01
  0.2027947202E-02  0.5523843513E+01  0.1122099376E-01
  0.2048431517E-02  0.5523653940E+01  0.1133414397E-01
  0.2069122744E-02  0.5523462409E+01  0.1144843317E-01
  0.2090022974E-02  0.5523268899E+01  0.1156387278E-01
  0.2111134317E-02  0.5523073389E+01  0.1168047434E-01
  0.2132458906E-02  0.5522875858E+01  0.1179824951E-01
  0.2153998895E-02  0.5522676282E+01  0.1191721004E-01
  0.2175756460E-02  0.5522474642E+01  0.1203736783E-01
  0.2197733798E-02  0.5522270913E+01  0.1215873489E-01
  0.2219933129E-02  0.5522065073E+01  0.1228132332E-01
  0.2242356696E-02  0.5521857099E+01  0.1240514539E-01
  0.2265006764E-02  0.5521646969E+01  0.1253021345E-01
  0.2287885620E-02  0.5521434658E+01  0.1265653998E-01
  0.2310995576E-02  0.5521220143E+01  0.1278413762E-01
  0.2334338965E-02  0.5521003399E+01  0.1291301908E-01
  0.2357918147E-02  0.5520784402E+01  0.1304319724E-01
  0.2381735502E-02  0.5520563128E+01  0.1317468509E-01
  0.2405793436E-02  0.5520339551E+01  0.1330749574E-01
  0.2430094380E-02  0.5520113646E+01  0.1344164246E-01
  0.2454640788E-02  0.5519885387E+01  0.1357713862E-01
  0.2479435139E-02  0.5519654748E+01  0.1371399774E-01
  0.2504479939E-02  0.5519421704E+01  0.1385223346E-01
  0.2529777716E-02  0.5519186227E+01  0.1399185959E-01
  0.2555331026E-02  0.5518948290E+01  0.1413289002E-01
  0.2581142450E-02  0.5518707866E+01  0.1427533884E-01
  0.2607214596E-02  0.5518464927E+01  0.1441922023E-01
  0.2633550097E-02  0.5518219445E+01  0.1456454853E-01
  0.2660151614E-02  0.5517971392E+01  0.1471133824E-01
  0.2687021832E-02  0.5517720738E+01  0.1485960397E-01
  0.2714163467E-02  0.5517467455E+01  0.1500936049E-01
  0.2741579259E-02  0.5517211513E+01  0.1516062272E-01
  0.2769271979E-02  0.5516952882E+01  0.1531340574E-01
  0.2797244423E-02  0.5516691532E+01  0.1546772474E-01
  0.2825499417E-02  0.5516427431E+01  0.1562359509E-01
  0.2854039815E-02  0.5516160549E+01  0.1578103232E-01
  0.2882868500E-02  0.5515890854E+01  0.1594005209E-01
  0.2911988384E-02  0.5515618313E+01  0.1610067022E-01
  0.2941402408E-02  0.5515342895E+01  0.1626290270E-01
  0.2971113544E-02  0.5515064566E+01  0.1642676566E-01
  0.3001124792E-02  0.5514783293E+01  0.1659227541E-01
  0.3031439184E-02  0.5514499042E+01  0.1675944841E-01
  0.3062059781E-02  0.5514211778E+01  0.1692830127E-01
  0.3092989678E-02  0.5513921468E+01  0.1709885078E-01
  0.3124231998E-02  0.5513628075E+01  0.1727111389E-01
  0.3155789897E-02  0.5513331563E+01  0.1744510773E-01
  0.3187666563E-02  0.5513031897E+01  0.1762084958E-01
  0.3219865215E-02  0.5512729039E+01  0.1779835690E-01
  0.3252389106E-02  0.5512422952E+01  0.1797764733E-01
  0.3285241521E-02  0.5512113598E+01  0.1815873865E-01
  0.3318425779E-02  0.5511800939E+01  0.1834164886E-01
  0.3351945231E-02  0.5511484935E+01  0.1852639611E-01
  0.3385803264E-02  0.5511165547E+01  0.1871299874E-01
  0.3420003297E-02  0.5510842734E+01  0.1890147527E-01
  0.3454548785E-02  0.5510515601E+01  0.1909184437E-01
  0.3489443217E-02  0.5510184618E+01  0.1928412491E-01
  0.3524690118E-02  0.5509850038E+01  0.1947833594E-01
  0.3560293049E-02  0.5509511818E+01  0.1967449673E-01
  0.3596255605E-02  0.5509169912E+01  0.1987262671E-01
  0.3632581419E-02  0.5508824276E+01  0.2007274551E-01
  0.3669274160E-02  0.5508474862E+01  0.2027487297E-01
  0.3706337536E-02  0.5508121624E+01  0.2047902909E-01
  0.3743775289E-02  0.5507764513E+01  0.2068523411E-01
  0.3781591201E-02  0.5507403482E+01  0.2089350842E-01
  0.3819789092E-02  0.5507038480E+01  0.2110387264E-01
  0.3858372820E-02  0.5506669458E+01  0.2131634760E-01
  0.3897346283E-02  0.5506296365E+01  0.2153095431E-01
  0.3936713417E-02  0.5505919148E+01  0.2174771399E-01
  0.3976478199E-02  0.5505537755E+01  0.2196664808E-01
  0.4016644645E-02  0.5505152133E+01  0.2218777823E-01
  0.4057216813E-02  0.5504762325E+01  0.2241112628E-01
  0.4098198801E-02  0.5504368291E+01  0.2263671431E-01
  0.4139594749E-02  0.5503969869E+01  0.2286456460E-01
  0.4181408837E-02  0.5503567001E+01  0.2309469966E-01
  0.4223645290E-02  0.5503159630E+01  0.2332714220E-01
  0.4266308374E-02  0.5502747696E+01  0.2356191518E-01
  0.4309402398E-02  0.5502331139E+01  0.2379904174E-01
  0.4352931715E-02  0.5501909897E+01  0.2403854529E-01
  0.4396900722E-02  0.5501483909E+01  0.2428044944E-01
  0.4441313861E-02  0.5501053111E+01  0.2452477804E-01
  0.4486175617E-02  0.5500617438E+01  0.2477155517E-01
  0.4531490522E-02  0.5500176825E+01  0.2502080515E-01
  0.4577263154E-02  0.5499731205E+01  0.2527255252E-01
  0.4623498135E-02  0.5499280509E+01  0.2552682207E-01
  0.4670200136E-02  0.5498824668E+01  0.2578363883E-01
  0.4717373875E-02  0.5498363612E+01  0.2604302807E-01
  0.4765024116E-02  0.5497897269E+01  0.2630501532E-01
  0.4813155673E-02  0.5497425564E+01  0.2656962632E-01
  0.4861773407E-02  0.5496949563E+01  0.2683688712E-01
  0.4910882230E-02  0.5496469097E+01  0.2710682404E-01
  0.4960487101E-02  0.5495985754E+01  0.2737946369E-01
  0.5010593031E-02  0.5495496935E+01  0.2765483293E-01
  0.5061205082E-02  0.5495002566E+01  0.2793295879E-01
  0.5112328365E-02  0.5494502570E+01  0.2821386858E-01
  0.5163968046E-02  0.5493996871E+01  0.2849758988E-01
  0.5216129339E-02  0.5493485389E+01  0.2878415052E-01
  0.5268817514E-02  0.5492968045E+01  0.2907357862E-01
  0.5322037893E-02  0.5492444755E+01  0.2936590253E-01
  0.5375795852E-02  0.5491915437E+01  0.2966115092E-01
  0.5430096820E-02  0.5491380006E+01  0.2995935271E-01
  0.5484946283E-02  0.5490838375E+01  0.3026053710E-01
  0.5540349781E-02  0.5490290455E+01  0.3056473357E-01
  0.5596312910E-02  0.5489736156E+01  0.3087197190E-01
  0.5652841323E-02  0.5489175386E+01  0.3118228212E-01
  0.5709940730E-02  0.5488608051E+01  0.3149569458E-01
  0.5767616899E-02  0.5488034056E+01  0.3181223992E-01
  0.5825875656E-02  0.5487453303E+01  0.3213194904E-01
  0.5884722885E-02  0.5486865692E+01  0.3245485317E-01
  0.5944164530E-02  0.5486271121E+01  0.3278098382E-01
  0.6004206596E-02  0.5485669486E+01  0.3311037281E-01
  0.6064855147E-02  0.5485060682E+01  0.3344305226E-01
  0.6126116310E-02  0.5484441371E+01  0.3377905449E-01
  0.6187996273E-02  0.5483812060E+01  0.3411841204E-01
  0.6250501286E-02  0.5483175040E+01  0.3446115788E-01
  0.6313637663E-02  0.5482530188E+01  0.3480732533E-01
  0.6377411780E-02  0.5481877383E+01  0.3515694804E-01
  0.6441830081E-02  0.5481216497E+01  0.3551005998E-01
  0.6506899072E-02  0.5480547402E+01  0.3586669543E-01
  0.6572625325E-02  0.5479869968E+01  0.3622688902E-01
  0.6639015480E-02  0.5479184059E+01  0.3659067566E-01
  0.6706076242E-02  0.5478489538E+01  0.3695809064E-01
  0.6773814386E-02  0.5477786265E+01  0.3732916953E-01
  0.6842236754E-02  0.5477077343E+01  0.3770394838E-01
  0.6911350256E-02  0.5476361408E+01  0.3808246364E-01
  0.6981161875E-02  0.5475636473E+01  0.3846475199E-01
  0.7051678662E-02  0.5474902389E+01  0.3885085040E-01
  0.7122907739E-02  0.5474159006E+01  0.3924079617E-01
  0.7194856302E-02  0.5473406169E+01  0.3963462696E-01
  0.7267531618E-02  0.5472643719E+01  0.4003238078E-01
  0.7340941029E-02  0.5471871494E+01  0.4043409598E-01
  0.7415091948E-02  0.5471089329E+01  0.4083981129E-01
  0.7489991867E-02  0.5470297053E+01  0.4124956576E-01
  0.7565648350E-02  0.5469494494E+01  0.4166339884E-01
  0.7642069041E-02  0.5468681473E+01  0.4208135032E-01
  0.7719261657E-02  0.5467852239E+01  0.4250346015E-01
  0.7797233997E-02  0.5467007245E+01  0.4292976844E-01
  0.7875993937E-02  0.5466150852E+01  0.4336031587E-01
  0.7955549431E-02  0.5465282856E+01  0.4379514368E-01
  0.8035908516E-02  0.5464403046E+01  0.4423429346E-01
  0.8117079309E-02  0.5463511209E+01  0.4467780719E-01
  0.8199070009E-02  0.5462607124E+01  0.4512572724E-01
  0.8281888898E-02  0.5461690566E+01  0.4557809634E-01
  0.8365544342E-02  0.5460761306E+01  0.4603495761E-01
  0.8450044790E-02  0.5459819108E+01  0.4649635458E-01
  0.8535398777E-02  0.5458863730E+01  0.4696233114E-01
  0.8621614927E-02  0.5457894926E+01  0.4743293159E-01
  0.8708701946E-02  0.5456912441E+01  0.4790820061E-01
  0.8796668632E-02  0.5455916018E+01  0.4838818329E-01
  0.8885523871E-02  0.5454894028E+01  0.4887292460E-01
  0.8975276638E-02  0.5453854294E+01  0.4936246977E-01
  0.9065935997E-02  0.5452799297E+01  0.4985686489E-01
  0.9157511109E-02  0.5451736016E+01  0.5035615691E-01
  0.9250011221E-02  0.5450663083E+01  0.5086039348E-01
  0.9343445678E-02  0.5449574307E+01  0.5136962236E-01
  0.9437823917E-02  0.5448469371E+01  0.5188389144E-01
  0.9533155471E-02  0.5447347947E+01  0.5240324905E-01
  0.9629449971E-02  0.5446209700E+01  0.5292774389E-01
  0.9726717143E-02  0.5445057480E+01  0.5345742526E-01
  0.9824966811E-02  0.5443892361E+01  0.5399234312E-01
  0.9924208900E-02  0.5442709613E+01  0.5453254768E-01
  0.1002445343E-01  0.5441508872E+01  0.5507808938E-01
  0.1012571054E-01  0.5440289765E+01  0.5562901910E-01
  0.1022799044E-01  0.5439051908E+01  0.5618538811E-01
  0.1033130348E-01  0.5437794910E+01  0.5674724814E-01
  0.1043566008E-01  0.5436518437E+01  0.5731465133E-01
  0.1054107079E-01  0.5435226689E+01  0.5788765050E-01
  0.1064754625E-01  0.5433914701E+01  0.5846629893E-01
  0.1075509722E-01  0.5432587690E+01  0.5905065038E-01
  0.1086373457E-01  0.5431240339E+01  0.5964075910E-01
  0.1097346926E-01  0.5429874414E+01  0.6023667965E-01
  0.1108431238E-01  0.5428490712E+01  0.6083846720E-01
  0.1119627514E-01  0.5427084996E+01  0.6144617726E-01
  0.1130936882E-01  0.5425628558E+01  0.6205986396E-01
  0.1142360487E-01  0.5424133674E+01  0.6267958095E-01
  0.1153899482E-01  0.5422624118E+01  0.6330538436E-01
  0.1165555032E-01  0.5421131964E+01  0.6393733408E-01
  0.1177328316E-01  0.5419615744E+01  0.6457549004E-01
  0.1189220521E-01  0.5418069267E+01  0.6521990991E-01
  0.1201232849E-01  0.5416488665E+01  0.6587065126E-01
  0.1213366514E-01  0.5414882299E+01  0.6652777240E-01
  0.1225622742E-01  0.5413235286E+01  0.6719133176E-01
  0.1238002770E-01  0.5411559714E+01  0.6786138807E-01
  0.1250507848E-01  0.5409856377E+01  0.6853800135E-01
  0.1263139240E-01  0.5408083079E+01  0.6922122955E-01
  0.1275898223E-01  0.5406253094E+01  0.6991112916E-01
  0.1288786083E-01  0.5404373771E+01  0.7060775843E-01
  0.1301804125E-01  0.5402411630E+01  0.7131117432E-01
  0.1314953661E-01  0.5400414686E+01  0.7202143513E-01
  0.1328236022E-01  0.5398382266E+01  0.7273860268E-01
  0.1341652547E-01  0.5396312517E+01  0.7346273917E-01
  0.1355204593E-01  0.5394199436E+01  0.7419390674E-01
  0.1368893528E-01  0.5392049034E+01  0.7493216802E-01
  0.1382720736E-01  0.5389860635E+01  0.7567758653E-01
  0.1396687612E-01  0.5387633556E+01  0.7643022616E-01
  0.1410795567E-01  0.5385367112E+01  0.7719015124E-01
  0.1425046028E-01  0.5383060608E+01  0.7795742649E-01
  0.1439440432E-01  0.5380722960E+01  0.7873211776E-01
  0.1453980234E-01  0.5378350319E+01  0.7951429175E-01
  0.1468666903E-01  0.5375935425E+01  0.8030401493E-01
  0.1483501923E-01  0.5373494358E+01  0.8110135492E-01
  0.1498486790E-01  0.5371040185E+01  0.8190638207E-01
  0.1513623021E-01  0.5368564040E+01  0.8271916768E-01
  0.1528912142E-01  0.5366020044E+01  0.8353977948E-01
  0.1544355699E-01  0.5363401810E+01  0.8436828167E-01
  0.1559955252E-01  0.5360746750E+01  0.8520474126E-01
  0.1575712375E-01  0.5358080141E+01  0.8604923067E-01
  0.1591628662E-01  0.5355367924E+01  0.8690182222E-01
  0.1607705719E-01  0.5352583140E+01  0.8776258393E-01
  0.1623945171E-01  0.5349735213E+01  0.8863158284E-01
  0.1640348657E-01  0.5346838471E+01  0.8950888835E-01
  0.1656917836E-01  0.5343814874E+01  0.9039456506E-01
  0.1673654380E-01  0.5340732895E+01  0.9128867707E-01
  0.1690559979E-01  0.5337598186E+01  0.9219129503E-01
  0.1707636343E-01  0.5334410124E+01  0.9310249049E-01
  0.1724885195E-01  0.5331168109E+01  0.9402233539E-01
  0.1742308278E-01  0.5327871557E+01  0.9495090204E-01
  0.1759907351E-01  0.5324536394E+01  0.9588826459E-01
  0.1777684193E-01  0.5321163944E+01  0.9683449926E-01
  0.1795640599E-01  0.5317749966E+01  0.9778968254E-01
  0.1813778383E-01  0.5314238417E+01  0.9875388608E-01
  0.1832099377E-01  0.5310663202E+01  0.9972717986E-01
  0.1850605431E-01  0.5307094954E+01  0.1007096439E+00
  0.1869298415E-01  0.5303476872E+01  0.1017013602E+00
  0.1888180217E-01  0.5299799868E+01  0.1027024050E+00
  0.1907252745E-01  0.5296063480E+01  0.1037128545E+00
  0.1926517924E-01  0.5292267287E+01  0.1047327850E+00
  0.1945977701E-01  0.5288431564E+01  0.1057622752E+00
  0.1965634041E-01  0.5284538043E+01  0.1068014046E+00
  0.1985488931E-01  0.5280572140E+01  0.1078502501E+00
  0.2005544374E-01  0.5276538620E+01  0.1089088878E+00
  0.2025802398E-01  0.5272444308E+01  0.1099773955E+00
  0.2046265049E-01  0.5268305593E+01  0.1110558539E+00
  0.2066934393E-01  0.5264266866E+01  0.1121443607E+00
  0.2087812518E-01  0.5260227523E+01  0.1132430193E+00
  0.2108901533E-01  0.5256130165E+01  0.1143519174E+00
  0.2130203569E-01  0.5251974806E+01  0.1154711376E+00
  0.2151720777E-01  0.5247761528E+01  0.1166007626E+00
  0.2173455330E-01  0.5243490484E+01  0.1177408760E+00
  0.2195409424E-01  0.5239194056E+01  0.1188915652E+00
  0.2217585277E-01  0.5234855589E+01  0.1200529201E+00
  0.2239985128E-01  0.5230484026E+01  0.1212250304E+00
  0.2262611241E-01  0.5226065400E+01  0.1224079857E+00
  0.2285465900E-01  0.5221595448E+01  0.1236018743E+00
  0.2308551414E-01  0.5217074768E+01  0.1248067847E+00
  0.2331870115E-01  0.5212504036E+01  0.1260228058E+00
  0.2355424359E-01  0.5207884004E+01  0.1272500276E+00
  0.2379216524E-01  0.5203215588E+01  0.1284885406E+00
  0.2403249014E-01  0.5198499895E+01  0.1297384363E+00
  0.2427524257E-01  0.5193737660E+01  0.1309998067E+00
  0.2452044704E-01  0.5188929971E+01  0.1322727449E+00
  0.2476812832E-01  0.5184123219E+01  0.1335573505E+00
  0.2501831143E-01  0.5179192747E+01  0.1348537138E+00
  0.2527102165E-01  0.5174219746E+01  0.1361619204E+00
  0.2552628449E-01  0.5169210246E+01  0.1374820671E+00
  0.2578412575E-01  0.5164189320E+01  0.1388142554E+00
  0.2604457147E-01  0.5159132864E+01  0.1401585880E+00
  0.2630764795E-01  0.5154042661E+01  0.1415151649E+00
  0.2657338176E-01  0.5148920583E+01  0.1428840878E+00
  0.2684179976E-01  0.5143768586E+01  0.1442654593E+00
  0.2711292905E-01  0.5138580711E+01  0.1456593823E+00
  0.2738679702E-01  0.5133352572E+01  0.1470659591E+00
  0.2766343134E-01  0.5128100567E+01  0.1484852941E+00
  0.2794285993E-01  0.5122779383E+01  0.1499174886E+00
  0.2822511105E-01  0.5117440861E+01  0.1513626454E+00
  0.2851021318E-01  0.5112085603E+01  0.1528208753E+00
  0.2879819513E-01  0.5106716247E+01  0.1542922905E+00
  0.2908908599E-01  0.5101335490E+01  0.1557770050E+00
  0.2938291514E-01  0.5095946072E+01  0.1572751343E+00
  0.2967971226E-01  0.5090550770E+01  0.1587867958E+00
  0.2997950734E-01  0.5085152386E+01  0.1603121086E+00
  0.3028233064E-01  0.5079735642E+01  0.1618511911E+00
  0.3058821277E-01  0.5074317339E+01  0.1634041628E+00
  0.3089718462E-01  0.5068975803E+01  0.1649711588E+00
  0.3120927739E-01  0.5063684336E+01  0.1665523238E+00
  0.3152452262E-01  0.5058419415E+01  0.1681477962E+00
  0.3184295214E-01  0.5053425751E+01  0.1697577513E+00
  0.3216459812E-01  0.5048544870E+01  0.1713823804E+00
  0.3248949305E-01  0.5043726020E+01  0.1730218442E+00
  0.3281766975E-01  0.5038858335E+01  0.1746762788E+00
  0.3314916136E-01  0.5034026080E+01  0.1763458172E+00
  0.3348400137E-01  0.5029231703E+01  0.1780306079E+00
  0.3382222361E-01  0.5024328056E+01  0.1797307766E+00
  0.3416386223E-01  0.5019358402E+01  0.1814464322E+00
  0.3450895175E-01  0.5014435559E+01  0.1831777108E+00
  0.3485752702E-01  0.5009561365E+01  0.1849247695E+00
  0.3520962325E-01  0.5004737309E+01  0.1866877679E+00
  0.3556527601E-01  0.4999964494E+01  0.1884668678E+00
  0.3592452122E-01  0.4995321185E+01  0.1902622471E+00
  0.3628739518E-01  0.4990476826E+01  0.1920740401E+00
  0.3665393452E-01  0.4985576406E+01  0.1939023481E+00
  0.3702417628E-01  0.4980713165E+01  0.1957473164E+00
  0.3739815786E-01  0.4975885776E+01  0.1976091087E+00
  0.3777591703E-01  0.4971180196E+01  0.1994879064E+00
  0.3815749195E-01  0.4966554212E+01  0.2013839015E+00
  0.3854292116E-01  0.4961988364E+01  0.2032972766E+00
  0.3893224360E-01  0.4957481004E+01  0.2052282126E+00
  0.3932549859E-01  0.4953093481E+01  0.2071769040E+00
  0.3972272585E-01  0.4948925855E+01  0.2091435800E+00
  0.4012396550E-01  0.4944784799E+01  0.2111284546E+00
  0.4052925808E-01  0.4940663035E+01  0.2131317039E+00
  0.4093864453E-01  0.4936655456E+01  0.2151535240E+00
  0.4135216619E-01  0.4932674557E+01  0.2171941149E+00
  0.4176986484E-01  0.4928691381E+01  0.2192536545E+00
  0.4219178266E-01  0.4924695723E+01  0.2213323144E+00
  0.4261796229E-01  0.4920676583E+01  0.2234302629E+00
  0.4304844675E-01  0.4916701546E+01  0.2255476821E+00
  0.4348327955E-01  0.4912722020E+01  0.2276847600E+00
  0.4392250460E-01  0.4908877055E+01  0.2298417062E+00
  0.4436616626E-01  0.4904918789E+01  0.2320187086E+00
  0.4481430935E-01  0.4900869141E+01  0.2342159067E+00
  0.4526697914E-01  0.4896712298E+01  0.2364334413E+00
  0.4572422136E-01  0.4892431998E+01  0.2386714463E+00
  0.4618608218E-01  0.4888011615E+01  0.2409300482E+00
  0.4665260826E-01  0.4883434272E+01  0.2432093653E+00
  0.4712384673E-01  0.4878692161E+01  0.2455095101E+00
  0.4759984518E-01  0.4873871790E+01  0.2478306128E+00
  0.4808065170E-01  0.4869000374E+01  0.2501728310E+00
  0.4856631485E-01  0.4863907762E+01  0.2525362884E+00
  0.4905688368E-01  0.4858652569E+01  0.2549210809E+00
  0.4955240776E-01  0.4853266258E+01  0.2573273257E+00
  0.5005293713E-01  0.4847832146E+01  0.2597551681E+00
  0.5055852235E-01  0.4842143182E+01  0.2622047223E+00
  0.5106921450E-01  0.4836186093E+01  0.2646760456E+00
  0.5158506515E-01  0.4829949164E+01  0.2671691867E+00
  0.5210612641E-01  0.4823479745E+01  0.2696842006E+00
  0.5263245092E-01  0.4816770779E+01  0.2722211507E+00
  0.5316409184E-01  0.4809747311E+01  0.2747800762E+00
  0.5370110287E-01  0.4802589883E+01  0.2773610417E+00
  0.5424353825E-01  0.4795307516E+01  0.2799641613E+00
  0.5479145278E-01  0.4787552341E+01  0.2825894554E+00
  0.5534490180E-01  0.4779503503E+01  0.2852368942E+00
  0.5590394121E-01  0.4771207275E+01  0.2879065061E+00
  0.5646862749E-01  0.4762663623E+01  0.2905983291E+00
  0.5703901766E-01  0.4753953981E+01  0.2933124217E+00
  0.5761516936E-01  0.4744797935E+01  0.2960487827E+00
  0.5819714076E-01  0.4735224187E+01  0.2988073336E+00
  0.5878499067E-01  0.4724808601E+01  0.3015878733E+00
  0.5937877846E-01  0.4714259799E+01  0.3043902750E+00
  0.5997856410E-01  0.4703555082E+01  0.3072146101E+00
  0.6058440818E-01  0.4692491123E+01  0.3100608796E+00
  0.6119637190E-01  0.4680922677E+01  0.3129289742E+00
  0.6181451707E-01  0.4668929897E+01  0.3158187573E+00
  0.6243890613E-01  0.4656880525E+01  0.3187302243E+00
  0.6306960215E-01  0.4644272839E+01  0.3216633245E+00
  0.6370666884E-01  0.4630845003E+01  0.3246177588E+00
  0.6435017054E-01  0.4617065494E+01  0.3275932819E+00
  0.6500017227E-01  0.4603016977E+01  0.3305898166E+00
  0.6565673966E-01  0.4589323122E+01  0.3336075120E+00
  0.6631993905E-01  0.4575256582E+01  0.3366464839E+00
  0.6698983743E-01  0.4560826095E+01  0.3397066073E+00
  0.6766650245E-01  0.4546026964E+01  0.3427877518E+00
  0.6835000248E-01  0.4530938151E+01  0.3458898048E+00
  0.6904040654E-01  0.4515626645E+01  0.3490126973E+00
  0.6973778439E-01  0.4499872183E+01  0.3521563019E+00
  0.7044220645E-01  0.4483814931E+01  0.3553204556E+00
  0.7115374389E-01  0.4468240877E+01  0.3585053170E+00
  0.7187246858E-01  0.4452702708E+01  0.3617111682E+00
  0.7259845311E-01  0.4436820110E+01  0.3649379962E+00
  0.7333177082E-01  0.4420751386E+01  0.3681857033E+00
  0.7407249577E-01  0.4405689992E+01  0.3714546860E+00
  0.7482070280E-01  0.4391001987E+01  0.3747455594E+00
  0.7557646748E-01  0.4376993082E+01  0.3780588298E+00
  0.7633986614E-01  0.4363548216E+01  0.3813950886E+00
  0.7711097590E-01  0.4349927724E+01  0.3847546118E+00
  0.7788987464E-01  0.4336023592E+01  0.3881373500E+00
  0.7867664105E-01  0.4321995647E+01  0.3915432694E+00
  0.7947135460E-01  0.4307189985E+01  0.3949721348E+00
  0.8027409556E-01  0.4292214766E+01  0.3984236820E+00
  0.8108494501E-01  0.4277171107E+01  0.4018979229E+00
  0.8190398485E-01  0.4261913034E+01  0.4053948480E+00
  0.8273129783E-01  0.4247123061E+01  0.4089146660E+00
  0.8356696751E-01  0.4232462037E+01  0.4124577320E+00
  0.8441107829E-01  0.4217905873E+01  0.4160242554E+00
  0.8526371544E-01  0.4204080685E+01  0.4196147047E+00
  0.8612496510E-01  0.4191347722E+01  0.4232299846E+00
  0.8699491424E-01  0.4178942993E+01  0.4268708482E+00
  0.8787365075E-01  0.4165819722E+01  0.4305372720E+00
  0.8876126338E-01  0.4152958640E+01  0.4342291984E+00
  0.8965784180E-01  0.4140328264E+01  0.4379469894E+00
  0.9056347656E-01  0.4128191169E+01  0.4416911188E+00
  0.9147825915E-01  0.4116978056E+01  0.4454623874E+00
  0.9240228197E-01  0.4106024796E+01  0.4492615085E+00
  0.9333563836E-01  0.4094902959E+01  0.4530887027E+00
  0.9427842258E-01  0.4084155825E+01  0.4569442465E+00
  0.9523072988E-01  0.4073864082E+01  0.4608287174E+00
  0.9619265645E-01  0.4063805324E+01  0.4647426376E+00
  0.9716429944E-01  0.4054316200E+01  0.4686865956E+00
  0.9814575701E-01  0.4045116707E+01  0.4726612204E+00
  0.9913712829E-01  0.4035586677E+01  0.4766667091E+00
  0.1001385134E+00  0.4025221206E+01  0.4807026957E+00
  0.1011500136E+00  0.4014814302E+01  0.4847689442E+00
  0.1021717309E+00  0.4004364104E+01  0.4888656109E+00
  0.1032037686E+00  0.3994282887E+01  0.4929930634E+00
  0.1042462309E+00  0.3984332064E+01  0.4971517661E+00
  0.1052992231E+00  0.3973282992E+01  0.5013414195E+00
  0.1063628516E+00  0.3960340926E+01  0.5055606338E+00
  0.1074372239E+00  0.3946823994E+01  0.5098082531E+00
  0.1085224483E+00  0.3932892051E+01  0.5140838835E+00
  0.1096186347E+00  0.3918493354E+01  0.5183871742E+00
  0.1107258936E+00  0.3904412005E+01  0.5227181651E+00
  0.1118443370E+00  0.3889297421E+01  0.5270765764E+00
  0.1129740778E+00  0.3873631497E+01  0.5314616251E+00
  0.1141152301E+00  0.3858264986E+01  0.5358732609E+00
  0.1152679092E+00  0.3842004594E+01  0.5403112307E+00
  0.1164322315E+00  0.3825897578E+01  0.5447751855E+00
  0.1176083146E+00  0.3808909976E+01  0.5492647698E+00
  0.1187962774E+00  0.3790871928E+01  0.5537788988E+00
  0.1199962398E+00  0.3770775935E+01  0.5583157453E+00
  0.1212083230E+00  0.3749624249E+01  0.5628734208E+00
  0.1224326495E+00  0.3727293625E+01  0.5674505151E+00
  0.1236693429E+00  0.3703312049E+01  0.5720452057E+00
  0.1249185282E+00  0.3678718391E+01  0.5766559676E+00
  0.1261803315E+00  0.3653880858E+01  0.5812821166E+00
  0.1274548803E+00  0.3628251207E+01  0.5859228330E+00
  0.1287423034E+00  0.3601958335E+01  0.5905770021E+00
  0.1300427307E+00  0.3577386614E+01  0.5952451103E+00
  0.1313562936E+00  0.3552897376E+01  0.5999281486E+00
  0.1326831249E+00  0.3527198382E+01  0.6046251948E+00
  0.1340233585E+00  0.3501421453E+01  0.6093351910E+00
  0.1353771298E+00  0.3475319265E+01  0.6140576466E+00
  0.1367445755E+00  0.3449392093E+01  0.6187922302E+00
  0.1381258338E+00  0.3423064300E+01  0.6235385491E+00
  0.1395210443E+00  0.3396847207E+01  0.6282961549E+00
  0.1409303478E+00  0.3371161232E+01  0.6330652439E+00
  0.1423538866E+00  0.3346798349E+01  0.6378468821E+00
  0.1437918047E+00  0.3323252396E+01  0.6426423753E+00
  0.1452442472E+00  0.3299763453E+01  0.6474521501E+00
  0.1467113608E+00  0.3275259344E+01  0.6522753028E+00
  0.1481932937E+00  0.3248662405E+01  0.6571093100E+00
  0.1496901957E+00  0.3222638722E+01  0.6619527617E+00
  0.1512022178E+00  0.3195927678E+01  0.6668052691E+00
  0.1527295130E+00  0.3168856691E+01  0.6716657211E+00
  0.1542722353E+00  0.3140404808E+01  0.6765324405E+00
  0.1558305407E+00  0.3110187331E+01  0.6814026063E+00
  0.1574045866E+00  0.3080963058E+01  0.6862751836E+00
  0.1589945319E+00  0.3052217884E+01  0.6911508948E+00
  0.1606005373E+00  0.3021365588E+01  0.6960279986E+00
  0.1622227649E+00  0.2990974032E+01  0.7009046904E+00
  0.1638613787E+00  0.2959597347E+01  0.7057800346E+00
  0.1655165442E+00  0.2927660627E+01  0.7106522275E+00
  0.1671884284E+00  0.2893995072E+01  0.7155187949E+00
  0.1688772004E+00  0.2858340603E+01  0.7203759866E+00
  0.1705830308E+00  0.2820945832E+01  0.7252199361E+00
  0.1723060917E+00  0.2782945215E+01  0.7300478589E+00
  0.1740465572E+00  0.2745060191E+01  0.7348585104E+00
  0.1758046033E+00  0.2709020479E+01  0.7396527729E+00
  0.1775804074E+00  0.2671171269E+01  0.7444298561E+00
  0.1793741488E+00  0.2631922075E+01  0.7491860454E+00
  0.1811860089E+00  0.2590798947E+01  0.7539174652E+00
  0.1830161706E+00  0.2548978020E+01  0.7586207767E+00
  0.1848648188E+00  0.2507527013E+01  0.7632946262E+00
  0.1867321402E+00  0.2465507165E+01  0.7679377528E+00
  0.1886183235E+00  0.2425424619E+01  0.7725503495E+00
  0.1905235591E+00  0.2386333842E+01  0.7771341163E+00
  0.1924480394E+00  0.2349433243E+01  0.7816910617E+00
  0.1943919590E+00  0.2315259810E+01  0.7862249558E+00
  0.1963555142E+00  0.2282554782E+01  0.7907389871E+00
  0.1983389032E+00  0.2250917650E+01  0.7952348068E+00
  0.2003423265E+00  0.2219699055E+01  0.7997130756E+00
  0.2023659863E+00  0.2190184720E+01  0.8041751280E+00
  0.2044100872E+00  0.2160783492E+01  0.8086220369E+00
  0.2064748356E+00  0.2133946680E+01  0.8130558054E+00
  0.2085604400E+00  0.2105499557E+01  0.8174767093E+00
  0.2106671111E+00  0.2072348889E+01  0.8218773856E+00
  0.2127950617E+00  0.2036890038E+01  0.8262495144E+00
  0.2149445068E+00  0.2000618561E+01  0.8305887158E+00
  0.2171156634E+00  0.1966858489E+01  0.8348957229E+00
  0.2193087509E+00  0.1930746552E+01  0.8391696174E+00
  0.2215239908E+00  0.1896265826E+01  0.8434084926E+00
  0.2237616069E+00  0.1865494848E+01  0.8476171807E+00
  0.2260218251E+00  0.1838951459E+01  0.8518036093E+00
  0.2283048739E+00  0.1817869275E+01  0.8559779593E+00
  0.2306109837E+00  0.1800566296E+01  0.8601502142E+00
  0.2329403876E+00  0.1784272411E+01  0.8643254828E+00
  0.2352933208E+00  0.1766837131E+01  0.8685032446E+00
  0.2376700210E+00  0.1749482966E+01  0.8726818639E+00
  0.2400707283E+00  0.1729249598E+01  0.8768575732E+00
  0.2424956851E+00  0.1703555224E+01  0.8810197750E+00
  0.2449451365E+00  0.1681918804E+01  0.8851660520E+00
  0.2474193298E+00  0.1662093980E+01  0.8893029190E+00
  0.2499185149E+00  0.1643704591E+01  0.8934338204E+00
  0.2524429444E+00  0.1622809684E+01  0.8975568628E+00
  0.2549928731E+00  0.1597021796E+01  0.9016620332E+00
  0.2575685587E+00  0.1569938742E+01  0.9057405805E+00
  0.2601702613E+00  0.1542455314E+01  0.9097893423E+00
  0.2627982438E+00  0.1517427031E+01  0.9138100009E+00
  0.2654527715E+00  0.1497329309E+01  0.9178113780E+00
  0.2681341126E+00  0.1475187971E+01  0.9217965444E+00
  0.2708425380E+00  0.1452280881E+01  0.9257609599E+00
  0.2735783212E+00  0.1429987665E+01  0.9297035908E+00
  0.2763417386E+00  0.1399764454E+01  0.9336134839E+00
  0.2791330693E+00  0.1361565640E+01  0.9374673767E+00
  0.2819525952E+00  0.1320362828E+01  0.9412482601E+00
  0.2848006012E+00  0.1277308073E+01  0.9449473513E+00
  0.2876773750E+00  0.1236708231E+01  0.9485634794E+00
  0.2905832071E+00  0.1201115903E+01  0.9521054331E+00
  0.2935183910E+00  0.1169510062E+01  0.9555845447E+00
  0.2964832232E+00  0.1142687410E+01  0.9590121835E+00
  0.2994780032E+00  0.1120342272E+01  0.9624008216E+00
  0.3025030336E+00  0.1100599409E+01  0.9657600295E+00
  0.3055586198E+00  0.1086593178E+01  0.9691016073E+00
  0.3086450705E+00  0.1080583416E+01  0.9724460492E+00
  0.3117626974E+00  0.1076342702E+01  0.9758082947E+00
  0.3149118156E+00  0.1073241418E+01  0.9791929419E+00
  0.3180927430E+00  0.1072338328E+01  0.9826054086E+00
  0.3213058010E+00  0.1070769366E+01  0.9860483733E+00
  0.3245513142E+00  0.1071522902E+01  0.9895247921E+00
  0.3278296103E+00  0.1070977558E+01  0.9930366676E+00
  0.3311410205E+00  0.1070832046E+01  0.9965828727E+00
  0.3344858793E+00  0.1073663197E+01  0.1000169390E+01
  0.3378645245E+00  0.1083403815E+01  0.1003813372E+01
  0.3412772975E+00  0.1098505137E+01  0.1007536552E+01
  0.3447245429E+00  0.1117283914E+01  0.1011355736E+01
  0.3482066090E+00  0.1135990560E+01  0.1015278761E+01
  0.3517238475E+00  0.1149007139E+01  0.1019297202E+01
  0.3552766136E+00  0.1155193176E+01  0.1023390345E+01
  0.3588652663E+00  0.1159763141E+01  0.1027544132E+01
  0.3624901680E+00  0.1164509540E+01  0.1031756762E+01
  0.3661516848E+00  0.1172368341E+01  0.1036035021E+01
  0.3698501867E+00  0.1174641785E+01  0.1040375231E+01
  0.3735860472E+00  0.1177133958E+01  0.1044768184E+01
  0.3773596436E+00  0.1177138781E+01  0.1049210222E+01
  0.3811713572E+00  0.1163486428E+01  0.1053671118E+01
  0.3850215729E+00  0.1143255420E+01  0.1058111845E+01
  0.3889106797E+00  0.1112946235E+01  0.1062499150E+01
  0.3928390704E+00  0.1079574749E+01  0.1066805689E+01
  0.3968071418E+00  0.1042686329E+01  0.1071016331E+01
  0.4008152948E+00  0.1009534422E+01  0.1075129138E+01
  0.4048639341E+00  0.9808213566E+00  0.1079158255E+01
  0.4089534688E+00  0.9542516918E+00  0.1083115029E+01
  0.4130843119E+00  0.9235289977E+00  0.1086993438E+01
  0.4172568807E+00  0.8872799725E+00  0.1090771300E+01
  0.4214715967E+00  0.8443651701E+00  0.1094420496E+01
  0.4257288855E+00  0.7932602897E+00  0.1097906419E+01
  0.4300291773E+00  0.7350131080E+00  0.1101192429E+01
  0.4343729064E+00  0.6698028107E+00  0.1104243499E+01
  0.4387605115E+00  0.5961072695E+00  0.1107020656E+01
  0.4431924359E+00  0.5149652332E+00  0.1109482751E+01
  0.4476691271E+00  0.4277495189E+00  0.1111592872E+01
  0.4521910375E+00  0.3413036356E+00  0.1113331667E+01
  0.4567586237E+00  0.2565359559E+00  0.1114697009E+01
  0.4613723472E+00  0.1844808087E+00  0.1115714373E+01
  0.4660326740E+00  0.1215985556E+00  0.1116427588E+01
  0.4707400747E+00  0.6085990313E-01  0.1116857041E+01
  0.4754950250E+00  0.4181995032E-02  0.1117011676E+01
  0.4802980050E+00 -0.4835305008E-01  0.1116905600E+01
  0.4851495000E+00 -0.9408167885E-01  0.1116560089E+01
  0.4900500000E+00 -0.1344230411E+00  0.1116000196E+01
  0.4950000000E+00 -0.1607841014E+00  0.1115269558E+01
  0.5000000000E+00 -0.1838107729E+00  0.1114418879E+01
  0.5050000000E+00 -0.2056830274E+00  0.1113445145E+01
  0.5099500000E+00 -0.2295327776E+00  0.1112367985E+01
  0.5148505000E+00 -0.2628811606E+00  0.1111161448E+01
  0.5197019950E+00 -0.2997284010E+00  0.1109796699E+01
  0.5245049750E+00 -0.3323117336E+00  0.1108278861E+01
  0.5292599253E+00 -0.3708136065E+00  0.1106607198E+01
  0.5339673260E+00 -0.4140686872E+00  0.1104759821E+01
  0.5386276528E+00 -0.4700411054E+00  0.1102699700E+01
  0.5432413763E+00 -0.5193286026E+00  0.1100417361E+01
  0.5478089625E+00 -0.5578284255E+00  0.1097957357E+01
  0.5523308729E+00 -0.5912294802E+00  0.1095359389E+01
  0.5568075641E+00 -0.6193763326E+00  0.1092649635E+01
  0.5612394885E+00 -0.6474218141E+00  0.1089842458E+01
  0.5656270936E+00 -0.6758045946E+00  0.1086939560E+01
  0.5699708227E+00 -0.6961543381E+00  0.1083959852E+01
  0.5742711145E+00 -0.7098371101E+00  0.1080936765E+01
  0.5785284033E+00 -0.7201379092E+00  0.1077892856E+01
  0.5827431193E+00 -0.7281919332E+00  0.1074840707E+01
  0.5869156881E+00 -0.7380452455E+00  0.1071781719E+01
  0.5910465312E+00 -0.7474257077E+00  0.1068713596E+01
  0.5951360659E+00 -0.7566778678E+00  0.1065638054E+01
  0.5991847052E+00 -0.7580713856E+00  0.1062571717E+01
  0.6031928582E+00 -0.7646963312E+00  0.1059519974E+01
  0.6071609296E+00 -0.7724963707E+00  0.1056470129E+01
  0.6110893203E+00 -0.7811052093E+00  0.1053418552E+01
  0.6149784271E+00 -0.7867796069E+00  0.1050369716E+01
  0.6188286428E+00 -0.7947014521E+00  0.1047325194E+01
  0.6226403564E+00 -0.8029962539E+00  0.1044280211E+01
  0.6264139528E+00 -0.8166079962E+00  0.1041224345E+01
  0.6301498133E+00 -0.8380549948E+00  0.1038133550E+01
  0.6338483152E+00 -0.8667841473E+00  0.1034980875E+01
  0.6375098320E+00 -0.8900812571E+00  0.1031764478E+01
  0.6411347337E+00 -0.9077016787E+00  0.1028506085E+01
  0.6447233864E+00 -0.9303295137E+00  0.1025208057E+01
  0.6482761525E+00 -0.9573693313E+00  0.1021854781E+01
  0.6517933910E+00 -0.9865129881E+00  0.1018436232E+01
  0.6552754571E+00 -0.1029990941E+01  0.1014925432E+01
  0.6587227025E+00 -0.1077654214E+01  0.1011292647E+01
  0.6621354755E+00 -0.1125772518E+01  0.1007532750E+01
  0.6655141207E+00 -0.1164353338E+01  0.1003663988E+01
  0.6688589795E+00 -0.1181975983E+01  0.9997399182E+00
  0.6721703897E+00 -0.1193571577E+01  0.9958067119E+00
  0.6754486858E+00 -0.1202907967E+01  0.9918785272E+00
  0.6786941990E+00 -0.1205897072E+01  0.9879696230E+00
  0.6819072570E+00 -0.1210081590E+01  0.9840882832E+00
  0.6850881844E+00 -0.1216440949E+01  0.9802289871E+00
  0.6882373026E+00 -0.1219464354E+01  0.9763935103E+00
  0.6913549295E+00 -0.1223928165E+01  0.9725847171E+00
  0.6944413802E+00 -0.1228470493E+01  0.9688001133E+00
  0.6974969664E+00 -0.1228167776E+01  0.9650468783E+00
  0.7005219968E+00 -0.1225457334E+01  0.9613357331E+00
  0.7035167768E+00 -0.1222165711E+01  0.9576706868E+00
  0.7064816090E+00 -0.1218941028E+01  0.9540519508E+00
  0.7094167929E+00 -0.1219178659E+01  0.9504737860E+00
  0.7123226250E+00 -0.1222057251E+01  0.9469268752E+00
  0.7151993988E+00 -0.1225588654E+01  0.9434062134E+00
  0.7180474048E+00 -0.1231108689E+01  0.9399078690E+00
  0.7208669307E+00 -0.1246970277E+01  0.9364143651E+00
  0.7236582614E+00 -0.1266923483E+01  0.9329058107E+00
  0.7264216788E+00 -0.1287602594E+01  0.9293761998E+00
  0.7291574620E+00 -0.1308548222E+01  0.9258249469E+00
  0.7318658874E+00 -0.1330218539E+01  0.9222514954E+00
  0.7345472285E+00 -0.1354639383E+01  0.9186519855E+00
  0.7372017562E+00 -0.1386624005E+01  0.9150136056E+00
  0.7398297387E+00 -0.1422080522E+01  0.9113229925E+00
  0.7424314413E+00 -0.1453360742E+01  0.9075824710E+00
  0.7450071269E+00 -0.1486563302E+01  0.9037963110E+00
  0.7475570556E+00 -0.1525697271E+01  0.8999557861E+00
  0.7500814851E+00 -0.1566904433E+01  0.8960522587E+00
  0.7525806702E+00 -0.1605783498E+01  0.8920876915E+00
  0.7550548635E+00 -0.1643828389E+01  0.8880676075E+00
  0.7575043149E+00 -0.1679227741E+01  0.8839977753E+00
  0.7599292717E+00 -0.1710500113E+01  0.8798878034E+00
  0.7623299790E+00 -0.1739543509E+01  0.8757465310E+00
  0.7647066792E+00 -0.1767319978E+01  0.8715791494E+00
  0.7670596124E+00 -0.1794692059E+01  0.8673885612E+00
  0.7693890163E+00 -0.1822718164E+01  0.8631753565E+00
  0.7716951261E+00 -0.1852882758E+01  0.8589371868E+00
  0.7739781749E+00 -0.1883738734E+01  0.8546717423E+00
  0.7762383931E+00 -0.1914725419E+01  0.8503790633E+00
  0.7784760092E+00 -0.1946207760E+01  0.8460594202E+00
  0.7806912491E+00 -0.1977635933E+01  0.8417132926E+00
  0.7828843366E+00 -0.2005399844E+01  0.8373457196E+00
  0.7850554932E+00 -0.2031051036E+01  0.8329638361E+00
  0.7872049383E+00 -0.2058144674E+01  0.8285690853E+00
  0.7893328889E+00 -0.2084755258E+01  0.8241611421E+00
  0.7914395600E+00 -0.2110570961E+01  0.8197420558E+00
  0.7935251644E+00 -0.2138412373E+01  0.8153112066E+00
  0.7955899128E+00 -0.2169140099E+01  0.8108642007E+00
  0.7976340137E+00 -0.2200939301E+01  0.8063977591E+00
  0.7996576735E+00 -0.2234439955E+01  0.8019099096E+00
  0.8016610968E+00 -0.2270037686E+01  0.7973977220E+00
  0.8036444858E+00 -0.2306013300E+01  0.7928596773E+00
  0.8056080410E+00 -0.2339898073E+01  0.7882984257E+00
  0.8075519606E+00 -0.2373536702E+01  0.7837171566E+00
  0.8094764409E+00 -0.2406220259E+01  0.7791178824E+00
  0.8113816765E+00 -0.2438627749E+01  0.7745025939E+00
  0.8132678598E+00 -0.2471985136E+01  0.7698714361E+00
  0.8151351812E+00 -0.2504750597E+01  0.7652248535E+00
  0.8169838294E+00 -0.2537522013E+01  0.7605641594E+00
  0.8188139911E+00 -0.2571180054E+01  0.7558892840E+00
  0.8206258512E+00 -0.2603001435E+01  0.7512018375E+00
  0.8224195926E+00 -0.2636380577E+01  0.7465027891E+00
  0.8241953967E+00 -0.2669512909E+01  0.7417916755E+00
  0.8259534428E+00 -0.2702281679E+01  0.7370697444E+00
  0.8276939083E+00 -0.2735094902E+01  0.7323379610E+00
  0.8294169692E+00 -0.2767643055E+01  0.7275971846E+00
  0.8311227996E+00 -0.2797732715E+01  0.7228503913E+00
  0.8328115716E+00 -0.2826593124E+01  0.7181012893E+00
  0.8344834558E+00 -0.2855738839E+01  0.7133511885E+00
  0.8361386213E+00 -0.2886029647E+01  0.7085994002E+00
  0.8377772351E+00 -0.2917700358E+01  0.7038443642E+00
  0.8393994627E+00 -0.2950846228E+01  0.6990843049E+00
  0.8410054681E+00 -0.2985452732E+01  0.6943174409E+00
  0.8425954134E+00 -0.3020872687E+01  0.6895425764E+00
  0.8441694593E+00 -0.3057465277E+01  0.6847587850E+00
  0.8457277647E+00 -0.3096251522E+01  0.6799640999E+00
  0.8472704870E+00 -0.3133845364E+01  0.6751584451E+00
  0.8487977822E+00 -0.3169489570E+01  0.6703449187E+00
  0.8503098043E+00 -0.3204008778E+01  0.6655264833E+00
  0.8518067063E+00 -0.3238351604E+01  0.6607046923E+00
  0.8532886392E+00 -0.3272090012E+01  0.6558806734E+00
  0.8547557528E+00 -0.3304954949E+01  0.6510560373E+00
  0.8562081953E+00 -0.3335442229E+01  0.6462336399E+00
  0.8576461134E+00 -0.3365389639E+01  0.6414160163E+00
  0.8590696522E+00 -0.3394297267E+01  0.6366046778E+00
  0.8604789557E+00 -0.3422405986E+01  0.6318012760E+00
  0.8618741662E+00 -0.3450622082E+01  0.6270066158E+00
  0.8632554245E+00 -0.3479793512E+01  0.6222202686E+00
  0.8646228702E+00 -0.3511757487E+01  0.6174399852E+00
  0.8659766415E+00 -0.3545596929E+01  0.6126629633E+00
  0.8673168751E+00 -0.3579389030E+01  0.6078883906E+00
  0.8686437064E+00 -0.3613035073E+01  0.6031168240E+00
  0.8699572693E+00 -0.3646924135E+01  0.5983486174E+00
  0.8712576966E+00 -0.3682065439E+01  0.5935832083E+00
  0.8725451197E+00 -0.3716585605E+01  0.5888206114E+00
  0.8738196685E+00 -0.3749819506E+01  0.5840624626E+00
  0.8750814718E+00 -0.3782118520E+01  0.5793105504E+00
  0.8763306571E+00 -0.3814275687E+01  0.5745658984E+00
  0.8775673505E+00 -0.3845100383E+01  0.5698297484E+00
  0.8787916770E+00 -0.3874505236E+01  0.5651040896E+00
  0.8800037602E+00 -0.3902901731E+01  0.5603906573E+00
  0.8812037226E+00 -0.3930044487E+01  0.5556910368E+00
  0.8823916854E+00 -0.3956022533E+01  0.5510068598E+00
  0.8835677685E+00 -0.3979870532E+01  0.5463402248E+00
  0.8847320908E+00 -0.4001896543E+01  0.5416935500E+00
  0.8858847699E+00 -0.4022917949E+01  0.5370685321E+00
  0.8870259222E+00 -0.4041611767E+01  0.5324671037E+00
  0.8881556630E+00 -0.4059305371E+01  0.5278911355E+00
  0.8892741064E+00 -0.4076210192E+01  0.5233415788E+00
  0.8903813653E+00 -0.4092501552E+01  0.5188191393E+00
  0.8914775517E+00 -0.4107396531E+01  0.5143248311E+00
  0.8925627761E+00 -0.4119880022E+01  0.5098606101E+00
  0.8936371484E+00 -0.4131583236E+01  0.5054280386E+00
  0.8947007769E+00 -0.4143527817E+01  0.5010272166E+00
  0.8957537691E+00 -0.4156097169E+01  0.4966574963E+00
  0.8967962314E+00 -0.4169112807E+01  0.4923181374E+00
  0.8978282691E+00 -0.4183024424E+01  0.4880082773E+00
  0.8988499864E+00 -0.4196932069E+01  0.4837273040E+00
  0.8998614866E+00 -0.4211190971E+01  0.4794748952E+00
  0.9008628717E+00 -0.4225444236E+01  0.4752507346E+00
  0.9018542430E+00 -0.4238881902E+01  0.4710550897E+00
  0.9028357006E+00 -0.4251628952E+01  0.4668885516E+00
  0.9038073436E+00 -0.4264483044E+01  0.4627512413E+00
  0.9047692701E+00 -0.4277493897E+01  0.4586428641E+00
  0.9057215774E+00 -0.4290564431E+01  0.4545631518E+00
  0.9066643616E+00 -0.4303720835E+01  0.4505118735E+00
  0.9075977180E+00 -0.4316906004E+01  0.4464888150E+00
  0.9085217408E+00 -0.4329448699E+01  0.4424941005E+00
  0.9094365234E+00 -0.4341781138E+01  0.4385279554E+00
  0.9103421582E+00 -0.4353639828E+01  0.4345905177E+00
  0.9112387366E+00 -0.4364950389E+01  0.4306820677E+00
  0.9121263493E+00 -0.4375198922E+01  0.4268031343E+00
  0.9130050858E+00 -0.4385096586E+01  0.4229541385E+00
  0.9138750349E+00 -0.4394692401E+01  0.4191351536E+00
  0.9147362846E+00 -0.4404692898E+01  0.4153459198E+00
  0.9155889217E+00 -0.4415158851E+01  0.4115858532E+00
  0.9164330325E+00 -0.4425488003E+01  0.4078546105E+00
  0.9172687022E+00 -0.4435060756E+01  0.4041523645E+00
  0.9180960151E+00 -0.4443351081E+01  0.4004797519E+00
  0.9189150550E+00 -0.4450517745E+01  0.3968375354E+00
  0.9197259044E+00 -0.4457319370E+01  0.3932260780E+00
  0.9205286454E+00 -0.4463816372E+01  0.3896453975E+00
  0.9213233589E+00 -0.4470069449E+01  0.3860954574E+00
  0.9221101254E+00 -0.4476138019E+01  0.3825761697E+00
  0.9228890241E+00 -0.4481997352E+01  0.3790874294E+00
  0.9236601339E+00 -0.4488049303E+01  0.3756289842E+00
  0.9244235325E+00 -0.4493978970E+01  0.3722005500E+00
  0.9251792972E+00 -0.4500314300E+01  0.3688017654E+00
  0.9259275042E+00 -0.4506885804E+01  0.3654321402E+00
  0.9266682292E+00 -0.4513513247E+01  0.3620913229E+00
  0.9274015469E+00 -0.4520215803E+01  0.3587790261E+00
  0.9281275314E+00 -0.4527006816E+01  0.3554949543E+00
  0.9288462561E+00 -0.4534118782E+01  0.3522387270E+00
  0.9295577935E+00 -0.4541779589E+01  0.3490098062E+00
  0.9302622156E+00 -0.4549881824E+01  0.3458076228E+00
  0.9309595935E+00 -0.4557515443E+01  0.3426319743E+00
  0.9316499975E+00 -0.4564984252E+01  0.3394828688E+00
  0.9323334975E+00 -0.4572203038E+01  0.3363602349E+00
  0.9330101626E+00 -0.4579488341E+01  0.3332639202E+00
  0.9336800609E+00 -0.4586516965E+01  0.3301937742E+00
  0.9343432603E+00 -0.4593164588E+01  0.3271497946E+00
  0.9349998277E+00 -0.4599888091E+01  0.3241318652E+00
  0.9356498295E+00 -0.4606369884E+01  0.3211398235E+00
  0.9362933312E+00 -0.4612855012E+01  0.3181735300E+00
  0.9369303978E+00 -0.4619371202E+01  0.3152327581E+00
  0.9375610939E+00 -0.4625989970E+01  0.3123172519E+00
  0.9381854829E+00 -0.4632571702E+01  0.3094267795E+00
  0.9388036281E+00 -0.4639103648E+01  0.3065611589E+00
  0.9394155918E+00 -0.4645574315E+01  0.3037202158E+00
  0.9400214359E+00 -0.4651973009E+01  0.3009037838E+00
  0.9406212215E+00 -0.4658646606E+01  0.2981115959E+00
  0.9412150093E+00 -0.4665337244E+01  0.2953433620E+00
  0.9418028592E+00 -0.4671903243E+01  0.2925989140E+00
  0.9423848306E+00 -0.4678359558E+01  0.2898781212E+00
  0.9429609823E+00 -0.4684702213E+01  0.2871808493E+00
  0.9435313725E+00 -0.4690719719E+01  0.2845070250E+00
  0.9440960588E+00 -0.4696171384E+01  0.2818567007E+00
  0.9446550982E+00 -0.4701462408E+01  0.2792298769E+00
  0.9452085472E+00 -0.4706649309E+01  0.2766264218E+00
  0.9457564617E+00 -0.4711734657E+01  0.2740461871E+00
  0.9462988971E+00 -0.4716783413E+01  0.2714890062E+00
  0.9468359082E+00 -0.4721725577E+01  0.2689547145E+00
  0.9473675491E+00 -0.4726501536E+01  0.2664431824E+00
  0.9478938736E+00 -0.4731198506E+01  0.2639542727E+00
  0.9484149348E+00 -0.4735766098E+01  0.2614878384E+00
  0.9489307855E+00 -0.4740059586E+01  0.2590437830E+00
  0.9494414776E+00 -0.4744395345E+01  0.2566219647E+00
  0.9499470629E+00 -0.4748977580E+01  0.2542221102E+00
  0.9504475922E+00 -0.4753558506E+01  0.2518439610E+00
  0.9509431163E+00 -0.4757873130E+01  0.2494873893E+00
  0.9514336852E+00 -0.4762214826E+01  0.2471522600E+00
  0.9519193483E+00 -0.4766573990E+01  0.2448383692E+00
  0.9524001548E+00 -0.4770925752E+01  0.2425455232E+00
  0.9528761533E+00 -0.4775276988E+01  0.2402735344E+00
  0.9533473917E+00 -0.4779634141E+01  0.2380222135E+00
  0.9538139178E+00 -0.4784052718E+01  0.2357913588E+00
  0.9542757786E+00 -0.4788506384E+01  0.2335807638E+00
  0.9547330209E+00 -0.4792980710E+01  0.2313902337E+00
  0.9551856906E+00 -0.4797479727E+01  0.2292195778E+00
  0.9556338337E+00 -0.4801994230E+01  0.2270686088E+00
  0.9560774954E+00 -0.4806497647E+01  0.2249371491E+00
  0.9565167205E+00 -0.4811035199E+01  0.2228250184E+00
  0.9569515532E+00 -0.4815882392E+01  0.2207319687E+00
  0.9573820377E+00 -0.4820817824E+01  0.2186577438E+00
  0.9578082173E+00 -0.4825569128E+01  0.2166021970E+00
  0.9582301352E+00 -0.4830032918E+01  0.2145652617E+00
  0.9586478338E+00 -0.4834360618E+01  0.2125468596E+00
  0.9590613555E+00 -0.4838716094E+01  0.2105468463E+00
  0.9594707419E+00 -0.4843046414E+01  0.2085650551E+00
  0.9598760345E+00 -0.4847314240E+01  0.2066013395E+00
  0.9602772742E+00 -0.4851441319E+01  0.2046555768E+00
  0.9606745014E+00 -0.4855237200E+01  0.2027276981E+00
  0.9610677564E+00 -0.4859239241E+01  0.2008175650E+00
  0.9614570788E+00 -0.4863169878E+01  0.1989249890E+00
  0.9618425080E+00 -0.4867180173E+01  0.1970498084E+00
  0.9622240830E+00 -0.4871242100E+01  0.1951918396E+00
  0.9626018421E+00 -0.4875361827E+01  0.1933509051E+00
  0.9629758237E+00 -0.4879791704E+01  0.1915267812E+00
  0.9633460655E+00 -0.4884355825E+01  0.1897192336E+00
  0.9637126048E+00 -0.4888978626E+01  0.1879280778E+00
  0.9640754788E+00 -0.4893622800E+01  0.1861531522E+00
  0.9644347240E+00 -0.4898284910E+01  0.1843943042E+00
  0.9647903767E+00 -0.4902961087E+01  0.1826513841E+00
  0.9651424730E+00 -0.4907647590E+01  0.1809242449E+00
  0.9654910483E+00 -0.4912340917E+01  0.1792127424E+00
  0.9658361378E+00 -0.4917037681E+01  0.1775167346E+00
  0.9661777764E+00 -0.4921734625E+01  0.1758360823E+00
  0.9665159986E+00 -0.4926428631E+01  0.1741706484E+00
  0.9668508386E+00 -0.4931116728E+01  0.1725202981E+00
  0.9671823303E+00 -0.4935796097E+01  0.1708848987E+00
  0.9675105070E+00 -0.4940464081E+01  0.1692643194E+00
  0.9678354019E+00 -0.4945118178E+01  0.1676584316E+00
  0.9681570479E+00 -0.4949818160E+01  0.1660670984E+00
  0.9684754774E+00 -0.4954803629E+01  0.1644901364E+00
  0.9687907226E+00 -0.4959788685E+01  0.1629273725E+00
  0.9691028154E+00 -0.4964662626E+01  0.1613786977E+00
  0.9694117872E+00 -0.4969491011E+01  0.1598440108E+00
  0.9697176694E+00 -0.4974312956E+01  0.1583231948E+00
  0.9700204927E+00 -0.4979055245E+01  0.1568161389E+00
  0.9703202877E+00 -0.4983681322E+01  0.1553227492E+00
  0.9706170849E+00 -0.4988226713E+01  0.1538429324E+00
  0.9709109140E+00 -0.4992723914E+01  0.1523765853E+00
  0.9712018049E+00 -0.4997180709E+01  0.1509235993E+00
  0.9714897868E+00 -0.5001615221E+01  0.1494838629E+00
  0.9717748890E+00 -0.5005983428E+01  0.1480572691E+00
  0.9720571401E+00 -0.5010259467E+01  0.1466437213E+00
  0.9723365687E+00 -0.5014455233E+01  0.1452431253E+00
  0.9726132030E+00 -0.5018576212E+01  0.1438553849E+00
  0.9728870709E+00 -0.5022651898E+01  0.1424803995E+00
  0.9731582002E+00 -0.5026682782E+01  0.1411180650E+00
  0.9734266182E+00 -0.5030669441E+01  0.1397682778E+00
  0.9736923521E+00 -0.5034612530E+01  0.1384309349E+00
  0.9739554285E+00 -0.5038520839E+01  0.1371059327E+00
  0.9742158742E+00 -0.5042465117E+01  0.1357931579E+00
  0.9744737155E+00 -0.5046419676E+01  0.1344924925E+00
  0.9747289784E+00 -0.5050383113E+01  0.1332038232E+00
  0.9749816886E+00 -0.5054351707E+01  0.1319270384E+00
  0.9752318717E+00 -0.5058278331E+01  0.1306620337E+00
  0.9754795530E+00 -0.5062109352E+01  0.1294087184E+00
  0.9757247574E+00 -0.5065887929E+01  0.1281670033E+00
  0.9759675099E+00 -0.5069681491E+01  0.1269367863E+00
  0.9762078348E+00 -0.5073584523E+01  0.1257179466E+00
  0.9764457564E+00 -0.5077447281E+01  0.1245103715E+00
  0.9766812989E+00 -0.5081153256E+01  0.1233139807E+00
  0.9769144859E+00 -0.5084791264E+01  0.1221286976E+00
  0.9771453410E+00 -0.5088395816E+01  0.1209544313E+00
  0.9773738876E+00 -0.5091967802E+01  0.1197910876E+00
  0.9776001487E+00 -0.5095434422E+01  0.1186385811E+00
  0.9778241472E+00 -0.5098840596E+01  0.1174968299E+00
  0.9780459058E+00 -0.5102228992E+01  0.1163657428E+00
  0.9782654467E+00 -0.5105591515E+01  0.1152452255E+00
  0.9784827922E+00 -0.5108928886E+01  0.1141351853E+00
  0.9786979643E+00 -0.5112241797E+01  0.1130355301E+00
  0.9789109847E+00 -0.5115530914E+01  0.1119461682E+00
  0.9791218748E+00 -0.5118796876E+01  0.1108670087E+00
  0.9793306561E+00 -0.5122040292E+01  0.1097979613E+00
  0.9795373495E+00 -0.5125261744E+01  0.1087389362E+00
  0.9797419760E+00 -0.5128461788E+01  0.1076898444E+00
  0.9799445563E+00 -0.5131579095E+01  0.1066506036E+00
  0.9801451107E+00 -0.5134648449E+01  0.1056211349E+00
  0.9803436596E+00 -0.5137698327E+01  0.1046013534E+00
  0.9805402230E+00 -0.5140729229E+01  0.1035911720E+00
  0.9807348208E+00 -0.5143741631E+01  0.1025905045E+00
  0.9809274726E+00 -0.5146735981E+01  0.1015992650E+00
  0.9811181978E+00 -0.5149712703E+01  0.1006173685E+00
  0.9813070158E+00 -0.5152672197E+01  0.9964473052E-01
  0.9814939457E+00 -0.5155546064E+01  0.9868127371E-01
  0.9816790062E+00 -0.5158394203E+01  0.9772692202E-01
  0.9818622162E+00 -0.5161227591E+01  0.9678159339E-01
  0.9820435940E+00 -0.5164046562E+01  0.9584520543E-01
  0.9822231581E+00 -0.5166849859E+01  0.9491767658E-01
  0.9824009265E+00 -0.5169599277E+01  0.9399892947E-01
  0.9825769172E+00 -0.5172335170E+01  0.9308888715E-01
  0.9827511481E+00 -0.5175058852E+01  0.9218746963E-01
  0.9829236366E+00 -0.5177770537E+01  0.9129459753E-01
  0.9830944002E+00 -0.5180470423E+01  0.9041019209E-01
  0.9832634562E+00 -0.5183158682E+01  0.8953417526E-01
  0.9834308216E+00 -0.5185835472E+01  0.8866646964E-01
  0.9835965134E+00 -0.5188500929E+01  0.8780699849E-01
  0.9837605483E+00 -0.5191155171E+01  0.8695568574E-01
  0.9839229428E+00 -0.5193825829E+01  0.8611245375E-01
  0.9840837134E+00 -0.5196476722E+01  0.8527722631E-01
  0.9842428762E+00 -0.5199097206E+01  0.8444993164E-01
  0.9844004475E+00 -0.5201707233E+01  0.8363049783E-01
  0.9845564430E+00 -0.5204306823E+01  0.8281885201E-01
  0.9847108786E+00 -0.5206886652E+01  0.8201492271E-01
  0.9848637698E+00 -0.5209423553E+01  0.8121864156E-01
  0.9850151321E+00 -0.5211951126E+01  0.8042993992E-01
  0.9851649808E+00 -0.5214469333E+01  0.7964874726E-01
  0.9853133310E+00 -0.5216978130E+01  0.7887499364E-01
  0.9854601977E+00 -0.5219477462E+01  0.7810860979E-01
  0.9856055957E+00 -0.5221968981E+01  0.7734952696E-01
  0.9857495397E+00 -0.5224530940E+01  0.7659767124E-01
  0.9858920443E+00 -0.5227121710E+01  0.7585296693E-01
  0.9860331239E+00 -0.5229710571E+01  0.7511534430E-01
  0.9861727926E+00 -0.5232285707E+01  0.7438473727E-01
  0.9863110647E+00 -0.5234806564E+01  0.7366108400E-01
  0.9864479541E+00 -0.5237284761E+01  0.7294432509E-01
  0.9865834745E+00 -0.5239751234E+01  0.7223439873E-01
  0.9867176398E+00 -0.5242205918E+01  0.7153124150E-01
  0.9868504634E+00 -0.5244648746E+01  0.7083479060E-01
  0.9869819588E+00 -0.5247079651E+01  0.7014498376E-01
  0.9871121392E+00 -0.5249469844E+01  0.6946176119E-01
  0.9872410178E+00 -0.5251821147E+01  0.6878506531E-01
  0.9873686076E+00 -0.5254161967E+01  0.6811483705E-01
  0.9874949215E+00 -0.5256529752E+01  0.6745101369E-01
  0.9876199723E+00 -0.5258901336E+01  0.6679353224E-01
  0.9877437726E+00 -0.5261260391E+01  0.6614233277E-01
  0.9878663349E+00 -0.5263606854E+01  0.6549735694E-01
  0.9879876715E+00 -0.5265940667E+01  0.6485854692E-01
  0.9881077948E+00 -0.5268261767E+01  0.6422584542E-01
  0.9882267168E+00 -0.5270570095E+01  0.6359919566E-01
  0.9883444497E+00 -0.5272901503E+01  0.6297853928E-01
  0.9884610052E+00 -0.5275252642E+01  0.6236381657E-01
  0.9885763951E+00 -0.5277588543E+01  0.6175497067E-01
  0.9886906312E+00 -0.5279922437E+01  0.6115194650E-01
  0.9888037249E+00 -0.5282252814E+01  0.6055468883E-01
  0.9889156876E+00 -0.5284567096E+01  0.5996314371E-01
  0.9890265307E+00 -0.5286865301E+01  0.5937725842E-01
  0.9891362654E+00 -0.5289147449E+01  0.5879698066E-01
  0.9892449028E+00 -0.5291413560E+01  0.5822225863E-01
  0.9893524538E+00 -0.5293663655E+01  0.5765304096E-01
  0.9894589292E+00 -0.5295876789E+01  0.5708927785E-01
  0.9895643399E+00 -0.5298061881E+01  0.5653092056E-01
  0.9896686965E+00 -0.5300232025E+01  0.5597791960E-01
  0.9897720096E+00 -0.5302387230E+01  0.5543022521E-01
  0.9898742895E+00 -0.5304527508E+01  0.5488778810E-01
  0.9899755466E+00 -0.5306664436E+01  0.5435055881E-01
  0.9900757911E+00 -0.5308800309E+01  0.5381848765E-01
  0.9901750332E+00 -0.5310920526E+01  0.5329152601E-01
  0.9902732829E+00 -0.5313025115E+01  0.5276962644E-01
  0.9903705500E+00 -0.5315114108E+01  0.5225274192E-01
  0.9904668445E+00 -0.5317187536E+01  0.5174082584E-01
  0.9905621761E+00 -0.5319245433E+01  0.5123383199E-01
  0.9906565543E+00 -0.5321287835E+01  0.5073171460E-01
  0.9907499888E+00 -0.5323314778E+01  0.5023442826E-01
  0.9908424889E+00 -0.5325327756E+01  0.4974192795E-01
  0.9909340640E+00 -0.5327329785E+01  0.4925416880E-01
  0.9910247234E+00 -0.5329316283E+01  0.4877110645E-01
  0.9911144761E+00 -0.5331287299E+01  0.4829269711E-01
  0.9912033314E+00 -0.5333241199E+01  0.4781889750E-01
  0.9912912981E+00 -0.5335178100E+01  0.4734966475E-01
  0.9913783851E+00 -0.5337099759E+01  0.4688495632E-01
  0.9914646012E+00 -0.5339007349E+01  0.4642472990E-01
  0.9915499552E+00 -0.5340901395E+01  0.4596894350E-01
  0.9916344557E+00 -0.5342780291E+01  0.4551755555E-01
  0.9917181111E+00 -0.5344644095E+01  0.4507052494E-01
  0.9918009300E+00 -0.5346480443E+01  0.4462781141E-01
  0.9918829207E+00 -0.5348301732E+01  0.4418937507E-01
  0.9919640915E+00 -0.5350108570E+01  0.4375517585E-01
  0.9920444506E+00 -0.5351901007E+01  0.4332517400E-01
  0.9921240061E+00 -0.5353686086E+01  0.4289932986E-01
  0.9922027660E+00 -0.5355457020E+01  0.4247760413E-01
  0.9922807383E+00 -0.5357213433E+01  0.4205995814E-01
  0.9923579310E+00 -0.5358955842E+01  0.4164635357E-01
  0.9924343516E+00 -0.5360699907E+01  0.4123675182E-01
  0.9925100081E+00 -0.5362429041E+01  0.4083111471E-01
  0.9925849081E+00 -0.5364143327E+01  0.4042940501E-01
  0.9926590590E+00 -0.5365842850E+01  0.4003158584E-01
  0.9927324684E+00 -0.5367527696E+01  0.3963762064E-01
  0.9928051437E+00 -0.5369197951E+01  0.3924747317E-01
  0.9928770923E+00 -0.5370853701E+01  0.3886110753E-01
  0.9929483213E+00 -0.5372495034E+01  0.3847848812E-01
  0.9930188381E+00 -0.5374122037E+01  0.3809957967E-01
  0.9930886497E+00 -0.5375734799E+01  0.3772434721E-01
  0.9931577632E+00 -0.5377333408E+01  0.3735275611E-01
  0.9932261856E+00 -0.5378917954E+01  0.3698477202E-01
  0.9932939238E+00 -0.5380488524E+01  0.3662036091E-01
  0.9933609845E+00 -0.5382045211E+01  0.3625948905E-01
  0.9934273747E+00 -0.5383588102E+01  0.3590212302E-01
  0.9934931009E+00 -0.5385117290E+01  0.3554822969E-01
  0.9935581699E+00 -0.5386632863E+01  0.3519777623E-01
  0.9936225882E+00 -0.5388134914E+01  0.3485073012E-01
  0.9936863623E+00 -0.5389623533E+01  0.3450705910E-01
  0.9937494987E+00 -0.5391098811E+01  0.3416673123E-01
  0.9938120037E+00 -0.5392560841E+01  0.3382971483E-01
  0.9938738837E+00 -0.5394009712E+01  0.3349597854E-01
  0.9939351449E+00 -0.5395445518E+01  0.3316549125E-01
  0.9939957934E+00 -0.5396868350E+01  0.3283822215E-01
  0.9940558355E+00 -0.5398278300E+01  0.3251414070E-01
  0.9941152771E+00 -0.5399675460E+01  0.3219321663E-01
  0.9941741243E+00 -0.5401062676E+01  0.3187541987E-01
  0.9942323831E+00 -0.5402441728E+01  0.3156072051E-01
  0.9942900593E+00 -0.5403807984E+01  0.3124908897E-01
  0.9943471587E+00 -0.5405161546E+01  0.3094049609E-01
  0.9944036871E+00 -0.5406502514E+01  0.3063491298E-01
  0.9944596502E+00 -0.5407830987E+01  0.3033231101E-01
  0.9945150537E+00 -0.5409147066E+01  0.3003266180E-01
  0.9945699032E+00 -0.5410450850E+01  0.2973593723E-01
  0.9946242041E+00 -0.5411742438E+01  0.2944210945E-01
  0.9946779621E+00 -0.5413021929E+01  0.2915115083E-01
  0.9947311825E+00 -0.5414289433E+01  0.2886303402E-01
  0.9947838707E+00 -0.5415545036E+01  0.2857773192E-01
  0.9948360320E+00 -0.5416788834E+01  0.2829521764E-01
  0.9948876716E+00 -0.5418020925E+01  0.2801546459E-01
  0.9949387949E+00 -0.5419241405E+01  0.2773844637E-01
  0.9949894070E+00 -0.5420450370E+01  0.2746413685E-01
  0.9950395129E+00 -0.5421647917E+01  0.2719251014E-01
  0.9950891178E+00 -0.5422837987E+01  0.2692354048E-01
  0.9951382266E+00 -0.5424016906E+01  0.2665720235E-01
  0.9951868443E+00 -0.5425184540E+01  0.2639347055E-01
  0.9952349759E+00 -0.5426340988E+01  0.2613232014E-01
  0.9952826261E+00 -0.5427486347E+01  0.2587372640E-01
  0.9953297999E+00 -0.5428620715E+01  0.2561766482E-01
  0.9953765019E+00 -0.5429743737E+01  0.2536411114E-01
  0.9954227368E+00 -0.5430855880E+01  0.2511304133E-01
  0.9954685095E+00 -0.5431957340E+01  0.2486443156E-01
  0.9955138244E+00 -0.5433048212E+01  0.2461825821E-01
  0.9955586861E+00 -0.5434128590E+01  0.2437449789E-01
  0.9956030993E+00 -0.5435198567E+01  0.2413312743E-01
  0.9956470683E+00 -0.5436258235E+01  0.2389412384E-01
  0.9956905976E+00 -0.5437307686E+01  0.2365746439E-01
  0.9957336916E+00 -0.5438347011E+01  0.2342312653E-01
  0.9957763547E+00 -0.5439376302E+01  0.2319108792E-01
  0.9958185912E+00 -0.5440395648E+01  0.2296132643E-01
  0.9958604053E+00 -0.5441405139E+01  0.2273382014E-01
  0.9959018012E+00 -0.5442404864E+01  0.2250854733E-01
  0.9959427832E+00 -0.5443394911E+01  0.2228548647E-01
  0.9959833554E+00 -0.5444375367E+01  0.2206461625E-01
  0.9960235218E+00 -0.5445346320E+01  0.2184591554E-01
  0.9960632866E+00 -0.5446307855E+01  0.2162936341E-01
  0.9961026537E+00 -0.5447260060E+01  0.2141493914E-01
  0.9961416272E+00 -0.5448203018E+01  0.2120262217E-01
  0.9961802109E+00 -0.5449136814E+01  0.2099239217E-01
  0.9962184088E+00 -0.5450061533E+01  0.2078422898E-01
  0.9962562247E+00 -0.5450977257E+01  0.2057811262E-01
  0.9962936625E+00 -0.5451884070E+01  0.2037402330E-01
  0.9963307258E+00 -0.5452782053E+01  0.2017194144E-01
  0.9963674186E+00 -0.5453671287E+01  0.1997184760E-01
  0.9964037444E+00 -0.5454551854E+01  0.1977372256E-01
  0.9964397070E+00 -0.5455423833E+01  0.1957754725E-01
  0.9964753099E+00 -0.5456287304E+01  0.1938330280E-01
  0.9965105568E+00 -0.5457142347E+01  0.1919097052E-01
  0.9965454512E+00 -0.5457989039E+01  0.1900053186E-01
  0.9965799967E+00 -0.5458827458E+01  0.1881196848E-01
  0.9966141967E+00 -0.5459657681E+01  0.1862526221E-01
  0.9966480548E+00 -0.5460479786E+01  0.1844039502E-01
  0.9966815742E+00 -0.5461293846E+01  0.1825734909E-01
  0.9967147585E+00 -0.5462099939E+01  0.1807610673E-01
  0.9967476109E+00 -0.5462898138E+01  0.1789665044E-01
  0.9967801348E+00 -0.5463688518E+01  0.1771896289E-01
  0.9968123334E+00 -0.5464471152E+01  0.1754302688E-01
  0.9968442101E+00 -0.5465246112E+01  0.1736882541E-01
  0.9968757680E+00 -0.5466013473E+01  0.1719634162E-01
  0.9969070103E+00 -0.5466773303E+01  0.1702555880E-01
  0.9969379402E+00 -0.5467525676E+01  0.1685646044E-01
  0.9969685608E+00 -0.5468270662E+01  0.1668903012E-01
  0.9969988752E+00 -0.5469008330E+01  0.1652325164E-01
  0.9970288865E+00 -0.5469738749E+01  0.1635910892E-01
  0.9970585976E+00 -0.5470461989E+01  0.1619658603E-01
  0.9970880116E+00 -0.5471178118E+01  0.1603566719E-01
  0.9971171315E+00 -0.5471887202E+01  0.1587633680E-01
  0.9971459602E+00 -0.5472589310E+01  0.1571857936E-01
  0.9971745006E+00 -0.5473284508E+01  0.1556237957E-01
  0.9972027556E+00 -0.5473972861E+01  0.1540772222E-01
  0.9972307280E+00 -0.5474654435E+01  0.1525459229E-01
  0.9972584207E+00 -0.5475329294E+01  0.1510297487E-01
  0.9972858365E+00 -0.5475997503E+01  0.1495285522E-01
  0.9973129782E+00 -0.5476659125E+01  0.1480421872E-01
  0.9973398484E+00 -0.5477314224E+01  0.1465705089E-01
  0.9973664499E+00 -0.5477962862E+01  0.1451133740E-01
  0.9973927854E+00 -0.5478605101E+01  0.1436706405E-01
  0.9974188575E+00 -0.5479241002E+01  0.1422421676E-01
  0.9974446690E+00 -0.5479870626E+01  0.1408278162E-01
  0.9974702223E+00 -0.5480494034E+01  0.1394274482E-01
  0.9974955201E+00 -0.5481111285E+01  0.1380409270E-01
  0.9975205649E+00 -0.5481722439E+01  0.1366681171E-01
  0.9975453592E+00 -0.5482327555E+01  0.1353088846E-01
  0.9975699056E+00 -0.5482926690E+01  0.1339630966E-01
  0.9975942066E+00 -0.5483519903E+01  0.1326306216E-01
  0.9976182645E+00 -0.5484107250E+01  0.1313113293E-01
  0.9976420819E+00 -0.5484688789E+01  0.1300050907E-01
  0.9976656610E+00 -0.5485264575E+01  0.1287117781E-01
  0.9976890044E+00 -0.5485834664E+01  0.1274312649E-01
  0.9977121144E+00 -0.5486399112E+01  0.1261634257E-01
  0.9977349932E+00 -0.5486957973E+01  0.1249081364E-01
  0.9977576433E+00 -0.5487511301E+01  0.1236652741E-01
  0.9977800669E+00 -0.5488059150E+01  0.1224347169E-01
  0.9978022662E+00 -0.5488601573E+01  0.1212163442E-01
  0.9978242435E+00 -0.5489138623E+01  0.1200100367E-01
  0.9978460011E+00 -0.5489670352E+01  0.1188156760E-01
  0.9978675411E+00 -0.5490196812E+01  0.1176331449E-01
  0.9978888657E+00 -0.5490718054E+01  0.1164623274E-01
  0.9979099770E+00 -0.5491234128E+01  0.1153031086E-01
  0.9979308773E+00 -0.5491745086E+01  0.1141553747E-01
  0.9979515685E+00 -0.5492250978E+01  0.1130190129E-01
  0.9979720528E+00 -0.5492751851E+01  0.1118939116E-01
  0.9979923323E+00 -0.5493247756E+01  0.1107799602E-01
  0.9980124089E+00 -0.5493738741E+01  0.1096770493E-01
  0.9980322849E+00 -0.5494224854E+01  0.1085850704E-01
  0.9980519620E+00 -0.5494706143E+01  0.1075039161E-01
  0.9980714424E+00 -0.5495182654E+01  0.1064334800E-01
  0.9980907280E+00 -0.5495654435E+01  0.1053736569E-01
  0.9981098207E+00 -0.5496121532E+01  0.1043243424E-01
  0.9981287225E+00 -0.5496583990E+01  0.1032854332E-01
  0.9981474353E+00 -0.5497041828E+01  0.1022568269E-01
  0.9981659609E+00 -0.5497495027E+01  0.1012384224E-01
  0.9981843013E+00 -0.5497943726E+01  0.1002301191E-01
  0.9982024583E+00 -0.5498387972E+01  0.9923181786E-02
  0.9982204337E+00 -0.5498827806E+01  0.9824342016E-02
  0.9982382294E+00 -0.5499263272E+01  0.9726482854E-02
  0.9982558471E+00 -0.5499694413E+01  0.9629594651E-02
  0.9982732886E+00 -0.5500121271E+01  0.9533667847E-02
  0.9982905557E+00 -0.5500543889E+01  0.9438692977E-02
  0.9983076502E+00 -0.5500962307E+01  0.9344660667E-02
  0.9983245737E+00 -0.5501376568E+01  0.9251561634E-02
  0.9983413279E+00 -0.5501786711E+01  0.9159386686E-02
  0.9983579146E+00 -0.5502192778E+01  0.9068126718E-02
  0.9983743355E+00 -0.5502594808E+01  0.8977772715E-02
  0.9983905921E+00 -0.5502992841E+01  0.8888315748E-02
  0.9984066862E+00 -0.5503386916E+01  0.8799746978E-02
  0.9984226194E+00 -0.5503777072E+01  0.8712057647E-02
  0.9984383932E+00 -0.5504163349E+01  0.8625239086E-02
  0.9984540092E+00 -0.5504545782E+01  0.8539282708E-02
  0.9984694691E+00 -0.5504924412E+01  0.8454180012E-02
  0.9984847744E+00 -0.5505299275E+01  0.8369922576E-02
  0.9984999267E+00 -0.5505670408E+01  0.8286502062E-02
  0.9985149274E+00 -0.5506037848E+01  0.8203910214E-02
  0.9985297782E+00 -0.5506401631E+01  0.8122138855E-02
  0.9985444804E+00 -0.5506761794E+01  0.8041179888E-02
  0.9985590356E+00 -0.5507118371E+01  0.7961025295E-02
  0.9985734452E+00 -0.5507471400E+01  0.7881667134E-02
  0.9985877108E+00 -0.5507820913E+01  0.7803097545E-02
  0.9986018337E+00 -0.5508166947E+01  0.7725308739E-02
  0.9986158153E+00 -0.5508509535E+01  0.7648293008E-02
  0.9986296572E+00 -0.5508848712E+01  0.7572042715E-02
  0.9986433606E+00 -0.5509184511E+01  0.7496550301E-02
  0.9986569270E+00 -0.5509516966E+01  0.7421808278E-02
  0.9986703577E+00 -0.5509846109E+01  0.7347809232E-02
  0.9986836541E+00 -0.5510171974E+01  0.7274545822E-02
  0.9986968176E+00 -0.5510494592E+01  0.7202010778E-02
  0.9987098494E+00 -0.5510813996E+01  0.7130196901E-02
  0.9987227509E+00 -0.5511130218E+01  0.7059097063E-02
  0.9987355234E+00 -0.5511443289E+01  0.6988704204E-02
  0.9987481682E+00 -0.5511753240E+01  0.6919011335E-02
  0.9987606865E+00 -0.5512060102E+01  0.6850011533E-02
  0.9987730796E+00 -0.5512363906E+01  0.6781697946E-02
  0.9987853488E+00 -0.5512664682E+01  0.6714063786E-02
  0.9987974954E+00 -0.5512962460E+01  0.6647102332E-02
  0.9988095204E+00 -0.5513257269E+01  0.6580806930E-02
  0.9988214252E+00 -0.5513549140E+01  0.6515170989E-02
  0.9988332109E+00 -0.5513838101E+01  0.6450187986E-02
  0.9988448788E+00 -0.5514124181E+01  0.6385851457E-02
  0.9988564300E+00 -0.5514407408E+01  0.6322155006E-02
  0.9988678657E+00 -0.5514687812E+01  0.6259092296E-02
  0.9988791871E+00 -0.5514965419E+01  0.6196657055E-02
  0.9988903952E+00 -0.5515240258E+01  0.6134843071E-02
  0.9989014913E+00 -0.5515512356E+01  0.6073644191E-02
  0.9989124764E+00 -0.5515781740E+01  0.6013054327E-02
  0.9989233516E+00 -0.5516048437E+01  0.5953067446E-02
  0.9989341181E+00 -0.5516312474E+01  0.5893677577E-02
  0.9989447769E+00 -0.5516573877E+01  0.5834878806E-02
  0.9989553291E+00 -0.5516832673E+01  0.5776665278E-02
  0.9989657758E+00 -0.5517088887E+01  0.5719031196E-02
  0.9989761181E+00 -0.5517342544E+01  0.5661970818E-02
  0.9989863569E+00 -0.5517593671E+01  0.5605478459E-02
  0.9989964933E+00 -0.5517842293E+01  0.5549548491E-02
  0.9990065284E+00 -0.5518088433E+01  0.5494175340E-02
  0.9990164631E+00 -0.5518332118E+01  0.5439353488E-02
  0.9990262985E+00 -0.5518573371E+01  0.5385077469E-02
  0.9990360355E+00 -0.5518812216E+01  0.5331341873E-02
  0.9990456751E+00 -0.5519048678E+01  0.5278141343E-02
  0.9990552184E+00 -0.5519282780E+01  0.5225470572E-02
  0.9990646662E+00 -0.5519514546E+01  0.5173324308E-02
  0.9990740195E+00 -0.5519743998E+01  0.5121697350E-02
  0.9990832793E+00 -0.5519971160E+01  0.5070584547E-02
  0.9990924466E+00 -0.5520196055E+01  0.5019980801E-02
  0.9991015221E+00 -0.5520418704E+01  0.4969881061E-02
  0.9991105069E+00 -0.5520639132E+01  0.4920280328E-02
  0.9991194018E+00 -0.5520857359E+01  0.4871173651E-02
  0.9991282078E+00 -0.5521073407E+01  0.4822556129E-02
  0.9991369257E+00 -0.5521287298E+01  0.4774422908E-02
  0.9991455564E+00 -0.5521499054E+01  0.4726769183E-02
  0.9991541009E+00 -0.5521708696E+01  0.4679590194E-02
  0.9991625599E+00 -0.5521916245E+01  0.4632881231E-02
  0.9991709343E+00 -0.5522121721E+01  0.4586637628E-02
  0.9991792249E+00 -0.5522325146E+01  0.4540854766E-02
  0.9991874327E+00 -0.5522526539E+01  0.4495528071E-02
  0.9991955584E+00 -0.5522725922E+01  0.4450653015E-02
  0.9992036028E+00 -0.5522923313E+01  0.4406225114E-02
  0.9992115667E+00 -0.5523118734E+01  0.4362239928E-02
  0.9992194511E+00 -0.5523312203E+01  0.4318693060E-02
  0.9992272566E+00 -0.5523503739E+01  0.4275580158E-02
  0.9992349840E+00 -0.5523693363E+01  0.4232896913E-02
  0.9992426342E+00 -0.5523881093E+01  0.4190639057E-02
  0.9992502078E+00 -0.5524066948E+01  0.4148802364E-02
  0.9992577057E+00 -0.5524250947E+01  0.4107382652E-02
  0.9992651287E+00 -0.5524433108E+01  0.4066375778E-02
  0.9992724774E+00 -0.5524613450E+01  0.4025777641E-02
  0.9992797526E+00 -0.5524791990E+01  0.3985584180E-02
  0.9992869551E+00 -0.5524968747E+01  0.3945791374E-02
  0.9992940855E+00 -0.5525143739E+01  0.3906395242E-02
  0.9993011447E+00 -0.5525316982E+01  0.3867391842E-02
  0.9993081332E+00 -0.5525488495E+01  0.3828777271E-02
  0.9993150519E+00 -0.5525658295E+01  0.3790547666E-02
  0.9993219014E+00 -0.5525826398E+01  0.3752699199E-02
  0.9993286824E+00 -0.5525992822E+01  0.3715228083E-02
  0.9993353956E+00 -0.5526157583E+01  0.3678130566E-02
  0.9993420416E+00 -0.5526320698E+01  0.3641402935E-02
  0.9993486212E+00 -0.5526482184E+01  0.3605041512E-02
  0.9993551350E+00 -0.5526642056E+01  0.3569042657E-02
  0.9993615836E+00 -0.5526800332E+01  0.3533402764E-02
  0.9993679678E+00 -0.5526957025E+01  0.3498118265E-02
  0.9993742881E+00 -0.5527112154E+01  0.3463185626E-02
  0.9993805452E+00 -0.5527265732E+01  0.3428601347E-02
  0.9993867398E+00 -0.5527417776E+01  0.3394361965E-02
  0.9993928724E+00 -0.5527568300E+01  0.3360464048E-02
  0.9993989436E+00 -0.5527717321E+01  0.3326904202E-02
  0.9994049542E+00 -0.5527864852E+01  0.3293679062E-02
  0.9994109047E+00 -0.5528010910E+01  0.3260785301E-02
  0.9994167956E+00 -0.5528155508E+01  0.3228219621E-02
  0.9994226277E+00 -0.5528298661E+01  0.3195978759E-02
  0.9994284014E+00 -0.5528440383E+01  0.3164059483E-02
  0.9994341174E+00 -0.5528580690E+01  0.3132458593E-02
  0.9994397762E+00 -0.5528719594E+01  0.3101172923E-02
  0.9994453784E+00 -0.5528857110E+01  0.3070199335E-02
  0.9994509247E+00 -0.5528993252E+01  0.3039534724E-02
  0.9994564154E+00 -0.5529128033E+01  0.3009176015E-02
  0.9994618513E+00 -0.5529261468E+01  0.2979120165E-02
  0.9994672327E+00 -0.5529393569E+01  0.2949364158E-02
  0.9994725604E+00 -0.5529524350E+01  0.2919905011E-02
  0.9994778348E+00 -0.5529653823E+01  0.2890739770E-02
  0.9994830565E+00 -0.5529782003E+01  0.2861865508E-02
  0.9994882259E+00 -0.5529908902E+01  0.2833279329E-02
  0.9994933436E+00 -0.5530034533E+01  0.2804978366E-02
  0.9994984102E+00 -0.5530158908E+01  0.2776959779E-02
  0.9995034261E+00 -0.5530282039E+01  0.2749220758E-02
  0.9995083918E+00 -0.5530403941E+01  0.2721758518E-02
  0.9995133079E+00 -0.5530524624E+01  0.2694570304E-02
  0.9995181748E+00 -0.5530644100E+01  0.2667653388E-02
  0.9995229931E+00 -0.5530762383E+01  0.2641005069E-02
  0.9995277632E+00 -0.5530879483E+01  0.2614622671E-02
  0.9995324855E+00 -0.5530995413E+01  0.2588503547E-02
  0.9995371607E+00 -0.5531110184E+01  0.2562645075E-02
  0.9995417891E+00 -0.5531223808E+01  0.2537044659E-02
  0.9995463712E+00 -0.5531336296E+01  0.2511699729E-02
  0.9995509075E+00 -0.5531447660E+01  0.2486607741E-02
  0.9995553984E+00 -0.5531557911E+01  0.2461766175E-02
  0.9995598444E+00 -0.5531667059E+01  0.2437172537E-02
  0.9995642460E+00 -0.5531775117E+01  0.2412824358E-02
  0.9995686035E+00 -0.5531882094E+01  0.2388719191E-02
  0.9995729175E+00 -0.5531988003E+01  0.2364854618E-02
  0.9995771883E+00 -0.5532092852E+01  0.2341228239E-02
  0.9995814164E+00 -0.5532196654E+01  0.2317837684E-02
  0.9995856022E+00 -0.5532299417E+01  0.2294680602E-02
  0.9995897462E+00 -0.5532401154E+01  0.2271754666E-02
  0.9995938488E+00 -0.5532501874E+01  0.2249057575E-02
  0.9995979103E+00 -0.5532601586E+01  0.2226587048E-02
  0.9996019312E+00 -0.5532700302E+01  0.2204340827E-02
  0.9996059119E+00 -0.5532798032E+01  0.2182316677E-02
  0.9996098527E+00 -0.5532894784E+01  0.2160512386E-02
  0.9996137542E+00 -0.5532990569E+01  0.2138925762E-02
  0.9996176167E+00 -0.5533085396E+01  0.2117554636E-02
  0.9996214405E+00 -0.5533179276E+01  0.2096396860E-02
  0.9996252261E+00 -0.5533272217E+01  0.2075450309E-02
  0.9996289738E+00 -0.5533364229E+01  0.2054712877E-02
  0.9996326841E+00 -0.5533455321E+01  0.2034182479E-02
  0.9996363573E+00 -0.5533545502E+01  0.2013857052E-02
  0.9996399937E+00 -0.5533634782E+01  0.1993734553E-02
  0.9996435938E+00 -0.5533723169E+01  0.1973812960E-02
  0.9996471578E+00 -0.5533810673E+01  0.1954090269E-02
  0.9996506862E+00 -0.5533897302E+01  0.1934564497E-02
  0.9996541794E+00 -0.5533983065E+01  0.1915233683E-02
  0.9996576376E+00 -0.5534067970E+01  0.1896095881E-02
  0.9996610612E+00 -0.5534152027E+01  0.1877149168E-02
  0.9996644506E+00 -0.5534235243E+01  0.1858391639E-02
  0.9996678400E+00 -0.5534318459E+01  0.1839633828E-02
  0.9996712294E+00 -0.5534401676E+01  0.1820875734E-02
  0.9996746188E+00 -0.5534484893E+01  0.1802117359E-02
  0.9996780081E+00 -0.5534568110E+01  0.1783358701E-02
  0.9996813975E+00 -0.5534651327E+01  0.1764599762E-02
  0.9996847869E+00 -0.5534734545E+01  0.1745840540E-02
  0.9996881763E+00 -0.5534817762E+01  0.1727081036E-02
  0.9996915657E+00 -0.5534900980E+01  0.1708321251E-02
  0.9996949551E+00 -0.5534984198E+01  0.1689561183E-02
  0.9996983445E+00 -0.5535067417E+01  0.1670800833E-02
  0.9997017339E+00 -0.5535150635E+01  0.1652040201E-02
  0.9997051232E+00 -0.5535233854E+01  0.1633279287E-02
  0.9997085126E+00 -0.5535317072E+01  0.1614518091E-02
  0.9997119020E+00 -0.5535400291E+01  0.1595756613E-02
  0.9997152914E+00 -0.5535483510E+01  0.1576994853E-02
  0.9997186808E+00 -0.5535566730E+01  0.1558232811E-02
  0.9997220702E+00 -0.5535649949E+01  0.1539470487E-02
  0.9997254596E+00 -0.5535733169E+01  0.1520707880E-02
  0.9997288490E+00 -0.5535816389E+01  0.1501944992E-02
  0.9997322384E+00 -0.5535899609E+01  0.1483181822E-02
  0.9997356277E+00 -0.5535982829E+01  0.1464418369E-02
  0.9997390171E+00 -0.5536066049E+01  0.1445654635E-02
  0.9997424065E+00 -0.5536149270E+01  0.1426890618E-02
  0.9997457959E+00 -0.5536232491E+01  0.1408126319E-02
  0.9997491853E+00 -0.5536315711E+01  0.1389361738E-02
  0.9997525747E+00 -0.5536398932E+01  0.1370596876E-02
  0.9997559641E+00 -0.5536482154E+01  0.1351831731E-02
  0.9997593535E+00 -0.5536565375E+01  0.1333066304E-02
  0.9997627428E+00 -0.5536648596E+01  0.1314300595E-02
  0.9997661322E+00 -0.5536731818E+01  0.1295534604E-02
  0.9997695216E+00 -0.5536815040E+01  0.1276768330E-02
  0.9997729110E+00 -0.5536898262E+01  0.1258001775E-02
  0.9997763004E+00 -0.5536981484E+01  0.1239234938E-02
  0.9997796898E+00 -0.5537064706E+01  0.1220467818E-02
  0.9997830792E+00 -0.5537147928E+01  0.1201700417E-02
  0.9997864686E+00 -0.5537231150E+01  0.1182932733E-02
  0.9997898579E+00 -0.5537314373E+01  0.1164164768E-02
  0.9997932473E+00 -0.5537397596E+01  0.1145396520E-02
  0.9997966367E+00 -0.5537480819E+01  0.1126627990E-02
  0.9998000261E+00 -0.5537564041E+01  0.1107859178E-02
  0.9998034155E+00 -0.5537647265E+01  0.1089090085E-02
  0.9998068049E+00 -0.5537730488E+01  0.1070320709E-02
  0.9998101943E+00 -0.5537813711E+01  0.1051551050E-02
  0.9998135837E+00 -0.5537896935E+01  0.1032781110E-02
  0.9998169731E+00 -0.5537980158E+01  0.1014010888E-02
  0.9998203624E+00 -0.5538063382E+01  0.9952403838E-03
  0.9998237518E+00 -0.5538146606E+01  0.9764695974E-03
  0.9998271412E+00 -0.5538229829E+01  0.9576985290E-03
  0.9998305306E+00 -0.5538313053E+01  0.9389271784E-03
  0.9998339200E+00 -0.5538396278E+01  0.9201555458E-03
  0.9998373094E+00 -0.5538479502E+01  0.9013836311E-03
  0.9998406988E+00 -0.5538562726E+01  0.8826114344E-03
  0.9998440882E+00 -0.5538645951E+01  0.8638389555E-03
  0.9998474775E+00 -0.5538729175E+01  0.8450661946E-03
  0.9998508669E+00 -0.5538812400E+01  0.8262931516E-03
  0.9998542563E+00 -0.5538895624E+01  0.8075198265E-03
  0.9998576457E+00 -0.5538978849E+01  0.7887462193E-03
  0.9998610351E+00 -0.5539062074E+01  0.7699723301E-03
  0.9998644245E+00 -0.5539145299E+01  0.7511981587E-03
  0.9998678139E+00 -0.5539228524E+01  0.7324237053E-03
  0.9998712033E+00 -0.5539311749E+01  0.7136489698E-03
  0.9998745926E+00 -0.5539394974E+01  0.6948739522E-03
  0.9998779820E+00 -0.5539478200E+01  0.6760986526E-03
  0.9998813714E+00 -0.5539561425E+01  0.6573230708E-03
  0.9998847608E+00 -0.5539644650E+01  0.6385472070E-03
  0.9998881502E+00 -0.5539727876E+01  0.6197710611E-03
  0.9998915396E+00 -0.5539811102E+01  0.6009946331E-03
  0.9998949290E+00 -0.5539894327E+01  0.5822179230E-03
  0.9998983184E+00 -0.5539977553E+01  0.5634409308E-03
  0.9999017077E+00 -0.5540060779E+01  0.5446636566E-03
  0.9999050971E+00 -0.5540144005E+01  0.5258861003E-03
  0.9999084865E+00 -0.5540227230E+01  0.5071082618E-03
  0.9999118759E+00 -0.5540310456E+01  0.4883301413E-03
  0.9999152653E+00 -0.5540393682E+01  0.4695517388E-03
  0.9999186547E+00 -0.5540476908E+01  0.4507730541E-03
  0.9999220441E+00 -0.5540560135E+01  0.4319940873E-03
  0.9999254335E+00 -0.5540643361E+01  0.4132148385E-03
  0.9999288229E+00 -0.5540726587E+01  0.3944353075E-03
  0.9999322122E+00 -0.5540809813E+01  0.3756554945E-03
  0.9999356016E+00 -0.5540893040E+01  0.3568753994E-03
  0.9999389910E+00 -0.5540976266E+01  0.3380950222E-03
  0.9999423804E+00 -0.5541059492E+01  0.3193143630E-03
  0.9999457698E+00 -0.5541142719E+01  0.3005334216E-03
  0.9999491592E+00 -0.5541225945E+01  0.2817521982E-03
  0.9999525486E+00 -0.5541309172E+01  0.2629706926E-03
  0.9999559380E+00 -0.5541392398E+01  0.2441889050E-03
  0.9999593273E+00 -0.5541475625E+01  0.2254068353E-03
  0.9999627167E+00 -0.5541558851E+01  0.2066244835E-03
  0.9999661061E+00 -0.5541642078E+01  0.1878418496E-03
  0.9999694955E+00 -0.5541725304E+01  0.1690589336E-03
  0.9999728849E+00 -0.5541808531E+01  0.1502757356E-03
  0.9999762743E+00 -0.5541891758E+01  0.1314922554E-03
  0.9999796637E+00 -0.5541974984E+01  0.1127084932E-03
  0.9999830531E+00 -0.5542058211E+01  0.9392444888E-04
  0.9999864424E+00 -0.5542141438E+01  0.7514012247E-04
  0.9999898318E+00 -0.5542224664E+01  0.5635551398E-04
  0.9999932212E+00 -0.5542307891E+01  0.3757062340E-04
  0.9999966106E+00 -0.5542391118E+01  0.1878545073E-04
  0.1000000000E+01 -0.5542471966E+01  0.3877786157E-17
  0.1000000000E+01 -0.5542471966E+01  0.0000000000E+00
