  0.0000000000E+00  0.5542473970E+01  0.0000000000E+00
  0.6996492144E-18  0.5542473970E+01  0.3877787559E-17
  0.3389387958E-05  0.5542365739E+01  0.1878541111E-04
  0.6778775916E-05  0.5542257509E+01  0.3757045539E-04
  0.1016816387E-04  0.5542149279E+01  0.5635513284E-04
  0.1355755183E-04  0.5542041048E+01  0.7513944345E-04
  0.1694693979E-04  0.5541932818E+01  0.9392338722E-04
  0.2033632775E-04  0.5541824588E+01  0.1127069642E-03
  0.2372571571E-04  0.5541716358E+01  0.1314901743E-03
  0.2711510367E-04  0.5541608127E+01  0.1502730175E-03
  0.3050449162E-04  0.5541499897E+01  0.1690554940E-03
  0.3389387958E-04  0.5541391667E+01  0.1878376036E-03
  0.3728326754E-04  0.5541283437E+01  0.2066193464E-03
  0.4067265550E-04  0.5541175207E+01  0.2254007223E-03
  0.4406204346E-04  0.5541066977E+01  0.2441817314E-03
  0.4745143141E-04  0.5540958746E+01  0.2629623737E-03
  0.5084081937E-04  0.5540850516E+01  0.2817426491E-03
  0.5423020733E-04  0.5540742286E+01  0.3005225577E-03
  0.5761959529E-04  0.5540634056E+01  0.3193020995E-03
  0.6100898325E-04  0.5540525826E+01  0.3380812744E-03
  0.6439837120E-04  0.5540417596E+01  0.3568600825E-03
  0.6778775916E-04  0.5540309366E+01  0.3756385238E-03
  0.7117714712E-04  0.5540201137E+01  0.3944165982E-03
  0.7456653508E-04  0.5540092907E+01  0.4131943058E-03
  0.7795592304E-04  0.5539984677E+01  0.4319716466E-03
  0.8134531100E-04  0.5539876447E+01  0.4507486205E-03
  0.8473469895E-04  0.5539768217E+01  0.4695252276E-03
  0.8812408691E-04  0.5539659988E+01  0.4883014679E-03
  0.9151347487E-04  0.5539551758E+01  0.5070773413E-03
  0.9490286283E-04  0.5539443529E+01  0.5258528479E-03
  0.9829225079E-04  0.5539335299E+01  0.5446279877E-03
  0.1016816387E-03  0.5539227070E+01  0.5634027607E-03
  0.1050710267E-03  0.5539118840E+01  0.5821771668E-03
  0.1084604147E-03  0.5539010611E+01  0.6009512060E-03
  0.1118498026E-03  0.5538902382E+01  0.6197248785E-03
  0.1152391906E-03  0.5538794153E+01  0.6384981841E-03
  0.1186285785E-03  0.5538685924E+01  0.6572711229E-03
  0.1220179665E-03  0.5538577694E+01  0.6760436949E-03
  0.1254073545E-03  0.5538469465E+01  0.6948159000E-03
  0.1287967424E-03  0.5538361237E+01  0.7135877383E-03
  0.1321861304E-03  0.5538253008E+01  0.7323592098E-03
  0.1355755183E-03  0.5538144779E+01  0.7511303144E-03
  0.1389649063E-03  0.5538036550E+01  0.7699010522E-03
  0.1423542942E-03  0.5537928322E+01  0.7886714232E-03
  0.1457436822E-03  0.5537820093E+01  0.8074414273E-03
  0.1491330702E-03  0.5537711865E+01  0.8262110647E-03
  0.1525224581E-03  0.5537603636E+01  0.8449803352E-03
  0.1559118461E-03  0.5537495408E+01  0.8637492388E-03
  0.1593012340E-03  0.5537387180E+01  0.8825177757E-03
  0.1626906220E-03  0.5537278952E+01  0.9012859457E-03
  0.1660800099E-03  0.5537170724E+01  0.9200537489E-03
  0.1694693979E-03  0.5537062496E+01  0.9388211852E-03
  0.1728587859E-03  0.5536954268E+01  0.9575882548E-03
  0.1762481738E-03  0.5536846041E+01  0.9763549575E-03
  0.1796375618E-03  0.5536737813E+01  0.9951212934E-03
  0.1830269497E-03  0.5536629586E+01  0.1013887262E-02
  0.1864163377E-03  0.5536521358E+01  0.1032652865E-02
  0.1898057257E-03  0.5536413131E+01  0.1051418100E-02
  0.1931951136E-03  0.5536304904E+01  0.1070182969E-02
  0.1965845016E-03  0.5536196677E+01  0.1088947470E-02
  0.1999738895E-03  0.5536088450E+01  0.1107711605E-02
  0.2033632775E-03  0.5535980223E+01  0.1126475373E-02
  0.2067526654E-03  0.5535871997E+01  0.1145238775E-02
  0.2101420534E-03  0.5535763770E+01  0.1164001809E-02
  0.2135314414E-03  0.5535655544E+01  0.1182764477E-02
  0.2169208293E-03  0.5535547317E+01  0.1201526778E-02
  0.2203102173E-03  0.5535439091E+01  0.1220288712E-02
  0.2236996052E-03  0.5535330865E+01  0.1239050279E-02
  0.2270889932E-03  0.5535222639E+01  0.1257811479E-02
  0.2304783812E-03  0.5535114413E+01  0.1276572313E-02
  0.2338677691E-03  0.5535006188E+01  0.1295332780E-02
  0.2372571571E-03  0.5534897962E+01  0.1314092879E-02
  0.2406465450E-03  0.5534789737E+01  0.1332852613E-02
  0.2440359330E-03  0.5534681511E+01  0.1351611979E-02
  0.2474253209E-03  0.5534573286E+01  0.1370370978E-02
  0.2508147089E-03  0.5534465061E+01  0.1389129611E-02
  0.2542040969E-03  0.5534356837E+01  0.1407887877E-02
  0.2575934848E-03  0.5534248612E+01  0.1426645776E-02
  0.2609828728E-03  0.5534140387E+01  0.1445403308E-02
  0.2643722607E-03  0.5534032163E+01  0.1464160473E-02
  0.2677616487E-03  0.5533923939E+01  0.1482917272E-02
  0.2711510367E-03  0.5533815715E+01  0.1501673704E-02
  0.2745404246E-03  0.5533707491E+01  0.1520429769E-02
  0.2779298126E-03  0.5533599267E+01  0.1539185467E-02
  0.2813192005E-03  0.5533491043E+01  0.1557940798E-02
  0.2847085885E-03  0.5533382820E+01  0.1576695763E-02
  0.2880979764E-03  0.5533274597E+01  0.1595450360E-02
  0.2914873644E-03  0.5533166374E+01  0.1614204591E-02
  0.2948767524E-03  0.5533058151E+01  0.1632958455E-02
  0.2982661403E-03  0.5532949928E+01  0.1651711952E-02
  0.3016555283E-03  0.5532841705E+01  0.1670465083E-02
  0.3050449162E-03  0.5532733483E+01  0.1689217847E-02
  0.3084343042E-03  0.5532625261E+01  0.1707970243E-02
  0.3118236921E-03  0.5532517039E+01  0.1726722273E-02
  0.3152130801E-03  0.5532408817E+01  0.1745473937E-02
  0.3186024681E-03  0.5532300595E+01  0.1764225233E-02
  0.3219918560E-03  0.5532192374E+01  0.1782976163E-02
  0.3253812440E-03  0.5532084153E+01  0.1801726726E-02
  0.3287706319E-03  0.5531975931E+01  0.1820476922E-02
  0.3321600199E-03  0.5531867710E+01  0.1839226751E-02
  0.3355494079E-03  0.5531759490E+01  0.1857976213E-02
  0.3389387958E-03  0.5531651269E+01  0.1876725309E-02
  0.3423624200E-03  0.5531541956E+01  0.1895663417E-02
  0.3458206263E-03  0.5531431538E+01  0.1914792439E-02
  0.3493137639E-03  0.5531320006E+01  0.1934114296E-02
  0.3528421858E-03  0.5531207347E+01  0.1953630927E-02
  0.3564062483E-03  0.5531093550E+01  0.1973344293E-02
  0.3600063114E-03  0.5530978604E+01  0.1993256372E-02
  0.3636427388E-03  0.5530862498E+01  0.2013369163E-02
  0.3673158977E-03  0.5530745218E+01  0.2033684685E-02
  0.3710261593E-03  0.5530626755E+01  0.2054204977E-02
  0.3747738983E-03  0.5530507095E+01  0.2074932098E-02
  0.3785594932E-03  0.5530386226E+01  0.2095868129E-02
  0.3823833265E-03  0.5530264137E+01  0.2117015170E-02
  0.3862457844E-03  0.5530140815E+01  0.2138375344E-02
  0.3901472569E-03  0.5530016248E+01  0.2159950794E-02
  0.3940881383E-03  0.5529890423E+01  0.2181743684E-02
  0.3980688266E-03  0.5529763327E+01  0.2203756201E-02
  0.4020897238E-03  0.5529634947E+01  0.2225990553E-02
  0.4061512362E-03  0.5529505271E+01  0.2248448970E-02
  0.4102537739E-03  0.5529374286E+01  0.2271133706E-02
  0.4143977514E-03  0.5529241978E+01  0.2294047034E-02
  0.4185835873E-03  0.5529108334E+01  0.2317191254E-02
  0.4228117043E-03  0.5528973340E+01  0.2340568686E-02
  0.4270825296E-03  0.5528836983E+01  0.2364181674E-02
  0.4313964946E-03  0.5528699249E+01  0.2388032586E-02
  0.4357540349E-03  0.5528560124E+01  0.2412123813E-02
  0.4401555908E-03  0.5528419595E+01  0.2436457770E-02
  0.4446016069E-03  0.5528277646E+01  0.2461036897E-02
  0.4490925322E-03  0.5528134264E+01  0.2485863657E-02
  0.4536288204E-03  0.5527989434E+01  0.2510940539E-02
  0.4582109297E-03  0.5527843142E+01  0.2536270055E-02
  0.4628393230E-03  0.5527695373E+01  0.2561854745E-02
  0.4675144676E-03  0.5527546111E+01  0.2587697172E-02
  0.4722368360E-03  0.5527395342E+01  0.2613799924E-02
  0.4770069051E-03  0.5527243051E+01  0.2640165619E-02
  0.4818251566E-03  0.5527089222E+01  0.2666796896E-02
  0.4866920774E-03  0.5526933840E+01  0.2693696423E-02
  0.4916081590E-03  0.5526776889E+01  0.2720866895E-02
  0.4965738980E-03  0.5526618353E+01  0.2748311033E-02
  0.5015897959E-03  0.5526458217E+01  0.2776031585E-02
  0.5066563595E-03  0.5526296463E+01  0.2804031327E-02
  0.5117741005E-03  0.5526133076E+01  0.2832313063E-02
  0.5169435359E-03  0.5525968040E+01  0.2860879624E-02
  0.5221651878E-03  0.5525801337E+01  0.2889733870E-02
  0.5274395836E-03  0.5525632952E+01  0.2918878690E-02
  0.5327672562E-03  0.5525462866E+01  0.2948317000E-02
  0.5381487436E-03  0.5525291062E+01  0.2978051746E-02
  0.5435845895E-03  0.5525117525E+01  0.3008085905E-02
  0.5490753429E-03  0.5524942235E+01  0.3038422482E-02
  0.5546215585E-03  0.5524765175E+01  0.3069064512E-02
  0.5602237965E-03  0.5524586328E+01  0.3100015060E-02
  0.5658826227E-03  0.5524405675E+01  0.3131277223E-02
  0.5715986088E-03  0.5524223198E+01  0.3162854127E-02
  0.5773723321E-03  0.5524038879E+01  0.3194748932E-02
  0.5832043759E-03  0.5523852700E+01  0.3226964825E-02
  0.5890953291E-03  0.5523664640E+01  0.3259505030E-02
  0.5950457870E-03  0.5523474682E+01  0.3292372798E-02
  0.6010563505E-03  0.5523282807E+01  0.3325571417E-02
  0.6071276268E-03  0.5523088994E+01  0.3359104204E-02
  0.6132602291E-03  0.5522893225E+01  0.3392974512E-02
  0.6194547769E-03  0.5522695480E+01  0.3427185726E-02
  0.6257118958E-03  0.5522495738E+01  0.3461741263E-02
  0.6320322180E-03  0.5522293980E+01  0.3496644578E-02
  0.6384163818E-03  0.5522090185E+01  0.3531899157E-02
  0.6448650321E-03  0.5521884334E+01  0.3567508522E-02
  0.6513788203E-03  0.5521676404E+01  0.3603476230E-02
  0.6579584044E-03  0.5521466375E+01  0.3639805873E-02
  0.6646044489E-03  0.5521254226E+01  0.3676501079E-02
  0.6713176251E-03  0.5521039936E+01  0.3713565512E-02
  0.6780986112E-03  0.5520823483E+01  0.3751002874E-02
  0.6849480921E-03  0.5520604845E+01  0.3788816900E-02
  0.6918667597E-03  0.5520384000E+01  0.3827011366E-02
  0.6988553129E-03  0.5520160927E+01  0.3865590083E-02
  0.7059144575E-03  0.5519935601E+01  0.3904556902E-02
  0.7130449065E-03  0.5519707997E+01  0.3943915710E-02
  0.7202473803E-03  0.5519478088E+01  0.3983670434E-02
  0.7275226064E-03  0.5519245857E+01  0.4023825041E-02
  0.7348713196E-03  0.5519011283E+01  0.4064383534E-02
  0.7422942622E-03  0.5518774340E+01  0.4105349958E-02
  0.7497921840E-03  0.5518535006E+01  0.4146728400E-02
  0.7573658425E-03  0.5518293256E+01  0.4188522983E-02
  0.7650160025E-03  0.5518049066E+01  0.4230737876E-02
  0.7727434369E-03  0.5517802412E+01  0.4273377285E-02
  0.7805489261E-03  0.5517553267E+01  0.4316445460E-02
  0.7884332587E-03  0.5517301608E+01  0.4359946693E-02
  0.7963972310E-03  0.5517047409E+01  0.4403885318E-02
  0.8044416475E-03  0.5516790644E+01  0.4448265712E-02
  0.8125673207E-03  0.5516531288E+01  0.4493092296E-02
  0.8207750714E-03  0.5516269314E+01  0.4538369535E-02
  0.8290657287E-03  0.5516004697E+01  0.4584101936E-02
  0.8374401300E-03  0.5515737408E+01  0.4630294054E-02
  0.8458991212E-03  0.5515467423E+01  0.4676950486E-02
  0.8544435568E-03  0.5515194712E+01  0.4724075877E-02
  0.8630742998E-03  0.5514919249E+01  0.4771674917E-02
  0.8717922220E-03  0.5514641007E+01  0.4819752341E-02
  0.8805982040E-03  0.5514359957E+01  0.4868312933E-02
  0.8894931354E-03  0.5514076070E+01  0.4917361524E-02
  0.8984779145E-03  0.5513789319E+01  0.4966902991E-02
  0.9075534490E-03  0.5513499675E+01  0.5016942262E-02
  0.9167206556E-03  0.5513207107E+01  0.5067484311E-02
  0.9259804602E-03  0.5512911588E+01  0.5118534164E-02
  0.9353337982E-03  0.5512613087E+01  0.5170096893E-02
  0.9447816143E-03  0.5512311574E+01  0.5222177624E-02
  0.9543248629E-03  0.5512007018E+01  0.5274781530E-02
  0.9639645080E-03  0.5511699390E+01  0.5327913839E-02
  0.9737015233E-03  0.5511388659E+01  0.5381579827E-02
  0.9835368922E-03  0.5511074792E+01  0.5435784824E-02
  0.9934716083E-03  0.5510757759E+01  0.5490534213E-02
  0.1003506675E-02  0.5510437527E+01  0.5545833428E-02
  0.1013643106E-02  0.5510114065E+01  0.5601687959E-02
  0.1023881925E-02  0.5509787340E+01  0.5658103348E-02
  0.1034224167E-02  0.5509457318E+01  0.5715085194E-02
  0.1044670876E-02  0.5509123968E+01  0.5772639149E-02
  0.1055223107E-02  0.5508787255E+01  0.5830770921E-02
  0.1065881926E-02  0.5508447146E+01  0.5889486276E-02
  0.1076648410E-02  0.5508103606E+01  0.5948791036E-02
  0.1087523647E-02  0.5507756602E+01  0.6008691078E-02
  0.1098508734E-02  0.5507406097E+01  0.6069192340E-02
  0.1109604782E-02  0.5507052057E+01  0.6130300817E-02
  0.1120812911E-02  0.5506694447E+01  0.6192022564E-02
  0.1132134253E-02  0.5506333230E+01  0.6254363693E-02
  0.1143569953E-02  0.5505968370E+01  0.6317330379E-02
  0.1155121165E-02  0.5505599831E+01  0.6380928856E-02
  0.1166789055E-02  0.5505227575E+01  0.6445165421E-02
  0.1178574803E-02  0.5504851566E+01  0.6510046430E-02
  0.1190479599E-02  0.5504471765E+01  0.6575578304E-02
  0.1202504646E-02  0.5504088134E+01  0.6641767527E-02
  0.1214651157E-02  0.5503700636E+01  0.6708620643E-02
  0.1226920361E-02  0.5503309231E+01  0.6776144266E-02
  0.1239313496E-02  0.5502913879E+01  0.6844345070E-02
  0.1251831814E-02  0.5502514542E+01  0.6913229797E-02
  0.1264476580E-02  0.5502111179E+01  0.6982805255E-02
  0.1277249070E-02  0.5501703749E+01  0.7053078317E-02
  0.1290150576E-02  0.5501292213E+01  0.7124055925E-02
  0.1303182400E-02  0.5500876528E+01  0.7195745088E-02
  0.1316345859E-02  0.5500456654E+01  0.7268152885E-02
  0.1329642282E-02  0.5500032547E+01  0.7341286463E-02
  0.1343073012E-02  0.5499604166E+01  0.7415153039E-02
  0.1356639406E-02  0.5499171468E+01  0.7489759901E-02
  0.1370342834E-02  0.5498734409E+01  0.7565114408E-02
  0.1384184681E-02  0.5498292945E+01  0.7641223992E-02
  0.1398166344E-02  0.5497847033E+01  0.7718096157E-02
  0.1412289237E-02  0.5497396628E+01  0.7795738478E-02
  0.1426554785E-02  0.5496941684E+01  0.7874158608E-02
  0.1440964429E-02  0.5496482157E+01  0.7953364271E-02
  0.1455519625E-02  0.5496018000E+01  0.8033363270E-02
  0.1470221844E-02  0.5495549167E+01  0.8114163480E-02
  0.1485072569E-02  0.5495075611E+01  0.8195772857E-02
  0.1500073302E-02  0.5494597285E+01  0.8278199432E-02
  0.1515225558E-02  0.5494114140E+01  0.8361451314E-02
  0.1530530867E-02  0.5493626130E+01  0.8445536692E-02
  0.1545990774E-02  0.5493133204E+01  0.8530463835E-02
  0.1561606843E-02  0.5492635314E+01  0.8616241091E-02
  0.1577380649E-02  0.5492132410E+01  0.8702876891E-02
  0.1593313787E-02  0.5491624441E+01  0.8790379748E-02
  0.1609407866E-02  0.5491111358E+01  0.8878758254E-02
  0.1625664511E-02  0.5490593109E+01  0.8968021091E-02
  0.1642085364E-02  0.5490069642E+01  0.9058177019E-02
  0.1658672085E-02  0.5489540906E+01  0.9149234886E-02
  0.1675426349E-02  0.5489006846E+01  0.9241203627E-02
  0.1692349847E-02  0.5488467411E+01  0.9334092261E-02
  0.1709444290E-02  0.5487922547E+01  0.9427909897E-02
  0.1726711404E-02  0.5487372198E+01  0.9522665730E-02
  0.1744152934E-02  0.5486816311E+01  0.9618369046E-02
  0.1761770640E-02  0.5486254830E+01  0.9715029218E-02
  0.1779566303E-02  0.5485687699E+01  0.9812655714E-02
  0.1797541720E-02  0.5485114862E+01  0.9911258091E-02
  0.1815698707E-02  0.5484536261E+01  0.1001084600E-01
  0.1834039098E-02  0.5483951840E+01  0.1011142918E-01
  0.1852564746E-02  0.5483361540E+01  0.1021301747E-01
  0.1871277521E-02  0.5482765303E+01  0.1031562080E-01
  0.1890179314E-02  0.5482163069E+01  0.1041924921E-01
  0.1909272034E-02  0.5481554778E+01  0.1052391281E-01
  0.1928557610E-02  0.5480940371E+01  0.1062962182E-01
  0.1948037990E-02  0.5480319785E+01  0.1073638658E-01
  0.1967715142E-02  0.5479692961E+01  0.1084421749E-01
  0.1987591052E-02  0.5479059834E+01  0.1095312509E-01
  0.2007667730E-02  0.5478420344E+01  0.1106311999E-01
  0.2027947202E-02  0.5477774426E+01  0.1117421291E-01
  0.2048431517E-02  0.5477122016E+01  0.1128641468E-01
  0.2069122744E-02  0.5476463050E+01  0.1139973624E-01
  0.2090022974E-02  0.5475797462E+01  0.1151418862E-01
  0.2111134317E-02  0.5475125188E+01  0.1162978297E-01
  0.2132458906E-02  0.5474446159E+01  0.1174653052E-01
  0.2153998895E-02  0.5473760309E+01  0.1186444264E-01
  0.2175756460E-02  0.5473067571E+01  0.1198353080E-01
  0.2197733798E-02  0.5472367876E+01  0.1210380657E-01
  0.2219933129E-02  0.5471661155E+01  0.1222528163E-01
  0.2242356696E-02  0.5470947337E+01  0.1234796779E-01
  0.2265006764E-02  0.5470226353E+01  0.1247187695E-01
  0.2287885620E-02  0.5469498132E+01  0.1259702114E-01
  0.2310995576E-02  0.5468762602E+01  0.1272341250E-01
  0.2334338965E-02  0.5468019690E+01  0.1285106329E-01
  0.2357918147E-02  0.5467269323E+01  0.1297998587E-01
  0.2381735502E-02  0.5466511428E+01  0.1311019274E-01
  0.2405793436E-02  0.5465745929E+01  0.1324169651E-01
  0.2430094380E-02  0.5464972752E+01  0.1337450990E-01
  0.2454640788E-02  0.5464191821E+01  0.1350864576E-01
  0.2479435139E-02  0.5463403059E+01  0.1364411707E-01
  0.2504479939E-02  0.5462606388E+01  0.1378093693E-01
  0.2529777716E-02  0.5461801730E+01  0.1391911855E-01
  0.2555331026E-02  0.5460989007E+01  0.1405867528E-01
  0.2581142450E-02  0.5460168138E+01  0.1419962060E-01
  0.2607214596E-02  0.5459339044E+01  0.1434196809E-01
  0.2633550097E-02  0.5458501644E+01  0.1448573149E-01
  0.2660151614E-02  0.5457655854E+01  0.1463092466E-01
  0.2687021832E-02  0.5456801593E+01  0.1477756159E-01
  0.2714163467E-02  0.5455938777E+01  0.1492565639E-01
  0.2741579259E-02  0.5455067323E+01  0.1507522333E-01
  0.2769271979E-02  0.5454187144E+01  0.1522627680E-01
  0.2797244423E-02  0.5453298155E+01  0.1537883131E-01
  0.2825499417E-02  0.5452400269E+01  0.1553290153E-01
  0.2854039815E-02  0.5451493400E+01  0.1568850226E-01
  0.2882868500E-02  0.5450577458E+01  0.1584564845E-01
  0.2911988384E-02  0.5449652354E+01  0.1600435516E-01
  0.2941402408E-02  0.5448718000E+01  0.1616463763E-01
  0.2971113544E-02  0.5447774303E+01  0.1632651120E-01
  0.3001124792E-02  0.5446821172E+01  0.1648999141E-01
  0.3031439184E-02  0.5445858516E+01  0.1665509389E-01
  0.3062059781E-02  0.5444886239E+01  0.1682183444E-01
  0.3092989678E-02  0.5443904250E+01  0.1699022903E-01
  0.3124231998E-02  0.5442912451E+01  0.1716029373E-01
  0.3155789897E-02  0.5441910748E+01  0.1733204481E-01
  0.3187666563E-02  0.5440899044E+01  0.1750549865E-01
  0.3219865215E-02  0.5439877241E+01  0.1768067182E-01
  0.3252389106E-02  0.5438845240E+01  0.1785758101E-01
  0.3285241521E-02  0.5437802942E+01  0.1803624309E-01
  0.3318425779E-02  0.5436750246E+01  0.1821667508E-01
  0.3351945231E-02  0.5435687052E+01  0.1839889415E-01
  0.3385803264E-02  0.5434613257E+01  0.1858291764E-01
  0.3420003297E-02  0.5433528757E+01  0.1876876305E-01
  0.3454548785E-02  0.5432433450E+01  0.1895644803E-01
  0.3489443217E-02  0.5431327229E+01  0.1914599041E-01
  0.3524690118E-02  0.5430209989E+01  0.1933740818E-01
  0.3560293049E-02  0.5429081622E+01  0.1953071948E-01
  0.3596255605E-02  0.5427942021E+01  0.1972594264E-01
  0.3632581419E-02  0.5426791078E+01  0.1992309615E-01
  0.3669274160E-02  0.5425628681E+01  0.2012219867E-01
  0.3706337536E-02  0.5424454721E+01  0.2032326902E-01
  0.3743775289E-02  0.5423269084E+01  0.2052632623E-01
  0.3781591201E-02  0.5422071543E+01  0.2073138945E-01
  0.3819789092E-02  0.5420861247E+01  0.2093847803E-01
  0.3858372820E-02  0.5419639671E+01  0.2114761150E-01
  0.3897346283E-02  0.5418406722E+01  0.2135880960E-01
  0.3936713417E-02  0.5417161544E+01  0.2157209224E-01
  0.3976478199E-02  0.5415904021E+01  0.2178747948E-01
  0.4016644645E-02  0.5414634032E+01  0.2200499159E-01
  0.4057216813E-02  0.5413351460E+01  0.2222464902E-01
  0.4098198801E-02  0.5412056184E+01  0.2244647238E-01
  0.4139594749E-02  0.5410748081E+01  0.2267048250E-01
  0.4181408837E-02  0.5409427031E+01  0.2289670038E-01
  0.4223645290E-02  0.5408092908E+01  0.2312514721E-01
  0.4266308374E-02  0.5406745589E+01  0.2335584439E-01
  0.4309402398E-02  0.5405384947E+01  0.2358881350E-01
  0.4352931715E-02  0.5404010857E+01  0.2382407631E-01
  0.4396900722E-02  0.5402623189E+01  0.2406165480E-01
  0.4441313861E-02  0.5401221815E+01  0.2430157113E-01
  0.4486175617E-02  0.5399806605E+01  0.2454384768E-01
  0.4531490522E-02  0.5398377427E+01  0.2478850702E-01
  0.4577263154E-02  0.5396934149E+01  0.2503557193E-01
  0.4623498135E-02  0.5395476638E+01  0.2528506539E-01
  0.4670200136E-02  0.5394004759E+01  0.2553701058E-01
  0.4717373875E-02  0.5392518375E+01  0.2579143089E-01
  0.4765024116E-02  0.5391017351E+01  0.2604834993E-01
  0.4813155673E-02  0.5389501548E+01  0.2630779151E-01
  0.4861773407E-02  0.5387970826E+01  0.2656977965E-01
  0.4910882230E-02  0.5386425045E+01  0.2683433859E-01
  0.4960487101E-02  0.5384864063E+01  0.2710149280E-01
  0.5010593031E-02  0.5383287738E+01  0.2737126693E-01
  0.5061205082E-02  0.5381695924E+01  0.2764368588E-01
  0.5112328365E-02  0.5380088478E+01  0.2791877476E-01
  0.5163968046E-02  0.5378465252E+01  0.2819655890E-01
  0.5216129339E-02  0.5376826098E+01  0.2847706385E-01
  0.5268817514E-02  0.5375170867E+01  0.2876031540E-01
  0.5322037893E-02  0.5373505544E+01  0.2904633972E-01
  0.5375795852E-02  0.5371825997E+01  0.2933516326E-01
  0.5430096820E-02  0.5370130233E+01  0.2962681257E-01
  0.5484946283E-02  0.5368418108E+01  0.2992131437E-01
  0.5540349781E-02  0.5366689475E+01  0.3021869563E-01
  0.5596312910E-02  0.5364944187E+01  0.3051898353E-01
  0.5652841323E-02  0.5363182885E+01  0.3082220553E-01
  0.5709940730E-02  0.5361409035E+01  0.3112838945E-01
  0.5767616899E-02  0.5359618277E+01  0.3143756334E-01
  0.5825875656E-02  0.5357810466E+01  0.3174975538E-01
  0.5884722885E-02  0.5355985453E+01  0.3206499398E-01
  0.5944164530E-02  0.5354143092E+01  0.3238330781E-01
  0.6004206596E-02  0.5352283232E+01  0.3270472579E-01
  0.6064855147E-02  0.5350405725E+01  0.3302927708E-01
  0.6126116310E-02  0.5348510418E+01  0.3335699110E-01
  0.6187996273E-02  0.5346597158E+01  0.3368789753E-01
  0.6250501286E-02  0.5344665794E+01  0.3402202629E-01
  0.6313637663E-02  0.5342716170E+01  0.3435940758E-01
  0.6377411780E-02  0.5340748131E+01  0.3470007184E-01
  0.6441830081E-02  0.5338761521E+01  0.3504404977E-01
  0.6506899072E-02  0.5336756180E+01  0.3539137235E-01
  0.6572625325E-02  0.5334731951E+01  0.3574207082E-01
  0.6639015480E-02  0.5332686277E+01  0.3609617659E-01
  0.6706076242E-02  0.5330611064E+01  0.3645372101E-01
  0.6773814386E-02  0.5328515993E+01  0.3681473576E-01
  0.6842236754E-02  0.5326400887E+01  0.3717925308E-01
  0.6911350256E-02  0.5324265565E+01  0.3754730551E-01
  0.6981161875E-02  0.5322109846E+01  0.3791892586E-01
  0.7051678662E-02  0.5319928196E+01  0.3829414702E-01
  0.7122907739E-02  0.5317725225E+01  0.3867300214E-01
  0.7194856302E-02  0.5315501075E+01  0.3905552482E-01
  0.7267531618E-02  0.5313255551E+01  0.3944174894E-01
  0.7340941029E-02  0.5310988455E+01  0.3983170868E-01
  0.7415091948E-02  0.5308699588E+01  0.4022543850E-01
  0.7489991867E-02  0.5306388750E+01  0.4062297313E-01
  0.7565648350E-02  0.5304055736E+01  0.4102434759E-01
  0.7642069041E-02  0.5301700340E+01  0.4142959719E-01
  0.7719261657E-02  0.5299322355E+01  0.4183875753E-01
  0.7797233997E-02  0.5296921571E+01  0.4225186449E-01
  0.7875993937E-02  0.5294497775E+01  0.4266895427E-01
  0.7955549431E-02  0.5292050751E+01  0.4309006332E-01
  0.8035908516E-02  0.5289580282E+01  0.4351522841E-01
  0.8117079309E-02  0.5287086148E+01  0.4394448661E-01
  0.8199070009E-02  0.5284568127E+01  0.4437787528E-01
  0.8281888898E-02  0.5282025992E+01  0.4481543207E-01
  0.8365544342E-02  0.5279456476E+01  0.4525719482E-01
  0.8450044790E-02  0.5276856519E+01  0.4570320141E-01
  0.8535398777E-02  0.5274231426E+01  0.4615349013E-01
  0.8621614927E-02  0.5271580951E+01  0.4660809979E-01
  0.8708701946E-02  0.5268904846E+01  0.4706706954E-01
  0.8796668632E-02  0.5266202856E+01  0.4753043880E-01
  0.8885523871E-02  0.5263463446E+01  0.4799824680E-01
  0.8975276638E-02  0.5260694033E+01  0.4847053293E-01
  0.9065935997E-02  0.5257897435E+01  0.4894733731E-01
  0.9157511109E-02  0.5255055946E+01  0.4942869975E-01
  0.9250011221E-02  0.5252183669E+01  0.4991466017E-01
  0.9343445678E-02  0.5249282719E+01  0.5040525957E-01
  0.9437823917E-02  0.5246352791E+01  0.5090053937E-01
  0.9533155471E-02  0.5243393578E+01  0.5140054129E-01
  0.9629449971E-02  0.5240390036E+01  0.5190530664E-01
  0.9726717143E-02  0.5237353963E+01  0.5241487690E-01
  0.9824966811E-02  0.5234287097E+01  0.5292929453E-01
  0.9924208900E-02  0.5231189101E+01  0.5344860239E-01
  0.1002445343E-01  0.5228059633E+01  0.5397284365E-01
  0.1012571054E-01  0.5224898345E+01  0.5450206178E-01
  0.1022799044E-01  0.5221704886E+01  0.5503630057E-01
  0.1033130348E-01  0.5218478897E+01  0.5557560411E-01
  0.1043566008E-01  0.5215220018E+01  0.5612001678E-01
  0.1054107079E-01  0.5211927878E+01  0.5666958330E-01
  0.1064754625E-01  0.5208602106E+01  0.5722434868E-01
  0.1075509722E-01  0.5205242323E+01  0.5778435822E-01
  0.1086373457E-01  0.5201848143E+01  0.5834965757E-01
  0.1097346926E-01  0.5198419177E+01  0.5892029264E-01
  0.1108431238E-01  0.5194955029E+01  0.5949630967E-01
  0.1119627514E-01  0.5191455298E+01  0.6007775521E-01
  0.1130936882E-01  0.5187919574E+01  0.6066467610E-01
  0.1142360487E-01  0.5184347444E+01  0.6125711950E-01
  0.1153899482E-01  0.5180738489E+01  0.6185513286E-01
  0.1165555032E-01  0.5177092281E+01  0.6245876395E-01
  0.1177328316E-01  0.5173408389E+01  0.6306806083E-01
  0.1189220521E-01  0.5169686373E+01  0.6368307186E-01
  0.1201232849E-01  0.5165925788E+01  0.6430384570E-01
  0.1213366514E-01  0.5162126181E+01  0.6493043132E-01
  0.1225622742E-01  0.5158293113E+01  0.6556287835E-01
  0.1238002770E-01  0.5154472463E+01  0.6620123997E-01
  0.1250507848E-01  0.5150613206E+01  0.6684556949E-01
  0.1263139240E-01  0.5146714698E+01  0.6749591744E-01
  0.1275898223E-01  0.5142776474E+01  0.6815233461E-01
  0.1288786083E-01  0.5138798060E+01  0.6881487212E-01
  0.1301804125E-01  0.5134778975E+01  0.6948358137E-01
  0.1314953661E-01  0.5130713176E+01  0.7015851369E-01
  0.1328236022E-01  0.5126578543E+01  0.7083971891E-01
  0.1341652547E-01  0.5122422423E+01  0.7152724882E-01
  0.1355204593E-01  0.5118225700E+01  0.7222115749E-01
  0.1368893528E-01  0.5113985738E+01  0.7292149789E-01
  0.1382720736E-01  0.5109711392E+01  0.7362832379E-01
  0.1396687612E-01  0.5105403976E+01  0.7434169005E-01
  0.1410795567E-01  0.5101094017E+01  0.7506165415E-01
  0.1425046028E-01  0.5096751970E+01  0.7578827415E-01
  0.1439440432E-01  0.5092366262E+01  0.7652160559E-01
  0.1453980234E-01  0.5087936383E+01  0.7726170353E-01
  0.1468666903E-01  0.5083428391E+01  0.7800862087E-01
  0.1483501923E-01  0.5078816138E+01  0.7876240633E-01
  0.1498486790E-01  0.5074155724E+01  0.7952311104E-01
  0.1513623021E-01  0.5069457789E+01  0.8029079139E-01
  0.1528912142E-01  0.5064749631E+01  0.8106550703E-01
  0.1544355699E-01  0.5059993129E+01  0.8184731724E-01
  0.1559955252E-01  0.5055187741E+01  0.8263627871E-01
  0.1575712375E-01  0.5050335582E+01  0.8343244862E-01
  0.1591628662E-01  0.5045445782E+01  0.8423588537E-01
  0.1607705719E-01  0.5040506044E+01  0.8504664749E-01
  0.1623945171E-01  0.5035515835E+01  0.8586479285E-01
  0.1640348657E-01  0.5030472803E+01  0.8669037939E-01
  0.1656917836E-01  0.5025375914E+01  0.8752346515E-01
  0.1673654380E-01  0.5020194494E+01  0.8836410579E-01
  0.1690559979E-01  0.5014913560E+01  0.8921235340E-01
  0.1707636343E-01  0.5009578178E+01  0.9006826272E-01
  0.1724885195E-01  0.5004187846E+01  0.9093189256E-01
  0.1742308278E-01  0.4998744229E+01  0.9180330212E-01
  0.1759907351E-01  0.4993248426E+01  0.9268255119E-01
  0.1777684193E-01  0.4987682008E+01  0.9356969830E-01
  0.1795640599E-01  0.4982052970E+01  0.9446480135E-01
  0.1813778383E-01  0.4976409925E+01  0.9536792358E-01
  0.1832099377E-01  0.4970717254E+01  0.9627912986E-01
  0.1850605431E-01  0.4964986981E+01  0.9719848327E-01
  0.1869298415E-01  0.4959198966E+01  0.9812604652E-01
  0.1888180217E-01  0.4953352798E+01  0.9906188073E-01
  0.1907252745E-01  0.4947460271E+01  0.1000060484E+00
  0.1926517924E-01  0.4941548587E+01  0.1009586160E+00
  0.1945977701E-01  0.4935545450E+01  0.1019196463E+00
  0.1965634041E-01  0.4929484501E+01  0.1028891982E+00
  0.1985488931E-01  0.4923303622E+01  0.1038673283E+00
  0.2005544374E-01  0.4916949251E+01  0.1048540815E+00
  0.2025802398E-01  0.4910521445E+01  0.1058495072E+00
  0.2046265049E-01  0.4904041173E+01  0.1068536670E+00
  0.2066934393E-01  0.4897620496E+01  0.1078666366E+00
  0.2087812518E-01  0.4891139396E+01  0.1088884913E+00
  0.2108901533E-01  0.4884597816E+01  0.1099192947E+00
  0.2130203569E-01  0.4877995736E+01  0.1109591103E+00
  0.2151720777E-01  0.4871333174E+01  0.1120080019E+00
  0.2173455330E-01  0.4864610190E+01  0.1130660338E+00
  0.2195409424E-01  0.4857826880E+01  0.1141332703E+00
  0.2217585277E-01  0.4850999287E+01  0.1152097778E+00
  0.2239985128E-01  0.4844136830E+01  0.1162956259E+00
  0.2262611241E-01  0.4837241072E+01  0.1173908856E+00
  0.2285465900E-01  0.4830286530E+01  0.1184956258E+00
  0.2308551414E-01  0.4823273914E+01  0.1196099129E+00
  0.2331870115E-01  0.4816203571E+01  0.1207338133E+00
  0.2355424359E-01  0.4809075893E+01  0.1218673942E+00
  0.2379216524E-01  0.4801958568E+01  0.1230107308E+00
  0.2403249014E-01  0.4794796574E+01  0.1241639004E+00
  0.2427524257E-01  0.4787579628E+01  0.1253269730E+00
  0.2452044704E-01  0.4780361467E+01  0.1265000239E+00
  0.2476812832E-01  0.4773093885E+01  0.1276831300E+00
  0.2501831143E-01  0.4765774527E+01  0.1288763619E+00
  0.2527102165E-01  0.4758404030E+01  0.1300797905E+00
  0.2552628449E-01  0.4750983065E+01  0.1312934871E+00
  0.2578412575E-01  0.4743528564E+01  0.1325175255E+00
  0.2604457147E-01  0.4736174449E+01  0.1337519995E+00
  0.2630764795E-01  0.4728832651E+01  0.1349970099E+00
  0.2657338176E-01  0.4721452062E+01  0.1362526400E+00
  0.2684179976E-01  0.4714033579E+01  0.1375189671E+00
  0.2711292905E-01  0.4706578097E+01  0.1387960690E+00
  0.2738679702E-01  0.4699161638E+01  0.1400840344E+00
  0.2766343134E-01  0.4691796620E+01  0.1413829650E+00
  0.2794285993E-01  0.4684399729E+01  0.1426929537E+00
  0.2822511105E-01  0.4676971717E+01  0.1440140825E+00
  0.2851021318E-01  0.4669513297E+01  0.1453464339E+00
  0.2879819513E-01  0.4662022759E+01  0.1466900909E+00
  0.2908908599E-01  0.4654398501E+01  0.1480451218E+00
  0.2938291514E-01  0.4646756252E+01  0.1494115970E+00
  0.2967971226E-01  0.4639272054E+01  0.1507896302E+00
  0.2997950734E-01  0.4631766450E+01  0.1521793360E+00
  0.3028233064E-01  0.4624239976E+01  0.1535808033E+00
  0.3058821277E-01  0.4616697626E+01  0.1549941221E+00
  0.3089718462E-01  0.4609175090E+01  0.1564193896E+00
  0.3120927739E-01  0.4601605058E+01  0.1578566985E+00
  0.3152452262E-01  0.4594007728E+01  0.1593061351E+00
  0.3184295214E-01  0.4586387664E+01  0.1607677895E+00
  0.3216459812E-01  0.4578750989E+01  0.1622417545E+00
  0.3248949305E-01  0.4571139691E+01  0.1637281311E+00
  0.3281766975E-01  0.4563506709E+01  0.1652270201E+00
  0.3314916136E-01  0.4555766994E+01  0.1667385015E+00
  0.3348400137E-01  0.4547911564E+01  0.1682626394E+00
  0.3382222361E-01  0.4539984832E+01  0.1697995037E+00
  0.3416386223E-01  0.4532068026E+01  0.1713491855E+00
  0.3450895175E-01  0.4524129309E+01  0.1729117849E+00
  0.3485752702E-01  0.4516150016E+01  0.1744873938E+00
  0.3520962325E-01  0.4508152111E+01  0.1760761052E+00
  0.3556527601E-01  0.4500133195E+01  0.1776780160E+00
  0.3592452122E-01  0.4492024841E+01  0.1792932109E+00
  0.3628739518E-01  0.4483786200E+01  0.1809217549E+00
  0.3665393452E-01  0.4475482782E+01  0.1825637172E+00
  0.3702417628E-01  0.4467059272E+01  0.1842191684E+00
  0.3739815786E-01  0.4458153625E+01  0.1858881010E+00
  0.3777591703E-01  0.4449069343E+01  0.1875704936E+00
  0.3815749195E-01  0.4439659120E+01  0.1892663515E+00
  0.3854292116E-01  0.4429992470E+01  0.1909756629E+00
  0.3893224360E-01  0.4419970004E+01  0.1926984074E+00
  0.3932549859E-01  0.4409671760E+01  0.1944345577E+00
  0.3972272585E-01  0.4399228214E+01  0.1961841253E+00
  0.4012396550E-01  0.4388581651E+01  0.1979471342E+00
  0.4052925808E-01  0.4377911248E+01  0.1997236315E+00
  0.4093864453E-01  0.4367158055E+01  0.2015136879E+00
  0.4135216619E-01  0.4356246786E+01  0.2033173464E+00
  0.4176986484E-01  0.4345157358E+01  0.2051346287E+00
  0.4219178266E-01  0.4333928017E+01  0.2069655591E+00
  0.4261796229E-01  0.4322557354E+01  0.2088101680E+00
  0.4304844675E-01  0.4311081708E+01  0.2106684917E+00
  0.4348327955E-01  0.4299475735E+01  0.2125405681E+00
  0.4392250460E-01  0.4287729276E+01  0.2144264259E+00
  0.4436616626E-01  0.4275753944E+01  0.2163260705E+00
  0.4481430935E-01  0.4263920424E+01  0.2182395685E+00
  0.4526697914E-01  0.4252198650E+01  0.2201670634E+00
  0.4572422136E-01  0.4240405238E+01  0.2221086519E+00
  0.4618608218E-01  0.4228548061E+01  0.2240643908E+00
  0.4665260826E-01  0.4216610692E+01  0.2260343342E+00
  0.4712384673E-01  0.4204575259E+01  0.2280185276E+00
  0.4759984518E-01  0.4192443837E+01  0.2300170117E+00
  0.4808065170E-01  0.4180251086E+01  0.2320298348E+00
  0.4856631485E-01  0.4168099006E+01  0.2340570778E+00
  0.4905688368E-01  0.4155807536E+01  0.2360988024E+00
  0.4955240776E-01  0.4143436811E+01  0.2381550401E+00
  0.5005293713E-01  0.4130996552E+01  0.2402258385E+00
  0.5055852235E-01  0.4118344711E+01  0.2423112111E+00
  0.5106921450E-01  0.4105492525E+01  0.2444111356E+00
  0.5158506515E-01  0.4092513743E+01  0.2465256090E+00
  0.5210612641E-01  0.4079636360E+01  0.2486547045E+00
  0.5263245092E-01  0.4066831339E+01  0.2507985473E+00
  0.5316409184E-01  0.4053881191E+01  0.2529571988E+00
  0.5370110287E-01  0.4040906271E+01  0.2551306939E+00
  0.5424353825E-01  0.4027935182E+01  0.2573191064E+00
  0.5479145278E-01  0.4014973884E+01  0.2595225198E+00
  0.5534490180E-01  0.4001909217E+01  0.2617409878E+00
  0.5590394121E-01  0.3988545487E+01  0.2639744774E+00
  0.5646862749E-01  0.3975176332E+01  0.2662229796E+00
  0.5703901766E-01  0.3961761240E+01  0.2684865552E+00
  0.5761516936E-01  0.3948006655E+01  0.2707651683E+00
  0.5819714076E-01  0.3934326030E+01  0.2730588144E+00
  0.5878499067E-01  0.3919690237E+01  0.2753673058E+00
  0.5937877846E-01  0.3904495347E+01  0.2776902587E+00
  0.5997856410E-01  0.3889240259E+01  0.2800275440E+00
  0.6058440818E-01  0.3873894127E+01  0.2823791685E+00
  0.6119637190E-01  0.3858401394E+01  0.2847451107E+00
  0.6181451707E-01  0.3842734875E+01  0.2871253208E+00
  0.6243890613E-01  0.3826864457E+01  0.2895197278E+00
  0.6306960215E-01  0.3810757418E+01  0.2919282366E+00
  0.6370666884E-01  0.3794468786E+01  0.2943507548E+00
  0.6435017054E-01  0.3776872318E+01  0.2967868402E+00
  0.6500017227E-01  0.3758922066E+01  0.2992359799E+00
  0.6565673966E-01  0.3740582470E+01  0.3016979450E+00
  0.6631993905E-01  0.3722191151E+01  0.3041725984E+00
  0.6698983743E-01  0.3703616537E+01  0.3066598667E+00
  0.6766650245E-01  0.3684322725E+01  0.3091594467E+00
  0.6835000248E-01  0.3664021357E+01  0.3116707434E+00
  0.6904040654E-01  0.3643188105E+01  0.3141932070E+00
  0.6973778439E-01  0.3622134745E+01  0.3167265446E+00
  0.7044220645E-01  0.3600610218E+01  0.3192704750E+00
  0.7115374389E-01  0.3577708224E+01  0.3218242962E+00
  0.7187246858E-01  0.3554049720E+01  0.3243871814E+00
  0.7259845311E-01  0.3529750296E+01  0.3269585460E+00
  0.7333177082E-01  0.3505008089E+01  0.3295379025E+00
  0.7407249577E-01  0.3480731652E+01  0.3321251584E+00
  0.7482070280E-01  0.3456178241E+01  0.3347202807E+00
  0.7557646748E-01  0.3431414255E+01  0.3373229803E+00
  0.7633986614E-01  0.3406543701E+01  0.3399330243E+00
  0.7711097590E-01  0.3381423087E+01  0.3425501580E+00
  0.7788987464E-01  0.3355748683E+01  0.3451739453E+00
  0.7867664105E-01  0.3329881170E+01  0.3478039598E+00
  0.7947135460E-01  0.3303881030E+01  0.3504399302E+00
  0.8027409556E-01  0.3277345793E+01  0.3530814403E+00
  0.8108494501E-01  0.3250223811E+01  0.3557278784E+00
  0.8190398485E-01  0.3222886120E+01  0.3583787459E+00
  0.8273129783E-01  0.3195688597E+01  0.3610338310E+00
  0.8356696751E-01  0.3168902455E+01  0.3636931789E+00
  0.8441107829E-01  0.3142856525E+01  0.3663570908E+00
  0.8526371544E-01  0.3116763020E+01  0.3690256829E+00
  0.8612496510E-01  0.3090707372E+01  0.3716987737E+00
  0.8699491424E-01  0.3064909530E+01  0.3743763105E+00
  0.8787365075E-01  0.3039425866E+01  0.3770583617E+00
  0.8876126338E-01  0.3014197131E+01  0.3797449979E+00
  0.8965784180E-01  0.2989202249E+01  0.3824362570E+00
  0.9056347656E-01  0.2964359961E+01  0.3851321335E+00
  0.9147825915E-01  0.2939598176E+01  0.3878325525E+00
  0.9240228197E-01  0.2914866800E+01  0.3905373822E+00
  0.9333563836E-01  0.2890136082E+01  0.3932464504E+00
  0.9427842258E-01  0.2865405631E+01  0.3959595674E+00
  0.9523072988E-01  0.2840696669E+01  0.3986765488E+00
  0.9619265645E-01  0.2816357882E+01  0.4013973843E+00
  0.9716429944E-01  0.2791604507E+01  0.4041218530E+00
  0.9814575701E-01  0.2766528849E+01  0.4068493890E+00
  0.9913712829E-01  0.2741665395E+01  0.4095797218E+00
  0.1001385134E+00  0.2715779046E+01  0.4123122237E+00
  0.1011500136E+00  0.2688921915E+01  0.4150456516E+00
  0.1021717309E+00  0.2662843342E+01  0.4177796472E+00
  0.1032037686E+00  0.2636369439E+01  0.4205141408E+00
  0.1042462309E+00  0.2609410736E+01  0.4232484049E+00
  0.1052992231E+00  0.2582137607E+01  0.4259817349E+00
  0.1063628516E+00  0.2554151942E+01  0.4287132869E+00
  0.1074372239E+00  0.2525528778E+01  0.4314420209E+00
  0.1085224483E+00  0.2496908608E+01  0.4341672569E+00
  0.1096186347E+00  0.2467825556E+01  0.4368883938E+00
  0.1107258936E+00  0.2438753383E+01  0.4396048205E+00
  0.1118443370E+00  0.2409895504E+01  0.4423162901E+00
  0.1129740778E+00  0.2381466862E+01  0.4450227888E+00
  0.1141152301E+00  0.2353338029E+01  0.4477243556E+00
  0.1152679092E+00  0.2327765492E+01  0.4504222607E+00
  0.1164322315E+00  0.2302699311E+01  0.4531179374E+00
  0.1176083146E+00  0.2278114564E+01  0.4558116464E+00
  0.1187962774E+00  0.2252940241E+01  0.4585030086E+00
  0.1199962398E+00  0.2227684539E+01  0.4611912992E+00
  0.1212083230E+00  0.2201935261E+01  0.4638758332E+00
  0.1224326495E+00  0.2178024766E+01  0.4665570837E+00
  0.1236693429E+00  0.2155331074E+01  0.4692366001E+00
  0.1249185282E+00  0.2132956876E+01  0.4719150332E+00
  0.1261803315E+00  0.2109353066E+01  0.4745915136E+00
  0.1274548803E+00  0.2084835963E+01  0.4772643629E+00
  0.1287423034E+00  0.2058908813E+01  0.4799317391E+00
  0.1300427307E+00  0.2032295182E+01  0.4825918958E+00
  0.1313562936E+00  0.2005871975E+01  0.4852440891E+00
  0.1326831249E+00  0.1978784314E+01  0.4878875724E+00
  0.1340233585E+00  0.1952171133E+01  0.4905217716E+00
  0.1353771298E+00  0.1926586304E+01  0.4931472469E+00
  0.1367445755E+00  0.1901347383E+01  0.4957644927E+00
  0.1381258338E+00  0.1877896184E+01  0.4983745486E+00
  0.1395210443E+00  0.1854632905E+01  0.5009783803E+00
  0.1409303478E+00  0.1831653024E+01  0.5035759281E+00
  0.1423538866E+00  0.1811824844E+01  0.5061692443E+00
  0.1437918047E+00  0.1795055452E+01  0.5087624435E+00
  0.1452442472E+00  0.1778514192E+01  0.5113576456E+00
  0.1467113608E+00  0.1761436276E+01  0.5139544004E+00
  0.1481932937E+00  0.1745980220E+01  0.5165532784E+00
  0.1496901957E+00  0.1729838859E+01  0.5191547586E+00
  0.1512022178E+00  0.1712559975E+01  0.5217572503E+00
  0.1527295130E+00  0.1695764258E+01  0.5243600088E+00
  0.1542722353E+00  0.1676125334E+01  0.5269609535E+00
  0.1558305407E+00  0.1656262571E+01  0.5295573925E+00
  0.1574045866E+00  0.1637458121E+01  0.5321496262E+00
  0.1589945319E+00  0.1619935909E+01  0.5347391654E+00
  0.1606005373E+00  0.1602619323E+01  0.5373268860E+00
  0.1622227649E+00  0.1584260795E+01  0.5399118085E+00
  0.1638613787E+00  0.1566075326E+01  0.5424929006E+00
  0.1655165442E+00  0.1550452858E+01  0.5450720854E+00
  0.1671884284E+00  0.1532734315E+01  0.5476494515E+00
  0.1688772004E+00  0.1513741070E+01  0.5502218527E+00
  0.1705830308E+00  0.1497137576E+01  0.5527898767E+00
  0.1723060917E+00  0.1480137393E+01  0.5553548898E+00
  0.1740465572E+00  0.1460119096E+01  0.5579135974E+00
  0.1758046033E+00  0.1439944949E+01  0.5604628204E+00
  0.1775804074E+00  0.1420165303E+01  0.5630023182E+00
  0.1793741488E+00  0.1401887935E+01  0.5655333352E+00
  0.1811860089E+00  0.1382775400E+01  0.5680560453E+00
  0.1830161706E+00  0.1367334508E+01  0.5705726183E+00
  0.1848648188E+00  0.1353805358E+01  0.5730878334E+00
  0.1867321402E+00  0.1334298906E+01  0.5755976107E+00
  0.1886183235E+00  0.1314502049E+01  0.5780956727E+00
  0.1905235591E+00  0.1294838327E+01  0.5805813768E+00
  0.1924480394E+00  0.1275935370E+01  0.5830550785E+00
  0.1943919590E+00  0.1258949398E+01  0.5855188846E+00
  0.1963555142E+00  0.1243005227E+01  0.5879752476E+00
  0.1983389032E+00  0.1224123655E+01  0.5904218857E+00
  0.2003423265E+00  0.1201616564E+01  0.5928517779E+00
  0.2023659863E+00  0.1177605055E+01  0.5952591456E+00
  0.2044100872E+00  0.1152141983E+01  0.5976402646E+00
  0.2064748356E+00  0.1125503139E+01  0.5999916466E+00
  0.2085604400E+00  0.1098873111E+01  0.6023112310E+00
  0.2106671111E+00  0.1071942171E+01  0.6045978279E+00
  0.2127950617E+00  0.1045616886E+01  0.6068508585E+00
  0.2149445068E+00  0.1016979757E+01  0.6090675776E+00
  0.2171156634E+00  0.9854061239E+00  0.6112413243E+00
  0.2193087509E+00  0.9536015230E+00  0.6133675310E+00
  0.2215239908E+00  0.9203480506E+00  0.6154431549E+00
  0.2237616069E+00  0.8887885357E+00  0.6174672315E+00
  0.2260218251E+00  0.8589257420E+00  0.6194423393E+00
  0.2283048739E+00  0.8318731371E+00  0.6213724275E+00
  0.2306109837E+00  0.8083498053E+00  0.6232636946E+00
  0.2329403876E+00  0.7901540795E+00  0.6251254752E+00
  0.2352933208E+00  0.7763706495E+00  0.6269684392E+00
  0.2376700210E+00  0.7665944600E+00  0.6288020219E+00
  0.2400707283E+00  0.7644362177E+00  0.6306398002E+00
  0.2424956851E+00  0.7642757528E+00  0.6324933305E+00
  0.2449451365E+00  0.7620622839E+00  0.6343626759E+00
  0.2474193298E+00  0.7563453383E+00  0.6362410929E+00
  0.2499185149E+00  0.7505066903E+00  0.6381240440E+00
  0.2524429444E+00  0.7487199954E+00  0.6400163900E+00
  0.2549928731E+00  0.7479020386E+00  0.6419245297E+00
  0.2575685587E+00  0.7505713187E+00  0.6438543278E+00
  0.2601702613E+00  0.7599612876E+00  0.6458193061E+00
  0.2627982438E+00  0.7758184646E+00  0.6478373073E+00
  0.2654527715E+00  0.7990172391E+00  0.6499275298E+00
  0.2681341126E+00  0.8271952613E+00  0.6521077450E+00
  0.2708425380E+00  0.8571630749E+00  0.6543887244E+00
  0.2735783212E+00  0.8898348623E+00  0.6567784282E+00
  0.2763417386E+00  0.9217820167E+00  0.6592815550E+00
  0.2791330693E+00  0.9511911618E+00  0.6618955988E+00
  0.2819525952E+00  0.9826107537E+00  0.6646218011E+00
  0.2848006012E+00  0.1015615116E+01  0.6674672808E+00
  0.2876773750E+00  0.1050637523E+01  0.6704393515E+00
  0.2905832071E+00  0.1089086519E+01  0.6735481908E+00
  0.2935183910E+00  0.1116431124E+01  0.6767849908E+00
  0.2964832232E+00  0.1141708508E+01  0.6801324934E+00
  0.2994780032E+00  0.1167621049E+01  0.6835904604E+00
  0.3025030336E+00  0.1195981091E+01  0.6871654445E+00
  0.3055586198E+00  0.1222597933E+01  0.6908605328E+00
  0.3086450705E+00  0.1243981977E+01  0.6946670215E+00
  0.3117626974E+00  0.1259631297E+01  0.6985696876E+00
  0.3149118156E+00  0.1273711619E+01  0.7025585857E+00
  0.3180927430E+00  0.1288686764E+01  0.7066339873E+00
  0.3213058010E+00  0.1312487637E+01  0.7108128495E+00
  0.3245513142E+00  0.1336338723E+01  0.7151112498E+00
  0.3278296103E+00  0.1358416928E+01  0.7195283533E+00
  0.3311410205E+00  0.1374791760E+01  0.7240537409E+00
  0.3344858793E+00  0.1387215606E+01  0.7286730032E+00
  0.3378645245E+00  0.1394338660E+01  0.7333719457E+00
  0.3412772975E+00  0.1392290640E+01  0.7381270123E+00
  0.3447245429E+00  0.1388442328E+01  0.7429199468E+00
  0.3482066090E+00  0.1390052138E+01  0.7477573975E+00
  0.3517238475E+00  0.1394869377E+01  0.7526550141E+00
  0.3552766136E+00  0.1400183380E+01  0.7576200985E+00
  0.3588652663E+00  0.1407137797E+01  0.7626573488E+00
  0.3624901680E+00  0.1415835176E+01  0.7677738485E+00
  0.3661516848E+00  0.1421080369E+01  0.7729675555E+00
  0.3698501867E+00  0.1425569441E+01  0.7782317254E+00
  0.3735860472E+00  0.1430629030E+01  0.7835669048E+00
  0.3773596436E+00  0.1427745611E+01  0.7889600810E+00
  0.3811713572E+00  0.1416643993E+01  0.7943810802E+00
  0.3850215729E+00  0.1402663614E+01  0.7998085515E+00
  0.3889106797E+00  0.1382633500E+01  0.8052247105E+00
  0.3928390704E+00  0.1355480995E+01  0.8106029022E+00
  0.3968071418E+00  0.1330428452E+01  0.8159318425E+00
  0.4008152948E+00  0.1308751485E+01  0.8212209609E+00
  0.4048639341E+00  0.1295060507E+01  0.8264919087E+00
  0.4089534688E+00  0.1289511389E+01  0.8317767569E+00
  0.4130843119E+00  0.1299673077E+01  0.8371245144E+00
  0.4172568807E+00  0.1294533780E+01  0.8425367677E+00
  0.4214715967E+00  0.1281049260E+01  0.8479644431E+00
  0.4257288855E+00  0.1254425826E+01  0.8533615681E+00
  0.4300291773E+00  0.1220721405E+01  0.8586834957E+00
  0.4343729064E+00  0.1179308053E+01  0.8638960346E+00
  0.4387605115E+00  0.1136802852E+01  0.8689771246E+00
  0.4431924359E+00  0.1100529769E+01  0.8739349691E+00
  0.4476691271E+00  0.1071135199E+01  0.8787959059E+00
  0.4521910375E+00  0.1037989029E+01  0.8835645412E+00
  0.4567586237E+00  0.1000898242E+01  0.8882209379E+00
  0.4613723472E+00  0.9612496384E+00  0.8927473418E+00
  0.4660326740E+00  0.9200786060E+00  0.8971311440E+00
  0.4707400747E+00  0.8723357247E+00  0.9013499502E+00
  0.4754950250E+00  0.8248674538E+00  0.9053850086E+00
  0.4802980050E+00  0.7644635611E+00  0.9092017712E+00
  0.4851495000E+00  0.6982820093E+00  0.9127500226E+00
  0.4900500000E+00  0.6448090628E+00  0.9160409315E+00
  0.4950000000E+00  0.5954235752E+00  0.9191105073E+00
  0.5000000000E+00  0.5375104549E+00  0.9219374184E+00
  0.5050000000E+00  0.4845287629E+00  0.9244925165E+00
  0.5099500000E+00  0.4411324894E+00  0.9267835281E+00
  0.5148505000E+00  0.4144009354E+00  0.9288797989E+00
  0.5197019950E+00  0.3926556003E+00  0.9308375142E+00
  0.5245049750E+00  0.3664656474E+00  0.9326605363E+00
  0.5292599253E+00  0.3308637493E+00  0.9343184196E+00
  0.5339673260E+00  0.2889465544E+00  0.9357772674E+00
  0.5386276528E+00  0.2464080993E+00  0.9370247312E+00
  0.5432413763E+00  0.2052455557E+00  0.9380666337E+00
  0.5478089625E+00  0.1637428248E+00  0.9389093268E+00
  0.5523308729E+00  0.1187192522E+00  0.9395479609E+00
  0.5568075641E+00  0.5945487057E-01  0.9399467762E+00
  0.5612394885E+00 -0.7311431858E-02  0.9400623241E+00
  0.5656270936E+00 -0.7347704130E-01  0.9398850901E+00
  0.5699708227E+00 -0.1263417937E+00  0.9394511107E+00
  0.5742711145E+00 -0.1740224201E+00  0.9388052838E+00
  0.5785284033E+00 -0.2276816988E+00  0.9379501986E+00
  0.5827431193E+00 -0.2823028634E+00  0.9368754785E+00
  0.5869156881E+00 -0.3350326903E+00  0.9355875410E+00
  0.5910465312E+00 -0.3792349267E+00  0.9341122773E+00
  0.5951360659E+00 -0.4139120256E+00  0.9324904763E+00
  0.5991847052E+00 -0.4366279522E+00  0.9307687115E+00
  0.6031928582E+00 -0.4547839885E+00  0.9289822538E+00
  0.6071609296E+00 -0.4696933675E+00  0.9271480577E+00
  0.6110893203E+00 -0.4783844386E+00  0.9252858477E+00
  0.6149784271E+00 -0.4965491911E+00  0.9233900372E+00
  0.6188286428E+00 -0.5207356043E+00  0.9214316542E+00
  0.6226403564E+00 -0.5406304252E+00  0.9194088426E+00
  0.6264139528E+00 -0.5579541929E+00  0.9173360351E+00
  0.6301498133E+00 -0.5774815102E+00  0.9152151204E+00
  0.6338483152E+00 -0.5982564475E+00  0.9130408859E+00
  0.6375098320E+00 -0.6192991559E+00  0.9108118357E+00
  0.6411347337E+00 -0.6374327508E+00  0.9085340709E+00
  0.6447233864E+00 -0.6585954772E+00  0.9062085733E+00
  0.6482761525E+00 -0.6823560160E+00  0.9038265298E+00
  0.6517933910E+00 -0.7045734027E+00  0.9013874490E+00
  0.6552754571E+00 -0.7243664773E+00  0.8988996175E+00
  0.6587227025E+00 -0.7322092051E+00  0.8963890305E+00
  0.6621354755E+00 -0.7357962066E+00  0.8938840459E+00
  0.6655141207E+00 -0.7443829347E+00  0.8913835458E+00
  0.6688589795E+00 -0.7552151507E+00  0.8888755739E+00
  0.6721703897E+00 -0.7675187760E+00  0.8863543756E+00
  0.6754486858E+00 -0.7790293046E+00  0.8838193543E+00
  0.6786941990E+00 -0.7903322503E+00  0.8812726625E+00
  0.6819072570E+00 -0.8068919909E+00  0.8787066755E+00
  0.6850881844E+00 -0.8287287144E+00  0.8761052801E+00
  0.6882373026E+00 -0.8572091420E+00  0.8734506713E+00
  0.6913549295E+00 -0.8900604866E+00  0.8707270039E+00
  0.6944413802E+00 -0.9200480565E+00  0.8679335985E+00
  0.6974969664E+00 -0.9483829584E+00  0.8650790225E+00
  0.7005219968E+00 -0.9804880775E+00  0.8621615758E+00
  0.7035167768E+00 -0.1003280297E+01  0.8591911008E+00
  0.7064816090E+00 -0.1017154167E+01  0.8561959762E+00
  0.7094167929E+00 -0.1032394751E+01  0.8531880747E+00
  0.7123226250E+00 -0.1050100513E+01  0.8501623839E+00
  0.7151993988E+00 -0.1068223357E+01  0.8471154147E+00
  0.7180474048E+00 -0.1086814198E+01  0.8440466347E+00
  0.7208669307E+00 -0.1107328339E+01  0.8409534138E+00
  0.7236582614E+00 -0.1129156559E+01  0.8378320293E+00
  0.7264216788E+00 -0.1152391114E+01  0.8346795951E+00
  0.7291574620E+00 -0.1174567165E+01  0.8314965684E+00
  0.7318658874E+00 -0.1190927615E+01  0.8282931853E+00
  0.7345472285E+00 -0.1206727443E+01  0.8250787198E+00
  0.7372017562E+00 -0.1219608265E+01  0.8218583321E+00
  0.7398297387E+00 -0.1227701322E+01  0.8186425888E+00
  0.7424314413E+00 -0.1235597892E+01  0.8154382028E+00
  0.7450071269E+00 -0.1241205491E+01  0.8122484694E+00
  0.7475570556E+00 -0.1244840481E+01  0.8090788494E+00
  0.7500814851E+00 -0.1255793122E+01  0.8059225128E+00
  0.7525806702E+00 -0.1266735367E+01  0.8027703799E+00
  0.7550548635E+00 -0.1279126439E+01  0.7996209028E+00
  0.7575043149E+00 -0.1293680693E+01  0.7964699199E+00
  0.7599292717E+00 -0.1310886484E+01  0.7933119384E+00
  0.7623299790E+00 -0.1331753732E+01  0.7901398355E+00
  0.7647066792E+00 -0.1360223471E+01  0.7869408242E+00
  0.7670596124E+00 -0.1396891824E+01  0.7836971701E+00
  0.7693890163E+00 -0.1436191554E+01  0.7803974724E+00
  0.7716951261E+00 -0.1474934043E+01  0.7770407847E+00
  0.7739781749E+00 -0.1510273393E+01  0.7736330977E+00
  0.7762383931E+00 -0.1545331714E+01  0.7701799304E+00
  0.7784760092E+00 -0.1581130108E+01  0.7666820198E+00
  0.7806912491E+00 -0.1619233960E+01  0.7631372327E+00
  0.7828843366E+00 -0.1653410349E+01  0.7595486351E+00
  0.7850554932E+00 -0.1684664542E+01  0.7559248933E+00
  0.7872049383E+00 -0.1713148319E+01  0.7522731873E+00
  0.7893328889E+00 -0.1740020415E+01  0.7485991010E+00
  0.7914395600E+00 -0.1765858434E+01  0.7449062342E+00
  0.7935251644E+00 -0.1795550398E+01  0.7411923892E+00
  0.7955899128E+00 -0.1825131208E+01  0.7374544910E+00
  0.7976340137E+00 -0.1854024298E+01  0.7336942085E+00
  0.7996576735E+00 -0.1883386501E+01  0.7299125844E+00
  0.8016610968E+00 -0.1914771992E+01  0.7261079249E+00
  0.8036444858E+00 -0.1945063894E+01  0.7222801468E+00
  0.8056080410E+00 -0.1977110255E+01  0.7184294442E+00
  0.8075519606E+00 -0.2009739087E+01  0.7145543869E+00
  0.8094764409E+00 -0.2040811618E+01  0.7106567842E+00
  0.8113816765E+00 -0.2071674995E+01  0.7067391563E+00
  0.8132678598E+00 -0.2101902972E+01  0.7028030899E+00
  0.8151351812E+00 -0.2132205112E+01  0.6988498695E+00
  0.8169838294E+00 -0.2157394282E+01  0.6948848895E+00
  0.8188139911E+00 -0.2183713348E+01  0.6909124250E+00
  0.8206258512E+00 -0.2209171319E+01  0.6869327788E+00
  0.8224195926E+00 -0.2232796226E+01  0.6829489081E+00
  0.8241953967E+00 -0.2254935726E+01  0.6789642417E+00
  0.8259534428E+00 -0.2276039895E+01  0.6749814099E+00
  0.8276939083E+00 -0.2296129232E+01  0.6710025584E+00
  0.8294169692E+00 -0.2315850242E+01  0.6670291976E+00
  0.8311227996E+00 -0.2335659062E+01  0.6630618548E+00
  0.8328115716E+00 -0.2357222613E+01  0.6590992512E+00
  0.8344834558E+00 -0.2379330571E+01  0.6551397668E+00
  0.8361386213E+00 -0.2402686820E+01  0.6511822518E+00
  0.8377772351E+00 -0.2428202718E+01  0.6472242707E+00
  0.8393994627E+00 -0.2453967697E+01  0.6432642748E+00
  0.8410054681E+00 -0.2480946594E+01  0.6393015254E+00
  0.8425954134E+00 -0.2507502921E+01  0.6353358444E+00
  0.8441694593E+00 -0.2536023026E+01  0.6313664738E+00
  0.8457277647E+00 -0.2564629592E+01  0.6273922866E+00
  0.8472704870E+00 -0.2594512665E+01  0.6234127245E+00
  0.8487977822E+00 -0.2624555264E+01  0.6194271960E+00
  0.8503098043E+00 -0.2655521502E+01  0.6154353994E+00
  0.8518067063E+00 -0.2686414625E+01  0.6114372221E+00
  0.8532886392E+00 -0.2715946781E+01  0.6074342534E+00
  0.8547557528E+00 -0.2744889960E+01  0.6034284195E+00
  0.8562081953E+00 -0.2774031341E+01  0.5994204616E+00
  0.8576461134E+00 -0.2803900977E+01  0.5954101569E+00
  0.8590696522E+00 -0.2833249714E+01  0.5913978053E+00
  0.8604789557E+00 -0.2863525824E+01  0.5873835625E+00
  0.8618741662E+00 -0.2894360686E+01  0.5833668308E+00
  0.8632554245E+00 -0.2924913181E+01  0.5793478706E+00
  0.8646228702E+00 -0.2956451537E+01  0.5753266470E+00
  0.8659766415E+00 -0.2989088805E+01  0.5713021960E+00
  0.8673168751E+00 -0.3022584992E+01  0.5672736725E+00
  0.8686437064E+00 -0.3056457070E+01  0.5632407410E+00
  0.8699572693E+00 -0.3090533193E+01  0.5592035117E+00
  0.8712576966E+00 -0.3123516835E+01  0.5551630515E+00
  0.8725451197E+00 -0.3154543056E+01  0.5511217921E+00
  0.8738196685E+00 -0.3182335261E+01  0.5470834617E+00
  0.8750814718E+00 -0.3207718977E+01  0.5430519659E+00
  0.8763306571E+00 -0.3232716031E+01  0.5390293176E+00
  0.8775673505E+00 -0.3256315138E+01  0.5350168465E+00
  0.8787916770E+00 -0.3275941816E+01  0.5310180389E+00
  0.8800037602E+00 -0.3293800783E+01  0.5270365014E+00
  0.8812037226E+00 -0.3311787610E+01  0.5230732726E+00
  0.8823916854E+00 -0.3329731657E+01  0.5191283338E+00
  0.8835677685E+00 -0.3347207291E+01  0.5152020161E+00
  0.8847320908E+00 -0.3364180180E+01  0.5112949070E+00
  0.8858847699E+00 -0.3380500224E+01  0.5074076810E+00
  0.8870259222E+00 -0.3396111797E+01  0.5035411078E+00
  0.8881556630E+00 -0.3411883313E+01  0.4996954729E+00
  0.8892741064E+00 -0.3427967171E+01  0.4958704802E+00
  0.8903813653E+00 -0.3444480213E+01  0.4920656908E+00
  0.8914775517E+00 -0.3461500543E+01  0.4882805699E+00
  0.8925627761E+00 -0.3479067161E+01  0.4845145329E+00
  0.8936371484E+00 -0.3497228160E+01  0.4807669639E+00
  0.8947007769E+00 -0.3516683375E+01  0.4770368657E+00
  0.8957537691E+00 -0.3536321136E+01  0.4733234863E+00
  0.8967962314E+00 -0.3555867134E+01  0.4696268168E+00
  0.8978282691E+00 -0.3574840295E+01  0.4659472374E+00
  0.8988499864E+00 -0.3594318069E+01  0.4622848108E+00
  0.8998614866E+00 -0.3613940549E+01  0.4586392335E+00
  0.9008628717E+00 -0.3633582406E+01  0.4550104526E+00
  0.9018542430E+00 -0.3652019855E+01  0.4513990842E+00
  0.9028357006E+00 -0.3670904425E+01  0.4478055145E+00
  0.9038073436E+00 -0.3688690674E+01  0.4442300650E+00
  0.9047692701E+00 -0.3705192602E+01  0.4406738786E+00
  0.9057215774E+00 -0.3721523697E+01  0.4371376205E+00
  0.9066643616E+00 -0.3738477765E+01  0.4336210347E+00
  0.9075977180E+00 -0.3755286552E+01  0.4301238583E+00
  0.9085217408E+00 -0.3771288807E+01  0.4266464946E+00
  0.9094365234E+00 -0.3786693708E+01  0.4231895392E+00
  0.9103421582E+00 -0.3801744388E+01  0.4197533625E+00
  0.9112387366E+00 -0.3817281367E+01  0.4163378355E+00
  0.9121263493E+00 -0.3833112923E+01  0.4129425422E+00
  0.9130050858E+00 -0.3849060277E+01  0.4095672391E+00
  0.9138750349E+00 -0.3864597514E+01  0.4062119941E+00
  0.9147362846E+00 -0.3880382611E+01  0.4028768134E+00
  0.9155889217E+00 -0.3896351995E+01  0.3995614470E+00
  0.9164330325E+00 -0.3912312261E+01  0.3962657581E+00
  0.9172687022E+00 -0.3929038578E+01  0.3929893686E+00
  0.9180960151E+00 -0.3947071770E+01  0.3897313644E+00
  0.9189150550E+00 -0.3965486401E+01  0.3864910142E+00
  0.9197259044E+00 -0.3984314290E+01  0.3832679685E+00
  0.9205286454E+00 -0.4003636352E+01  0.3800618409E+00
  0.9213233589E+00 -0.4023139129E+01  0.3768723473E+00
  0.9221101254E+00 -0.4042175645E+01  0.3736995879E+00
  0.9228890241E+00 -0.4060941333E+01  0.3705438341E+00
  0.9236601339E+00 -0.4079546514E+01  0.3674052293E+00
  0.9244235325E+00 -0.4097935962E+01  0.3642838897E+00
  0.9251792972E+00 -0.4115898330E+01  0.3611800268E+00
  0.9259275042E+00 -0.4134064120E+01  0.3580936868E+00
  0.9266682292E+00 -0.4151825943E+01  0.3550249041E+00
  0.9274015469E+00 -0.4169118561E+01  0.3519739561E+00
  0.9281275314E+00 -0.4185535509E+01  0.3489412813E+00
  0.9288462561E+00 -0.4201147785E+01  0.3459274231E+00
  0.9295577935E+00 -0.4215953173E+01  0.3429328819E+00
  0.9302622156E+00 -0.4230146101E+01  0.3399580725E+00
  0.9309595935E+00 -0.4243848696E+01  0.3370032844E+00
  0.9316499975E+00 -0.4257118868E+01  0.3340687331E+00
  0.9323334975E+00 -0.4270062206E+01  0.3311545689E+00
  0.9330101626E+00 -0.4283113910E+01  0.3282607513E+00
  0.9336800609E+00 -0.4295817506E+01  0.3253872452E+00
  0.9343432603E+00 -0.4308195749E+01  0.3225341571E+00
  0.9349998277E+00 -0.4320721013E+01  0.3197014244E+00
  0.9356498295E+00 -0.4333195075E+01  0.3168888942E+00
  0.9362933312E+00 -0.4345704357E+01  0.3140964509E+00
  0.9369303978E+00 -0.4358235741E+01  0.3113239557E+00
  0.9375610939E+00 -0.4370786713E+01  0.3085712759E+00
  0.9381854829E+00 -0.4382928504E+01  0.3058384139E+00
  0.9388036281E+00 -0.4394860467E+01  0.3031254399E+00
  0.9394155918E+00 -0.4406632911E+01  0.3004323426E+00
  0.9400214359E+00 -0.4418262406E+01  0.2977590873E+00
  0.9406212215E+00 -0.4429754128E+01  0.2951056307E+00
  0.9412150093E+00 -0.4440907816E+01  0.2924719853E+00
  0.9418028592E+00 -0.4452037196E+01  0.2898581269E+00
  0.9423848306E+00 -0.4463091081E+01  0.2872639520E+00
  0.9429609823E+00 -0.4474028024E+01  0.2846893839E+00
  0.9435313725E+00 -0.4484642860E+01  0.2821344149E+00
  0.9440960588E+00 -0.4495135175E+01  0.2795990362E+00
  0.9446550982E+00 -0.4505615698E+01  0.2770831490E+00
  0.9452085472E+00 -0.4515780417E+01  0.2745867076E+00
  0.9457564617E+00 -0.4525904115E+01  0.2721096724E+00
  0.9462988971E+00 -0.4535986043E+01  0.2696519275E+00
  0.9468359082E+00 -0.4545858389E+01  0.2672134022E+00
  0.9473675491E+00 -0.4555694821E+01  0.2647940231E+00
  0.9478938736E+00 -0.4565409937E+01  0.2623936926E+00
  0.9484149348E+00 -0.4575150259E+01  0.2600122967E+00
  0.9489307855E+00 -0.4584967122E+01  0.2576496704E+00
  0.9494414776E+00 -0.4594761214E+01  0.2553056629E+00
  0.9499470629E+00 -0.4604467126E+01  0.2529801659E+00
  0.9504475922E+00 -0.4614080704E+01  0.2506730889E+00
  0.9509431163E+00 -0.4623552632E+01  0.2483843541E+00
  0.9514336852E+00 -0.4632752009E+01  0.2461139268E+00
  0.9519193483E+00 -0.4641705213E+01  0.2438617957E+00
  0.9524001548E+00 -0.4650387449E+01  0.2416279464E+00
  0.9528761533E+00 -0.4658541692E+01  0.2394124284E+00
  0.9533473917E+00 -0.4666601012E+01  0.2372152455E+00
  0.9538139178E+00 -0.4674332932E+01  0.2350363508E+00
  0.9542757786E+00 -0.4681760220E+01  0.2328757444E+00
  0.9547330209E+00 -0.4688922616E+01  0.2307334085E+00
  0.9551856906E+00 -0.4696011143E+01  0.2286092705E+00
  0.9556338337E+00 -0.4703026222E+01  0.2265032136E+00
  0.9560774954E+00 -0.4710053776E+01  0.2244151023E+00
  0.9565167205E+00 -0.4717662310E+01  0.2223446578E+00
  0.9569515532E+00 -0.4725184651E+01  0.2202916280E+00
  0.9573820377E+00 -0.4732695845E+01  0.2182558927E+00
  0.9578082173E+00 -0.4740238769E+01  0.2162373068E+00
  0.9582301352E+00 -0.4747702878E+01  0.2142357409E+00
  0.9586478338E+00 -0.4755124789E+01  0.2122510818E+00
  0.9590613555E+00 -0.4762525892E+01  0.2102832044E+00
  0.9594707419E+00 -0.4769579598E+01  0.2083320471E+00
  0.9598760345E+00 -0.4776585355E+01  0.2063975521E+00
  0.9602772742E+00 -0.4783540765E+01  0.2044796013E+00
  0.9606745014E+00 -0.4790677199E+01  0.2025780311E+00
  0.9610677564E+00 -0.4797871581E+01  0.2006926588E+00
  0.9614570788E+00 -0.4805094585E+01  0.1988233337E+00
  0.9618425080E+00 -0.4812306793E+01  0.1969699200E+00
  0.9622240830E+00 -0.4819443538E+01  0.1951323028E+00
  0.9626018421E+00 -0.4826251642E+01  0.1933104279E+00
  0.9629758237E+00 -0.4832999397E+01  0.1915042369E+00
  0.9633460655E+00 -0.4839686861E+01  0.1897136207E+00
  0.9637126048E+00 -0.4846314101E+01  0.1879384705E+00
  0.9640754788E+00 -0.4852881185E+01  0.1861786778E+00
  0.9644347240E+00 -0.4859370348E+01  0.1844341379E+00
  0.9647903767E+00 -0.4865756205E+01  0.1827047539E+00
  0.9651424730E+00 -0.4872161089E+01  0.1809904119E+00
  0.9654910483E+00 -0.4878511886E+01  0.1792909901E+00
  0.9658361378E+00 -0.4884808537E+01  0.1776063804E+00
  0.9661777764E+00 -0.4891050948E+01  0.1759364748E+00
  0.9665159986E+00 -0.4897238987E+01  0.1742811661E+00
  0.9668508386E+00 -0.4903200660E+01  0.1726403765E+00
  0.9671823303E+00 -0.4908905713E+01  0.1710140610E+00
  0.9675105070E+00 -0.4914784031E+01  0.1694021079E+00
  0.9678354019E+00 -0.4920614881E+01  0.1678043723E+00
  0.9681570479E+00 -0.4926397484E+01  0.1662207463E+00
  0.9684754774E+00 -0.4932131083E+01  0.1646511231E+00
  0.9687907226E+00 -0.4937815363E+01  0.1630953963E+00
  0.9691028154E+00 -0.4943502048E+01  0.1615534524E+00
  0.9694117872E+00 -0.4949137433E+01  0.1600251789E+00
  0.9697176694E+00 -0.4954720782E+01  0.1585104723E+00
  0.9700204927E+00 -0.4960251404E+01  0.1570092300E+00
  0.9703202877E+00 -0.4965728660E+01  0.1555213500E+00
  0.9706170849E+00 -0.4971151966E+01  0.1540467312E+00
  0.9709109140E+00 -0.4976520792E+01  0.1525852731E+00
  0.9712018049E+00 -0.4981877237E+01  0.1511368696E+00
  0.9714897868E+00 -0.4987314804E+01  0.1497013959E+00
  0.9717748890E+00 -0.4992849914E+01  0.1482787128E+00
  0.9720571401E+00 -0.4998415664E+01  0.1468686899E+00
  0.9723365687E+00 -0.5003897851E+01  0.1454712237E+00
  0.9726132030E+00 -0.5009313335E+01  0.1440862248E+00
  0.9728870709E+00 -0.5014675004E+01  0.1427136001E+00
  0.9731582002E+00 -0.5019970937E+01  0.1413532569E+00
  0.9734266182E+00 -0.5025270718E+01  0.1400050951E+00
  0.9736923521E+00 -0.5030524299E+01  0.1386690127E+00
  0.9739554285E+00 -0.5035509298E+01  0.1373449443E+00
  0.9742158742E+00 -0.5040447838E+01  0.1360328244E+00
  0.9744737155E+00 -0.5045439001E+01  0.1347325455E+00
  0.9747289784E+00 -0.5050412556E+01  0.1334439976E+00
  0.9749816886E+00 -0.5055271543E+01  0.1321670928E+00
  0.9752318717E+00 -0.5060013109E+01  0.1309017561E+00
  0.9754795530E+00 -0.5064684917E+01  0.1296479070E+00
  0.9757247574E+00 -0.5069294053E+01  0.1284054585E+00
  0.9759675099E+00 -0.5073821968E+01  0.1271743255E+00
  0.9762078348E+00 -0.5078251214E+01  0.1259544275E+00
  0.9764457564E+00 -0.5082622989E+01  0.1247456815E+00
  0.9766812989E+00 -0.5086937878E+01  0.1235480000E+00
  0.9769144859E+00 -0.5091196509E+01  0.1223612956E+00
  0.9771453410E+00 -0.5095376877E+01  0.1211854842E+00
  0.9773738876E+00 -0.5099447586E+01  0.1200204880E+00
  0.9776001487E+00 -0.5103471674E+01  0.1188662260E+00
  0.9778241472E+00 -0.5107485815E+01  0.1177226064E+00
  0.9780459058E+00 -0.5111449197E+01  0.1165895384E+00
  0.9782654467E+00 -0.5115362604E+01  0.1154669364E+00
  0.9784827922E+00 -0.5119226840E+01  0.1143547153E+00
  0.9786979643E+00 -0.5123042728E+01  0.1132527901E+00
  0.9789109847E+00 -0.5126811107E+01  0.1121610763E+00
  0.9791218748E+00 -0.5130532827E+01  0.1110794899E+00
  0.9793306561E+00 -0.5134208747E+01  0.1100079471E+00
  0.9795373495E+00 -0.5137816847E+01  0.1089463669E+00
  0.9797419760E+00 -0.5141318442E+01  0.1078946752E+00
  0.9799445563E+00 -0.5144702103E+01  0.1068528029E+00
  0.9801451107E+00 -0.5148019429E+01  0.1058206774E+00
  0.9803436596E+00 -0.5151288457E+01  0.1047982193E+00
  0.9805402230E+00 -0.5154539704E+01  0.1037853450E+00
  0.9807348208E+00 -0.5157753697E+01  0.1027819704E+00
  0.9809274726E+00 -0.5160931394E+01  0.1017880138E+00
  0.9811181978E+00 -0.5164073740E+01  0.1008033940E+00
  0.9813070158E+00 -0.5167181658E+01  0.9982803044E-01
  0.9814939457E+00 -0.5170256058E+01  0.9886184265E-01
  0.9816790062E+00 -0.5173297825E+01  0.9790475080E-01
  0.9818622162E+00 -0.5176377107E+01  0.9695666915E-01
  0.9820435940E+00 -0.5179435202E+01  0.9601751172E-01
  0.9822231581E+00 -0.5182416568E+01  0.9508720364E-01
  0.9824009265E+00 -0.5185368217E+01  0.9416567128E-01
  0.9825769172E+00 -0.5188290900E+01  0.9325283733E-01
  0.9827511481E+00 -0.5191185346E+01  0.9234862496E-01
  0.9829236366E+00 -0.5194052264E+01  0.9145295783E-01
  0.9830944002E+00 -0.5196891848E+01  0.9056576014E-01
  0.9832634562E+00 -0.5199664944E+01  0.8968696000E-01
  0.9834308216E+00 -0.5202407861E+01  0.8881648627E-01
  0.9835965134E+00 -0.5205120726E+01  0.8795426528E-01
  0.9837605483E+00 -0.5207810269E+01  0.8710022341E-01
  0.9839229428E+00 -0.5210477086E+01  0.8625428704E-01
  0.9840837134E+00 -0.5213121748E+01  0.8541638307E-01
  0.9842428762E+00 -0.5215744807E+01  0.8458643892E-01
  0.9844004475E+00 -0.5218346791E+01  0.8376438256E-01
  0.9845564430E+00 -0.5220928207E+01  0.8295014246E-01
  0.9847108786E+00 -0.5223489540E+01  0.8214364766E-01
  0.9848637698E+00 -0.5226035300E+01  0.8134482739E-01
  0.9850151321E+00 -0.5228596991E+01  0.8055360879E-01
  0.9851649808E+00 -0.5231138525E+01  0.7976992001E-01
  0.9853133310E+00 -0.5233660338E+01  0.7899369255E-01
  0.9854601977E+00 -0.5236169139E+01  0.7822485795E-01
  0.9856055957E+00 -0.5238662088E+01  0.7746334807E-01
  0.9857495397E+00 -0.5241136322E+01  0.7670909579E-01
  0.9858920443E+00 -0.5243592200E+01  0.7596203475E-01
  0.9860331239E+00 -0.5246030063E+01  0.7522209912E-01
  0.9861727926E+00 -0.5248450236E+01  0.7448922359E-01
  0.9863110647E+00 -0.5250888571E+01  0.7376334092E-01
  0.9864479541E+00 -0.5253318000E+01  0.7304438390E-01
  0.9865834745E+00 -0.5255729901E+01  0.7233228840E-01
  0.9867176398E+00 -0.5258123023E+01  0.7162699152E-01
  0.9868504634E+00 -0.5260475786E+01  0.7092843243E-01
  0.9869819588E+00 -0.5262812014E+01  0.7023655064E-01
  0.9871121392E+00 -0.5265152323E+01  0.6955128327E-01
  0.9872410178E+00 -0.5267489382E+01  0.6887256717E-01
  0.9873686076E+00 -0.5269809727E+01  0.6820034111E-01
  0.9874949215E+00 -0.5272113559E+01  0.6753454526E-01
  0.9876199723E+00 -0.5274401072E+01  0.6687512029E-01
  0.9877437726E+00 -0.5276669860E+01  0.6622200754E-01
  0.9878663349E+00 -0.5278918394E+01  0.6557514909E-01
  0.9879876715E+00 -0.5281151277E+01  0.6493448734E-01
  0.9881077948E+00 -0.5283368668E+01  0.6429996492E-01
  0.9882267168E+00 -0.5285570715E+01  0.6367152494E-01
  0.9883444497E+00 -0.5287757562E+01  0.6304911101E-01
  0.9884610052E+00 -0.5289929341E+01  0.6243266720E-01
  0.9885763951E+00 -0.5292086181E+01  0.6182213808E-01
  0.9886906312E+00 -0.5294222559E+01  0.6121746904E-01
  0.9888037249E+00 -0.5296331918E+01  0.6061860661E-01
  0.9889156876E+00 -0.5298427265E+01  0.6002549742E-01
  0.9890265307E+00 -0.5300508691E+01  0.5943808783E-01
  0.9891362654E+00 -0.5302576281E+01  0.5885632470E-01
  0.9892449028E+00 -0.5304630115E+01  0.5828015532E-01
  0.9893524538E+00 -0.5306670268E+01  0.5770952749E-01
  0.9894589292E+00 -0.5308696813E+01  0.5714438943E-01
  0.9895643399E+00 -0.5310709816E+01  0.5658468984E-01
  0.9896686965E+00 -0.5312711325E+01  0.5603037778E-01
  0.9897720096E+00 -0.5314707686E+01  0.5548140233E-01
  0.9898742895E+00 -0.5316690629E+01  0.5493771313E-01
  0.9899755466E+00 -0.5318659889E+01  0.5439926072E-01
  0.9900757911E+00 -0.5320615528E+01  0.5386599612E-01
  0.9901750332E+00 -0.5322557607E+01  0.5333787075E-01
  0.9902732829E+00 -0.5324486185E+01  0.5281483649E-01
  0.9903705500E+00 -0.5326396891E+01  0.5229684585E-01
  0.9904668445E+00 -0.5328293770E+01  0.5178385180E-01
  0.9905621761E+00 -0.5330177511E+01  0.5127580748E-01
  0.9906565543E+00 -0.5332048158E+01  0.5077266644E-01
  0.9907499888E+00 -0.5333905754E+01  0.5027438263E-01
  0.9908424889E+00 -0.5335750341E+01  0.4978091044E-01
  0.9909340640E+00 -0.5337581958E+01  0.4929220465E-01
  0.9910247234E+00 -0.5339400647E+01  0.4880822044E-01
  0.9911144761E+00 -0.5341206446E+01  0.4832891342E-01
  0.9912033314E+00 -0.5342999394E+01  0.4785423959E-01
  0.9912912981E+00 -0.5344779529E+01  0.4738415535E-01
  0.9913783851E+00 -0.5346546889E+01  0.4691861747E-01
  0.9914646012E+00 -0.5348301511E+01  0.4645758315E-01
  0.9915499552E+00 -0.5350043434E+01  0.4600100995E-01
  0.9916344557E+00 -0.5351772693E+01  0.4554885582E-01
  0.9917181111E+00 -0.5353489327E+01  0.4510107910E-01
  0.9918009300E+00 -0.5355193372E+01  0.4465763850E-01
  0.9918829207E+00 -0.5356884868E+01  0.4421849310E-01
  0.9919640915E+00 -0.5358565510E+01  0.4378360230E-01
  0.9920444506E+00 -0.5360255192E+01  0.4335292498E-01
  0.9921240061E+00 -0.5361931636E+01  0.4292642055E-01
  0.9922027660E+00 -0.5363594902E+01  0.4250404964E-01
  0.9922807383E+00 -0.5365245048E+01  0.4208577326E-01
  0.9923579310E+00 -0.5366882132E+01  0.4167155277E-01
  0.9924343516E+00 -0.5368506214E+01  0.4126134987E-01
  0.9925100081E+00 -0.5370117352E+01  0.4085512663E-01
  0.9925849081E+00 -0.5371715607E+01  0.4045284542E-01
  0.9926590590E+00 -0.5373301038E+01  0.4005446899E-01
  0.9927324684E+00 -0.5374873704E+01  0.3965996040E-01
  0.9928051437E+00 -0.5376433666E+01  0.3926928307E-01
  0.9928770923E+00 -0.5377980985E+01  0.3888240073E-01
  0.9929483213E+00 -0.5379515722E+01  0.3849927745E-01
  0.9930188381E+00 -0.5381037937E+01  0.3811987761E-01
  0.9930886497E+00 -0.5382547404E+01  0.3774416596E-01
  0.9931577632E+00 -0.5384040402E+01  0.3737210766E-01
  0.9932261856E+00 -0.5385521243E+01  0.3700366821E-01
  0.9932939238E+00 -0.5386989985E+01  0.3663881325E-01
  0.9933609845E+00 -0.5388446685E+01  0.3627750875E-01
  0.9934273747E+00 -0.5389891400E+01  0.3591972098E-01
  0.9934931009E+00 -0.5391324190E+01  0.3556541653E-01
  0.9935581699E+00 -0.5392745112E+01  0.3521456228E-01
  0.9936225882E+00 -0.5394155955E+01  0.3486712536E-01
  0.9936863623E+00 -0.5395555356E+01  0.3452307320E-01
  0.9937494987E+00 -0.5396942991E+01  0.3418237358E-01
  0.9938120037E+00 -0.5398324087E+01  0.3384499442E-01
  0.9938738837E+00 -0.5399698677E+01  0.3351090380E-01
  0.9939351449E+00 -0.5401061306E+01  0.3318007024E-01
  0.9939957934E+00 -0.5402412048E+01  0.3285246274E-01
  0.9940558355E+00 -0.5403750981E+01  0.3252805056E-01
  0.9941152771E+00 -0.5405078180E+01  0.3220680327E-01
  0.9941741243E+00 -0.5406393721E+01  0.3188869068E-01
  0.9942323831E+00 -0.5407697682E+01  0.3157368293E-01
  0.9942900593E+00 -0.5408990139E+01  0.3126175037E-01
  0.9943471587E+00 -0.5410270919E+01  0.3095286367E-01
  0.9944036871E+00 -0.5411540090E+01  0.3064699377E-01
  0.9944596502E+00 -0.5412798006E+01  0.3034411185E-01
  0.9945150537E+00 -0.5414044743E+01  0.3004418937E-01
  0.9945699032E+00 -0.5415280378E+01  0.2974719804E-01
  0.9946242041E+00 -0.5416504986E+01  0.2945310983E-01
  0.9946779621E+00 -0.5417718643E+01  0.2916189695E-01
  0.9947311825E+00 -0.5418921427E+01  0.2887353191E-01
  0.9947838707E+00 -0.5420111447E+01  0.2858798748E-01
  0.9948360320E+00 -0.5421288294E+01  0.2830523676E-01
  0.9948876716E+00 -0.5422454665E+01  0.2802525305E-01
  0.9949387949E+00 -0.5423610630E+01  0.2774800981E-01
  0.9949894070E+00 -0.5424757243E+01  0.2747348074E-01
  0.9950395129E+00 -0.5425894613E+01  0.2720163974E-01
  0.9950891178E+00 -0.5427021716E+01  0.2693246098E-01
  0.9951382266E+00 -0.5428138627E+01  0.2666591891E-01
  0.9951868443E+00 -0.5429245419E+01  0.2640198821E-01
  0.9952349759E+00 -0.5430342165E+01  0.2614064378E-01
  0.9952826261E+00 -0.5431428937E+01  0.2588186077E-01
  0.9953297999E+00 -0.5432505810E+01  0.2562561456E-01
  0.9953765019E+00 -0.5433572855E+01  0.2537188075E-01
  0.9954227368E+00 -0.5434630147E+01  0.2512063517E-01
  0.9954685095E+00 -0.5435677758E+01  0.2487185387E-01
  0.9955138244E+00 -0.5436715760E+01  0.2462551313E-01
  0.9955586861E+00 -0.5437744227E+01  0.2438158944E-01
  0.9956030993E+00 -0.5438763230E+01  0.2414005953E-01
  0.9956470683E+00 -0.5439772843E+01  0.2390090031E-01
  0.9956905976E+00 -0.5440773136E+01  0.2366408894E-01
  0.9957336916E+00 -0.5441764183E+01  0.2342960278E-01
  0.9957763547E+00 -0.5442746054E+01  0.2319741939E-01
  0.9958185912E+00 -0.5443718822E+01  0.2296751656E-01
  0.9958604053E+00 -0.5444682558E+01  0.2273987228E-01
  0.9959018012E+00 -0.5445637334E+01  0.2251446472E-01
  0.9959427832E+00 -0.5446583219E+01  0.2229127229E-01
  0.9959833554E+00 -0.5447520286E+01  0.2207027359E-01
  0.9960235218E+00 -0.5448448604E+01  0.2185144742E-01
  0.9960632866E+00 -0.5449368244E+01  0.2163477276E-01
  0.9961026537E+00 -0.5450279275E+01  0.2142022882E-01
  0.9961416272E+00 -0.5451181768E+01  0.2120779498E-01
  0.9961802109E+00 -0.5452075184E+01  0.2099745083E-01
  0.9962184088E+00 -0.5452960099E+01  0.2078917615E-01
  0.9962562247E+00 -0.5453836711E+01  0.2058295092E-01
  0.9962936625E+00 -0.5454705087E+01  0.2037875527E-01
  0.9963307258E+00 -0.5455565295E+01  0.2017656955E-01
  0.9963674186E+00 -0.5456417402E+01  0.1997637427E-01
  0.9964037444E+00 -0.5457261475E+01  0.1977815013E-01
  0.9964397070E+00 -0.5458097582E+01  0.1958187803E-01
  0.9964753099E+00 -0.5458925787E+01  0.1938753901E-01
  0.9965105568E+00 -0.5459746158E+01  0.1919511434E-01
  0.9965454512E+00 -0.5460558761E+01  0.1900458542E-01
  0.9965799967E+00 -0.5461363659E+01  0.1881593385E-01
  0.9966141967E+00 -0.5462160920E+01  0.1862914140E-01
  0.9966480548E+00 -0.5462950607E+01  0.1844419001E-01
  0.9966815742E+00 -0.5463732785E+01  0.1826106179E-01
  0.9967147585E+00 -0.5464507518E+01  0.1807973901E-01
  0.9967476109E+00 -0.5465274870E+01  0.1790020414E-01
  0.9967801348E+00 -0.5466034905E+01  0.1772243978E-01
  0.9968123334E+00 -0.5466787685E+01  0.1754642870E-01
  0.9968442101E+00 -0.5467533273E+01  0.1737215385E-01
  0.9968757680E+00 -0.5468271731E+01  0.1719959834E-01
  0.9969070103E+00 -0.5469003122E+01  0.1702874542E-01
  0.9969379402E+00 -0.5469727507E+01  0.1685957851E-01
  0.9969685608E+00 -0.5470444233E+01  0.1669208121E-01
  0.9969988752E+00 -0.5471153867E+01  0.1652623727E-01
  0.9970288865E+00 -0.5471856715E+01  0.1636203057E-01
  0.9970585976E+00 -0.5472552834E+01  0.1619944515E-01
  0.9970880116E+00 -0.5473242284E+01  0.1603846521E-01
  0.9971171315E+00 -0.5473925123E+01  0.1587907509E-01
  0.9971459602E+00 -0.5474601409E+01  0.1572125928E-01
  0.9971745006E+00 -0.5475271200E+01  0.1556500241E-01
  0.9972027556E+00 -0.5475934553E+01  0.1541028929E-01
  0.9972307280E+00 -0.5476591525E+01  0.1525710482E-01
  0.9972584207E+00 -0.5477242173E+01  0.1510543410E-01
  0.9972858365E+00 -0.5477886552E+01  0.1495526233E-01
  0.9973129782E+00 -0.5478524718E+01  0.1480657488E-01
  0.9973398484E+00 -0.5479156728E+01  0.1465935723E-01
  0.9973664499E+00 -0.5479782636E+01  0.1451359503E-01
  0.9973927854E+00 -0.5480402496E+01  0.1436927405E-01
  0.9974188575E+00 -0.5481016364E+01  0.1422638019E-01
  0.9974446690E+00 -0.5481624293E+01  0.1408489950E-01
  0.9974702223E+00 -0.5482226337E+01  0.1394481816E-01
  0.9974955201E+00 -0.5482822549E+01  0.1380612248E-01
  0.9975205649E+00 -0.5483412982E+01  0.1366879890E-01
  0.9975453592E+00 -0.5483997689E+01  0.1353283398E-01
  0.9975699056E+00 -0.5484576721E+01  0.1339821443E-01
  0.9975942066E+00 -0.5485150131E+01  0.1326492707E-01
  0.9976182645E+00 -0.5485717969E+01  0.1313295886E-01
  0.9976420819E+00 -0.5486280287E+01  0.1300229687E-01
  0.9976656610E+00 -0.5486837135E+01  0.1287292831E-01
  0.9976890044E+00 -0.5487388564E+01  0.1274484049E-01
  0.9977121144E+00 -0.5487934624E+01  0.1261802088E-01
  0.9977349932E+00 -0.5488475363E+01  0.1249245703E-01
  0.9977576433E+00 -0.5489010831E+01  0.1236813662E-01
  0.9977800669E+00 -0.5489541078E+01  0.1224504748E-01
  0.9978022662E+00 -0.5490066150E+01  0.1212317751E-01
  0.9978242435E+00 -0.5490586097E+01  0.1200251475E-01
  0.9978460011E+00 -0.5491100965E+01  0.1188304737E-01
  0.9978675411E+00 -0.5491610803E+01  0.1176476363E-01
  0.9978888657E+00 -0.5492115656E+01  0.1164765190E-01
  0.9979099770E+00 -0.5492615572E+01  0.1153170068E-01
  0.9979308773E+00 -0.5493110597E+01  0.1141689858E-01
  0.9979515685E+00 -0.5493600776E+01  0.1130323431E-01
  0.9979720528E+00 -0.5494086155E+01  0.1119069669E-01
  0.9979923323E+00 -0.5494566779E+01  0.1107927465E-01
  0.9980124089E+00 -0.5495042692E+01  0.1096895723E-01
  0.9980322849E+00 -0.5495513939E+01  0.1085973357E-01
  0.9980519620E+00 -0.5495980564E+01  0.1075159292E-01
  0.9980714424E+00 -0.5496442610E+01  0.1064452463E-01
  0.9980907280E+00 -0.5496900120E+01  0.1053851816E-01
  0.9981098207E+00 -0.5497353139E+01  0.1043356305E-01
  0.9981287225E+00 -0.5497801707E+01  0.1032964898E-01
  0.9981474353E+00 -0.5498245867E+01  0.1022676570E-01
  0.9981659609E+00 -0.5498685661E+01  0.1012490306E-01
  0.9981843013E+00 -0.5499121131E+01  0.1002405102E-01
  0.9982024583E+00 -0.5499552317E+01  0.9924199637E-02
  0.9982204337E+00 -0.5499979260E+01  0.9825339052E-02
  0.9982382294E+00 -0.5500402001E+01  0.9727459513E-02
  0.9982558471E+00 -0.5500820579E+01  0.9630551359E-02
  0.9982732886E+00 -0.5501235035E+01  0.9534605021E-02
  0.9982905557E+00 -0.5501645408E+01  0.9439611025E-02
  0.9983076502E+00 -0.5502051737E+01  0.9345559989E-02
  0.9983245737E+00 -0.5502454060E+01  0.9252442620E-02
  0.9983413279E+00 -0.5502852416E+01  0.9160249718E-02
  0.9983579146E+00 -0.5503246843E+01  0.9068972170E-02
  0.9983743355E+00 -0.5503637378E+01  0.8978600952E-02
  0.9983905921E+00 -0.5504024059E+01  0.8889127130E-02
  0.9984066862E+00 -0.5504406924E+01  0.8800541853E-02
  0.9984226194E+00 -0.5504786008E+01  0.8712836358E-02
  0.9984383932E+00 -0.5505161348E+01  0.8626001969E-02
  0.9984540092E+00 -0.5505532980E+01  0.8540030091E-02
  0.9984694691E+00 -0.5505900940E+01  0.8454912214E-02
  0.9984847744E+00 -0.5506265264E+01  0.8370639913E-02
  0.9984999267E+00 -0.5506625986E+01  0.8287204842E-02
  0.9985149274E+00 -0.5506983141E+01  0.8204598737E-02
  0.9985297782E+00 -0.5507336764E+01  0.8122813415E-02
  0.9985444804E+00 -0.5507686888E+01  0.8041840773E-02
  0.9985590356E+00 -0.5508033548E+01  0.7961672786E-02
  0.9985734452E+00 -0.5508376778E+01  0.7882301509E-02
  0.9985877108E+00 -0.5508716610E+01  0.7803719073E-02
  0.9986018337E+00 -0.5509053078E+01  0.7725917685E-02
  0.9986158153E+00 -0.5509386213E+01  0.7648889630E-02
  0.9986296572E+00 -0.5509716049E+01  0.7572627268E-02
  0.9986433606E+00 -0.5510042618E+01  0.7497123031E-02
  0.9986569270E+00 -0.5510365951E+01  0.7422369428E-02
  0.9986703577E+00 -0.5510686080E+01  0.7348359041E-02
  0.9986836541E+00 -0.5511003035E+01  0.7275084521E-02
  0.9986968176E+00 -0.5511316849E+01  0.7202538596E-02
  0.9987098494E+00 -0.5511627551E+01  0.7130714060E-02
  0.9987227509E+00 -0.5511935171E+01  0.7059603781E-02
  0.9987355234E+00 -0.5512239741E+01  0.6989200695E-02
  0.9987481682E+00 -0.5512541289E+01  0.6919497808E-02
  0.9987606865E+00 -0.5512839846E+01  0.6850488194E-02
  0.9987730796E+00 -0.5513135439E+01  0.6782164994E-02
  0.9987853488E+00 -0.5513428099E+01  0.6714521417E-02
  0.9987974954E+00 -0.5513717854E+01  0.6647550739E-02
  0.9988095204E+00 -0.5514004732E+01  0.6581246301E-02
  0.9988214252E+00 -0.5514288762E+01  0.6515601509E-02
  0.9988332109E+00 -0.5514569971E+01  0.6450609834E-02
  0.9988448788E+00 -0.5514848388E+01  0.6386264811E-02
  0.9988564300E+00 -0.5515124038E+01  0.6322560038E-02
  0.9988678657E+00 -0.5515396950E+01  0.6259489176E-02
  0.9988791871E+00 -0.5515667151E+01  0.6197045948E-02
  0.9988903952E+00 -0.5515934666E+01  0.6135224140E-02
  0.9989014913E+00 -0.5516199523E+01  0.6074017595E-02
  0.9989124764E+00 -0.5516461748E+01  0.6013420222E-02
  0.9989233516E+00 -0.5516721365E+01  0.5953425984E-02
  0.9989341181E+00 -0.5516978401E+01  0.5894028907E-02
  0.9989447769E+00 -0.5517232882E+01  0.5835223075E-02
  0.9989553291E+00 -0.5517484832E+01  0.5777002630E-02
  0.9989657758E+00 -0.5517734276E+01  0.5719361770E-02
  0.9989761181E+00 -0.5517981239E+01  0.5662294751E-02
  0.9989863569E+00 -0.5518225746E+01  0.5605795887E-02
  0.9989964933E+00 -0.5518467820E+01  0.5549859545E-02
  0.9990065284E+00 -0.5518707485E+01  0.5494480150E-02
  0.9990164631E+00 -0.5518944766E+01  0.5439652179E-02
  0.9990262985E+00 -0.5519179685E+01  0.5385370166E-02
  0.9990360355E+00 -0.5519412267E+01  0.5331628697E-02
  0.9990456751E+00 -0.5519642533E+01  0.5278422412E-02
  0.9990552184E+00 -0.5519870507E+01  0.5225746003E-02
  0.9990646662E+00 -0.5520096211E+01  0.5173594215E-02
  0.9990740195E+00 -0.5520319669E+01  0.5121961845E-02
  0.9990832793E+00 -0.5520540901E+01  0.5070843739E-02
  0.9990924466E+00 -0.5520759931E+01  0.5020234796E-02
  0.9991015221E+00 -0.5520976779E+01  0.4970129965E-02
  0.9991105069E+00 -0.5521191467E+01  0.4920524244E-02
  0.9991194018E+00 -0.5521404017E+01  0.4871412679E-02
  0.9991282078E+00 -0.5521614450E+01  0.4822790368E-02
  0.9991369257E+00 -0.5521822787E+01  0.4774652455E-02
  0.9991455564E+00 -0.5522029048E+01  0.4726994131E-02
  0.9991541009E+00 -0.5522233253E+01  0.4679810637E-02
  0.9991625599E+00 -0.5522435425E+01  0.4633097260E-02
  0.9991709343E+00 -0.5522635581E+01  0.4586849331E-02
  0.9991792249E+00 -0.5522833743E+01  0.4541062231E-02
  0.9991874327E+00 -0.5523029930E+01  0.4495731383E-02
  0.9991955584E+00 -0.5523224161E+01  0.4450852258E-02
  0.9992036028E+00 -0.5523416457E+01  0.4406420369E-02
  0.9992115667E+00 -0.5523606835E+01  0.4362431275E-02
  0.9992194511E+00 -0.5523795316E+01  0.4318880579E-02
  0.9992272566E+00 -0.5523981918E+01  0.4275763925E-02
  0.9992349840E+00 -0.5524166659E+01  0.4233077004E-02
  0.9992426342E+00 -0.5524349559E+01  0.4190815545E-02
  0.9992502078E+00 -0.5524530634E+01  0.4148975323E-02
  0.9992577057E+00 -0.5524709904E+01  0.4107552152E-02
  0.9992651287E+00 -0.5524887386E+01  0.4066541889E-02
  0.9992724774E+00 -0.5525063099E+01  0.4025940430E-02
  0.9992797526E+00 -0.5525237058E+01  0.3985743714E-02
  0.9992869551E+00 -0.5525409283E+01  0.3945947719E-02
  0.9992940855E+00 -0.5525579790E+01  0.3906548462E-02
  0.9993011447E+00 -0.5525748596E+01  0.3867541999E-02
  0.9993081332E+00 -0.5525915718E+01  0.3828924428E-02
  0.9993150519E+00 -0.5526081173E+01  0.3790691881E-02
  0.9993219014E+00 -0.5526244977E+01  0.3752840533E-02
  0.9993286824E+00 -0.5526407147E+01  0.3715366592E-02
  0.9993353956E+00 -0.5526567699E+01  0.3678266308E-02
  0.9993420416E+00 -0.5526726649E+01  0.3641535965E-02
  0.9993486212E+00 -0.5526884013E+01  0.3605171885E-02
  0.9993551350E+00 -0.5527039806E+01  0.3569170426E-02
  0.9993615836E+00 -0.5527194045E+01  0.3533527982E-02
  0.9993679678E+00 -0.5527346745E+01  0.3498240982E-02
  0.9993742881E+00 -0.5527497921E+01  0.3463305892E-02
  0.9993805452E+00 -0.5527647587E+01  0.3428719212E-02
  0.9993867398E+00 -0.5527795761E+01  0.3394477476E-02
  0.9993928724E+00 -0.5527942455E+01  0.3360577253E-02
  0.9993989436E+00 -0.5528087685E+01  0.3327015146E-02
  0.9994049542E+00 -0.5528231465E+01  0.3293787792E-02
  0.9994109047E+00 -0.5528373810E+01  0.3260891860E-02
  0.9994167956E+00 -0.5528514734E+01  0.3228324053E-02
  0.9994226277E+00 -0.5528654252E+01  0.3196081106E-02
  0.9994284014E+00 -0.5528792376E+01  0.3164159788E-02
  0.9994341174E+00 -0.5528929122E+01  0.3132556897E-02
  0.9994397762E+00 -0.5529064502E+01  0.3101269264E-02
  0.9994453784E+00 -0.5529198530E+01  0.3070293754E-02
  0.9994509247E+00 -0.5529331221E+01  0.3039627259E-02
  0.9994564154E+00 -0.5529462586E+01  0.3009266704E-02
  0.9994618513E+00 -0.5529592640E+01  0.2979209044E-02
  0.9994672327E+00 -0.5529721395E+01  0.2949451264E-02
  0.9994725604E+00 -0.5529848864E+01  0.2919990380E-02
  0.9994778348E+00 -0.5529975061E+01  0.2890823435E-02
  0.9994830565E+00 -0.5530099997E+01  0.2861947504E-02
  0.9994882259E+00 -0.5530223685E+01  0.2833359690E-02
  0.9994933436E+00 -0.5530346139E+01  0.2805057124E-02
  0.9994984102E+00 -0.5530467369E+01  0.2777036967E-02
  0.9995034261E+00 -0.5530587388E+01  0.2749296406E-02
  0.9995083918E+00 -0.5530706209E+01  0.2721832657E-02
  0.9995133079E+00 -0.5530823843E+01  0.2694642965E-02
  0.9995181748E+00 -0.5530940302E+01  0.2667724600E-02
  0.9995229931E+00 -0.5531055598E+01  0.2641074861E-02
  0.9995277632E+00 -0.5531169743E+01  0.2614691071E-02
  0.9995324855E+00 -0.5531282747E+01  0.2588570583E-02
  0.9995371607E+00 -0.5531394622E+01  0.2562710775E-02
  0.9995417891E+00 -0.5531505380E+01  0.2537109049E-02
  0.9995463712E+00 -0.5531615031E+01  0.2511762836E-02
  0.9995509075E+00 -0.5531723587E+01  0.2486669589E-02
  0.9995553984E+00 -0.5531831058E+01  0.2461826791E-02
  0.9995598444E+00 -0.5531937456E+01  0.2437231944E-02
  0.9995642460E+00 -0.5532042791E+01  0.2412882581E-02
  0.9995686035E+00 -0.5532147074E+01  0.2388776254E-02
  0.9995729175E+00 -0.5532250314E+01  0.2364910542E-02
  0.9995771883E+00 -0.5532352524E+01  0.2341283050E-02
  0.9995814164E+00 -0.5532453712E+01  0.2317891402E-02
  0.9995856022E+00 -0.5532553889E+01  0.2294733249E-02
  0.9995897462E+00 -0.5532653065E+01  0.2271806264E-02
  0.9995938488E+00 -0.5532751250E+01  0.2249108145E-02
  0.9995979103E+00 -0.5532848454E+01  0.2226636610E-02
  0.9996019312E+00 -0.5532944687E+01  0.2204389401E-02
  0.9996059119E+00 -0.5533039959E+01  0.2182364284E-02
  0.9996098527E+00 -0.5533134278E+01  0.2160559044E-02
  0.9996137542E+00 -0.5533227655E+01  0.2138971490E-02
  0.9996176167E+00 -0.5533320099E+01  0.2117599453E-02
  0.9996214405E+00 -0.5533411619E+01  0.2096440784E-02
  0.9996252261E+00 -0.5533502224E+01  0.2075493358E-02
  0.9996289738E+00 -0.5533591925E+01  0.2054755068E-02
  0.9996326841E+00 -0.5533680728E+01  0.2034223830E-02
  0.9996363573E+00 -0.5533768645E+01  0.2013897579E-02
  0.9996399937E+00 -0.5533855682E+01  0.1993774273E-02
  0.9996435938E+00 -0.5533941850E+01  0.1973851888E-02
  0.9996471578E+00 -0.5534027157E+01  0.1954128422E-02
  0.9996506862E+00 -0.5534111611E+01  0.1934601890E-02
  0.9996541794E+00 -0.5534195222E+01  0.1915270331E-02
  0.9996576376E+00 -0.5534277996E+01  0.1896131799E-02
  0.9996610612E+00 -0.5534359944E+01  0.1877184371E-02
  0.9996644506E+00 -0.5534441072E+01  0.1858426140E-02
  0.9996678400E+00 -0.5534522201E+01  0.1839667635E-02
  0.9996712294E+00 -0.5534603330E+01  0.1820908854E-02
  0.9996746188E+00 -0.5534684460E+01  0.1802149799E-02
  0.9996780081E+00 -0.5534765590E+01  0.1783390469E-02
  0.9996813975E+00 -0.5534846721E+01  0.1764630863E-02
  0.9996847869E+00 -0.5534927852E+01  0.1745870983E-02
  0.9996881763E+00 -0.5535008984E+01  0.1727110828E-02
  0.9996915657E+00 -0.5535090116E+01  0.1708350397E-02
  0.9996949551E+00 -0.5535171248E+01  0.1689589692E-02
  0.9996983445E+00 -0.5535252381E+01  0.1670828712E-02
  0.9997017339E+00 -0.5535333514E+01  0.1652067457E-02
  0.9997051232E+00 -0.5535414648E+01  0.1633305926E-02
  0.9997085126E+00 -0.5535495782E+01  0.1614544121E-02
  0.9997119020E+00 -0.5535576916E+01  0.1595782041E-02
  0.9997152914E+00 -0.5535658051E+01  0.1577019686E-02
  0.9997186808E+00 -0.5535739186E+01  0.1558257055E-02
  0.9997220702E+00 -0.5535820322E+01  0.1539494150E-02
  0.9997254596E+00 -0.5535901458E+01  0.1520730970E-02
  0.9997288490E+00 -0.5535982595E+01  0.1501967515E-02
  0.9997322384E+00 -0.5536063731E+01  0.1483203784E-02
  0.9997356277E+00 -0.5536144869E+01  0.1464439779E-02
  0.9997390171E+00 -0.5536226006E+01  0.1445675499E-02
  0.9997424065E+00 -0.5536307144E+01  0.1426910944E-02
  0.9997457959E+00 -0.5536388282E+01  0.1408146113E-02
  0.9997491853E+00 -0.5536469421E+01  0.1389381008E-02
  0.9997525747E+00 -0.5536550560E+01  0.1370615628E-02
  0.9997559641E+00 -0.5536631699E+01  0.1351849972E-02
  0.9997593535E+00 -0.5536712839E+01  0.1333084042E-02
  0.9997627428E+00 -0.5536793979E+01  0.1314317837E-02
  0.9997661322E+00 -0.5536875119E+01  0.1295551356E-02
  0.9997695216E+00 -0.5536956260E+01  0.1276784601E-02
  0.9997729110E+00 -0.5537037401E+01  0.1258017571E-02
  0.9997763004E+00 -0.5537118542E+01  0.1239250265E-02
  0.9997796898E+00 -0.5537199684E+01  0.1220482685E-02
  0.9997830792E+00 -0.5537280825E+01  0.1201714829E-02
  0.9997864686E+00 -0.5537361968E+01  0.1182946699E-02
  0.9997898579E+00 -0.5537443110E+01  0.1164178294E-02
  0.9997932473E+00 -0.5537524253E+01  0.1145409613E-02
  0.9997966367E+00 -0.5537605396E+01  0.1126640657E-02
  0.9998000261E+00 -0.5537686539E+01  0.1107871427E-02
  0.9998034155E+00 -0.5537767683E+01  0.1089101921E-02
  0.9998068049E+00 -0.5537848827E+01  0.1070332141E-02
  0.9998101943E+00 -0.5537929971E+01  0.1051562085E-02
  0.9998135837E+00 -0.5538011115E+01  0.1032791754E-02
  0.9998169731E+00 -0.5538092260E+01  0.1014021149E-02
  0.9998203624E+00 -0.5538173405E+01  0.9952502680E-03
  0.9998237518E+00 -0.5538254550E+01  0.9764791122E-03
  0.9998271412E+00 -0.5538335696E+01  0.9577076814E-03
  0.9998305306E+00 -0.5538416841E+01  0.9389359756E-03
  0.9998339200E+00 -0.5538497987E+01  0.9201639947E-03
  0.9998373094E+00 -0.5538579133E+01  0.9013917388E-03
  0.9998406988E+00 -0.5538660280E+01  0.8826192078E-03
  0.9998440882E+00 -0.5538741426E+01  0.8638464019E-03
  0.9998474775E+00 -0.5538822573E+01  0.8450733209E-03
  0.9998508669E+00 -0.5538903720E+01  0.8262999648E-03
  0.9998542563E+00 -0.5538984867E+01  0.8075263337E-03
  0.9998576457E+00 -0.5539066015E+01  0.7887524276E-03
  0.9998610351E+00 -0.5539147163E+01  0.7699782464E-03
  0.9998644245E+00 -0.5539228310E+01  0.7512037902E-03
  0.9998678139E+00 -0.5539309458E+01  0.7324290590E-03
  0.9998712033E+00 -0.5539390607E+01  0.7136540527E-03
  0.9998745926E+00 -0.5539471755E+01  0.6948787713E-03
  0.9998779820E+00 -0.5539552903E+01  0.6761032149E-03
  0.9998813714E+00 -0.5539634052E+01  0.6573273835E-03
  0.9998847608E+00 -0.5539715201E+01  0.6385512770E-03
  0.9998881502E+00 -0.5539796350E+01  0.6197748955E-03
  0.9998915396E+00 -0.5539877499E+01  0.6009982390E-03
  0.9998949290E+00 -0.5539958649E+01  0.5822213073E-03
  0.9998983184E+00 -0.5540039798E+01  0.5634441007E-03
  0.9999017077E+00 -0.5540120948E+01  0.5446666190E-03
  0.9999050971E+00 -0.5540202098E+01  0.5258888622E-03
  0.9999084865E+00 -0.5540283247E+01  0.5071108304E-03
  0.9999118759E+00 -0.5540364397E+01  0.4883325236E-03
  0.9999152653E+00 -0.5540445548E+01  0.4695539417E-03
  0.9999186547E+00 -0.5540526698E+01  0.4507750847E-03
  0.9999220441E+00 -0.5540607848E+01  0.4319959527E-03
  0.9999254335E+00 -0.5540688999E+01  0.4132165457E-03
  0.9999288229E+00 -0.5540770149E+01  0.3944368636E-03
  0.9999322122E+00 -0.5540851300E+01  0.3756569065E-03
  0.9999356016E+00 -0.5540932451E+01  0.3568766743E-03
  0.9999389910E+00 -0.5541013602E+01  0.3380961670E-03
  0.9999423804E+00 -0.5541094753E+01  0.3193153847E-03
  0.9999457698E+00 -0.5541175904E+01  0.3005343273E-03
  0.9999491592E+00 -0.5541257055E+01  0.2817529949E-03
  0.9999525486E+00 -0.5541338206E+01  0.2629713875E-03
  0.9999559380E+00 -0.5541419357E+01  0.2441895050E-03
  0.9999593273E+00 -0.5541500509E+01  0.2254073474E-03
  0.9999627167E+00 -0.5541581660E+01  0.2066249148E-03
  0.9999661061E+00 -0.5541662811E+01  0.1878422071E-03
  0.9999694955E+00 -0.5541743963E+01  0.1690592244E-03
  0.9999728849E+00 -0.5541825114E+01  0.1502759666E-03
  0.9999762743E+00 -0.5541906266E+01  0.1314924338E-03
  0.9999796637E+00 -0.5541987417E+01  0.1127086259E-03
  0.9999830531E+00 -0.5542068569E+01  0.9392454292E-04
  0.9999864424E+00 -0.5542149721E+01  0.7514018492E-04
  0.9999898318E+00 -0.5542230872E+01  0.5635555187E-04
  0.9999932212E+00 -0.5542312024E+01  0.3757064376E-04
  0.9999966106E+00 -0.5542393176E+01  0.1878546060E-04
  0.1000000000E+01 -0.5542475735E+01  0.3877788794E-17
  0.1000000000E+01 -0.5542475735E+01  0.0000000000E+00
