  0.0000000000E+00  0.5542473970E+01  0.0000000000E+00
  0.6996492144E-18  0.5542473970E+01  0.3877787559E-17
  0.3389387958E-05  0.5542466320E+01  0.1878558157E-04
  0.6778775916E-05  0.5542458670E+01  0.3757113720E-04
  0.1016816387E-04  0.5542451020E+01  0.5635666691E-04
  0.1355755183E-04  0.5542443370E+01  0.7514217070E-04
  0.1694693979E-04  0.5542435720E+01  0.9392764855E-04
  0.2033632775E-04  0.5542428070E+01  0.1127131005E-03
  0.2372571571E-04  0.5542420421E+01  0.1314985265E-03
  0.2711510367E-04  0.5542412771E+01  0.1502839265E-03
  0.3050449162E-04  0.5542405121E+01  0.1690693007E-03
  0.3389387958E-04  0.5542397471E+01  0.1878546489E-03
  0.3728326754E-04  0.5542389821E+01  0.2066399712E-03
  0.4067265550E-04  0.5542382171E+01  0.2254252675E-03
  0.4406204346E-04  0.5542374522E+01  0.2442105380E-03
  0.4745143141E-04  0.5542366872E+01  0.2629957825E-03
  0.5084081937E-04  0.5542359222E+01  0.2817810010E-03
  0.5423020733E-04  0.5542351572E+01  0.3005661937E-03
  0.5761959529E-04  0.5542343922E+01  0.3193513604E-03
  0.6100898325E-04  0.5542336272E+01  0.3381365012E-03
  0.6439837120E-04  0.5542328622E+01  0.3569216160E-03
  0.6778775916E-04  0.5542320972E+01  0.3757067050E-03
  0.7117714712E-04  0.5542313322E+01  0.3944917680E-03
  0.7456653508E-04  0.5542305673E+01  0.4132768050E-03
  0.7795592304E-04  0.5542298023E+01  0.4320618162E-03
  0.8134531100E-04  0.5542290373E+01  0.4508468014E-03
  0.8473469895E-04  0.5542282723E+01  0.4696317607E-03
  0.8812408691E-04  0.5542275073E+01  0.4884166940E-03
  0.9151347487E-04  0.5542267423E+01  0.5072016015E-03
  0.9490286283E-04  0.5542259773E+01  0.5259864830E-03
  0.9829225079E-04  0.5542252123E+01  0.5447713385E-03
  0.1016816387E-03  0.5542244473E+01  0.5635561682E-03
  0.1050710267E-03  0.5542236823E+01  0.5823409719E-03
  0.1084604147E-03  0.5542229173E+01  0.6011257497E-03
  0.1118498026E-03  0.5542221523E+01  0.6199105015E-03
  0.1152391906E-03  0.5542213873E+01  0.6386952275E-03
  0.1186285785E-03  0.5542206223E+01  0.6574799274E-03
  0.1220179665E-03  0.5542198573E+01  0.6762646015E-03
  0.1254073545E-03  0.5542190923E+01  0.6950492497E-03
  0.1287967424E-03  0.5542183273E+01  0.7138338719E-03
  0.1321861304E-03  0.5542175623E+01  0.7326184682E-03
  0.1355755183E-03  0.5542167973E+01  0.7514030385E-03
  0.1389649063E-03  0.5542160323E+01  0.7701875829E-03
  0.1423542942E-03  0.5542152673E+01  0.7889721014E-03
  0.1457436822E-03  0.5542145023E+01  0.8077565940E-03
  0.1491330702E-03  0.5542137373E+01  0.8265410606E-03
  0.1525224581E-03  0.5542129722E+01  0.8453255013E-03
  0.1559118461E-03  0.5542122072E+01  0.8641099161E-03
  0.1593012340E-03  0.5542114422E+01  0.8828943050E-03
  0.1626906220E-03  0.5542106772E+01  0.9016786679E-03
  0.1660800099E-03  0.5542099122E+01  0.9204630049E-03
  0.1694693979E-03  0.5542091472E+01  0.9392473159E-03
  0.1728587859E-03  0.5542083821E+01  0.9580316011E-03
  0.1762481738E-03  0.5542076171E+01  0.9768158603E-03
  0.1796375618E-03  0.5542068521E+01  0.9956000936E-03
  0.1830269497E-03  0.5542060871E+01  0.1014384301E-02
  0.1864163377E-03  0.5542053221E+01  0.1033168482E-02
  0.1898057257E-03  0.5542045570E+01  0.1051952638E-02
  0.1931951136E-03  0.5542037920E+01  0.1070736767E-02
  0.1965845016E-03  0.5542030270E+01  0.1089520871E-02
  0.1999738895E-03  0.5542022619E+01  0.1108304949E-02
  0.2033632775E-03  0.5542014969E+01  0.1127089000E-02
  0.2067526654E-03  0.5542007319E+01  0.1145873026E-02
  0.2101420534E-03  0.5541999668E+01  0.1164657026E-02
  0.2135314414E-03  0.5541992018E+01  0.1183441000E-02
  0.2169208293E-03  0.5541984367E+01  0.1202224948E-02
  0.2203102173E-03  0.5541976717E+01  0.1221008870E-02
  0.2236996052E-03  0.5541969067E+01  0.1239792766E-02
  0.2270889932E-03  0.5541961416E+01  0.1258576637E-02
  0.2304783812E-03  0.5541953766E+01  0.1277360481E-02
  0.2338677691E-03  0.5541946115E+01  0.1296144299E-02
  0.2372571571E-03  0.5541938465E+01  0.1314928092E-02
  0.2406465450E-03  0.5541930814E+01  0.1333711858E-02
  0.2440359330E-03  0.5541923163E+01  0.1352495599E-02
  0.2474253209E-03  0.5541915513E+01  0.1371279314E-02
  0.2508147089E-03  0.5541907862E+01  0.1390063002E-02
  0.2542040969E-03  0.5541900212E+01  0.1408846665E-02
  0.2575934848E-03  0.5541892561E+01  0.1427630302E-02
  0.2609828728E-03  0.5541884910E+01  0.1446413913E-02
  0.2643722607E-03  0.5541877260E+01  0.1465197498E-02
  0.2677616487E-03  0.5541869609E+01  0.1483981057E-02
  0.2711510367E-03  0.5541861958E+01  0.1502764590E-02
  0.2745404246E-03  0.5541854307E+01  0.1521548098E-02
  0.2779298126E-03  0.5541846657E+01  0.1540331579E-02
  0.2813192005E-03  0.5541839006E+01  0.1559115034E-02
  0.2847085885E-03  0.5541831355E+01  0.1577898464E-02
  0.2880979764E-03  0.5541823704E+01  0.1596681867E-02
  0.2914873644E-03  0.5541816053E+01  0.1615465245E-02
  0.2948767524E-03  0.5541808402E+01  0.1634248596E-02
  0.2982661403E-03  0.5541800751E+01  0.1653031922E-02
  0.3016555283E-03  0.5541793100E+01  0.1671815222E-02
  0.3050449162E-03  0.5541785449E+01  0.1690598496E-02
  0.3084343042E-03  0.5541777798E+01  0.1709381744E-02
  0.3118236921E-03  0.5541770147E+01  0.1728164965E-02
  0.3152130801E-03  0.5541762496E+01  0.1746948162E-02
  0.3186024681E-03  0.5541754845E+01  0.1765731332E-02
  0.3219918560E-03  0.5541747194E+01  0.1784514476E-02
  0.3253812440E-03  0.5541739543E+01  0.1803297594E-02
  0.3287706319E-03  0.5541731892E+01  0.1822080686E-02
  0.3321600199E-03  0.5541724241E+01  0.1840863753E-02
  0.3355494079E-03  0.5541716589E+01  0.1859646793E-02
  0.3389387958E-03  0.5541708938E+01  0.1878429808E-02
  0.3423624200E-03  0.5541701209E+01  0.1897402523E-02
  0.3458206263E-03  0.5541693403E+01  0.1916566856E-02
  0.3493137639E-03  0.5541685517E+01  0.1935924740E-02
  0.3528421858E-03  0.5541677552E+01  0.1955478130E-02
  0.3564062483E-03  0.5541669506E+01  0.1975229001E-02
  0.3600063114E-03  0.5541661379E+01  0.1995179346E-02
  0.3636427388E-03  0.5541653170E+01  0.2015331180E-02
  0.3673158977E-03  0.5541644878E+01  0.2035686538E-02
  0.3710261593E-03  0.5541636502E+01  0.2056247475E-02
  0.3747738983E-03  0.5541628042E+01  0.2077016066E-02
  0.3785594932E-03  0.5541619495E+01  0.2097994409E-02
  0.3823833265E-03  0.5541610863E+01  0.2119184621E-02
  0.3862457844E-03  0.5541602143E+01  0.2140588843E-02
  0.3901472569E-03  0.5541593336E+01  0.2162209234E-02
  0.3940881383E-03  0.5541584439E+01  0.2184047979E-02
  0.3980688266E-03  0.5541575452E+01  0.2206107281E-02
  0.4020897238E-03  0.5541566375E+01  0.2228389368E-02
  0.4061512362E-03  0.5541557205E+01  0.2250896490E-02
  0.4102537739E-03  0.5541547943E+01  0.2273630919E-02
  0.4143977514E-03  0.5541538588E+01  0.2296594949E-02
  0.4185835873E-03  0.5541529138E+01  0.2319790901E-02
  0.4228117043E-03  0.5541519592E+01  0.2343221114E-02
  0.4270825296E-03  0.5541509950E+01  0.2366887956E-02
  0.4313964946E-03  0.5541500211E+01  0.2390793814E-02
  0.4357540349E-03  0.5541490373E+01  0.2414941104E-02
  0.4401555908E-03  0.5541480435E+01  0.2439332261E-02
  0.4446016069E-03  0.5541470397E+01  0.2463969750E-02
  0.4490925322E-03  0.5541460258E+01  0.2488856057E-02
  0.4536288204E-03  0.5541450016E+01  0.2513993695E-02
  0.4582109297E-03  0.5541439671E+01  0.2539385201E-02
  0.4628393230E-03  0.5541429221E+01  0.2565033138E-02
  0.4675144676E-03  0.5541418666E+01  0.2590940097E-02
  0.4722368360E-03  0.5541408003E+01  0.2617108692E-02
  0.4770069051E-03  0.5541397233E+01  0.2643541565E-02
  0.4818251566E-03  0.5541386355E+01  0.2670241385E-02
  0.4866920774E-03  0.5541375366E+01  0.2697210846E-02
  0.4916081590E-03  0.5541364266E+01  0.2724452673E-02
  0.4965738980E-03  0.5541353054E+01  0.2751969613E-02
  0.5015897959E-03  0.5541341728E+01  0.2779764446E-02
  0.5066563595E-03  0.5541330288E+01  0.2807839978E-02
  0.5117741005E-03  0.5541318733E+01  0.2836199041E-02
  0.5169435359E-03  0.5541307060E+01  0.2864844500E-02
  0.5221651878E-03  0.5541295270E+01  0.2893779246E-02
  0.5274395836E-03  0.5541283360E+01  0.2923006199E-02
  0.5327672562E-03  0.5541271330E+01  0.2952528310E-02
  0.5381487436E-03  0.5541259178E+01  0.2982348560E-02
  0.5435845895E-03  0.5541246904E+01  0.3012469957E-02
  0.5490753429E-03  0.5541234505E+01  0.3042895544E-02
  0.5546215585E-03  0.5541221981E+01  0.3073628390E-02
  0.5602237965E-03  0.5541209331E+01  0.3104671599E-02
  0.5658826227E-03  0.5541196552E+01  0.3136028303E-02
  0.5715986088E-03  0.5541183644E+01  0.3167701669E-02
  0.5773723321E-03  0.5541170606E+01  0.3199694892E-02
  0.5832043759E-03  0.5541157436E+01  0.3232011203E-02
  0.5890953291E-03  0.5541144133E+01  0.3264653864E-02
  0.5950457870E-03  0.5541130695E+01  0.3297626169E-02
  0.6010563505E-03  0.5541117121E+01  0.3330931446E-02
  0.6071276268E-03  0.5541103410E+01  0.3364573057E-02
  0.6132602291E-03  0.5541089560E+01  0.3398554398E-02
  0.6194547769E-03  0.5541075570E+01  0.3432878899E-02
  0.6257118958E-03  0.5541061439E+01  0.3467550023E-02
  0.6320322180E-03  0.5541047165E+01  0.3502571272E-02
  0.6384163818E-03  0.5541032747E+01  0.3537946179E-02
  0.6448650321E-03  0.5541018182E+01  0.3573678314E-02
  0.6513788203E-03  0.5541003470E+01  0.3609771285E-02
  0.6579584044E-03  0.5540988610E+01  0.3646228734E-02
  0.6646044489E-03  0.5540973599E+01  0.3683054341E-02
  0.6713176251E-03  0.5540958436E+01  0.3720251823E-02
  0.6780986112E-03  0.5540943120E+01  0.3757824933E-02
  0.6849480921E-03  0.5540927649E+01  0.3795777464E-02
  0.6918667597E-03  0.5540912022E+01  0.3834113247E-02
  0.6988553129E-03  0.5540896236E+01  0.3872836150E-02
  0.7059144575E-03  0.5540880291E+01  0.3911950081E-02
  0.7130449065E-03  0.5540864184E+01  0.3951458988E-02
  0.7202473803E-03  0.5540847915E+01  0.3991366859E-02
  0.7275226064E-03  0.5540831481E+01  0.4031677720E-02
  0.7348713196E-03  0.5540814880E+01  0.4072395641E-02
  0.7422942622E-03  0.5540798112E+01  0.4113524729E-02
  0.7497921840E-03  0.5540781173E+01  0.4155069137E-02
  0.7573658425E-03  0.5540764064E+01  0.4197033056E-02
  0.7650160025E-03  0.5540746781E+01  0.4239420722E-02
  0.7727434369E-03  0.5540729323E+01  0.4282236412E-02
  0.7805489261E-03  0.5540711689E+01  0.4325484446E-02
  0.7884332587E-03  0.5540693876E+01  0.4369169189E-02
  0.7963972310E-03  0.5540675883E+01  0.4413295050E-02
  0.8044416475E-03  0.5540657708E+01  0.4457866482E-02
  0.8125673207E-03  0.5540639348E+01  0.4502887981E-02
  0.8207750714E-03  0.5540620803E+01  0.4548364091E-02
  0.8290657287E-03  0.5540602071E+01  0.4594299402E-02
  0.8374401300E-03  0.5540583148E+01  0.4640698548E-02
  0.8458991212E-03  0.5540564034E+01  0.4687566211E-02
  0.8544435568E-03  0.5540544726E+01  0.4734907121E-02
  0.8630742998E-03  0.5540525223E+01  0.4782726055E-02
  0.8717922220E-03  0.5540505523E+01  0.4831027837E-02
  0.8805982040E-03  0.5540485623E+01  0.4879817341E-02
  0.8894931354E-03  0.5540465521E+01  0.4929099491E-02
  0.8984779145E-03  0.5540445216E+01  0.4978879259E-02
  0.9075534490E-03  0.5540424705E+01  0.5029161668E-02
  0.9167206556E-03  0.5540403986E+01  0.5079951790E-02
  0.9259804602E-03  0.5540383058E+01  0.5131254752E-02
  0.9353337982E-03  0.5540361917E+01  0.5183075728E-02
  0.9447816143E-03  0.5540340563E+01  0.5235419948E-02
  0.9543248629E-03  0.5540318992E+01  0.5288292693E-02
  0.9639645080E-03  0.5540297202E+01  0.5341699296E-02
  0.9737015233E-03  0.5540275192E+01  0.5395645147E-02
  0.9835368922E-03  0.5540252959E+01  0.5450135688E-02
  0.9934716083E-03  0.5540230500E+01  0.5505176417E-02
  0.1003506675E-02  0.5540207814E+01  0.5560772886E-02
  0.1013643106E-02  0.5540184898E+01  0.5616930705E-02
  0.1023881925E-02  0.5540161749E+01  0.5673655538E-02
  0.1034224167E-02  0.5540138366E+01  0.5730953109E-02
  0.1044670876E-02  0.5540114746E+01  0.5788829197E-02
  0.1055223107E-02  0.5540090887E+01  0.5847289642E-02
  0.1065881926E-02  0.5540066785E+01  0.5906340341E-02
  0.1076648410E-02  0.5540042440E+01  0.5965987251E-02
  0.1087523647E-02  0.5540017847E+01  0.6026236389E-02
  0.1098508734E-02  0.5539993005E+01  0.6087093832E-02
  0.1109604782E-02  0.5539967911E+01  0.6148565721E-02
  0.1120812911E-02  0.5539942562E+01  0.6210658254E-02
  0.1132134253E-02  0.5539916957E+01  0.6273377697E-02
  0.1143569953E-02  0.5539891091E+01  0.6336730374E-02
  0.1155121165E-02  0.5539864964E+01  0.6400722678E-02
  0.1166789055E-02  0.5539838571E+01  0.6465361062E-02
  0.1178574803E-02  0.5539811910E+01  0.6530652046E-02
  0.1190479599E-02  0.5539784979E+01  0.6596602217E-02
  0.1202504646E-02  0.5539757774E+01  0.6663218225E-02
  0.1214651157E-02  0.5539730294E+01  0.6730506790E-02
  0.1226920361E-02  0.5539702534E+01  0.6798474699E-02
  0.1239313496E-02  0.5539674492E+01  0.6867128806E-02
  0.1251831814E-02  0.5539646166E+01  0.6936476036E-02
  0.1264476580E-02  0.5539617552E+01  0.7006523384E-02
  0.1277249070E-02  0.5539588648E+01  0.7077277913E-02
  0.1290150576E-02  0.5539559450E+01  0.7148746759E-02
  0.1303182400E-02  0.5539529955E+01  0.7220937131E-02
  0.1316345859E-02  0.5539500161E+01  0.7293856308E-02
  0.1329642282E-02  0.5539470064E+01  0.7367511644E-02
  0.1343073012E-02  0.5539439662E+01  0.7441910568E-02
  0.1356639406E-02  0.5539408950E+01  0.7517060581E-02
  0.1370342834E-02  0.5539377926E+01  0.7592969262E-02
  0.1384184681E-02  0.5539346587E+01  0.7669644265E-02
  0.1398166344E-02  0.5539314929E+01  0.7747093324E-02
  0.1412289237E-02  0.5539282950E+01  0.7825324246E-02
  0.1426554785E-02  0.5539250645E+01  0.7904344922E-02
  0.1440964429E-02  0.5539218011E+01  0.7984163318E-02
  0.1455519625E-02  0.5539185046E+01  0.8064787484E-02
  0.1470221844E-02  0.5539151745E+01  0.8146225547E-02
  0.1485072569E-02  0.5539118106E+01  0.8228485721E-02
  0.1500073302E-02  0.5539084124E+01  0.8311576298E-02
  0.1515225558E-02  0.5539049796E+01  0.8395505656E-02
  0.1530530867E-02  0.5539015118E+01  0.8480282257E-02
  0.1545990774E-02  0.5538980088E+01  0.8565914649E-02
  0.1561606843E-02  0.5538944701E+01  0.8652411465E-02
  0.1577380649E-02  0.5538908954E+01  0.8739781425E-02
  0.1593313787E-02  0.5538872842E+01  0.8828033337E-02
  0.1609407866E-02  0.5538836362E+01  0.8917176099E-02
  0.1625664511E-02  0.5538799511E+01  0.9007218697E-02
  0.1642085364E-02  0.5538762284E+01  0.9098170207E-02
  0.1658672085E-02  0.5538724678E+01  0.9190039799E-02
  0.1675426349E-02  0.5538686688E+01  0.9282836733E-02
  0.1692349847E-02  0.5538648311E+01  0.9376570364E-02
  0.1709444290E-02  0.5538609542E+01  0.9471250140E-02
  0.1726711404E-02  0.5538570378E+01  0.9566885605E-02
  0.1744152934E-02  0.5538530814E+01  0.9663486397E-02
  0.1761770640E-02  0.5538490846E+01  0.9761062255E-02
  0.1779566303E-02  0.5538450470E+01  0.9859623013E-02
  0.1797541720E-02  0.5538409682E+01  0.9959178604E-02
  0.1815698707E-02  0.5538368477E+01  0.1005973906E-01
  0.1834039098E-02  0.5538326852E+01  0.1016131452E-01
  0.1852564746E-02  0.5538284801E+01  0.1026391523E-01
  0.1871277521E-02  0.5538242320E+01  0.1036755151E-01
  0.1890179314E-02  0.5538199405E+01  0.1047223381E-01
  0.1909272034E-02  0.5538156051E+01  0.1057797269E-01
  0.1928557610E-02  0.5538112254E+01  0.1068477880E-01
  0.1948037990E-02  0.5538068008E+01  0.1079266290E-01
  0.1967715142E-02  0.5538023310E+01  0.1090163586E-01
  0.1987591052E-02  0.5537978154E+01  0.1101170867E-01
  0.2007667730E-02  0.5537932535E+01  0.1112289241E-01
  0.2027947202E-02  0.5537886449E+01  0.1123519829E-01
  0.2048431517E-02  0.5537839892E+01  0.1134863763E-01
  0.2069122744E-02  0.5537792856E+01  0.1146322184E-01
  0.2090022974E-02  0.5537745339E+01  0.1157896249E-01
  0.2111134317E-02  0.5537697334E+01  0.1169587123E-01
  0.2132458906E-02  0.5537648837E+01  0.1181395983E-01
  0.2153998895E-02  0.5537599842E+01  0.1193324020E-01
  0.2175756460E-02  0.5537550344E+01  0.1205372434E-01
  0.2197733798E-02  0.5537500338E+01  0.1217542441E-01
  0.2219933129E-02  0.5537449818E+01  0.1229835265E-01
  0.2242356696E-02  0.5537398779E+01  0.1242252146E-01
  0.2265006764E-02  0.5537347215E+01  0.1254794333E-01
  0.2287885620E-02  0.5537295121E+01  0.1267463091E-01
  0.2310995576E-02  0.5537242490E+01  0.1280259694E-01
  0.2334338965E-02  0.5537189318E+01  0.1293185433E-01
  0.2357918147E-02  0.5537135598E+01  0.1306241609E-01
  0.2381735502E-02  0.5537081325E+01  0.1319429537E-01
  0.2405793436E-02  0.5537026493E+01  0.1332750545E-01
  0.2430094380E-02  0.5536971095E+01  0.1346205974E-01
  0.2454640788E-02  0.5536915126E+01  0.1359797181E-01
  0.2479435139E-02  0.5536858579E+01  0.1373525533E-01
  0.2504479939E-02  0.5536801448E+01  0.1387392412E-01
  0.2529777716E-02  0.5536743727E+01  0.1401399216E-01
  0.2555331026E-02  0.5536685410E+01  0.1415547355E-01
  0.2581142450E-02  0.5536626489E+01  0.1429838252E-01
  0.2607214596E-02  0.5536566959E+01  0.1444273348E-01
  0.2633550097E-02  0.5536506813E+01  0.1458854095E-01
  0.2660151614E-02  0.5536446043E+01  0.1473581962E-01
  0.2687021832E-02  0.5536384644E+01  0.1488458431E-01
  0.2714163467E-02  0.5536322609E+01  0.1503485000E-01
  0.2741579259E-02  0.5536259930E+01  0.1518663181E-01
  0.2769271979E-02  0.5536196600E+01  0.1533994503E-01
  0.2797244423E-02  0.5536132612E+01  0.1549480508E-01
  0.2825499417E-02  0.5536067960E+01  0.1565122757E-01
  0.2854039815E-02  0.5536002635E+01  0.1580922822E-01
  0.2882868500E-02  0.5535936630E+01  0.1596882294E-01
  0.2911988384E-02  0.5535869938E+01  0.1613002780E-01
  0.2941402408E-02  0.5535802551E+01  0.1629285902E-01
  0.2971113544E-02  0.5535734461E+01  0.1645733299E-01
  0.3001124792E-02  0.5535665661E+01  0.1662346626E-01
  0.3031439184E-02  0.5535596142E+01  0.1679127554E-01
  0.3062059781E-02  0.5535525896E+01  0.1696077773E-01
  0.3092989678E-02  0.5535454916E+01  0.1713198988E-01
  0.3124231998E-02  0.5535383019E+01  0.1730492921E-01
  0.3155789897E-02  0.5535310103E+01  0.1747961311E-01
  0.3187666563E-02  0.5535236408E+01  0.1765605917E-01
  0.3219865215E-02  0.5535161927E+01  0.1783428512E-01
  0.3252389106E-02  0.5535086650E+01  0.1801430890E-01
  0.3285241521E-02  0.5535010568E+01  0.1819614862E-01
  0.3318425779E-02  0.5534933671E+01  0.1837982256E-01
  0.3351945231E-02  0.5534855948E+01  0.1856534920E-01
  0.3385803264E-02  0.5534777392E+01  0.1875274720E-01
  0.3420003297E-02  0.5534697990E+01  0.1894203542E-01
  0.3454548785E-02  0.5534617734E+01  0.1913323287E-01
  0.3489443217E-02  0.5534536613E+01  0.1932635880E-01
  0.3524690118E-02  0.5534454615E+01  0.1952143262E-01
  0.3560293049E-02  0.5534371732E+01  0.1971847395E-01
  0.3596255605E-02  0.5534287951E+01  0.1991750259E-01
  0.3632581419E-02  0.5534203072E+01  0.2011853857E-01
  0.3669274160E-02  0.5534116223E+01  0.2032160206E-01
  0.3706337536E-02  0.5534028393E+01  0.2052671346E-01
  0.3743775289E-02  0.5533939570E+01  0.2073389338E-01
  0.3781591201E-02  0.5533849741E+01  0.2094316266E-01
  0.3819789092E-02  0.5533758891E+01  0.2115454231E-01
  0.3858372820E-02  0.5533667007E+01  0.2136805359E-01
  0.3897346283E-02  0.5533574075E+01  0.2158371794E-01
  0.3936713417E-02  0.5533480080E+01  0.2180155704E-01
  0.3976478199E-02  0.5533385007E+01  0.2202159278E-01
  0.4016644645E-02  0.5533288843E+01  0.2224384726E-01
  0.4057216813E-02  0.5533191571E+01  0.2246834281E-01
  0.4098198801E-02  0.5533092589E+01  0.2269510198E-01
  0.4139594749E-02  0.5532990776E+01  0.2292414748E-01
  0.4181408837E-02  0.5532887720E+01  0.2315550229E-01
  0.4223645290E-02  0.5532783401E+01  0.2338918964E-01
  0.4266308374E-02  0.5532677799E+01  0.2362523299E-01
  0.4309402398E-02  0.5532570895E+01  0.2386365603E-01
  0.4352931715E-02  0.5532462669E+01  0.2410448271E-01
  0.4396900722E-02  0.5532353098E+01  0.2434773719E-01
  0.4441313861E-02  0.5532242164E+01  0.2459344390E-01
  0.4486175617E-02  0.5532129843E+01  0.2484162748E-01
  0.4531490522E-02  0.5532016114E+01  0.2509231284E-01
  0.4577263154E-02  0.5531900954E+01  0.2534552514E-01
  0.4623498135E-02  0.5531784340E+01  0.2560128978E-01
  0.4670200136E-02  0.5531666248E+01  0.2585963242E-01
  0.4717373875E-02  0.5531546656E+01  0.2612057898E-01
  0.4765024116E-02  0.5531425537E+01  0.2638415563E-01
  0.4813155673E-02  0.5531300625E+01  0.2665038874E-01
  0.4861773407E-02  0.5531173521E+01  0.2691930495E-01
  0.4910882230E-02  0.5531044705E+01  0.2719093121E-01
  0.4960487101E-02  0.5530914146E+01  0.2746529473E-01
  0.5010593031E-02  0.5530781813E+01  0.2774242301E-01
  0.5061205082E-02  0.5530647675E+01  0.2802234383E-01
  0.5112328365E-02  0.5530511700E+01  0.2830508522E-01
  0.5163968046E-02  0.5530373855E+01  0.2859067552E-01
  0.5216129339E-02  0.5530234106E+01  0.2887914333E-01
  0.5268817514E-02  0.5530092420E+01  0.2917051754E-01
  0.5322037893E-02  0.5529948760E+01  0.2946482733E-01
  0.5375795852E-02  0.5529803091E+01  0.2976210217E-01
  0.5430096820E-02  0.5529655377E+01  0.3006237182E-01
  0.5484946283E-02  0.5529505579E+01  0.3036566634E-01
  0.5540349781E-02  0.5529353660E+01  0.3067201608E-01
  0.5596312910E-02  0.5529197928E+01  0.3098145166E-01
  0.5652841323E-02  0.5529034542E+01  0.3129400383E-01
  0.5709940730E-02  0.5528860188E+01  0.3160970344E-01
  0.5767616899E-02  0.5528681007E+01  0.3192858175E-01
  0.5825875656E-02  0.5528498804E+01  0.3225067052E-01
  0.5884722885E-02  0.5528313515E+01  0.3257600191E-01
  0.5944164530E-02  0.5528125075E+01  0.3290460836E-01
  0.6004206596E-02  0.5527927966E+01  0.3323652249E-01
  0.6064855147E-02  0.5527725956E+01  0.3357177719E-01
  0.6126116310E-02  0.5527520323E+01  0.3391040581E-01
  0.6187996273E-02  0.5527310987E+01  0.3425244209E-01
  0.6250501286E-02  0.5527097868E+01  0.3459792007E-01
  0.6313637663E-02  0.5526882128E+01  0.3494687419E-01
  0.6377411780E-02  0.5526662582E+01  0.3529933922E-01
  0.6441830081E-02  0.5526439051E+01  0.3565535024E-01
  0.6506899072E-02  0.5526211448E+01  0.3601494264E-01
  0.6572625325E-02  0.5525979683E+01  0.3637815220E-01
  0.6639015480E-02  0.5525743664E+01  0.3674501501E-01
  0.6706076242E-02  0.5525503298E+01  0.3711556753E-01
  0.6773814386E-02  0.5525258489E+01  0.3748984658E-01
  0.6842236754E-02  0.5525009139E+01  0.3786788932E-01
  0.6911350256E-02  0.5524755148E+01  0.3824973327E-01
  0.6981161875E-02  0.5524492752E+01  0.3863541621E-01
  0.7051678662E-02  0.5524216205E+01  0.3902497594E-01
  0.7122907739E-02  0.5523934213E+01  0.3941845072E-01
  0.7194856302E-02  0.5523638285E+01  0.3981587920E-01
  0.7267531618E-02  0.5523331992E+01  0.4021730023E-01
  0.7340941029E-02  0.5523019396E+01  0.4062275330E-01
  0.7415091948E-02  0.5522700352E+01  0.4103227844E-01
  0.7489991867E-02  0.5522374712E+01  0.4144591605E-01
  0.7565648350E-02  0.5522042324E+01  0.4186370693E-01
  0.7642069041E-02  0.5521703035E+01  0.4228569225E-01
  0.7719261657E-02  0.5521356687E+01  0.4271191359E-01
  0.7797233997E-02  0.5521003118E+01  0.4314241291E-01
  0.7875993937E-02  0.5520634980E+01  0.4357723228E-01
  0.7955549431E-02  0.5520258573E+01  0.4401641415E-01
  0.8035908516E-02  0.5519872901E+01  0.4446000159E-01
  0.8117079309E-02  0.5519464438E+01  0.4490803747E-01
  0.8199070009E-02  0.5519053038E+01  0.4536056536E-01
  0.8281888898E-02  0.5518632639E+01  0.4581762979E-01
  0.8365544342E-02  0.5518203036E+01  0.4627927548E-01
  0.8450044790E-02  0.5517764015E+01  0.4674554756E-01
  0.8535398777E-02  0.5517308803E+01  0.4721649129E-01
  0.8621614927E-02  0.5516841298E+01  0.4769215226E-01
  0.8708701946E-02  0.5516363409E+01  0.4817257672E-01
  0.8796668632E-02  0.5515874900E+01  0.4865781144E-01
  0.8885523871E-02  0.5515375530E+01  0.4914790364E-01
  0.8975276638E-02  0.5514865055E+01  0.4964290094E-01
  0.9065935997E-02  0.5514343225E+01  0.5014285142E-01
  0.9157511109E-02  0.5513809787E+01  0.5064780359E-01
  0.9250011221E-02  0.5513264481E+01  0.5115780639E-01
  0.9343445678E-02  0.5512707045E+01  0.5167290922E-01
  0.9437823917E-02  0.5512137211E+01  0.5219316192E-01
  0.9533155471E-02  0.5511554707E+01  0.5271861476E-01
  0.9629449971E-02  0.5510959258E+01  0.5324931850E-01
  0.9726717143E-02  0.5510357419E+01  0.5378532464E-01
  0.9824966811E-02  0.5509743153E+01  0.5432668526E-01
  0.9924208900E-02  0.5509115346E+01  0.5487345252E-01
  0.1002445343E-01  0.5508473707E+01  0.5542567907E-01
  0.1012571054E-01  0.5507817946E+01  0.5598341797E-01
  0.1022799044E-01  0.5507147763E+01  0.5654672279E-01
  0.1033130348E-01  0.5506466554E+01  0.5711564775E-01
  0.1043566008E-01  0.5505803288E+01  0.5769024927E-01
  0.1054107079E-01  0.5505125870E+01  0.5827058419E-01
  0.1064754625E-01  0.5504434011E+01  0.5885670818E-01
  0.1075509722E-01  0.5503727416E+01  0.5944867741E-01
  0.1086373457E-01  0.5503005788E+01  0.6004654855E-01
  0.1097346926E-01  0.5502268826E+01  0.6065037877E-01
  0.1108431238E-01  0.5501516225E+01  0.6126022572E-01
  0.1119627514E-01  0.5500747678E+01  0.6187614759E-01
  0.1130936882E-01  0.5499962872E+01  0.6249820305E-01
  0.1142360487E-01  0.5499161493E+01  0.6312645131E-01
  0.1153899482E-01  0.5498343224E+01  0.6376095206E-01
  0.1165555032E-01  0.5497507745E+01  0.6440176553E-01
  0.1177328316E-01  0.5496654732E+01  0.6504895247E-01
  0.1189220521E-01  0.5495783860E+01  0.6570257415E-01
  0.1201232849E-01  0.5494917234E+01  0.6636269371E-01
  0.1213366514E-01  0.5494052481E+01  0.6702937610E-01
  0.1225622742E-01  0.5493170266E+01  0.6770268560E-01
  0.1238002770E-01  0.5492270283E+01  0.6838268589E-01
  0.1250507848E-01  0.5491352229E+01  0.6906944120E-01
  0.1263139240E-01  0.5490444276E+01  0.6976301811E-01
  0.1275898223E-01  0.5489536532E+01  0.7046348501E-01
  0.1288786083E-01  0.5488610027E+01  0.7117090913E-01
  0.1301804125E-01  0.5487663129E+01  0.7188535702E-01
  0.1314953661E-01  0.5486682983E+01  0.7260689485E-01
  0.1328236022E-01  0.5485640169E+01  0.7333558659E-01
  0.1341652547E-01  0.5484576862E+01  0.7407149757E-01
  0.1355204593E-01  0.5483492755E+01  0.7481469648E-01
  0.1368893528E-01  0.5482387545E+01  0.7556525261E-01
  0.1382720736E-01  0.5481260932E+01  0.7632323582E-01
  0.1396687612E-01  0.5480112618E+01  0.7708871655E-01
  0.1410795567E-01  0.5478942307E+01  0.7786176586E-01
  0.1425046028E-01  0.5477792673E+01  0.7864245844E-01
  0.1439440432E-01  0.5476665039E+01  0.7943087291E-01
  0.1453980234E-01  0.5475523191E+01  0.8022708617E-01
  0.1468666903E-01  0.5474361631E+01  0.8103117284E-01
  0.1483501923E-01  0.5473180169E+01  0.8184320780E-01
  0.1498486790E-01  0.5471978622E+01  0.8266326660E-01
  0.1513623021E-01  0.5470756814E+01  0.8349142541E-01
  0.1528912142E-01  0.5469514578E+01  0.8432776110E-01
  0.1544355699E-01  0.5468251754E+01  0.8517235119E-01
  0.1559955252E-01  0.5466946936E+01  0.8602527222E-01
  0.1575712375E-01  0.5465655000E+01  0.8688660403E-01
  0.1591628662E-01  0.5464347818E+01  0.8775642931E-01
  0.1607705719E-01  0.5462916742E+01  0.8863482060E-01
  0.1623945171E-01  0.5461418020E+01  0.8952184663E-01
  0.1640348657E-01  0.5459833678E+01  0.9041757966E-01
  0.1656917836E-01  0.5458193198E+01  0.9132209334E-01
  0.1673654380E-01  0.5456499931E+01  0.9223546453E-01
  0.1690559979E-01  0.5454765920E+01  0.9315777200E-01
  0.1707636343E-01  0.5452976823E+01  0.9408909490E-01
  0.1724885195E-01  0.5451158129E+01  0.9502951395E-01
  0.1742308278E-01  0.5449309760E+01  0.9597911272E-01
  0.1759907351E-01  0.5447431657E+01  0.9693797548E-01
  0.1777684193E-01  0.5445523782E+01  0.9790618722E-01
  0.1795640599E-01  0.5443616731E+01  0.9888383636E-01
  0.1813778383E-01  0.5441714177E+01  0.9987101525E-01
  0.1832099377E-01  0.5439784080E+01  0.1008678146E+00
  0.1850605431E-01  0.5437751459E+01  0.1018743159E+00
  0.1869298415E-01  0.5435689225E+01  0.1028906011E+00
  0.1888180217E-01  0.5433544566E+01  0.1039167548E+00
  0.1907252745E-01  0.5431354255E+01  0.1049528602E+00
  0.1926517924E-01  0.5429131283E+01  0.1059990062E+00
  0.1945977701E-01  0.5426875727E+01  0.1070552835E+00
  0.1965634041E-01  0.5424588180E+01  0.1081217839E+00
  0.1985488931E-01  0.5422268109E+01  0.1091985995E+00
  0.2005544374E-01  0.5419915471E+01  0.1102858236E+00
  0.2025802398E-01  0.5417530419E+01  0.1113835498E+00
  0.2046265049E-01  0.5415113577E+01  0.1124918728E+00
  0.2066934393E-01  0.5412665599E+01  0.1136108883E+00
  0.2087812518E-01  0.5410195334E+01  0.1147406935E+00
  0.2108901533E-01  0.5407705881E+01  0.1158813879E+00
  0.2130203569E-01  0.5405159206E+01  0.1170330681E+00
  0.2151720777E-01  0.5402581671E+01  0.1181958301E+00
  0.2173455330E-01  0.5399973727E+01  0.1193697737E+00
  0.2195409424E-01  0.5397335674E+01  0.1205549994E+00
  0.2217585277E-01  0.5394667829E+01  0.1217516088E+00
  0.2239985128E-01  0.5391970518E+01  0.1229597043E+00
  0.2262611241E-01  0.5389244077E+01  0.1241793892E+00
  0.2285465900E-01  0.5386488846E+01  0.1254107677E+00
  0.2308551414E-01  0.5383604436E+01  0.1266539334E+00
  0.2331870115E-01  0.5380713006E+01  0.1279089829E+00
  0.2355424359E-01  0.5377819364E+01  0.1291760284E+00
  0.2379216524E-01  0.5374897048E+01  0.1304551804E+00
  0.2403249014E-01  0.5371946354E+01  0.1317465474E+00
  0.2427524257E-01  0.5368967565E+01  0.1330502389E+00
  0.2452044704E-01  0.5365960945E+01  0.1343663651E+00
  0.2476812832E-01  0.5362978659E+01  0.1356950439E+00
  0.2501831143E-01  0.5360071763E+01  0.1370364070E+00
  0.2527102165E-01  0.5357175426E+01  0.1383905859E+00
  0.2552628449E-01  0.5354258606E+01  0.1397577014E+00
  0.2578412575E-01  0.5351321369E+01  0.1411378715E+00
  0.2604457147E-01  0.5348385885E+01  0.1425312180E+00
  0.2630764795E-01  0.5345450748E+01  0.1439378664E+00
  0.2657338176E-01  0.5342479194E+01  0.1453579387E+00
  0.2684179976E-01  0.5339488785E+01  0.1467915549E+00
  0.2711292905E-01  0.5336596158E+01  0.1482388546E+00
  0.2738679702E-01  0.5333788947E+01  0.1496999929E+00
  0.2766343134E-01  0.5330858694E+01  0.1511750966E+00
  0.2794285993E-01  0.5327881460E+01  0.1526642751E+00
  0.2822511105E-01  0.5324849677E+01  0.1541676477E+00
  0.2851021318E-01  0.5321790952E+01  0.1556853376E+00
  0.2879819513E-01  0.5318617012E+01  0.1572174604E+00
  0.2908908599E-01  0.5315416924E+01  0.1587641320E+00
  0.2938291514E-01  0.5312179138E+01  0.1603254808E+00
  0.2967971226E-01  0.5308919451E+01  0.1619016365E+00
  0.2997950734E-01  0.5305688181E+01  0.1634927400E+00
  0.3028233064E-01  0.5302450942E+01  0.1650989359E+00
  0.3058821277E-01  0.5299130859E+01  0.1667203531E+00
  0.3089718462E-01  0.5295781249E+01  0.1683571179E+00
  0.3120927739E-01  0.5292516254E+01  0.1700093835E+00
  0.3152452262E-01  0.5289331197E+01  0.1716773219E+00
  0.3184295214E-01  0.5286126989E+01  0.1733610910E+00
  0.3216459812E-01  0.5282986528E+01  0.1750608474E+00
  0.3248949305E-01  0.5279846323E+01  0.1767767528E+00
  0.3281766975E-01  0.5276793384E+01  0.1785089744E+00
  0.3314916136E-01  0.5273707948E+01  0.1802576758E+00
  0.3348400137E-01  0.5270587715E+01  0.1820230018E+00
  0.3382222361E-01  0.5267526901E+01  0.1838051142E+00
  0.3416386223E-01  0.5264457553E+01  0.1856041805E+00
  0.3450895175E-01  0.5261273137E+01  0.1874203402E+00
  0.3485752702E-01  0.5258022600E+01  0.1892537233E+00
  0.3520962325E-01  0.5254578498E+01  0.1911044470E+00
  0.3556527601E-01  0.5251083084E+01  0.1929726307E+00
  0.3592452122E-01  0.5247759615E+01  0.1948584602E+00
  0.3628739518E-01  0.5244419838E+01  0.1967621295E+00
  0.3665393452E-01  0.5240998637E+01  0.1986837887E+00
  0.3702417628E-01  0.5237330517E+01  0.2006235463E+00
  0.3739815786E-01  0.5233590030E+01  0.2025815120E+00
  0.3777591703E-01  0.5229741694E+01  0.2045578217E+00
  0.3815749195E-01  0.5225774703E+01  0.2065526031E+00
  0.3854292116E-01  0.5221610690E+01  0.2085659669E+00
  0.3893224360E-01  0.5217364598E+01  0.2105980305E+00
  0.3932549859E-01  0.5213035972E+01  0.2126489340E+00
  0.3972272585E-01  0.5208624219E+01  0.2147188178E+00
  0.4012396550E-01  0.5204123386E+01  0.2168078214E+00
  0.4052925808E-01  0.5199595405E+01  0.2189160964E+00
  0.4093864453E-01  0.5195067513E+01  0.2210438135E+00
  0.4135216619E-01  0.5190685372E+01  0.2231911804E+00
  0.4176986484E-01  0.5186225945E+01  0.2253583913E+00
  0.4219178266E-01  0.5181637293E+01  0.2275455845E+00
  0.4261796229E-01  0.5176903644E+01  0.2297528840E+00
  0.4304844675E-01  0.5172102433E+01  0.2319804272E+00
  0.4348327955E-01  0.5167238038E+01  0.2342283693E+00
  0.4392250460E-01  0.5162315505E+01  0.2364968687E+00
  0.4436616626E-01  0.5157340551E+01  0.2387860865E+00
  0.4481430935E-01  0.5152676021E+01  0.2410962679E+00
  0.4526697914E-01  0.5148137008E+01  0.2434277013E+00
  0.4572422136E-01  0.5143665600E+01  0.2457806246E+00
  0.4618608218E-01  0.5139183031E+01  0.2481552471E+00
  0.4665260826E-01  0.5134935535E+01  0.2505518193E+00
  0.4712384673E-01  0.5130729820E+01  0.2529706075E+00
  0.4759984518E-01  0.5126569312E+01  0.2554118367E+00
  0.4808065170E-01  0.5122739293E+01  0.2578758039E+00
  0.4856631485E-01  0.5118797999E+01  0.2603627725E+00
  0.4905688368E-01  0.5114709743E+01  0.2628728925E+00
  0.4955240776E-01  0.5110630030E+01  0.2654063435E+00
  0.5005293713E-01  0.5106434774E+01  0.2679633141E+00
  0.5055852235E-01  0.5102409453E+01  0.2705440344E+00
  0.5106921450E-01  0.5098617886E+01  0.2731488267E+00
  0.5158506515E-01  0.5094650115E+01  0.2757779287E+00
  0.5210612641E-01  0.5090702848E+01  0.2784315251E+00
  0.5263245092E-01  0.5086457181E+01  0.2811097695E+00
  0.5316409184E-01  0.5082111607E+01  0.2838127831E+00
  0.5370110287E-01  0.5077531982E+01  0.2865407035E+00
  0.5424353825E-01  0.5072772417E+01  0.2892936456E+00
  0.5479145278E-01  0.5067966034E+01  0.2920717745E+00
  0.5534490180E-01  0.5062764310E+01  0.2948751959E+00
  0.5590394121E-01  0.5057587072E+01  0.2977040336E+00
  0.5646862749E-01  0.5052424940E+01  0.3005585261E+00
  0.5703901766E-01  0.5047425136E+01  0.3034389537E+00
  0.5761516936E-01  0.5042485830E+01  0.3063456134E+00
  0.5819714076E-01  0.5037470341E+01  0.3092787365E+00
  0.5878499067E-01  0.5032094645E+01  0.3122384329E+00
  0.5937877846E-01  0.5026854948E+01  0.3152248736E+00
  0.5997856410E-01  0.5022516039E+01  0.3182386078E+00
  0.6058440818E-01  0.5018059305E+01  0.3212801194E+00
  0.6119637190E-01  0.5013482007E+01  0.3243495891E+00
  0.6181451707E-01  0.5008790982E+01  0.3274471989E+00
  0.6243890613E-01  0.5003435397E+01  0.3305729612E+00
  0.6306960215E-01  0.4997818327E+01  0.3337268367E+00
  0.6370666884E-01  0.4991681940E+01  0.3369088256E+00
  0.6435017054E-01  0.4984959560E+01  0.3401188185E+00
  0.6500017227E-01  0.4978172626E+01  0.3433568451E+00
  0.6565673966E-01  0.4971667709E+01  0.3466232154E+00
  0.6631993905E-01  0.4964900112E+01  0.3499181783E+00
  0.6698983743E-01  0.4957254855E+01  0.3532415960E+00
  0.6766650245E-01  0.4948763866E+01  0.3565931242E+00
  0.6835000248E-01  0.4939818208E+01  0.3599725473E+00
  0.6904040654E-01  0.4930445677E+01  0.3633797824E+00
  0.6973778439E-01  0.4920563939E+01  0.3668147204E+00
  0.7044220645E-01  0.4909522950E+01  0.3702769854E+00
  0.7115374389E-01  0.4897497038E+01  0.3737660164E+00
  0.7187246858E-01  0.4884920590E+01  0.3772814489E+00
  0.7259845311E-01  0.4871513170E+01  0.3808229589E+00
  0.7333177082E-01  0.4857622499E+01  0.3843902326E+00
  0.7407249577E-01  0.4843271047E+01  0.3879830796E+00
  0.7482070280E-01  0.4828472753E+01  0.3916013129E+00
  0.7557646748E-01  0.4812560795E+01  0.3952444892E+00
  0.7633986614E-01  0.4795677722E+01  0.3989119474E+00
  0.7711097590E-01  0.4778502248E+01  0.4026033192E+00
  0.7788987464E-01  0.4761137437E+01  0.4063185259E+00
  0.7867664105E-01  0.4743996394E+01  0.4100576859E+00
  0.7947135460E-01  0.4726986138E+01  0.4138210450E+00
  0.8027409556E-01  0.4709725983E+01  0.4176086627E+00
  0.8108494501E-01  0.4692385863E+01  0.4214205113E+00
  0.8190398485E-01  0.4676293872E+01  0.4252571723E+00
  0.8273129783E-01  0.4661165846E+01  0.4291196731E+00
  0.8356696751E-01  0.4646216988E+01  0.4330086219E+00
  0.8441107829E-01  0.4631269470E+01  0.4369242351E+00
  0.8526371544E-01  0.4615966986E+01  0.4408665037E+00
  0.8612496510E-01  0.4600286225E+01  0.4448352512E+00
  0.8699491424E-01  0.4584417796E+01  0.4488303639E+00
  0.8787365075E-01  0.4568687882E+01  0.4528519479E+00
  0.8876126338E-01  0.4554345576E+01  0.4569008078E+00
  0.8965784180E-01  0.4539501922E+01  0.4609774815E+00
  0.9056347656E-01  0.4524022065E+01  0.4650816027E+00
  0.9147825915E-01  0.4508399190E+01  0.4692129536E+00
  0.9240228197E-01  0.4492567409E+01  0.4733715028E+00
  0.9333563836E-01  0.4477007955E+01  0.4775574081E+00
  0.9427842258E-01  0.4461229071E+01  0.4817708225E+00
  0.9523072988E-01  0.4445027865E+01  0.4860115692E+00
  0.9619265645E-01  0.4428351901E+01  0.4902793391E+00
  0.9716429944E-01  0.4411899611E+01  0.4945741233E+00
  0.9814575701E-01  0.4395568882E+01  0.4988962016E+00
  0.9913712829E-01  0.4379261638E+01  0.5032457591E+00
  0.1001385134E+00  0.4363221243E+01  0.5076230553E+00
  0.1011500136E+00  0.4347802311E+01  0.5120286561E+00
  0.1021717309E+00  0.4332019400E+01  0.5164628181E+00
  0.1032037686E+00  0.4314764864E+01  0.5209247217E+00
  0.1042462309E+00  0.4297249422E+01  0.5254135719E+00
  0.1052992231E+00  0.4279108664E+01  0.5299289911E+00
  0.1063628516E+00  0.4260364503E+01  0.5344704047E+00
  0.1074372239E+00  0.4239381892E+01  0.5390363505E+00
  0.1085224483E+00  0.4217505398E+01  0.5436251610E+00
  0.1096186347E+00  0.4196756453E+01  0.5482369605E+00
  0.1107258936E+00  0.4174734345E+01  0.5528716645E+00
  0.1118443370E+00  0.4151628924E+01  0.5575279474E+00
  0.1129740778E+00  0.4128576810E+01  0.5622051904E+00
  0.1141152301E+00  0.4105452715E+01  0.5669033313E+00
  0.1152679092E+00  0.4079772048E+01  0.5716208000E+00
  0.1164322315E+00  0.4052032030E+01  0.5763548205E+00
  0.1176083146E+00  0.4022576928E+01  0.5811030263E+00
  0.1187962774E+00  0.3992101241E+01  0.5858635959E+00
  0.1199962398E+00  0.3960079420E+01  0.5906347548E+00
  0.1212083230E+00  0.3927168729E+01  0.5954147554E+00
  0.1224326495E+00  0.3893374455E+01  0.6002022045E+00
  0.1236693429E+00  0.3859174466E+01  0.6049959677E+00
  0.1249185282E+00  0.3825499652E+01  0.6097957586E+00
  0.1261803315E+00  0.3791064755E+01  0.6146010617E+00
  0.1274548803E+00  0.3755606481E+01  0.6194103621E+00
  0.1287423034E+00  0.3718373001E+01  0.6242214488E+00
  0.1300427307E+00  0.3681899556E+01  0.6290332070E+00
  0.1313562936E+00  0.3645380069E+01  0.6338456285E+00
  0.1326831249E+00  0.3609004231E+01  0.6386583004E+00
  0.1340233585E+00  0.3573870324E+01  0.6434716652E+00
  0.1353771298E+00  0.3538437511E+01  0.6482858843E+00
  0.1367445755E+00  0.3504558079E+01  0.6531013415E+00
  0.1381258338E+00  0.3471731098E+01  0.6579193703E+00
  0.1395210443E+00  0.3439416375E+01  0.6627406229E+00
  0.1409303478E+00  0.3406280802E+01  0.6675644553E+00
  0.1423538866E+00  0.3372028544E+01  0.6723890487E+00
  0.1437918047E+00  0.3338251507E+01  0.6772134651E+00
  0.1452442472E+00  0.3304618024E+01  0.6820376580E+00
  0.1467113608E+00  0.3269392645E+01  0.6868600683E+00
  0.1481932937E+00  0.3233009546E+01  0.6916781303E+00
  0.1496901957E+00  0.3195937655E+01  0.6964898821E+00
  0.1512022178E+00  0.3159268335E+01  0.7012944883E+00
  0.1527295130E+00  0.3125564279E+01  0.7060938854E+00
  0.1542722353E+00  0.3093490165E+01  0.7108910226E+00
  0.1558305407E+00  0.3060848602E+01  0.7156861923E+00
  0.1574045866E+00  0.3025572637E+01  0.7204763454E+00
  0.1589945319E+00  0.2986797169E+01  0.7252560150E+00
  0.1606005373E+00  0.2944965871E+01  0.7300192366E+00
  0.1622227649E+00  0.2901967393E+01  0.7347617650E+00
  0.1638613787E+00  0.2858448239E+01  0.7394813133E+00
  0.1655165442E+00  0.2814439486E+01  0.7441760971E+00
  0.1671884284E+00  0.2769679538E+01  0.7488440976E+00
  0.1688772004E+00  0.2725541784E+01  0.7534841855E+00
  0.1705830308E+00  0.2681351399E+01  0.7580958066E+00
  0.1723060917E+00  0.2637224113E+01  0.7626779214E+00
  0.1740465572E+00  0.2592787315E+01  0.7672292489E+00
  0.1758046033E+00  0.2549075722E+01  0.7717490648E+00
  0.1775804074E+00  0.2506621324E+01  0.7762380285E+00
  0.1793741488E+00  0.2464333271E+01  0.7806963323E+00
  0.1811860089E+00  0.2422085173E+01  0.7851230855E+00
  0.1830161706E+00  0.2381048355E+01  0.7895183411E+00
  0.1848648188E+00  0.2342737496E+01  0.7938846502E+00
  0.1867321402E+00  0.2306069960E+01  0.7982250590E+00
  0.1886183235E+00  0.2271099014E+01  0.8025417487E+00
  0.1905235591E+00  0.2237147107E+01  0.8068363842E+00
  0.1924480394E+00  0.2203518896E+01  0.8111093715E+00
  0.1943919590E+00  0.2172277203E+01  0.8153624694E+00
  0.1963555142E+00  0.2140602208E+01  0.8195967576E+00
  0.1983389032E+00  0.2109332258E+01  0.8238113943E+00
  0.2003423265E+00  0.2078299338E+01  0.8280061936E+00
  0.2023659863E+00  0.2045053072E+01  0.8321783250E+00
  0.2044100872E+00  0.2012159557E+01  0.8363250009E+00
  0.2064748356E+00  0.1979457425E+01  0.8404458432E+00
  0.2085604400E+00  0.1945949485E+01  0.8445392662E+00
  0.2106671111E+00  0.1912371411E+01  0.8486033728E+00
  0.2127950617E+00  0.1874364010E+01  0.8526323658E+00
  0.2149445068E+00  0.1828691371E+01  0.8566121228E+00
  0.2171156634E+00  0.1779328058E+01  0.8605289105E+00
  0.2193087509E+00  0.1726779790E+01  0.8643735112E+00
  0.2215239908E+00  0.1675469409E+01  0.8681419103E+00
  0.2237616069E+00  0.1622670758E+01  0.8718318960E+00
  0.2260218251E+00  0.1563237018E+01  0.8754323194E+00
  0.2283048739E+00  0.1501359638E+01  0.8789306312E+00
  0.2306109837E+00  0.1439178266E+01  0.8823212329E+00
  0.2329403876E+00  0.1376768688E+01  0.8856009718E+00
  0.2352933208E+00  0.1313577286E+01  0.8887660740E+00
  0.2376700210E+00  0.1251351964E+01  0.8918141079E+00
  0.2400707283E+00  0.1189244592E+01  0.8947436869E+00
  0.2424956851E+00  0.1134038770E+01  0.8975606178E+00
  0.2449451365E+00  0.1084433794E+01  0.9002776381E+00
  0.2474193298E+00  0.1036331497E+01  0.9029012298E+00
  0.2499185149E+00  0.9905529197E+00  0.9054340095E+00
  0.2524429444E+00  0.9450672580E+00  0.9078771778E+00
  0.2549928731E+00  0.9002364180E+00  0.9102298742E+00
  0.2575685587E+00  0.8584690344E+00  0.9124948103E+00
  0.2601702613E+00  0.8178290177E+00  0.9146754249E+00
  0.2627982438E+00  0.7796878370E+00  0.9167745480E+00
  0.2654527715E+00  0.7426803473E+00  0.9187951322E+00
  0.2681341126E+00  0.7058760937E+00  0.9207371692E+00
  0.2708425380E+00  0.6687090594E+00  0.9225986499E+00
  0.2735783212E+00  0.6307719857E+00  0.9243761991E+00
  0.2763417386E+00  0.5933711543E+00  0.9260676083E+00
  0.2791330693E+00  0.5580380275E+00  0.9276745902E+00
  0.2819525952E+00  0.5232138821E+00  0.9291988991E+00
  0.2848006012E+00  0.4912445586E+00  0.9306434910E+00
  0.2876773750E+00  0.4633394227E+00  0.9320165521E+00
  0.2905832071E+00  0.4380164403E+00  0.9333261464E+00
  0.2935183910E+00  0.4161149519E+00  0.9345796628E+00
  0.2964832232E+00  0.4004341193E+00  0.9357901283E+00
  0.2994780032E+00  0.3916965812E+00  0.9369762569E+00
  0.3025030336E+00  0.3902760869E+00  0.9381590024E+00
  0.3055586198E+00  0.3936916151E+00  0.9393567429E+00
  0.3086450705E+00  0.3955831734E+00  0.9405747717E+00
  0.3117626974E+00  0.3892412941E+00  0.9417981667E+00
  0.3149118156E+00  0.3794168508E+00  0.9430084644E+00
  0.3180927430E+00  0.3688258454E+00  0.9441985172E+00
  0.3213058010E+00  0.3596190499E+00  0.9453687851E+00
  0.3245513142E+00  0.3522863355E+00  0.9465240342E+00
  0.3278296103E+00  0.3534793115E+00  0.9476808886E+00
  0.3311410205E+00  0.3575644340E+00  0.9488581674E+00
  0.3344858793E+00  0.3632885982E+00  0.9500637432E+00
  0.3378645245E+00  0.3722195296E+00  0.9513062537E+00
  0.3412772975E+00  0.3798066979E+00  0.9525895011E+00
  0.3447245429E+00  0.3905445673E+00  0.9539172960E+00
  0.3482066090E+00  0.3962419097E+00  0.9552871173E+00
  0.3517238475E+00  0.3993681170E+00  0.9566862924E+00
  0.3552766136E+00  0.3978826699E+00  0.9581025152E+00
  0.3588652663E+00  0.3889376271E+00  0.9595143275E+00
  0.3624901680E+00  0.3778255651E+00  0.9609040481E+00
  0.3661516848E+00  0.3677740590E+00  0.9622690609E+00
  0.3698501867E+00  0.3626466953E+00  0.9636197922E+00
  0.3735860472E+00  0.3577168121E+00  0.9649653810E+00
  0.3773596436E+00  0.3541202425E+00  0.9663084739E+00
  0.3811713572E+00  0.3451661150E+00  0.9676412135E+00
  0.3850215729E+00  0.3348861982E+00  0.9689503876E+00
  0.3889106797E+00  0.3280931248E+00  0.9702395863E+00
  0.3928390704E+00  0.3256080510E+00  0.9715235831E+00
  0.3968071418E+00  0.3327252292E+00  0.9728297398E+00
  0.4008152948E+00  0.3539919741E+00  0.9742059736E+00
  0.4048639341E+00  0.3853513447E+00  0.9757026408E+00
  0.4089534688E+00  0.4085463270E+00  0.9773259769E+00
  0.4130843119E+00  0.4221546716E+00  0.9790417246E+00
  0.4172568807E+00  0.4385649474E+00  0.9808374305E+00
  0.4214715967E+00  0.4520323015E+00  0.9827142377E+00
  0.4257288855E+00  0.4580636597E+00  0.9846515084E+00
  0.4300291773E+00  0.4593863068E+00  0.9866241597E+00
  0.4343729064E+00  0.4577474273E+00  0.9886160499E+00
  0.4387605115E+00  0.4533235986E+00  0.9906147599E+00
  0.4431924359E+00  0.4438087853E+00  0.9926027713E+00
  0.4476691271E+00  0.4335092426E+00  0.9945665123E+00
  0.4521910375E+00  0.4260617769E+00  0.9965099639E+00
  0.4567586237E+00  0.4161859244E+00  0.9984334834E+00
  0.4613723472E+00  0.4037263837E+00  0.1000324908E+01
  0.4660326740E+00  0.3853829828E+00  0.1002163661E+01
  0.4707400747E+00  0.3653223521E+00  0.1003930597E+01
  0.4754950250E+00  0.3445576794E+00  0.1005618319E+01
  0.4802980050E+00  0.3259850551E+00  0.1007228621E+01
  0.4851495000E+00  0.3175401268E+00  0.1008789650E+01
  0.4900500000E+00  0.3102039305E+00  0.1010327780E+01
  0.4950000000E+00  0.2969002752E+00  0.1011830363E+01
  0.5000000000E+00  0.2832969093E+00  0.1013254530E+01
  0.5050000000E+00  0.2688482305E+00  0.1014634893E+01
  0.5099500000E+00  0.2546815362E+00  0.1015930629E+01
  0.5148505000E+00  0.2426717058E+00  0.1017149269E+01
  0.5197019950E+00  0.2376400658E+00  0.1018314384E+01
  0.5245049750E+00  0.2389697349E+00  0.1019458958E+01
  0.5292599253E+00  0.2422207456E+00  0.1020602976E+01
  0.5339673260E+00  0.2394506501E+00  0.1021736687E+01
  0.5386276528E+00  0.2307501965E+00  0.1022832331E+01
  0.5432413763E+00  0.2126081515E+00  0.1023855098E+01
  0.5478089625E+00  0.1854388825E+00  0.1024764155E+01
  0.5523308729E+00  0.1558994675E+00  0.1025535905E+01
  0.5568075641E+00  0.1260072395E+00  0.1026166910E+01
  0.5612394885E+00  0.9289298234E-01  0.1026651985E+01
  0.5656270936E+00  0.4950014361E-01  0.1026964367E+01
  0.5699708227E+00  0.2209246058E-02  0.1027076673E+01
  0.5742711145E+00 -0.5308737545E-01  0.1026967278E+01
  0.5785284033E+00 -0.1011083745E+00  0.1026639050E+01
  0.5827431193E+00 -0.1456590242E+00  0.1026119022E+01
  0.5869156881E+00 -0.1843394877E+00  0.1025430552E+01
  0.5910465312E+00 -0.2198403491E+00  0.1024595750E+01
  0.5951360659E+00 -0.2573222683E+00  0.1023620063E+01
  0.5991847052E+00 -0.2876373830E+00  0.1022516891E+01
  0.6031928582E+00 -0.3203716809E+00  0.1021298394E+01
  0.6071609296E+00 -0.3463581184E+00  0.1019975578E+01
  0.6110893203E+00 -0.3648561705E+00  0.1018578615E+01
  0.6149784271E+00 -0.3880088628E+00  0.1017114628E+01
  0.6188286428E+00 -0.4176844779E+00  0.1015563582E+01
  0.6226403564E+00 -0.4503089022E+00  0.1013909311E+01
  0.6264139528E+00 -0.4814903024E+00  0.1012151194E+01
  0.6301498133E+00 -0.5180072719E+00  0.1010284202E+01
  0.6338483152E+00 -0.5467619058E+00  0.1008315176E+01
  0.6375098320E+00 -0.5757190699E+00  0.1006260185E+01
  0.6411347337E+00 -0.6094831152E+00  0.1004112064E+01
  0.6447233864E+00 -0.6489194014E+00  0.1001854080E+01
  0.6482761525E+00 -0.6888062004E+00  0.9994777664E+00
  0.6517933910E+00 -0.7252320136E+00  0.9969910116E+00
  0.6552754571E+00 -0.7611878605E+00  0.9944031055E+00
  0.6587227025E+00 -0.7944434801E+00  0.9917217840E+00
  0.6621354755E+00 -0.8289866860E+00  0.9889515847E+00
  0.6655141207E+00 -0.8626531255E+00  0.9860938593E+00
  0.6688589795E+00 -0.8942411561E+00  0.9831555776E+00
  0.6721703897E+00 -0.9285281561E+00  0.9801376092E+00
  0.6754486858E+00 -0.9645013415E+00  0.9770346535E+00
  0.6786941990E+00 -0.1001256368E+01  0.9738447073E+00
  0.6819072570E+00 -0.1036003588E+01  0.9705717901E+00
  0.6850881844E+00 -0.1073614000E+01  0.9672165199E+00
  0.6882373026E+00 -0.1109462108E+01  0.9637791376E+00
  0.6913549295E+00 -0.1143982826E+01  0.9602664372E+00
  0.6944413802E+00 -0.1176709538E+01  0.9566850859E+00
  0.6974969664E+00 -0.1212684808E+01  0.9530345857E+00
  0.7005219968E+00 -0.1248540668E+01  0.9493119449E+00
  0.7035167768E+00 -0.1285557476E+01  0.9455174116E+00
  0.7064816090E+00 -0.1324695890E+01  0.9416479300E+00
  0.7094167929E+00 -0.1365204466E+01  0.9377002538E+00
  0.7123226250E+00 -0.1401810848E+01  0.9336800129E+00
  0.7151993988E+00 -0.1441816987E+01  0.9295897760E+00
  0.7180474048E+00 -0.1480093384E+01  0.9254289668E+00
  0.7208669307E+00 -0.1516244707E+01  0.9212048403E+00
  0.7236582614E+00 -0.1550096589E+01  0.9169252540E+00
  0.7264216788E+00 -0.1582971308E+01  0.9125962669E+00
  0.7291574620E+00 -0.1617268252E+01  0.9082186860E+00
  0.7318658874E+00 -0.1653475851E+01  0.9037894029E+00
  0.7345472285E+00 -0.1692661238E+01  0.8993033354E+00
  0.7372017562E+00 -0.1726956930E+01  0.8947645998E+00
  0.7398297387E+00 -0.1758259968E+01  0.8901850554E+00
  0.7424314413E+00 -0.1786690915E+01  0.8855736014E+00
  0.7450071269E+00 -0.1813572296E+01  0.8809370283E+00
  0.7475570556E+00 -0.1844336297E+01  0.8762733252E+00
  0.7500814851E+00 -0.1876779082E+01  0.8715764786E+00
  0.7525806702E+00 -0.1912647699E+01  0.8668412391E+00
  0.7550548635E+00 -0.1952477450E+01  0.8620597057E+00
  0.7575043149E+00 -0.1999834071E+01  0.8572192083E+00
  0.7599292717E+00 -0.2047826128E+01  0.8523115076E+00
  0.7623299790E+00 -0.2092539793E+01  0.8473416043E+00
  0.7647066792E+00 -0.2137206594E+01  0.8423151847E+00
  0.7670596124E+00 -0.2179561584E+01  0.8372366511E+00
  0.7693890163E+00 -0.2223370747E+01  0.8321085473E+00
  0.7716951261E+00 -0.2269913660E+01  0.8269275436E+00
  0.7739781749E+00 -0.2317343525E+01  0.8216910778E+00
  0.7762383931E+00 -0.2362197654E+01  0.8164026856E+00
  0.7784760092E+00 -0.2401769704E+01  0.8110727206E+00
  0.7806912491E+00 -0.2433843173E+01  0.8057166993E+00
  0.7828843366E+00 -0.2463418831E+01  0.8003466372E+00
  0.7850554932E+00 -0.2489890593E+01  0.7949694319E+00
  0.7872049383E+00 -0.2512669249E+01  0.7895930681E+00
  0.7893328889E+00 -0.2532810853E+01  0.7842248019E+00
  0.7914395600E+00 -0.2544269893E+01  0.7788769322E+00
  0.7935251644E+00 -0.2552342229E+01  0.7735621739E+00
  0.7955899128E+00 -0.2559938349E+01  0.7682843874E+00
  0.7976340137E+00 -0.2564476906E+01  0.7630469766E+00
  0.7996576735E+00 -0.2568135861E+01  0.7578536454E+00
  0.8016610968E+00 -0.2568836849E+01  0.7527078800E+00
  0.8036444858E+00 -0.2570069019E+01  0.7476116553E+00
  0.8056080410E+00 -0.2573738714E+01  0.7425615802E+00
  0.8075519606E+00 -0.2578223507E+01  0.7375540801E+00
  0.8094764409E+00 -0.2584032485E+01  0.7325867498E+00
  0.8113816765E+00 -0.2587427302E+01  0.7276603252E+00
  0.8132678598E+00 -0.2590479075E+01  0.7227770851E+00
  0.8151351812E+00 -0.2595575262E+01  0.7179350700E+00
  0.8169838294E+00 -0.2603786165E+01  0.7131291750E+00
  0.8188139911E+00 -0.2614367118E+01  0.7083541428E+00
  0.8206258512E+00 -0.2626206425E+01  0.7036065498E+00
  0.8224195926E+00 -0.2641991935E+01  0.6988816568E+00
  0.8241953967E+00 -0.2658885667E+01  0.6941749968E+00
  0.8259534428E+00 -0.2676397911E+01  0.6894851597E+00
  0.8276939083E+00 -0.2695474260E+01  0.6848103804E+00
  0.8294169692E+00 -0.2715834883E+01  0.6801483728E+00
  0.8311227996E+00 -0.2733130646E+01  0.6755008675E+00
  0.8328115716E+00 -0.2750411135E+01  0.6708706416E+00
  0.8344834558E+00 -0.2768330052E+01  0.6662572932E+00
  0.8361386213E+00 -0.2787480152E+01  0.6616594007E+00
  0.8377772351E+00 -0.2804630338E+01  0.6570777460E+00
  0.8393994627E+00 -0.2820116290E+01  0.6525154363E+00
  0.8410054681E+00 -0.2834967791E+01  0.6479743886E+00
  0.8425954134E+00 -0.2848908230E+01  0.6434558625E+00
  0.8441694593E+00 -0.2862613791E+01  0.6389607637E+00
  0.8457277647E+00 -0.2875461100E+01  0.6344899272E+00
  0.8472704870E+00 -0.2888797590E+01  0.6300436018E+00
  0.8487977822E+00 -0.2903027862E+01  0.6256206884E+00
  0.8503098043E+00 -0.2918237599E+01  0.6212197472E+00
  0.8518067063E+00 -0.2934321001E+01  0.6168393940E+00
  0.8532886392E+00 -0.2951060116E+01  0.6124785239E+00
  0.8547557528E+00 -0.2967536737E+01  0.6081368969E+00
  0.8562081953E+00 -0.2983696456E+01  0.6038149850E+00
  0.8576461134E+00 -0.3000459522E+01  0.5995126220E+00
  0.8590696522E+00 -0.3017639279E+01  0.5952291233E+00
  0.8604789557E+00 -0.3035964100E+01  0.5909634411E+00
  0.8618741662E+00 -0.3054700417E+01  0.5867145617E+00
  0.8632554245E+00 -0.3072148046E+01  0.5824831815E+00
  0.8646228702E+00 -0.3087578087E+01  0.5782716358E+00
  0.8659766415E+00 -0.3101218267E+01  0.5740825284E+00
  0.8673168751E+00 -0.3114399807E+01  0.5699173383E+00
  0.8686437064E+00 -0.3128003500E+01  0.5657760304E+00
  0.8699572693E+00 -0.3140538401E+01  0.5616589683E+00
  0.8712576966E+00 -0.3150687397E+01  0.5575683274E+00
  0.8725451197E+00 -0.3160411603E+01  0.5535058003E+00
  0.8738196685E+00 -0.3170465708E+01  0.5494712942E+00
  0.8750814718E+00 -0.3181329358E+01  0.5454639362E+00
  0.8763306571E+00 -0.3191384443E+01  0.5414835860E+00
  0.8775673505E+00 -0.3202032872E+01  0.5375302374E+00
  0.8787916770E+00 -0.3212368120E+01  0.5336035769E+00
  0.8800037602E+00 -0.3222234821E+01  0.5297039397E+00
  0.8812037226E+00 -0.3232672358E+01  0.5258311168E+00
  0.8823916854E+00 -0.3245771121E+01  0.5219830419E+00
  0.8835677685E+00 -0.3260622484E+01  0.5181570120E+00
  0.8847320908E+00 -0.3277546302E+01  0.5143507441E+00
  0.8858847699E+00 -0.3294719687E+01  0.5105628873E+00
  0.8870259222E+00 -0.3312352268E+01  0.5067930496E+00
  0.8881556630E+00 -0.3330523898E+01  0.5030406856E+00
  0.8892741064E+00 -0.3349783979E+01  0.4993049126E+00
  0.8903813653E+00 -0.3370446914E+01  0.4955843947E+00
  0.8914775517E+00 -0.3391642113E+01  0.4918781399E+00
  0.8925627761E+00 -0.3413090890E+01  0.4881858084E+00
  0.8936371484E+00 -0.3434750352E+01  0.4845072432E+00
  0.8947007769E+00 -0.3456580736E+01  0.4808423351E+00
  0.8957537691E+00 -0.3478547250E+01  0.4771910171E+00
  0.8967962314E+00 -0.3500609628E+01  0.4735532631E+00
  0.8978282691E+00 -0.3522611246E+01  0.4699291488E+00
  0.8988499864E+00 -0.3544696324E+01  0.4663187536E+00
  0.8998614866E+00 -0.3566856815E+01  0.4627220851E+00
  0.9008628717E+00 -0.3589555291E+01  0.4591389227E+00
  0.9018542430E+00 -0.3611446986E+01  0.4555694893E+00
  0.9028357006E+00 -0.3632716646E+01  0.4520145697E+00
  0.9038073436E+00 -0.3653623496E+01  0.4484747090E+00
  0.9047692701E+00 -0.3674529234E+01  0.4449501366E+00
  0.9057215774E+00 -0.3695653453E+01  0.4414407972E+00
  0.9066643616E+00 -0.3716850000E+01  0.4379466016E+00
  0.9075977180E+00 -0.3737708807E+01  0.4344677216E+00
  0.9085217408E+00 -0.3757833605E+01  0.4310046954E+00
  0.9094365234E+00 -0.3777927060E+01  0.4275579041E+00
  0.9103421582E+00 -0.3798807142E+01  0.4241270271E+00
  0.9112387366E+00 -0.3820192801E+01  0.4207115117E+00
  0.9121263493E+00 -0.3841418843E+01  0.4173112400E+00
  0.9130050858E+00 -0.3862457427E+01  0.4139264014E+00
  0.9138750349E+00 -0.3882921071E+01  0.4105573587E+00
  0.9147362846E+00 -0.3902816351E+01  0.4072046269E+00
  0.9155889217E+00 -0.3922442011E+01  0.4038685739E+00
  0.9164330325E+00 -0.3941770101E+01  0.4005494407E+00
  0.9172687022E+00 -0.3960765140E+01  0.3972474862E+00
  0.9180960151E+00 -0.3979434145E+01  0.3939629713E+00
  0.9189150550E+00 -0.3998051891E+01  0.3906960318E+00
  0.9197259044E+00 -0.4016445611E+01  0.3874467563E+00
  0.9205286454E+00 -0.4035311421E+01  0.3842150188E+00
  0.9213233589E+00 -0.4054847158E+01  0.3810003395E+00
  0.9221101254E+00 -0.4074737237E+01  0.3778022975E+00
  0.9228890241E+00 -0.4094509339E+01  0.3746207895E+00
  0.9236601339E+00 -0.4113671281E+01  0.3714560854E+00
  0.9244235325E+00 -0.4132143813E+01  0.3683086633E+00
  0.9251792972E+00 -0.4150307763E+01  0.3651788712E+00
  0.9259275042E+00 -0.4168178505E+01  0.3620668962E+00
  0.9266682292E+00 -0.4185771660E+01  0.3589729065E+00
  0.9274015469E+00 -0.4201938004E+01  0.3558974785E+00
  0.9281275314E+00 -0.4217521417E+01  0.3528412799E+00
  0.9288462561E+00 -0.4232887998E+01  0.3498045210E+00
  0.9295577935E+00 -0.4248104033E+01  0.3467872493E+00
  0.9302622156E+00 -0.4263178868E+01  0.3437894815E+00
  0.9309595935E+00 -0.4278109354E+01  0.3408112290E+00
  0.9316499975E+00 -0.4293212185E+01  0.3378523913E+00
  0.9323334975E+00 -0.4308065562E+01  0.3349129046E+00
  0.9330101626E+00 -0.4322906297E+01  0.3319927662E+00
  0.9336800609E+00 -0.4337726295E+01  0.3290918943E+00
  0.9343432603E+00 -0.4352882313E+01  0.3262100912E+00
  0.9349998277E+00 -0.4367645915E+01  0.3233472839E+00
  0.9356498295E+00 -0.4381733936E+01  0.3205037279E+00
  0.9362933312E+00 -0.4396197619E+01  0.3176794209E+00
  0.9369303978E+00 -0.4410577175E+01  0.3148741695E+00
  0.9375610939E+00 -0.4424265648E+01  0.3120881194E+00
  0.9381854829E+00 -0.4437664850E+01  0.3093214732E+00
  0.9388036281E+00 -0.4450914979E+01  0.3065742568E+00
  0.9394155918E+00 -0.4464276634E+01  0.3038463699E+00
  0.9400214359E+00 -0.4477425777E+01  0.3011377312E+00
  0.9406212215E+00 -0.4490567726E+01  0.2984482943E+00
  0.9412150093E+00 -0.4503800875E+01  0.2957779212E+00
  0.9418028592E+00 -0.4516780280E+01  0.2931265473E+00
  0.9423848306E+00 -0.4529458077E+01  0.2904942213E+00
  0.9429609823E+00 -0.4541528296E+01  0.2878810892E+00
  0.9435313725E+00 -0.4553108428E+01  0.2852873435E+00
  0.9440960588E+00 -0.4564347146E+01  0.2827130925E+00
  0.9446550982E+00 -0.4575356138E+01  0.2801583653E+00
  0.9452085472E+00 -0.4586005719E+01  0.2776231919E+00
  0.9457564617E+00 -0.4595891627E+01  0.2751077445E+00
  0.9462988971E+00 -0.4605525082E+01  0.2726121575E+00
  0.9468359082E+00 -0.4614896851E+01  0.2701364233E+00
  0.9473675491E+00 -0.4624138977E+01  0.2676804986E+00
  0.9478938736E+00 -0.4633068238E+01  0.2652443511E+00
  0.9484149348E+00 -0.4642058220E+01  0.2628278965E+00
  0.9489307855E+00 -0.4651037017E+01  0.2604309719E+00
  0.9494414776E+00 -0.4659811405E+01  0.2580534833E+00
  0.9499470629E+00 -0.4668412881E+01  0.2556953771E+00
  0.9504475922E+00 -0.4676716216E+01  0.2533566213E+00
  0.9509431163E+00 -0.4684916804E+01  0.2510371640E+00
  0.9514336852E+00 -0.4693386744E+01  0.2487368123E+00
  0.9519193483E+00 -0.4701834153E+01  0.2464553560E+00
  0.9524001548E+00 -0.4710182353E+01  0.2441926766E+00
  0.9528761533E+00 -0.4718433192E+01  0.2419486734E+00
  0.9533473917E+00 -0.4726592219E+01  0.2397232437E+00
  0.9538139178E+00 -0.4734905035E+01  0.2375162261E+00
  0.9542757786E+00 -0.4743300566E+01  0.2353274202E+00
  0.9547330209E+00 -0.4751561683E+01  0.2331566943E+00
  0.9551856906E+00 -0.4759834979E+01  0.2310039333E+00
  0.9556338337E+00 -0.4768034846E+01  0.2288690088E+00
  0.9560774954E+00 -0.4775942686E+01  0.2267518603E+00
  0.9565167205E+00 -0.4783616987E+01  0.2246524613E+00
  0.9569515532E+00 -0.4791230615E+01  0.2225707324E+00
  0.9573820377E+00 -0.4798606354E+01  0.2205065945E+00
  0.9578082173E+00 -0.4805886246E+01  0.2184599750E+00
  0.9582301352E+00 -0.4813132495E+01  0.2164307572E+00
  0.9586478338E+00 -0.4820344792E+01  0.2144188120E+00
  0.9590613555E+00 -0.4827603530E+01  0.2124239942E+00
  0.9594707419E+00 -0.4834877965E+01  0.2104461497E+00
  0.9598760345E+00 -0.4842185991E+01  0.2084851286E+00
  0.9602772742E+00 -0.4849321890E+01  0.2065408200E+00
  0.9606745014E+00 -0.4856257350E+01  0.2046131597E+00
  0.9610677564E+00 -0.4863151189E+01  0.2027020567E+00
  0.9614570788E+00 -0.4870003024E+01  0.2008073891E+00
  0.9618425080E+00 -0.4876884737E+01  0.1989290214E+00
  0.9622240830E+00 -0.4883816182E+01  0.1970668021E+00
  0.9626018421E+00 -0.4890696250E+01  0.1952205963E+00
  0.9629758237E+00 -0.4897616022E+01  0.1933902720E+00
  0.9633460655E+00 -0.4904549958E+01  0.1915756864E+00
  0.9637126048E+00 -0.4911379193E+01  0.1897767243E+00
  0.9640754788E+00 -0.4918050066E+01  0.1879933024E+00
  0.9644347240E+00 -0.4924544169E+01  0.1862253499E+00
  0.9647903767E+00 -0.4930990337E+01  0.1844727759E+00
  0.9651424730E+00 -0.4937356519E+01  0.1827354720E+00
  0.9654910483E+00 -0.4943569963E+01  0.1810133487E+00
  0.9658361378E+00 -0.4949567585E+01  0.1793063397E+00
  0.9661777764E+00 -0.4955424850E+01  0.1776143757E+00
  0.9665159986E+00 -0.4961395071E+01  0.1759373312E+00
  0.9668508386E+00 -0.4967309162E+01  0.1742750675E+00
  0.9671823303E+00 -0.4973167427E+01  0.1726274752E+00
  0.9675105070E+00 -0.4978915786E+01  0.1709944543E+00
  0.9678354019E+00 -0.4984610022E+01  0.1693759048E+00
  0.9681570479E+00 -0.4990213214E+01  0.1677717239E+00
  0.9684754774E+00 -0.4995732327E+01  0.1661818139E+00
  0.9687907226E+00 -0.5001201141E+01  0.1646060711E+00
  0.9691028154E+00 -0.5006619953E+01  0.1630443868E+00
  0.9694117872E+00 -0.5012032479E+01  0.1614966461E+00
  0.9697176694E+00 -0.5017507638E+01  0.1599627175E+00
  0.9700204927E+00 -0.5022936974E+01  0.1584424772E+00
  0.9703202877E+00 -0.5028316502E+01  0.1569358191E+00
  0.9706170849E+00 -0.5033644618E+01  0.1554426385E+00
  0.9709109140E+00 -0.5038940569E+01  0.1539628289E+00
  0.9712018049E+00 -0.5044210486E+01  0.1524962807E+00
  0.9714897868E+00 -0.5049427757E+01  0.1510428879E+00
  0.9717748890E+00 -0.5054592769E+01  0.1496025490E+00
  0.9720571401E+00 -0.5059705910E+01  0.1481751630E+00
  0.9723365687E+00 -0.5064767569E+01  0.1467606292E+00
  0.9726132030E+00 -0.5069844481E+01  0.1453588385E+00
  0.9728870709E+00 -0.5074896777E+01  0.1439696787E+00
  0.9731582002E+00 -0.5079832682E+01  0.1425930564E+00
  0.9734266182E+00 -0.5084687269E+01  0.1412288863E+00
  0.9736923521E+00 -0.5089493556E+01  0.1398770744E+00
  0.9739554285E+00 -0.5094251725E+01  0.1385375224E+00
  0.9742158742E+00 -0.5098979312E+01  0.1372101308E+00
  0.9744737155E+00 -0.5103657997E+01  0.1358948004E+00
  0.9747289784E+00 -0.5108287039E+01  0.1345914353E+00
  0.9749816886E+00 -0.5112789004E+01  0.1332999501E+00
  0.9752318717E+00 -0.5117152897E+01  0.1320202708E+00
  0.9754795530E+00 -0.5121449101E+01  0.1307523157E+00
  0.9757247574E+00 -0.5125669714E+01  0.1294959960E+00
  0.9759675099E+00 -0.5129837904E+01  0.1282512214E+00
  0.9762078348E+00 -0.5134073671E+01  0.1270178846E+00
  0.9764457564E+00 -0.5138265536E+01  0.1257958786E+00
  0.9766812989E+00 -0.5142413892E+01  0.1245851105E+00
  0.9769144859E+00 -0.5146519133E+01  0.1233854877E+00
  0.9771453410E+00 -0.5150581651E+01  0.1221969184E+00
  0.9773738876E+00 -0.5154601842E+01  0.1210193111E+00
  0.9776001487E+00 -0.5158584502E+01  0.1198525746E+00
  0.9778241472E+00 -0.5162571585E+01  0.1186966128E+00
  0.9780459058E+00 -0.5166514512E+01  0.1175513313E+00
  0.9782654467E+00 -0.5170413742E+01  0.1164166418E+00
  0.9784827922E+00 -0.5174269740E+01  0.1152924564E+00
  0.9786979643E+00 -0.5178082970E+01  0.1141786878E+00
  0.9789109847E+00 -0.5181853898E+01  0.1130752491E+00
  0.9791218748E+00 -0.5185582992E+01  0.1119820539E+00
  0.9793306561E+00 -0.5189239767E+01  0.1108990197E+00
  0.9795373495E+00 -0.5192853172E+01  0.1098260644E+00
  0.9797419760E+00 -0.5196392881E+01  0.1087631069E+00
  0.9799445563E+00 -0.5199914330E+01  0.1077100637E+00
  0.9801451107E+00 -0.5203400508E+01  0.1066668482E+00
  0.9803436596E+00 -0.5206835770E+01  0.1056333777E+00
  0.9805402230E+00 -0.5210246317E+01  0.1046095692E+00
  0.9807348208E+00 -0.5213641995E+01  0.1035953365E+00
  0.9809274726E+00 -0.5216999535E+01  0.1025905956E+00
  0.9811181978E+00 -0.5220319421E+01  0.1015952653E+00
  0.9813070158E+00 -0.5223602135E+01  0.1006092650E+00
  0.9814939457E+00 -0.5226848157E+01  0.9963251450E-01
  0.9816790062E+00 -0.5230057964E+01  0.9866493414E-01
  0.9818622162E+00 -0.5233208814E+01  0.9770644691E-01
  0.9820435940E+00 -0.5236324659E+01  0.9675697624E-01
  0.9822231581E+00 -0.5239401330E+01  0.9581644429E-01
  0.9824009265E+00 -0.5242437211E+01  0.9488477436E-01
  0.9825769172E+00 -0.5245440609E+01  0.9396188970E-01
  0.9827511481E+00 -0.5248411938E+01  0.9304771339E-01
  0.9829236366E+00 -0.5251351606E+01  0.9214216905E-01
  0.9830944002E+00 -0.5254260017E+01  0.9124518084E-01
  0.9832634562E+00 -0.5257137571E+01  0.9035667344E-01
  0.9834308216E+00 -0.5259984662E+01  0.8947657206E-01
  0.9835965134E+00 -0.5262801678E+01  0.8860480244E-01
  0.9837605483E+00 -0.5265589003E+01  0.8774129086E-01
  0.9839229428E+00 -0.5268347016E+01  0.8688596413E-01
  0.9840837134E+00 -0.5271009686E+01  0.8603875493E-01
  0.9842428762E+00 -0.5273633864E+01  0.8519959709E-01
  0.9844004475E+00 -0.5276241843E+01  0.8436841860E-01
  0.9845564430E+00 -0.5278833587E+01  0.8354514633E-01
  0.9847108786E+00 -0.5281415662E+01  0.8272970728E-01
  0.9848637698E+00 -0.5283974348E+01  0.8192202962E-01
  0.9850151321E+00 -0.5286503888E+01  0.8112204367E-01
  0.9851649808E+00 -0.5289026322E+01  0.8032967905E-01
  0.9853133310E+00 -0.5291514921E+01  0.7954486639E-01
  0.9854601977E+00 -0.5293967381E+01  0.7876753901E-01
  0.9856055957E+00 -0.5296392696E+01  0.7799763030E-01
  0.9857495397E+00 -0.5298789357E+01  0.7723507363E-01
  0.9858920443E+00 -0.5301162607E+01  0.7647980265E-01
  0.9860331239E+00 -0.5303512714E+01  0.7573175121E-01
  0.9861727926E+00 -0.5305864606E+01  0.7499085191E-01
  0.9863110647E+00 -0.5308219097E+01  0.7425703623E-01
  0.9864479541E+00 -0.5310549240E+01  0.7353023807E-01
  0.9865834745E+00 -0.5312830098E+01  0.7281039545E-01
  0.9867176398E+00 -0.5315090311E+01  0.7209744662E-01
  0.9868504634E+00 -0.5317327565E+01  0.7139132860E-01
  0.9869819588E+00 -0.5319541392E+01  0.7069197911E-01
  0.9871121392E+00 -0.5321719039E+01  0.6999933728E-01
  0.9872410178E+00 -0.5323875128E+01  0.6931334260E-01
  0.9873686076E+00 -0.5326004146E+01  0.6863393449E-01
  0.9874949215E+00 -0.5328102452E+01  0.6796105349E-01
  0.9876199723E+00 -0.5330188639E+01  0.6729463966E-01
  0.9877437726E+00 -0.5332272431E+01  0.6663463184E-01
  0.9878663349E+00 -0.5334335749E+01  0.6598096996E-01
  0.9879876715E+00 -0.5336378817E+01  0.6533359557E-01
  0.9881077948E+00 -0.5338401002E+01  0.6469245076E-01
  0.9882267168E+00 -0.5340402126E+01  0.6405747817E-01
  0.9883444497E+00 -0.5342383571E+01  0.6342862087E-01
  0.9884610052E+00 -0.5344345557E+01  0.6280582232E-01
  0.9885763951E+00 -0.5346288299E+01  0.6218902648E-01
  0.9886906312E+00 -0.5348213154E+01  0.6157817769E-01
  0.9888037249E+00 -0.5350130821E+01  0.6097322010E-01
  0.9889156876E+00 -0.5352029635E+01  0.6037409843E-01
  0.9890265307E+00 -0.5353909791E+01  0.5978075855E-01
  0.9891362654E+00 -0.5355755243E+01  0.5919314765E-01
  0.9892449028E+00 -0.5357582316E+01  0.5861121337E-01
  0.9893524538E+00 -0.5359402393E+01  0.5803490231E-01
  0.9894589292E+00 -0.5361212141E+01  0.5746416111E-01
  0.9895643399E+00 -0.5363004108E+01  0.5689893750E-01
  0.9896686965E+00 -0.5364778473E+01  0.5633918004E-01
  0.9897720096E+00 -0.5366535416E+01  0.5578483773E-01
  0.9898742895E+00 -0.5368275112E+01  0.5523586004E-01
  0.9899755466E+00 -0.5369997735E+01  0.5469219682E-01
  0.9900757911E+00 -0.5371703458E+01  0.5415379841E-01
  0.9901750332E+00 -0.5373392451E+01  0.5362061552E-01
  0.9902732829E+00 -0.5375074492E+01  0.5309259887E-01
  0.9903705500E+00 -0.5376720879E+01  0.5256970051E-01
  0.9904668445E+00 -0.5378351298E+01  0.5205187336E-01
  0.9905621761E+00 -0.5379965907E+01  0.5153906981E-01
  0.9906565543E+00 -0.5381564258E+01  0.5103124267E-01
  0.9907499888E+00 -0.5383145697E+01  0.5052834526E-01
  0.9908424889E+00 -0.5384714569E+01  0.5003033112E-01
  0.9909340640E+00 -0.5386276427E+01  0.4953715377E-01
  0.9910247234E+00 -0.5387822974E+01  0.4904876729E-01
  0.9911144761E+00 -0.5389359716E+01  0.4856512631E-01
  0.9912033314E+00 -0.5390882130E+01  0.4808618583E-01
  0.9912912981E+00 -0.5392382765E+01  0.4761190179E-01
  0.9913783851E+00 -0.5393864131E+01  0.4714223074E-01
  0.9914646012E+00 -0.5395331155E+01  0.4667712931E-01
  0.9915499552E+00 -0.5396783971E+01  0.4621655428E-01
  0.9916344557E+00 -0.5398222712E+01  0.4576046283E-01
  0.9917181111E+00 -0.5399647511E+01  0.4530881252E-01
  0.9918009300E+00 -0.5401058497E+01  0.4486156128E-01
  0.9918829207E+00 -0.5402455800E+01  0.4441866743E-01
  0.9919640915E+00 -0.5403839548E+01  0.4398008965E-01
  0.9920444506E+00 -0.5405209281E+01  0.4354578701E-01
  0.9921240061E+00 -0.5406558544E+01  0.4311571924E-01
  0.9922027660E+00 -0.5407894902E+01  0.4268984640E-01
  0.9922807383E+00 -0.5409218473E+01  0.4226812857E-01
  0.9923579310E+00 -0.5410529373E+01  0.4185052625E-01
  0.9924343516E+00 -0.5411827714E+01  0.4143700025E-01
  0.9925100081E+00 -0.5413113612E+01  0.4102751175E-01
  0.9925849081E+00 -0.5414387177E+01  0.4062202229E-01
  0.9926590590E+00 -0.5415648523E+01  0.4022049374E-01
  0.9927324684E+00 -0.5416897759E+01  0.3982288832E-01
  0.9928051437E+00 -0.5418141090E+01  0.3942916838E-01
  0.9928770923E+00 -0.5419372639E+01  0.3903929661E-01
  0.9929483213E+00 -0.5420590625E+01  0.3865323632E-01
  0.9930188381E+00 -0.5421803326E+01  0.3827095093E-01
  0.9930886497E+00 -0.5423005678E+01  0.3789240409E-01
  0.9931577632E+00 -0.5424196127E+01  0.3751756004E-01
  0.9932261856E+00 -0.5425374788E+01  0.3714638338E-01
  0.9932939238E+00 -0.5426541778E+01  0.3677883903E-01
  0.9933609845E+00 -0.5427697209E+01  0.3641489226E-01
  0.9934273747E+00 -0.5428841195E+01  0.3605450863E-01
  0.9934931009E+00 -0.5429973845E+01  0.3569765402E-01
  0.9935581699E+00 -0.5431095273E+01  0.3534429461E-01
  0.9936225882E+00 -0.5432205586E+01  0.3499439692E-01
  0.9936863623E+00 -0.5433304893E+01  0.3464792775E-01
  0.9937494987E+00 -0.5434383800E+01  0.3430485451E-01
  0.9938120037E+00 -0.5435447391E+01  0.3396514504E-01
  0.9938738837E+00 -0.5436500817E+01  0.3362876716E-01
  0.9939351449E+00 -0.5437544165E+01  0.3329568884E-01
  0.9939957934E+00 -0.5438579380E+01  0.3296587827E-01
  0.9940558355E+00 -0.5439607122E+01  0.3263930387E-01
  0.9941152771E+00 -0.5440624894E+01  0.3231593443E-01
  0.9941741243E+00 -0.5441635910E+01  0.3199573898E-01
  0.9942323831E+00 -0.5442633639E+01  0.3167868698E-01
  0.9942900593E+00 -0.5443616802E+01  0.3136474837E-01
  0.9943471587E+00 -0.5444590550E+01  0.3105389327E-01
  0.9944036871E+00 -0.5445560723E+01  0.3074609179E-01
  0.9944596502E+00 -0.5446522075E+01  0.3044131427E-01
  0.9945150537E+00 -0.5447474019E+01  0.3013953153E-01
  0.9945699032E+00 -0.5448416643E+01  0.2984071465E-01
  0.9946242041E+00 -0.5449350037E+01  0.2954483501E-01
  0.9946779621E+00 -0.5450274287E+01  0.2925186423E-01
  0.9947311825E+00 -0.5451189481E+01  0.2896177422E-01
  0.9947838707E+00 -0.5452095704E+01  0.2867453712E-01
  0.9948360320E+00 -0.5452993042E+01  0.2839012535E-01
  0.9948876716E+00 -0.5453881580E+01  0.2810851159E-01
  0.9949387949E+00 -0.5454761400E+01  0.2782966877E-01
  0.9949894070E+00 -0.5455632587E+01  0.2755357006E-01
  0.9950395129E+00 -0.5456495222E+01  0.2728018890E-01
  0.9950891178E+00 -0.5457349387E+01  0.2700949897E-01
  0.9951382266E+00 -0.5458195163E+01  0.2674147421E-01
  0.9951868443E+00 -0.5459032629E+01  0.2647608877E-01
  0.9952349759E+00 -0.5459861866E+01  0.2621331707E-01
  0.9952826261E+00 -0.5460682951E+01  0.2595313378E-01
  0.9953297999E+00 -0.5461495962E+01  0.2569551377E-01
  0.9953765019E+00 -0.5462303036E+01  0.2544043213E-01
  0.9954227368E+00 -0.5463103955E+01  0.2518786414E-01
  0.9954685095E+00 -0.5463897618E+01  0.2493778533E-01
  0.9955138244E+00 -0.5464683859E+01  0.2469017151E-01
  0.9955586861E+00 -0.5465462221E+01  0.2444499874E-01
  0.9956030993E+00 -0.5466232784E+01  0.2420224329E-01
  0.9956470683E+00 -0.5466995626E+01  0.2396188169E-01
  0.9956905976E+00 -0.5467750825E+01  0.2372389067E-01
  0.9957336916E+00 -0.5468498457E+01  0.2348824718E-01
  0.9957763547E+00 -0.5469238600E+01  0.2325492838E-01
  0.9958185912E+00 -0.5469971328E+01  0.2302391167E-01
  0.9958604053E+00 -0.5470696717E+01  0.2279517464E-01
  0.9959018012E+00 -0.5471414839E+01  0.2256869510E-01
  0.9959427832E+00 -0.5472126842E+01  0.2234445105E-01
  0.9959833554E+00 -0.5472832031E+01  0.2212242070E-01
  0.9960235218E+00 -0.5473530117E+01  0.2190258246E-01
  0.9960632866E+00 -0.5474221172E+01  0.2168491499E-01
  0.9961026537E+00 -0.5474905268E+01  0.2146939713E-01
  0.9961416272E+00 -0.5475582477E+01  0.2125600791E-01
  0.9961802109E+00 -0.5476254134E+01  0.2104472657E-01
  0.9962184088E+00 -0.5476919125E+01  0.2083553251E-01
  0.9962562247E+00 -0.5477577384E+01  0.2062840537E-01
  0.9962936625E+00 -0.5478228983E+01  0.2042332499E-01
  0.9963307258E+00 -0.5478873988E+01  0.2022027138E-01
  0.9963674186E+00 -0.5479512470E+01  0.2001922476E-01
  0.9964037444E+00 -0.5480144495E+01  0.1982016552E-01
  0.9964397070E+00 -0.5480770130E+01  0.1962307427E-01
  0.9964753099E+00 -0.5481389440E+01  0.1942793177E-01
  0.9965105568E+00 -0.5482002491E+01  0.1923471897E-01
  0.9965454512E+00 -0.5482609347E+01  0.1904341702E-01
  0.9965799967E+00 -0.5483210073E+01  0.1885400723E-01
  0.9966141967E+00 -0.5483804730E+01  0.1866647110E-01
  0.9966480548E+00 -0.5484393383E+01  0.1848079029E-01
  0.9966815742E+00 -0.5484976091E+01  0.1829694666E-01
  0.9967147585E+00 -0.5485552918E+01  0.1811492223E-01
  0.9967476109E+00 -0.5486123922E+01  0.1793469919E-01
  0.9967801348E+00 -0.5486689164E+01  0.1775625990E-01
  0.9968123334E+00 -0.5487248702E+01  0.1757958690E-01
  0.9968442101E+00 -0.5487802596E+01  0.1740466288E-01
  0.9968757680E+00 -0.5488350903E+01  0.1723147070E-01
  0.9969070103E+00 -0.5488893680E+01  0.1705999341E-01
  0.9969379402E+00 -0.5489430985E+01  0.1689021419E-01
  0.9969685608E+00 -0.5489962872E+01  0.1672211638E-01
  0.9969988752E+00 -0.5490489168E+01  0.1655568352E-01
  0.9970288865E+00 -0.5491009540E+01  0.1639089928E-01
  0.9970585976E+00 -0.5491524693E+01  0.1622774750E-01
  0.9970880116E+00 -0.5492034679E+01  0.1606621216E-01
  0.9971171315E+00 -0.5492539551E+01  0.1590627740E-01
  0.9971459602E+00 -0.5493039360E+01  0.1574792750E-01
  0.9971745006E+00 -0.5493534157E+01  0.1559114691E-01
  0.9972027556E+00 -0.5494023993E+01  0.1543592021E-01
  0.9972307280E+00 -0.5494508917E+01  0.1528223215E-01
  0.9972584207E+00 -0.5494988980E+01  0.1513006761E-01
  0.9972858365E+00 -0.5495464230E+01  0.1497941162E-01
  0.9973129782E+00 -0.5495934715E+01  0.1483024935E-01
  0.9973398484E+00 -0.5496400485E+01  0.1468256613E-01
  0.9973664499E+00 -0.5496861585E+01  0.1453634741E-01
  0.9973927854E+00 -0.5497318064E+01  0.1439157879E-01
  0.9974188575E+00 -0.5497769967E+01  0.1424824602E-01
  0.9974446690E+00 -0.5498217342E+01  0.1410633497E-01
  0.9974702223E+00 -0.5498660232E+01  0.1396583166E-01
  0.9974955201E+00 -0.5499098684E+01  0.1382672223E-01
  0.9975205649E+00 -0.5499532743E+01  0.1368899298E-01
  0.9975453592E+00 -0.5499962451E+01  0.1355263030E-01
  0.9975699056E+00 -0.5500387854E+01  0.1341762076E-01
  0.9975942066E+00 -0.5500808995E+01  0.1328395103E-01
  0.9976182645E+00 -0.5501225916E+01  0.1315160791E-01
  0.9976420819E+00 -0.5501638659E+01  0.1302057834E-01
  0.9976656610E+00 -0.5502047267E+01  0.1289084939E-01
  0.9976890044E+00 -0.5502451849E+01  0.1276240823E-01
  0.9977121144E+00 -0.5502852726E+01  0.1263524218E-01
  0.9977349932E+00 -0.5503249575E+01  0.1250933867E-01
  0.9977576433E+00 -0.5503642437E+01  0.1238468524E-01
  0.9977800669E+00 -0.5504031352E+01  0.1226126959E-01
  0.9978022662E+00 -0.5504416361E+01  0.1213907950E-01
  0.9978242435E+00 -0.5504797502E+01  0.1201810289E-01
  0.9978460011E+00 -0.5505174816E+01  0.1189832780E-01
  0.9978675411E+00 -0.5505548340E+01  0.1177974237E-01
  0.9978888657E+00 -0.5505918113E+01  0.1166233487E-01
  0.9979099770E+00 -0.5506284174E+01  0.1154609368E-01
  0.9979308773E+00 -0.5506646559E+01  0.1143100729E-01
  0.9979515685E+00 -0.5507005306E+01  0.1131706430E-01
  0.9979720528E+00 -0.5507360452E+01  0.1120425343E-01
  0.9979923323E+00 -0.5507712032E+01  0.1109256351E-01
  0.9980124089E+00 -0.5508060084E+01  0.1098198346E-01
  0.9980322849E+00 -0.5508404643E+01  0.1087250232E-01
  0.9980519620E+00 -0.5508745744E+01  0.1076410925E-01
  0.9980714424E+00 -0.5509083422E+01  0.1065679350E-01
  0.9980907280E+00 -0.5509417711E+01  0.1055054443E-01
  0.9981098207E+00 -0.5509748646E+01  0.1044535150E-01
  0.9981287225E+00 -0.5510076261E+01  0.1034120428E-01
  0.9981474353E+00 -0.5510400590E+01  0.1023809242E-01
  0.9981659609E+00 -0.5510721664E+01  0.1013600571E-01
  0.9981843013E+00 -0.5511039518E+01  0.1003493401E-01
  0.9982024583E+00 -0.5511354184E+01  0.9934867277E-02
  0.9982204337E+00 -0.5511665693E+01  0.9835795587E-02
  0.9982382294E+00 -0.5511974079E+01  0.9737709097E-02
  0.9982558471E+00 -0.5512279371E+01  0.9640598067E-02
  0.9982732886E+00 -0.5512581602E+01  0.9544452849E-02
  0.9982905557E+00 -0.5512880803E+01  0.9449263891E-02
  0.9983076502E+00 -0.5513177003E+01  0.9355021733E-02
  0.9983245737E+00 -0.5513470233E+01  0.9261717009E-02
  0.9983413279E+00 -0.5513760524E+01  0.9169340444E-02
  0.9983579146E+00 -0.5514047904E+01  0.9077882854E-02
  0.9983743355E+00 -0.5514332403E+01  0.8987335145E-02
  0.9983905921E+00 -0.5514614050E+01  0.8897688310E-02
  0.9984066862E+00 -0.5514892874E+01  0.8808933434E-02
  0.9984226194E+00 -0.5515168903E+01  0.8721061687E-02
  0.9984383932E+00 -0.5515442166E+01  0.8634064325E-02
  0.9984540092E+00 -0.5515712689E+01  0.8547932690E-02
  0.9984694691E+00 -0.5515980501E+01  0.8462658211E-02
  0.9984847744E+00 -0.5516245630E+01  0.8378232398E-02
  0.9984999267E+00 -0.5516508101E+01  0.8294646845E-02
  0.9985149274E+00 -0.5516768000E+01  0.8211893231E-02
  0.9985297782E+00 -0.5517025308E+01  0.8129963312E-02
  0.9985444804E+00 -0.5517280036E+01  0.8048848928E-02
  0.9985590356E+00 -0.5517532210E+01  0.7968541999E-02
  0.9985734452E+00 -0.5517781854E+01  0.7889034524E-02
  0.9985877108E+00 -0.5518028996E+01  0.7810318580E-02
  0.9986018337E+00 -0.5518273660E+01  0.7732386323E-02
  0.9986158153E+00 -0.5518515871E+01  0.7655229985E-02
  0.9986296572E+00 -0.5518755653E+01  0.7578841874E-02
  0.9986433606E+00 -0.5518993032E+01  0.7503214375E-02
  0.9986569270E+00 -0.5519228032E+01  0.7428339947E-02
  0.9986703577E+00 -0.5519460675E+01  0.7354211122E-02
  0.9986836541E+00 -0.5519690987E+01  0.7280820508E-02
  0.9986968176E+00 -0.5519918991E+01  0.7208160784E-02
  0.9987098494E+00 -0.5520144709E+01  0.7136224700E-02
  0.9987227509E+00 -0.5520368166E+01  0.7065005080E-02
  0.9987355234E+00 -0.5520589383E+01  0.6994494816E-02
  0.9987481682E+00 -0.5520808383E+01  0.6924686872E-02
  0.9987606865E+00 -0.5521025189E+01  0.6855574279E-02
  0.9987730796E+00 -0.5521239822E+01  0.6787150139E-02
  0.9987853488E+00 -0.5521452304E+01  0.6719407620E-02
  0.9987974954E+00 -0.5521662658E+01  0.6652339958E-02
  0.9988095204E+00 -0.5521870904E+01  0.6585940456E-02
  0.9988214252E+00 -0.5522077064E+01  0.6520202482E-02
  0.9988332109E+00 -0.5522281158E+01  0.6455119470E-02
  0.9988448788E+00 -0.5522483208E+01  0.6390684919E-02
  0.9988564300E+00 -0.5522683234E+01  0.6326892392E-02
  0.9988678657E+00 -0.5522881256E+01  0.6263735514E-02
  0.9988791871E+00 -0.5523077294E+01  0.6201207973E-02
  0.9988903952E+00 -0.5523271369E+01  0.6139303522E-02
  0.9989014913E+00 -0.5523463500E+01  0.6078015973E-02
  0.9989124764E+00 -0.5523653707E+01  0.6017339199E-02
  0.9989233516E+00 -0.5523842008E+01  0.5957267135E-02
  0.9989341181E+00 -0.5524028424E+01  0.5897793775E-02
  0.9989447769E+00 -0.5524212972E+01  0.5838913171E-02
  0.9989553291E+00 -0.5524395673E+01  0.5780619435E-02
  0.9989657758E+00 -0.5524576544E+01  0.5722906737E-02
  0.9989761181E+00 -0.5524755603E+01  0.5665769306E-02
  0.9989863569E+00 -0.5524932870E+01  0.5609201424E-02
  0.9989964933E+00 -0.5525108361E+01  0.5553197434E-02
  0.9990065284E+00 -0.5525282096E+01  0.5497751731E-02
  0.9990164631E+00 -0.5525454090E+01  0.5442858767E-02
  0.9990262985E+00 -0.5525624363E+01  0.5388513051E-02
  0.9990360355E+00 -0.5525792930E+01  0.5334709141E-02
  0.9990456751E+00 -0.5525959810E+01  0.5281441654E-02
  0.9990552184E+00 -0.5526125019E+01  0.5228705258E-02
  0.9990646662E+00 -0.5526288574E+01  0.5176494672E-02
  0.9990740195E+00 -0.5526450492E+01  0.5124804670E-02
  0.9990832793E+00 -0.5526610788E+01  0.5073630076E-02
  0.9990924466E+00 -0.5526769480E+01  0.5022965766E-02
  0.9991015221E+00 -0.5526926583E+01  0.4972806666E-02
  0.9991105069E+00 -0.5527082114E+01  0.4923147753E-02
  0.9991194018E+00 -0.5527236087E+01  0.4873984052E-02
  0.9991282078E+00 -0.5527388519E+01  0.4825310639E-02
  0.9991369257E+00 -0.5527539426E+01  0.4777122638E-02
  0.9991455564E+00 -0.5527688821E+01  0.4729415221E-02
  0.9991541009E+00 -0.5527836722E+01  0.4682183608E-02
  0.9991625599E+00 -0.5527983142E+01  0.4635423067E-02
  0.9991709343E+00 -0.5528128096E+01  0.4589128911E-02
  0.9991792249E+00 -0.5528271600E+01  0.4543296500E-02
  0.9991874327E+00 -0.5528413667E+01  0.4497921242E-02
  0.9991955584E+00 -0.5528554312E+01  0.4452998588E-02
  0.9992036028E+00 -0.5528693550E+01  0.4408524034E-02
  0.9992115667E+00 -0.5528831394E+01  0.4364493123E-02
  0.9992194511E+00 -0.5528967859E+01  0.4320901440E-02
  0.9992272566E+00 -0.5529102958E+01  0.4277744613E-02
  0.9992349840E+00 -0.5529236704E+01  0.4235018316E-02
  0.9992426342E+00 -0.5529369113E+01  0.4192718264E-02
  0.9992502078E+00 -0.5529500196E+01  0.4150840215E-02
  0.9992577057E+00 -0.5529629967E+01  0.4109379968E-02
  0.9992651287E+00 -0.5529758440E+01  0.4068333365E-02
  0.9992724774E+00 -0.5529885627E+01  0.4027696289E-02
  0.9992797526E+00 -0.5530011541E+01  0.3987464663E-02
  0.9992869551E+00 -0.5530136196E+01  0.3947634451E-02
  0.9992940855E+00 -0.5530259603E+01  0.3908201656E-02
  0.9993011447E+00 -0.5530381775E+01  0.3869162323E-02
  0.9993081332E+00 -0.5530502724E+01  0.3830512534E-02
  0.9993150519E+00 -0.5530622463E+01  0.3792248409E-02
  0.9993219014E+00 -0.5530741005E+01  0.3754366110E-02
  0.9993286824E+00 -0.5530858359E+01  0.3716861835E-02
  0.9993353956E+00 -0.5530974540E+01  0.3679731818E-02
  0.9993420416E+00 -0.5531089558E+01  0.3642972333E-02
  0.9993486212E+00 -0.5531203426E+01  0.3606579689E-02
  0.9993551350E+00 -0.5531316154E+01  0.3570550235E-02
  0.9993615836E+00 -0.5531427754E+01  0.3534880351E-02
  0.9993679678E+00 -0.5531538238E+01  0.3499566457E-02
  0.9993742881E+00 -0.5531647616E+01  0.3464605008E-02
  0.9993805452E+00 -0.5531755900E+01  0.3429992492E-02
  0.9993867398E+00 -0.5531863100E+01  0.3395725434E-02
  0.9993928724E+00 -0.5531969228E+01  0.3361800392E-02
  0.9993989436E+00 -0.5532074294E+01  0.3328213960E-02
  0.9994049542E+00 -0.5532178309E+01  0.3294962763E-02
  0.9994109047E+00 -0.5532281283E+01  0.3262043463E-02
  0.9994167956E+00 -0.5532383227E+01  0.3229452752E-02
  0.9994226277E+00 -0.5532484152E+01  0.3197187357E-02
  0.9994284014E+00 -0.5532584066E+01  0.3165244035E-02
  0.9994341174E+00 -0.5532682981E+01  0.3133619579E-02
  0.9994397762E+00 -0.5532780906E+01  0.3102310810E-02
  0.9994453784E+00 -0.5532877852E+01  0.3071314584E-02
  0.9994509247E+00 -0.5532973828E+01  0.3040627784E-02
  0.9994564154E+00 -0.5533068844E+01  0.3010247328E-02
  0.9994618513E+00 -0.5533162909E+01  0.2980170163E-02
  0.9994672327E+00 -0.5533256033E+01  0.2950393266E-02
  0.9994725604E+00 -0.5533348225E+01  0.2920913644E-02
  0.9994778348E+00 -0.5533439496E+01  0.2891728334E-02
  0.9994830565E+00 -0.5533529853E+01  0.2862834404E-02
  0.9994882259E+00 -0.5533619306E+01  0.2834228948E-02
  0.9994933436E+00 -0.5533707865E+01  0.2805909091E-02
  0.9994984102E+00 -0.5533795537E+01  0.2777871986E-02
  0.9995034261E+00 -0.5533882333E+01  0.2750114814E-02
  0.9995083918E+00 -0.5533968260E+01  0.2722634786E-02
  0.9995133079E+00 -0.5534053328E+01  0.2695429137E-02
  0.9995181748E+00 -0.5534137545E+01  0.2668495133E-02
  0.9995229931E+00 -0.5534220920E+01  0.2641830065E-02
  0.9995277632E+00 -0.5534303460E+01  0.2615431253E-02
  0.9995324855E+00 -0.5534385175E+01  0.2589296040E-02
  0.9995371607E+00 -0.5534466072E+01  0.2563421800E-02
  0.9995417891E+00 -0.5534546160E+01  0.2537805929E-02
  0.9995463712E+00 -0.5534625448E+01  0.2512445852E-02
  0.9995509075E+00 -0.5534703942E+01  0.2487339018E-02
  0.9995553984E+00 -0.5534781650E+01  0.2462482901E-02
  0.9995598444E+00 -0.5534858582E+01  0.2437875002E-02
  0.9995642460E+00 -0.5534934744E+01  0.2413512845E-02
  0.9995686035E+00 -0.5535010144E+01  0.2389393979E-02
  0.9995729175E+00 -0.5535084790E+01  0.2365515978E-02
  0.9995771883E+00 -0.5535158690E+01  0.2341876440E-02
  0.9995814164E+00 -0.5535231850E+01  0.2318472987E-02
  0.9995856022E+00 -0.5535304279E+01  0.2295303263E-02
  0.9995897462E+00 -0.5535375983E+01  0.2272364938E-02
  0.9995938488E+00 -0.5535446969E+01  0.2249655704E-02
  0.9995979103E+00 -0.5535517246E+01  0.2227173275E-02
  0.9996019312E+00 -0.5535586820E+01  0.2204915389E-02
  0.9996059119E+00 -0.5535655698E+01  0.2182879806E-02
  0.9996098527E+00 -0.5535723887E+01  0.2161064309E-02
  0.9996137542E+00 -0.5535791394E+01  0.2139466703E-02
  0.9996176167E+00 -0.5535858226E+01  0.2118084813E-02
  0.9996214405E+00 -0.5535924390E+01  0.2096916488E-02
  0.9996252261E+00 -0.5535989891E+01  0.2075959596E-02
  0.9996289738E+00 -0.5536054738E+01  0.2055212030E-02
  0.9996326841E+00 -0.5536118936E+01  0.2034671699E-02
  0.9996363573E+00 -0.5536182491E+01  0.2014336538E-02
  0.9996399937E+00 -0.5536245412E+01  0.1994204497E-02
  0.9996435938E+00 -0.5536307702E+01  0.1974273552E-02
  0.9996471578E+00 -0.5536369370E+01  0.1954541696E-02
  0.9996506862E+00 -0.5536430421E+01  0.1935006942E-02
  0.9996541794E+00 -0.5536490862E+01  0.1915667323E-02
  0.9996576376E+00 -0.5536550698E+01  0.1896520892E-02
  0.9996610612E+00 -0.5536609935E+01  0.1877565721E-02
  0.9996644506E+00 -0.5536668580E+01  0.1858799903E-02
  0.9996678400E+00 -0.5536727225E+01  0.1840033886E-02
  0.9996712294E+00 -0.5536785870E+01  0.1821267670E-02
  0.9996746188E+00 -0.5536844515E+01  0.1802501255E-02
  0.9996780081E+00 -0.5536903159E+01  0.1783734642E-02
  0.9996813975E+00 -0.5536961804E+01  0.1764967829E-02
  0.9996847869E+00 -0.5537020449E+01  0.1746200818E-02
  0.9996881763E+00 -0.5537079093E+01  0.1727433608E-02
  0.9996915657E+00 -0.5537137737E+01  0.1708666200E-02
  0.9996949551E+00 -0.5537196382E+01  0.1689898592E-02
  0.9996983445E+00 -0.5537255026E+01  0.1671130786E-02
  0.9997017339E+00 -0.5537313670E+01  0.1652362781E-02
  0.9997051232E+00 -0.5537372314E+01  0.1633594578E-02
  0.9997085126E+00 -0.5537430958E+01  0.1614826175E-02
  0.9997119020E+00 -0.5537489602E+01  0.1596057574E-02
  0.9997152914E+00 -0.5537548245E+01  0.1577288774E-02
  0.9997186808E+00 -0.5537606889E+01  0.1558519775E-02
  0.9997220702E+00 -0.5537665533E+01  0.1539750578E-02
  0.9997254596E+00 -0.5537724176E+01  0.1520981182E-02
  0.9997288490E+00 -0.5537782820E+01  0.1502211587E-02
  0.9997322384E+00 -0.5537841463E+01  0.1483441793E-02
  0.9997356277E+00 -0.5537900107E+01  0.1464671800E-02
  0.9997390171E+00 -0.5537958750E+01  0.1445901609E-02
  0.9997424065E+00 -0.5538017393E+01  0.1427131219E-02
  0.9997457959E+00 -0.5538076036E+01  0.1408360630E-02
  0.9997491853E+00 -0.5538134679E+01  0.1389589843E-02
  0.9997525747E+00 -0.5538193322E+01  0.1370818856E-02
  0.9997559641E+00 -0.5538251965E+01  0.1352047671E-02
  0.9997593535E+00 -0.5538310608E+01  0.1333276287E-02
  0.9997627428E+00 -0.5538369251E+01  0.1314504704E-02
  0.9997661322E+00 -0.5538427894E+01  0.1295732923E-02
  0.9997695216E+00 -0.5538486536E+01  0.1276960943E-02
  0.9997729110E+00 -0.5538545179E+01  0.1258188764E-02
  0.9997763004E+00 -0.5538603821E+01  0.1239416386E-02
  0.9997796898E+00 -0.5538662464E+01  0.1220643810E-02
  0.9997830792E+00 -0.5538721106E+01  0.1201871034E-02
  0.9997864686E+00 -0.5538779749E+01  0.1183098060E-02
  0.9997898579E+00 -0.5538838391E+01  0.1164324888E-02
  0.9997932473E+00 -0.5538897033E+01  0.1145551516E-02
  0.9997966367E+00 -0.5538955676E+01  0.1126777946E-02
  0.9998000261E+00 -0.5539014318E+01  0.1108004177E-02
  0.9998034155E+00 -0.5539072960E+01  0.1089230209E-02
  0.9998068049E+00 -0.5539131602E+01  0.1070456042E-02
  0.9998101943E+00 -0.5539190244E+01  0.1051681677E-02
  0.9998135837E+00 -0.5539248886E+01  0.1032907113E-02
  0.9998169731E+00 -0.5539307528E+01  0.1014132350E-02
  0.9998203624E+00 -0.5539366170E+01  0.9953573885E-03
  0.9998237518E+00 -0.5539424812E+01  0.9765822282E-03
  0.9998271412E+00 -0.5539483453E+01  0.9578068690E-03
  0.9998305306E+00 -0.5539542095E+01  0.9390313111E-03
  0.9998339200E+00 -0.5539600737E+01  0.9202555545E-03
  0.9998373094E+00 -0.5539659378E+01  0.9014795991E-03
  0.9998406988E+00 -0.5539718020E+01  0.8827034449E-03
  0.9998440882E+00 -0.5539776661E+01  0.8639270920E-03
  0.9998474775E+00 -0.5539835303E+01  0.8451505403E-03
  0.9998508669E+00 -0.5539893944E+01  0.8263737898E-03
  0.9998542563E+00 -0.5539952586E+01  0.8075968406E-03
  0.9998576457E+00 -0.5540011227E+01  0.7888196927E-03
  0.9998610351E+00 -0.5540069869E+01  0.7700423460E-03
  0.9998644245E+00 -0.5540128510E+01  0.7512648005E-03
  0.9998678139E+00 -0.5540187151E+01  0.7324870562E-03
  0.9998712033E+00 -0.5540245792E+01  0.7137091132E-03
  0.9998745926E+00 -0.5540304434E+01  0.6949309715E-03
  0.9998779820E+00 -0.5540363075E+01  0.6761526310E-03
  0.9998813714E+00 -0.5540421716E+01  0.6573740917E-03
  0.9998847608E+00 -0.5540480357E+01  0.6385953537E-03
  0.9998881502E+00 -0.5540538998E+01  0.6198164169E-03
  0.9998915396E+00 -0.5540597639E+01  0.6010372814E-03
  0.9998949290E+00 -0.5540656280E+01  0.5822579471E-03
  0.9998983184E+00 -0.5540714921E+01  0.5634784140E-03
  0.9999017077E+00 -0.5540773562E+01  0.5446986822E-03
  0.9999050971E+00 -0.5540832203E+01  0.5259187516E-03
  0.9999084865E+00 -0.5540890844E+01  0.5071386223E-03
  0.9999118759E+00 -0.5540949485E+01  0.4883582942E-03
  0.9999152653E+00 -0.5541008126E+01  0.4695777674E-03
  0.9999186547E+00 -0.5541066767E+01  0.4507970418E-03
  0.9999220441E+00 -0.5541125407E+01  0.4320161174E-03
  0.9999254335E+00 -0.5541184048E+01  0.4132349943E-03
  0.9999288229E+00 -0.5541242689E+01  0.3944536725E-03
  0.9999322122E+00 -0.5541301330E+01  0.3756721518E-03
  0.9999356016E+00 -0.5541359971E+01  0.3568904325E-03
  0.9999389910E+00 -0.5541418611E+01  0.3381085143E-03
  0.9999423804E+00 -0.5541477252E+01  0.3193263974E-03
  0.9999457698E+00 -0.5541535893E+01  0.3005440818E-03
  0.9999491592E+00 -0.5541594533E+01  0.2817615674E-03
  0.9999525486E+00 -0.5541653174E+01  0.2629788542E-03
  0.9999559380E+00 -0.5541711815E+01  0.2441959423E-03
  0.9999593273E+00 -0.5541770455E+01  0.2254128316E-03
  0.9999627167E+00 -0.5541829096E+01  0.2066295222E-03
  0.9999661061E+00 -0.5541887737E+01  0.1878460140E-03
  0.9999694955E+00 -0.5541946377E+01  0.1690623071E-03
  0.9999728849E+00 -0.5542005018E+01  0.1502784014E-03
  0.9999762743E+00 -0.5542063658E+01  0.1314942970E-03
  0.9999796637E+00 -0.5542122299E+01  0.1127099938E-03
  0.9999830531E+00 -0.5542180940E+01  0.9392549179E-04
  0.9999864424E+00 -0.5542239580E+01  0.7514079107E-04
  0.9999898318E+00 -0.5542298221E+01  0.5635589160E-04
  0.9999932212E+00 -0.5542356861E+01  0.3757079337E-04
  0.9999966106E+00 -0.5542415502E+01  0.1878549639E-04
  0.1000000000E+01 -0.5542474527E+01  0.3877787949E-17
  0.1000000000E+01 -0.5542474527E+01  0.0000000000E+00
