  0.0000000000E+00  0.5542473970E+01  0.0000000000E+00
  0.6996492144E-18  0.5542473970E+01  0.3877787559E-17
  0.3389387958E-05  0.5542423108E+01  0.1878550834E-04
  0.6778775916E-05  0.5542372247E+01  0.3757084429E-04
  0.1016816387E-04  0.5542321386E+01  0.5635600785E-04
  0.1355755183E-04  0.5542270525E+01  0.7514099902E-04
  0.1694693979E-04  0.5542219664E+01  0.9392581780E-04
  0.2033632775E-04  0.5542168803E+01  0.1127104642E-03
  0.2372571571E-04  0.5542117942E+01  0.1314949382E-03
  0.2711510367E-04  0.5542067081E+01  0.1502792398E-03
  0.3050449162E-04  0.5542016220E+01  0.1690633691E-03
  0.3389387958E-04  0.5541965359E+01  0.1878473259E-03
  0.3728326754E-04  0.5541914498E+01  0.2066311104E-03
  0.4067265550E-04  0.5541863637E+01  0.2254147224E-03
  0.4406204346E-04  0.5541812776E+01  0.2441981621E-03
  0.4745143141E-04  0.5541761915E+01  0.2629814294E-03
  0.5084081937E-04  0.5541711054E+01  0.2817645243E-03
  0.5423020733E-04  0.5541660193E+01  0.3005474468E-03
  0.5761959529E-04  0.5541609332E+01  0.3193301970E-03
  0.6100898325E-04  0.5541558471E+01  0.3381127747E-03
  0.6439837120E-04  0.5541507610E+01  0.3568951801E-03
  0.6778775916E-04  0.5541456749E+01  0.3756774130E-03
  0.7117714712E-04  0.5541405888E+01  0.3944594736E-03
  0.7456653508E-04  0.5541355027E+01  0.4132413618E-03
  0.7795592304E-04  0.5541304166E+01  0.4320230776E-03
  0.8134531100E-04  0.5541253305E+01  0.4508046210E-03
  0.8473469895E-04  0.5541202444E+01  0.4695859921E-03
  0.8812408691E-04  0.5541151583E+01  0.4883671907E-03
  0.9151347487E-04  0.5541100722E+01  0.5071482170E-03
  0.9490286283E-04  0.5541049861E+01  0.5259290708E-03
  0.9829225079E-04  0.5540999000E+01  0.5447097523E-03
  0.1016816387E-03  0.5540948139E+01  0.5634902614E-03
  0.1050710267E-03  0.5540897278E+01  0.5822705981E-03
  0.1084604147E-03  0.5540846418E+01  0.6010507624E-03
  0.1118498026E-03  0.5540795557E+01  0.6198307544E-03
  0.1152391906E-03  0.5540744696E+01  0.6386105739E-03
  0.1186285785E-03  0.5540693835E+01  0.6573902211E-03
  0.1220179665E-03  0.5540642974E+01  0.6761696958E-03
  0.1254073545E-03  0.5540592114E+01  0.6949489982E-03
  0.1287967424E-03  0.5540541253E+01  0.7137281282E-03
  0.1321861304E-03  0.5540490392E+01  0.7325070858E-03
  0.1355755183E-03  0.5540439532E+01  0.7512858711E-03
  0.1389649063E-03  0.5540388671E+01  0.7700644839E-03
  0.1423542942E-03  0.5540337810E+01  0.7888429243E-03
  0.1457436822E-03  0.5540286950E+01  0.8076211924E-03
  0.1491330702E-03  0.5540236089E+01  0.8263992881E-03
  0.1525224581E-03  0.5540185228E+01  0.8451772114E-03
  0.1559118461E-03  0.5540134368E+01  0.8639549623E-03
  0.1593012340E-03  0.5540083507E+01  0.8827325408E-03
  0.1626906220E-03  0.5540032647E+01  0.9015099469E-03
  0.1660800099E-03  0.5539981786E+01  0.9202871807E-03
  0.1694693979E-03  0.5539930926E+01  0.9390642420E-03
  0.1728587859E-03  0.5539880065E+01  0.9578411310E-03
  0.1762481738E-03  0.5539829205E+01  0.9766178476E-03
  0.1796375618E-03  0.5539778345E+01  0.9953943918E-03
  0.1830269497E-03  0.5539727484E+01  0.1014170764E-02
  0.1864163377E-03  0.5539676624E+01  0.1032946963E-02
  0.1898057257E-03  0.5539625763E+01  0.1051722990E-02
  0.1931951136E-03  0.5539574903E+01  0.1070498845E-02
  0.1965845016E-03  0.5539524043E+01  0.1089274527E-02
  0.1999738895E-03  0.5539473183E+01  0.1108050037E-02
  0.2033632775E-03  0.5539422323E+01  0.1126825374E-02
  0.2067526654E-03  0.5539371462E+01  0.1145600540E-02
  0.2101420534E-03  0.5539320602E+01  0.1164375532E-02
  0.2135314414E-03  0.5539269742E+01  0.1183150353E-02
  0.2169208293E-03  0.5539218882E+01  0.1201925001E-02
  0.2203102173E-03  0.5539168022E+01  0.1220699476E-02
  0.2236996052E-03  0.5539117162E+01  0.1239473779E-02
  0.2270889932E-03  0.5539066302E+01  0.1258247910E-02
  0.2304783812E-03  0.5539015442E+01  0.1277021869E-02
  0.2338677691E-03  0.5538964582E+01  0.1295795655E-02
  0.2372571571E-03  0.5538913722E+01  0.1314569268E-02
  0.2406465450E-03  0.5538862862E+01  0.1333342710E-02
  0.2440359330E-03  0.5538812003E+01  0.1352115979E-02
  0.2474253209E-03  0.5538761143E+01  0.1370889075E-02
  0.2508147089E-03  0.5538710283E+01  0.1389661999E-02
  0.2542040969E-03  0.5538659423E+01  0.1408434751E-02
  0.2575934848E-03  0.5538608564E+01  0.1427207330E-02
  0.2609828728E-03  0.5538557704E+01  0.1445979737E-02
  0.2643722607E-03  0.5538506845E+01  0.1464751972E-02
  0.2677616487E-03  0.5538455985E+01  0.1483524034E-02
  0.2711510367E-03  0.5538405125E+01  0.1502295924E-02
  0.2745404246E-03  0.5538354266E+01  0.1521067641E-02
  0.2779298126E-03  0.5538303407E+01  0.1539839186E-02
  0.2813192005E-03  0.5538252547E+01  0.1558610559E-02
  0.2847085885E-03  0.5538201688E+01  0.1577381759E-02
  0.2880979764E-03  0.5538150829E+01  0.1596152787E-02
  0.2914873644E-03  0.5538099969E+01  0.1614923643E-02
  0.2948767524E-03  0.5538049110E+01  0.1633694326E-02
  0.2982661403E-03  0.5537998251E+01  0.1652464837E-02
  0.3016555283E-03  0.5537947392E+01  0.1671235175E-02
  0.3050449162E-03  0.5537896533E+01  0.1690005341E-02
  0.3084343042E-03  0.5537845674E+01  0.1708775335E-02
  0.3118236921E-03  0.5537794815E+01  0.1727545156E-02
  0.3152130801E-03  0.5537743956E+01  0.1746314805E-02
  0.3186024681E-03  0.5537693097E+01  0.1765084281E-02
  0.3219918560E-03  0.5537642238E+01  0.1783853586E-02
  0.3253812440E-03  0.5537591379E+01  0.1802622717E-02
  0.3287706319E-03  0.5537540520E+01  0.1821391677E-02
  0.3321600199E-03  0.5537489662E+01  0.1840160464E-02
  0.3355494079E-03  0.5537438803E+01  0.1858929078E-02
  0.3389387958E-03  0.5537387944E+01  0.1877697520E-02
  0.3423624200E-03  0.5537336572E+01  0.1896655368E-02
  0.3458206263E-03  0.5537284681E+01  0.1915804530E-02
  0.3493137639E-03  0.5537232266E+01  0.1935146936E-02
  0.3528421858E-03  0.5537179321E+01  0.1954684534E-02
  0.3564062483E-03  0.5537125842E+01  0.1974419292E-02
  0.3600063114E-03  0.5537071822E+01  0.1994353197E-02
  0.3636427388E-03  0.5537017257E+01  0.2014488258E-02
  0.3673158977E-03  0.5536962141E+01  0.2034826501E-02
  0.3710261593E-03  0.5536906468E+01  0.2055369976E-02
  0.3747738983E-03  0.5536850233E+01  0.2076120750E-02
  0.3785594932E-03  0.5536793430E+01  0.2097080915E-02
  0.3823833265E-03  0.5536736053E+01  0.2118252580E-02
  0.3862457844E-03  0.5536678097E+01  0.2139637878E-02
  0.3901472569E-03  0.5536619555E+01  0.2161238962E-02
  0.3940881383E-03  0.5536560422E+01  0.2183058006E-02
  0.3980688266E-03  0.5536500692E+01  0.2205097208E-02
  0.4020897238E-03  0.5536440359E+01  0.2227358787E-02
  0.4061512362E-03  0.5536379416E+01  0.2249844984E-02
  0.4102537739E-03  0.5536317858E+01  0.2272558064E-02
  0.4143977514E-03  0.5536255678E+01  0.2295500312E-02
  0.4185835873E-03  0.5536192870E+01  0.2318674038E-02
  0.4228117043E-03  0.5536129428E+01  0.2342081575E-02
  0.4270825296E-03  0.5536065345E+01  0.2365725280E-02
  0.4313964946E-03  0.5536000615E+01  0.2389607532E-02
  0.4357540349E-03  0.5535935231E+01  0.2413730736E-02
  0.4401555908E-03  0.5535869186E+01  0.2438097319E-02
  0.4446016069E-03  0.5535802475E+01  0.2462709734E-02
  0.4490925322E-03  0.5535735090E+01  0.2487570458E-02
  0.4536288204E-03  0.5535667025E+01  0.2512681993E-02
  0.4582109297E-03  0.5535598272E+01  0.2538046867E-02
  0.4628393230E-03  0.5535528825E+01  0.2563667632E-02
  0.4675144676E-03  0.5535458676E+01  0.2589546866E-02
  0.4722368360E-03  0.5535387819E+01  0.2615687174E-02
  0.4770069051E-03  0.5535316246E+01  0.2642091185E-02
  0.4818251566E-03  0.5535243951E+01  0.2668761557E-02
  0.4866920774E-03  0.5535170925E+01  0.2695700973E-02
  0.4916081590E-03  0.5535097162E+01  0.2722912144E-02
  0.4965738980E-03  0.5535022654E+01  0.2750397807E-02
  0.5015897959E-03  0.5534947394E+01  0.2778160727E-02
  0.5066563595E-03  0.5534871373E+01  0.2806203697E-02
  0.5117741005E-03  0.5534794585E+01  0.2834529539E-02
  0.5169435359E-03  0.5534717021E+01  0.2863141101E-02
  0.5221651878E-03  0.5534638674E+01  0.2892041262E-02
  0.5274395836E-03  0.5534559536E+01  0.2921232928E-02
  0.5327672562E-03  0.5534479599E+01  0.2950719037E-02
  0.5381487436E-03  0.5534398854E+01  0.2980502552E-02
  0.5435845895E-03  0.5534317294E+01  0.3010586469E-02
  0.5490753429E-03  0.5534234911E+01  0.3040973815E-02
  0.5546215585E-03  0.5534151695E+01  0.3071667644E-02
  0.5602237965E-03  0.5534067639E+01  0.3102671043E-02
  0.5658826227E-03  0.5533982734E+01  0.3133987130E-02
  0.5715986088E-03  0.5533896972E+01  0.3165619053E-02
  0.5773723321E-03  0.5533810344E+01  0.3197569993E-02
  0.5832043759E-03  0.5533722841E+01  0.3229843162E-02
  0.5890953291E-03  0.5533634455E+01  0.3262441805E-02
  0.5950457870E-03  0.5533545175E+01  0.3295369198E-02
  0.6010563505E-03  0.5533454995E+01  0.3328628651E-02
  0.6071276268E-03  0.5533363904E+01  0.3362223509E-02
  0.6132602291E-03  0.5533271893E+01  0.3396157147E-02
  0.6194547769E-03  0.5533178952E+01  0.3430432976E-02
  0.6257118958E-03  0.5533085074E+01  0.3465054441E-02
  0.6320322180E-03  0.5532990247E+01  0.3500025022E-02
  0.6384163818E-03  0.5532894463E+01  0.3535348232E-02
  0.6448650321E-03  0.5532797712E+01  0.3571027622E-02
  0.6513788203E-03  0.5532699983E+01  0.3607066776E-02
  0.6579584044E-03  0.5532601268E+01  0.3643469316E-02
  0.6646044489E-03  0.5532501557E+01  0.3680238899E-02
  0.6713176251E-03  0.5532400838E+01  0.3717379219E-02
  0.6780986112E-03  0.5532299103E+01  0.3754894007E-02
  0.6849480921E-03  0.5532196340E+01  0.3792787032E-02
  0.6918667597E-03  0.5532092539E+01  0.3831062101E-02
  0.6988553129E-03  0.5531987691E+01  0.3869723057E-02
  0.7059144575E-03  0.5531881784E+01  0.3908773784E-02
  0.7130449065E-03  0.5531774807E+01  0.3948218204E-02
  0.7202473803E-03  0.5531666751E+01  0.3988060278E-02
  0.7275226064E-03  0.5531557604E+01  0.4028304007E-02
  0.7348713196E-03  0.5531447354E+01  0.4068953432E-02
  0.7422942622E-03  0.5531335991E+01  0.4110012635E-02
  0.7497921840E-03  0.5531223505E+01  0.4151485739E-02
  0.7573658425E-03  0.5531109882E+01  0.4193376906E-02
  0.7650160025E-03  0.5530995112E+01  0.4235690342E-02
  0.7727434369E-03  0.5530879184E+01  0.4278430296E-02
  0.7805489261E-03  0.5530762085E+01  0.4321601057E-02
  0.7884332587E-03  0.5530643804E+01  0.4365206959E-02
  0.7963972310E-03  0.5530524329E+01  0.4409252377E-02
  0.8044416475E-03  0.5530403647E+01  0.4453741733E-02
  0.8125673207E-03  0.5530281748E+01  0.4498679490E-02
  0.8207750714E-03  0.5530158617E+01  0.4544070159E-02
  0.8290657287E-03  0.5530034244E+01  0.4589918293E-02
  0.8374401300E-03  0.5529908615E+01  0.4636228493E-02
  0.8458991212E-03  0.5529781718E+01  0.4683005405E-02
  0.8544435568E-03  0.5529653540E+01  0.4730253721E-02
  0.8630742998E-03  0.5529524068E+01  0.4777978181E-02
  0.8717922220E-03  0.5529393289E+01  0.4826183571E-02
  0.8805982040E-03  0.5529261190E+01  0.4874874728E-02
  0.8894931354E-03  0.5529127757E+01  0.4924056533E-02
  0.8984779145E-03  0.5528992978E+01  0.4973733919E-02
  0.9075534490E-03  0.5528856838E+01  0.5023911868E-02
  0.9167206556E-03  0.5528719324E+01  0.5074595410E-02
  0.9259804602E-03  0.5528580422E+01  0.5125789628E-02
  0.9353337982E-03  0.5528440117E+01  0.5177499653E-02
  0.9447816143E-03  0.5528298397E+01  0.5229730669E-02
  0.9543248629E-03  0.5528155246E+01  0.5282487912E-02
  0.9639645080E-03  0.5528010651E+01  0.5335776670E-02
  0.9737015233E-03  0.5527864596E+01  0.5389602283E-02
  0.9835368922E-03  0.5527717067E+01  0.5443970145E-02
  0.9934716083E-03  0.5527568048E+01  0.5498885704E-02
  0.1003506675E-02  0.5527417526E+01  0.5554354463E-02
  0.1013643106E-02  0.5527265485E+01  0.5610381979E-02
  0.1023881925E-02  0.5527111910E+01  0.5666973865E-02
  0.1034224167E-02  0.5526956784E+01  0.5724135790E-02
  0.1044670876E-02  0.5526800093E+01  0.5781873480E-02
  0.1055223107E-02  0.5526641821E+01  0.5840192716E-02
  0.1065881926E-02  0.5526481952E+01  0.5899099341E-02
  0.1076648410E-02  0.5526320469E+01  0.5958599251E-02
  0.1087523647E-02  0.5526157357E+01  0.6018698406E-02
  0.1098508734E-02  0.5525992599E+01  0.6079402823E-02
  0.1109604782E-02  0.5525826178E+01  0.6140718577E-02
  0.1120812911E-02  0.5525658078E+01  0.6202651809E-02
  0.1132134253E-02  0.5525488282E+01  0.6265208715E-02
  0.1143569953E-02  0.5525316773E+01  0.6328395558E-02
  0.1155121165E-02  0.5525143533E+01  0.6392218661E-02
  0.1166789055E-02  0.5524968545E+01  0.6456684410E-02
  0.1178574803E-02  0.5524791792E+01  0.6521799256E-02
  0.1190479599E-02  0.5524613255E+01  0.6587569712E-02
  0.1202504646E-02  0.5524432918E+01  0.6654002359E-02
  0.1214651157E-02  0.5524250760E+01  0.6721103841E-02
  0.1226920361E-02  0.5524066766E+01  0.6788880870E-02
  0.1239313496E-02  0.5523880915E+01  0.6857340223E-02
  0.1251831814E-02  0.5523693189E+01  0.6926488747E-02
  0.1264476580E-02  0.5523503570E+01  0.6996333355E-02
  0.1277249070E-02  0.5523312037E+01  0.7066881030E-02
  0.1290150576E-02  0.5523118573E+01  0.7138138824E-02
  0.1303182400E-02  0.5522923158E+01  0.7210113860E-02
  0.1316345859E-02  0.5522725771E+01  0.7282813331E-02
  0.1329642282E-02  0.5522526394E+01  0.7356244502E-02
  0.1343073012E-02  0.5522325005E+01  0.7430414711E-02
  0.1356639406E-02  0.5522121586E+01  0.7505331369E-02
  0.1370342834E-02  0.5521916115E+01  0.7581001958E-02
  0.1384184681E-02  0.5521708571E+01  0.7657434039E-02
  0.1398166344E-02  0.5521498935E+01  0.7734635244E-02
  0.1412289237E-02  0.5521287185E+01  0.7812613284E-02
  0.1426554785E-02  0.5521073355E+01  0.7891375945E-02
  0.1440964429E-02  0.5520857390E+01  0.7970931092E-02
  0.1455519625E-02  0.5520639250E+01  0.8051286668E-02
  0.1470221844E-02  0.5520418914E+01  0.8132450692E-02
  0.1485072569E-02  0.5520196358E+01  0.8214431267E-02
  0.1500073302E-02  0.5519971560E+01  0.8297236572E-02
  0.1515225558E-02  0.5519744500E+01  0.8380874872E-02
  0.1530530867E-02  0.5519515152E+01  0.8465354510E-02
  0.1545990774E-02  0.5519283496E+01  0.8550683915E-02
  0.1561606843E-02  0.5519049507E+01  0.8636871596E-02
  0.1577380649E-02  0.5518813162E+01  0.8723926151E-02
  0.1593313787E-02  0.5518574438E+01  0.8811856260E-02
  0.1609407866E-02  0.5518333312E+01  0.8900670691E-02
  0.1625664511E-02  0.5518089758E+01  0.8990378298E-02
  0.1642085364E-02  0.5517843753E+01  0.9080988022E-02
  0.1658672085E-02  0.5517595272E+01  0.9172508895E-02
  0.1675426349E-02  0.5517344290E+01  0.9264950038E-02
  0.1692349847E-02  0.5517090783E+01  0.9358320660E-02
  0.1709444290E-02  0.5516834725E+01  0.9452630065E-02
  0.1726711404E-02  0.5516576091E+01  0.9547887647E-02
  0.1744152934E-02  0.5516314855E+01  0.9644102892E-02
  0.1761770640E-02  0.5516050992E+01  0.9741285383E-02
  0.1779566303E-02  0.5515784474E+01  0.9839444797E-02
  0.1797541720E-02  0.5515515276E+01  0.9938590904E-02
  0.1815698707E-02  0.5515243370E+01  0.1003873358E-01
  0.1834039098E-02  0.5514968730E+01  0.1013988278E-01
  0.1852564746E-02  0.5514691328E+01  0.1024204857E-01
  0.1871277521E-02  0.5514411138E+01  0.1034524113E-01
  0.1890179314E-02  0.5514128131E+01  0.1044947072E-01
  0.1909272034E-02  0.5513842278E+01  0.1055474769E-01
  0.1928557610E-02  0.5513553553E+01  0.1066108253E-01
  0.1948037990E-02  0.5513261926E+01  0.1076848581E-01
  0.1967715142E-02  0.5512967347E+01  0.1087696820E-01
  0.1987591052E-02  0.5512669775E+01  0.1098654049E-01
  0.2007667730E-02  0.5512369213E+01  0.1109721357E-01
  0.2027947202E-02  0.5512065629E+01  0.1120899842E-01
  0.2048431517E-02  0.5511758993E+01  0.1132190617E-01
  0.2069122744E-02  0.5511449276E+01  0.1143594803E-01
  0.2090022974E-02  0.5511136447E+01  0.1155113532E-01
  0.2111134317E-02  0.5510820475E+01  0.1166747947E-01
  0.2132458906E-02  0.5510501328E+01  0.1178499205E-01
  0.2153998895E-02  0.5510178975E+01  0.1190368472E-01
  0.2175756460E-02  0.5509853384E+01  0.1202356925E-01
  0.2197733798E-02  0.5509524522E+01  0.1214465755E-01
  0.2219933129E-02  0.5509192359E+01  0.1226696162E-01
  0.2242356696E-02  0.5508856860E+01  0.1239049360E-01
  0.2265006764E-02  0.5508517992E+01  0.1251526575E-01
  0.2287885620E-02  0.5508175723E+01  0.1264129042E-01
  0.2310995576E-02  0.5507830018E+01  0.1276858012E-01
  0.2334338965E-02  0.5507480844E+01  0.1289714747E-01
  0.2357918147E-02  0.5507128165E+01  0.1302700520E-01
  0.2381735502E-02  0.5506771948E+01  0.1315816619E-01
  0.2405793436E-02  0.5506412156E+01  0.1329064342E-01
  0.2430094380E-02  0.5506048756E+01  0.1342445001E-01
  0.2454640788E-02  0.5505681711E+01  0.1355959923E-01
  0.2479435139E-02  0.5505310985E+01  0.1369610444E-01
  0.2504479939E-02  0.5504936541E+01  0.1383397916E-01
  0.2529777716E-02  0.5504558343E+01  0.1397323703E-01
  0.2555331026E-02  0.5504176355E+01  0.1411389184E-01
  0.2581142450E-02  0.5503790537E+01  0.1425595749E-01
  0.2607214596E-02  0.5503400853E+01  0.1439944804E-01
  0.2633550097E-02  0.5503007265E+01  0.1454437768E-01
  0.2660151614E-02  0.5502609734E+01  0.1469076073E-01
  0.2687021832E-02  0.5502208220E+01  0.1483861166E-01
  0.2714163467E-02  0.5501802686E+01  0.1498794508E-01
  0.2741579259E-02  0.5501393090E+01  0.1513877575E-01
  0.2769271979E-02  0.5500979394E+01  0.1529111856E-01
  0.2797244423E-02  0.5500561557E+01  0.1544498855E-01
  0.2825499417E-02  0.5500139538E+01  0.1560040092E-01
  0.2854039815E-02  0.5499713296E+01  0.1575737101E-01
  0.2882868500E-02  0.5499282790E+01  0.1591591431E-01
  0.2911988384E-02  0.5498847977E+01  0.1607604646E-01
  0.2941402408E-02  0.5498408816E+01  0.1623778324E-01
  0.2971113544E-02  0.5497965263E+01  0.1640114062E-01
  0.3001124792E-02  0.5497517276E+01  0.1656613470E-01
  0.3031439184E-02  0.5497064671E+01  0.1673278173E-01
  0.3062059781E-02  0.5496607284E+01  0.1690109814E-01
  0.3092989678E-02  0.5496145315E+01  0.1707110049E-01
  0.3124231998E-02  0.5495678719E+01  0.1724280553E-01
  0.3155789897E-02  0.5495207450E+01  0.1741623017E-01
  0.3187666563E-02  0.5494731462E+01  0.1759139147E-01
  0.3219865215E-02  0.5494250709E+01  0.1776830668E-01
  0.3252389106E-02  0.5493765144E+01  0.1794699319E-01
  0.3285241521E-02  0.5493274719E+01  0.1812746859E-01
  0.3318425779E-02  0.5492779386E+01  0.1830975062E-01
  0.3351945231E-02  0.5492279098E+01  0.1849385719E-01
  0.3385803264E-02  0.5491773864E+01  0.1867980640E-01
  0.3420003297E-02  0.5491264697E+01  0.1886761654E-01
  0.3454548785E-02  0.5490750474E+01  0.1905730608E-01
  0.3489443217E-02  0.5490231147E+01  0.1924889364E-01
  0.3524690118E-02  0.5489706665E+01  0.1944239803E-01
  0.3560293049E-02  0.5489176981E+01  0.1963783824E-01
  0.3596255605E-02  0.5488642043E+01  0.1983523346E-01
  0.3632581419E-02  0.5488101802E+01  0.2003460304E-01
  0.3669274160E-02  0.5487556206E+01  0.2023596653E-01
  0.3706337536E-02  0.5487005206E+01  0.2043934368E-01
  0.3743775289E-02  0.5486448748E+01  0.2064475440E-01
  0.3781591201E-02  0.5485886781E+01  0.2085221884E-01
  0.3819789092E-02  0.5485319253E+01  0.2106175731E-01
  0.3858372820E-02  0.5484746111E+01  0.2127339032E-01
  0.3897346283E-02  0.5484167300E+01  0.2148713859E-01
  0.3936713417E-02  0.5483582768E+01  0.2170302303E-01
  0.3976478199E-02  0.5482992460E+01  0.2192106477E-01
  0.4016644645E-02  0.5482396321E+01  0.2214128512E-01
  0.4057216813E-02  0.5481794296E+01  0.2236370561E-01
  0.4098198801E-02  0.5481186329E+01  0.2258834798E-01
  0.4139594749E-02  0.5480572364E+01  0.2281523417E-01
  0.4181408837E-02  0.5479952345E+01  0.2304438635E-01
  0.4223645290E-02  0.5479326214E+01  0.2327582688E-01
  0.4266308374E-02  0.5478693914E+01  0.2350957834E-01
  0.4309402398E-02  0.5478055387E+01  0.2374566355E-01
  0.4352931715E-02  0.5477410574E+01  0.2398410553E-01
  0.4396900722E-02  0.5476759416E+01  0.2422492751E-01
  0.4441313861E-02  0.5476101854E+01  0.2446815299E-01
  0.4486175617E-02  0.5475437827E+01  0.2471380564E-01
  0.4531490522E-02  0.5474767275E+01  0.2496190939E-01
  0.4577263154E-02  0.5474090138E+01  0.2521248840E-01
  0.4623498135E-02  0.5473406353E+01  0.2546556705E-01
  0.4670200136E-02  0.5472715859E+01  0.2572116996E-01
  0.4717373875E-02  0.5472018594E+01  0.2597932198E-01
  0.4765024116E-02  0.5471314493E+01  0.2624004821E-01
  0.4813155673E-02  0.5470603494E+01  0.2650337398E-01
  0.4861773407E-02  0.5469885533E+01  0.2676932487E-01
  0.4910882230E-02  0.5469160545E+01  0.2703792671E-01
  0.4960487101E-02  0.5468428769E+01  0.2730920556E-01
  0.5010593031E-02  0.5467695650E+01  0.2758318791E-01
  0.5061205082E-02  0.5466958402E+01  0.2785990054E-01
  0.5112328365E-02  0.5466214217E+01  0.2813937038E-01
  0.5163968046E-02  0.5465463038E+01  0.2842162454E-01
  0.5216129339E-02  0.5464704810E+01  0.2870669039E-01
  0.5268817514E-02  0.5463939474E+01  0.2899459555E-01
  0.5322037893E-02  0.5463166972E+01  0.2928536792E-01
  0.5375795852E-02  0.5462387249E+01  0.2957903567E-01
  0.5430096820E-02  0.5461600245E+01  0.2987562722E-01
  0.5484946283E-02  0.5460805902E+01  0.3017517127E-01
  0.5540349781E-02  0.5460004163E+01  0.3047769681E-01
  0.5596312910E-02  0.5459194968E+01  0.3078323309E-01
  0.5652841323E-02  0.5458378258E+01  0.3109180963E-01
  0.5709940730E-02  0.5457553974E+01  0.3140345626E-01
  0.5767616899E-02  0.5456725502E+01  0.3171820318E-01
  0.5825875656E-02  0.5455889645E+01  0.3203608087E-01
  0.5884722885E-02  0.5455046174E+01  0.3235712004E-01
  0.5944164530E-02  0.5454195033E+01  0.3268135166E-01
  0.6004206596E-02  0.5453336165E+01  0.3300880702E-01
  0.6064855147E-02  0.5452469513E+01  0.3333951767E-01
  0.6126116310E-02  0.5451595022E+01  0.3367351551E-01
  0.6187996273E-02  0.5450712633E+01  0.3401083271E-01
  0.6250501286E-02  0.5449822289E+01  0.3435150175E-01
  0.6313637663E-02  0.5448923934E+01  0.3469555542E-01
  0.6377411780E-02  0.5448020289E+01  0.3504302692E-01
  0.6441830081E-02  0.5447109205E+01  0.3539394979E-01
  0.6506899072E-02  0.5446190062E+01  0.3574835778E-01
  0.6572625325E-02  0.5445262804E+01  0.3610628497E-01
  0.6639015480E-02  0.5444327378E+01  0.3646776576E-01
  0.6706076242E-02  0.5443381306E+01  0.3683283479E-01
  0.6773814386E-02  0.5442423912E+01  0.3720152691E-01
  0.6842236754E-02  0.5441457987E+01  0.3757387739E-01
  0.6911350256E-02  0.5440483470E+01  0.3794992193E-01
  0.6981161875E-02  0.5439500300E+01  0.3832969657E-01
  0.7051678662E-02  0.5438508416E+01  0.3871323768E-01
  0.7122907739E-02  0.5437507757E+01  0.3910058198E-01
  0.7194856302E-02  0.5436498261E+01  0.3949176654E-01
  0.7267531618E-02  0.5435479866E+01  0.3988682876E-01
  0.7340941029E-02  0.5434452510E+01  0.4028580642E-01
  0.7415091948E-02  0.5433416131E+01  0.4068873765E-01
  0.7489991867E-02  0.5432370665E+01  0.4109566092E-01
  0.7565648350E-02  0.5431316049E+01  0.4150661509E-01
  0.7642069041E-02  0.5430252220E+01  0.4192163936E-01
  0.7719261657E-02  0.5429179112E+01  0.4234077332E-01
  0.7797233997E-02  0.5428096663E+01  0.4276405692E-01
  0.7875993937E-02  0.5427004806E+01  0.4319153049E-01
  0.7955549431E-02  0.5425903476E+01  0.4362323473E-01
  0.8035908516E-02  0.5424792607E+01  0.4405921074E-01
  0.8117079309E-02  0.5423672132E+01  0.4449949998E-01
  0.8199070009E-02  0.5422541985E+01  0.4494414432E-01
  0.8281888898E-02  0.5421402097E+01  0.4539318602E-01
  0.8365544342E-02  0.5420252400E+01  0.4584666773E-01
  0.8450044790E-02  0.5419092010E+01  0.4630463246E-01
  0.8535398777E-02  0.5417908618E+01  0.4676712307E-01
  0.8621614927E-02  0.5416714740E+01  0.4723418282E-01
  0.8708701946E-02  0.5415510293E+01  0.4770585592E-01
  0.8796668632E-02  0.5414297698E+01  0.4818218708E-01
  0.8885523871E-02  0.5413092939E+01  0.4866322227E-01
  0.8975276638E-02  0.5411882742E+01  0.4914900803E-01
  0.9065935997E-02  0.5410662466E+01  0.4963959054E-01
  0.9157511109E-02  0.5409436348E+01  0.5013501641E-01
  0.9250011221E-02  0.5408205810E+01  0.5063533297E-01
  0.9343445678E-02  0.5406965221E+01  0.5114058778E-01
  0.9437823917E-02  0.5405700001E+01  0.5165082794E-01
  0.9533155471E-02  0.5404415185E+01  0.5216610048E-01
  0.9629449971E-02  0.5403119303E+01  0.5268645354E-01
  0.9726717143E-02  0.5401812257E+01  0.5321193611E-01
  0.9824966811E-02  0.5400510222E+01  0.5374259841E-01
  0.9924208900E-02  0.5399199317E+01  0.5427849127E-01
  0.1002445343E-01  0.5397877448E+01  0.5481966524E-01
  0.1012571054E-01  0.5396544508E+01  0.5536617120E-01
  0.1022799044E-01  0.5395200390E+01  0.5591806052E-01
  0.1033130348E-01  0.5393844980E+01  0.5647538503E-01
  0.1043566008E-01  0.5392478164E+01  0.5703819704E-01
  0.1054107079E-01  0.5391099820E+01  0.5760654933E-01
  0.1064754625E-01  0.5389709826E+01  0.5818049518E-01
  0.1075509722E-01  0.5388308053E+01  0.5876008833E-01
  0.1086373457E-01  0.5386894367E+01  0.5934538303E-01
  0.1097346926E-01  0.5385455673E+01  0.5993643329E-01
  0.1108431238E-01  0.5383998748E+01  0.6053329327E-01
  0.1119627514E-01  0.5382541813E+01  0.6113601902E-01
  0.1130936882E-01  0.5381079605E+01  0.6174466785E-01
  0.1142360487E-01  0.5379604842E+01  0.6235929688E-01
  0.1153899482E-01  0.5378117363E+01  0.6297996339E-01
  0.1165555032E-01  0.5376617006E+01  0.6360672512E-01
  0.1177328316E-01  0.5375103601E+01  0.6423964038E-01
  0.1189220521E-01  0.5373576971E+01  0.6487876795E-01
  0.1201232849E-01  0.5372036934E+01  0.6552416718E-01
  0.1213366514E-01  0.5370483299E+01  0.6617589789E-01
  0.1225622742E-01  0.5368915869E+01  0.6683402048E-01
  0.1238002770E-01  0.5367334442E+01  0.6749859587E-01
  0.1250507848E-01  0.5365774007E+01  0.6816968768E-01
  0.1263139240E-01  0.5364203431E+01  0.6884736046E-01
  0.1275898223E-01  0.5362595617E+01  0.6953167565E-01
  0.1288786083E-01  0.5360953648E+01  0.7022269371E-01
  0.1301804125E-01  0.5359296410E+01  0.7092047699E-01
  0.1314953661E-01  0.5357623645E+01  0.7162508966E-01
  0.1328236022E-01  0.5355924040E+01  0.7233659565E-01
  0.1341652547E-01  0.5354191225E+01  0.7305505832E-01
  0.1355204593E-01  0.5352441096E+01  0.7378054219E-01
  0.1368893528E-01  0.5350673335E+01  0.7451311339E-01
  0.1382720736E-01  0.5348885585E+01  0.7525283849E-01
  0.1396687612E-01  0.5347044171E+01  0.7599978212E-01
  0.1410795567E-01  0.5345181926E+01  0.7675400938E-01
  0.1425046028E-01  0.5343299264E+01  0.7751558826E-01
  0.1439440432E-01  0.5341396723E+01  0.7828458743E-01
  0.1453980234E-01  0.5339473949E+01  0.7906107618E-01
  0.1468666903E-01  0.5337530578E+01  0.7984512434E-01
  0.1483501923E-01  0.5335566234E+01  0.8063680232E-01
  0.1498486790E-01  0.5333580532E+01  0.8143618109E-01
  0.1513623021E-01  0.5331573079E+01  0.8224333219E-01
  0.1528912142E-01  0.5329543469E+01  0.8305832772E-01
  0.1544355699E-01  0.5327491287E+01  0.8388124034E-01
  0.1559955252E-01  0.5325369781E+01  0.8471213967E-01
  0.1575712375E-01  0.5323186439E+01  0.8555109276E-01
  0.1591628662E-01  0.5320976979E+01  0.8639817054E-01
  0.1607705719E-01  0.5318700108E+01  0.8725344402E-01
  0.1623945171E-01  0.5316380742E+01  0.8811698343E-01
  0.1640348657E-01  0.5314032477E+01  0.8898886263E-01
  0.1656917836E-01  0.5311654804E+01  0.8986915717E-01
  0.1673654380E-01  0.5309248817E+01  0.9075794326E-01
  0.1690559979E-01  0.5306847767E+01  0.9165530067E-01
  0.1707636343E-01  0.5304386754E+01  0.9256130715E-01
  0.1724885195E-01  0.5301906238E+01  0.9347603904E-01
  0.1742308278E-01  0.5299401386E+01  0.9439957634E-01
  0.1759907351E-01  0.5296863887E+01  0.9533199860E-01
  0.1777684193E-01  0.5294293155E+01  0.9627338522E-01
  0.1795640599E-01  0.5291688601E+01  0.9722381615E-01
  0.1813778383E-01  0.5289049632E+01  0.9818337187E-01
  0.1832099377E-01  0.5286340945E+01  0.9915213019E-01
  0.1850605431E-01  0.5283577849E+01  0.1001301676E+00
  0.1869298415E-01  0.5280777773E+01  0.1011175643E+00
  0.1888180217E-01  0.5277940126E+01  0.1021144024E+00
  0.1907252745E-01  0.5275064318E+01  0.1031207648E+00
  0.1926517924E-01  0.5272149760E+01  0.1041367346E+00
  0.1945977701E-01  0.5269195867E+01  0.1051623958E+00
  0.1965634041E-01  0.5266202058E+01  0.1061978326E+00
  0.1985488931E-01  0.5263167756E+01  0.1072431300E+00
  0.2005544374E-01  0.5260092391E+01  0.1082983732E+00
  0.2025802398E-01  0.5257009034E+01  0.1093636517E+00
  0.2046265049E-01  0.5253884527E+01  0.1104390554E+00
  0.2066934393E-01  0.5250718115E+01  0.1115246716E+00
  0.2087812518E-01  0.5247509271E+01  0.1126205882E+00
  0.2108901533E-01  0.5244230953E+01  0.1137268905E+00
  0.2130203569E-01  0.5240930598E+01  0.1148436669E+00
  0.2151720777E-01  0.5237589539E+01  0.1159710094E+00
  0.2173455330E-01  0.5234207444E+01  0.1171090086E+00
  0.2195409424E-01  0.5230783998E+01  0.1182577556E+00
  0.2217585277E-01  0.5227268565E+01  0.1194173368E+00
  0.2239985128E-01  0.5223611562E+01  0.1205878276E+00
  0.2262611241E-01  0.5219977600E+01  0.1217693167E+00
  0.2285465900E-01  0.5216371134E+01  0.1229619126E+00
  0.2308551414E-01  0.5212642819E+01  0.1241657084E+00
  0.2331870115E-01  0.5208855743E+01  0.1253807874E+00
  0.2355424359E-01  0.5205025132E+01  0.1266072429E+00
  0.2379216524E-01  0.5201056495E+01  0.1278451589E+00
  0.2403249014E-01  0.5196913537E+01  0.1290946045E+00
  0.2427524257E-01  0.5192722619E+01  0.1303556592E+00
  0.2452044704E-01  0.5188483766E+01  0.1316284183E+00
  0.2476812832E-01  0.5184092612E+01  0.1329129648E+00
  0.2501831143E-01  0.5179643839E+01  0.1342093807E+00
  0.2527102165E-01  0.5175144952E+01  0.1355177612E+00
  0.2552628449E-01  0.5170573023E+01  0.1368381999E+00
  0.2578412575E-01  0.5165939247E+01  0.1381707896E+00
  0.2604457147E-01  0.5161256049E+01  0.1395156265E+00
  0.2630764795E-01  0.5156534969E+01  0.1408728105E+00
  0.2657338176E-01  0.5151843464E+01  0.1422424529E+00
  0.2684179976E-01  0.5147106725E+01  0.1436246647E+00
  0.2711292905E-01  0.5142325284E+01  0.1450195479E+00
  0.2738679702E-01  0.5137499712E+01  0.1464272053E+00
  0.2766343134E-01  0.5132630615E+01  0.1478477405E+00
  0.2794285993E-01  0.5127835958E+01  0.1492812744E+00
  0.2822511105E-01  0.5123100425E+01  0.1507279435E+00
  0.2851021318E-01  0.5118373212E+01  0.1521878765E+00
  0.2879819513E-01  0.5113704005E+01  0.1536612033E+00
  0.2908908599E-01  0.5109041662E+01  0.1551480549E+00
  0.2938291514E-01  0.5104413579E+01  0.1566485604E+00
  0.2967971226E-01  0.5099862656E+01  0.1581628603E+00
  0.2997950734E-01  0.5095279534E+01  0.1596910870E+00
  0.3028233064E-01  0.5090664446E+01  0.1612333576E+00
  0.3058821277E-01  0.5085909607E+01  0.1627897736E+00
  0.3089718462E-01  0.5081021480E+01  0.1643604214E+00
  0.3120927739E-01  0.5076061788E+01  0.1659453975E+00
  0.3152452262E-01  0.5070993907E+01  0.1675448030E+00
  0.3184295214E-01  0.5065888326E+01  0.1691587442E+00
  0.3216459812E-01  0.5060745894E+01  0.1707873398E+00
  0.3248949305E-01  0.5055567190E+01  0.1724307093E+00
  0.3281766975E-01  0.5050352818E+01  0.1740889730E+00
  0.3314916136E-01  0.5045144513E+01  0.1757622593E+00
  0.3348400137E-01  0.5039971617E+01  0.1774507095E+00
  0.3382222361E-01  0.5034969563E+01  0.1791544941E+00
  0.3416386223E-01  0.5030008808E+01  0.1808737868E+00
  0.3450895175E-01  0.5025021349E+01  0.1826087295E+00
  0.3485752702E-01  0.5020007515E+01  0.1843594539E+00
  0.3520962325E-01  0.5014912970E+01  0.1861260827E+00
  0.3556527601E-01  0.5009764805E+01  0.1879087349E+00
  0.3592452122E-01  0.5004587597E+01  0.1897075389E+00
  0.3628739518E-01  0.4999381660E+01  0.1915226289E+00
  0.3665393452E-01  0.4994147358E+01  0.1933541397E+00
  0.3702417628E-01  0.4988885119E+01  0.1952022074E+00
  0.3739815786E-01  0.4983595437E+01  0.1970669695E+00
  0.3777591703E-01  0.4978278889E+01  0.1989485641E+00
  0.3815749195E-01  0.4972845192E+01  0.2008471138E+00
  0.3854292116E-01  0.4967276575E+01  0.2027627205E+00
  0.3893224360E-01  0.4961820738E+01  0.2046955307E+00
  0.3932549859E-01  0.4956418772E+01  0.2066457292E+00
  0.3972272585E-01  0.4950789407E+01  0.2086134358E+00
  0.4012396550E-01  0.4944937156E+01  0.2105987147E+00
  0.4052925808E-01  0.4938964005E+01  0.2126016507E+00
  0.4093864453E-01  0.4932994552E+01  0.2146223737E+00
  0.4135216619E-01  0.4927332062E+01  0.2166611030E+00
  0.4176986484E-01  0.4921742629E+01  0.2187180756E+00
  0.4219178266E-01  0.4916173374E+01  0.2207934717E+00
  0.4261796229E-01  0.4910637348E+01  0.2228874649E+00
  0.4304844675E-01  0.4905102225E+01  0.2250002266E+00
  0.4348327955E-01  0.4899612488E+01  0.2271319324E+00
  0.4392250460E-01  0.4894221685E+01  0.2292827810E+00
  0.4436616626E-01  0.4888988673E+01  0.2314529987E+00
  0.4481430935E-01  0.4883843908E+01  0.2336428124E+00
  0.4526697914E-01  0.4878733420E+01  0.2358524243E+00
  0.4572422136E-01  0.4873628855E+01  0.2380820202E+00
  0.4618608218E-01  0.4868607612E+01  0.2403317988E+00
  0.4665260826E-01  0.4863624752E+01  0.2426019690E+00
  0.4712384673E-01  0.4858767224E+01  0.2448927515E+00
  0.4759984518E-01  0.4854231239E+01  0.2472044376E+00
  0.4808065170E-01  0.4849758103E+01  0.2495373083E+00
  0.4856631485E-01  0.4845302782E+01  0.2518915752E+00
  0.4905688368E-01  0.4840858103E+01  0.2542674395E+00
  0.4955240776E-01  0.4836588608E+01  0.2566651434E+00
  0.5005293713E-01  0.4832285661E+01  0.2590849212E+00
  0.5055852235E-01  0.4827896975E+01  0.2615269440E+00
  0.5106921450E-01  0.4823584526E+01  0.2639914119E+00
  0.5158506515E-01  0.4819474498E+01  0.2664786011E+00
  0.5210612641E-01  0.4815504304E+01  0.2689888082E+00
  0.5263245092E-01  0.4811698294E+01  0.2715223245E+00
  0.5316409184E-01  0.4808141093E+01  0.2740794746E+00
  0.5370110287E-01  0.4804666359E+01  0.2766605664E+00
  0.5424353825E-01  0.4801266888E+01  0.2792658655E+00
  0.5479145278E-01  0.4797871130E+01  0.2818956191E+00
  0.5534490180E-01  0.4794400360E+01  0.2845500357E+00
  0.5590394121E-01  0.4790945624E+01  0.2872293288E+00
  0.5646862749E-01  0.4787809293E+01  0.2899338245E+00
  0.5703901766E-01  0.4784751009E+01  0.2926638717E+00
  0.5761516936E-01  0.4781693074E+01  0.2954197332E+00
  0.5819714076E-01  0.4778613801E+01  0.2982016458E+00
  0.5878499067E-01  0.4775489473E+01  0.3010098351E+00
  0.5937877846E-01  0.4772236694E+01  0.3038444967E+00
  0.5997856410E-01  0.4768762791E+01  0.3067057740E+00
  0.6058440818E-01  0.4765181343E+01  0.3095938158E+00
  0.6119637190E-01  0.4761248391E+01  0.3125087305E+00
  0.6181451707E-01  0.4756808333E+01  0.3154505009E+00
  0.6243890613E-01  0.4752148382E+01  0.3184191452E+00
  0.6306960215E-01  0.4747238746E+01  0.3214147580E+00
  0.6370666884E-01  0.4742049830E+01  0.3244374128E+00
  0.6435017054E-01  0.4736549385E+01  0.3274871602E+00
  0.6500017227E-01  0.4730377139E+01  0.3305639195E+00
  0.6565673966E-01  0.4723812990E+01  0.3336675760E+00
  0.6631993905E-01  0.4716831520E+01  0.3367980908E+00
  0.6698983743E-01  0.4709245921E+01  0.3399553478E+00
  0.6766650245E-01  0.4700916954E+01  0.3431391118E+00
  0.6835000248E-01  0.4692093263E+01  0.3463491732E+00
  0.6904040654E-01  0.4682605647E+01  0.3495853383E+00
  0.6973778439E-01  0.4672485379E+01  0.3528473549E+00
  0.7044220645E-01  0.4661831459E+01  0.3561350043E+00
  0.7115374389E-01  0.4650559247E+01  0.3594480616E+00
  0.7187246858E-01  0.4638721618E+01  0.3627862793E+00
  0.7259845311E-01  0.4626840857E+01  0.3661496068E+00
  0.7333177082E-01  0.4614912180E+01  0.3695381774E+00
  0.7407249577E-01  0.4601818948E+01  0.3729517088E+00
  0.7482070280E-01  0.4588070088E+01  0.3763896786E+00
  0.7557646748E-01  0.4573861693E+01  0.3798518108E+00
  0.7633986614E-01  0.4559508322E+01  0.3833380120E+00
  0.7711097590E-01  0.4544867325E+01  0.3868482485E+00
  0.7788987464E-01  0.4530470612E+01  0.3903826331E+00
  0.7867664105E-01  0.4515932467E+01  0.3939413362E+00
  0.7947135460E-01  0.4501032977E+01  0.3975242885E+00
  0.8027409556E-01  0.4485784566E+01  0.4011313317E+00
  0.8108494501E-01  0.4469502402E+01  0.4047620265E+00
  0.8190398485E-01  0.4453212669E+01  0.4084160561E+00
  0.8273129783E-01  0.4436729897E+01  0.4120934385E+00
  0.8356696751E-01  0.4419909173E+01  0.4157940509E+00
  0.8441107829E-01  0.4402761781E+01  0.4195177067E+00
  0.8526371544E-01  0.4385724696E+01  0.4232644018E+00
  0.8612496510E-01  0.4369483167E+01  0.4270346116E+00
  0.8699491424E-01  0.4353747526E+01  0.4308289951E+00
  0.8787365075E-01  0.4338094539E+01  0.4346479146E+00
  0.8876126338E-01  0.4321303578E+01  0.4384910102E+00
  0.8965784180E-01  0.4304218328E+01  0.4423577386E+00
  0.9056347656E-01  0.4286865483E+01  0.4462479307E+00
  0.9147825915E-01  0.4268837169E+01  0.4501612346E+00
  0.9240228197E-01  0.4249144363E+01  0.4540966393E+00
  0.9333563836E-01  0.4229156717E+01  0.4580532775E+00
  0.9427842258E-01  0.4208921222E+01  0.4620309209E+00
  0.9523072988E-01  0.4188477255E+01  0.4660293728E+00
  0.9619265645E-01  0.4168015428E+01  0.4700485389E+00
  0.9716429944E-01  0.4147699245E+01  0.4740884919E+00
  0.9814575701E-01  0.4127339078E+01  0.4781492914E+00
  0.9913712829E-01  0.4107536770E+01  0.4822312011E+00
  0.1001385134E+00  0.4087839975E+01  0.4863345653E+00
  0.1011500136E+00  0.4068129027E+01  0.4904594472E+00
  0.1021717309E+00  0.4048851124E+01  0.4946060768E+00
  0.1032037686E+00  0.4030666914E+01  0.4987752603E+00
  0.1042462309E+00  0.4012330433E+01  0.5029675211E+00
  0.1052992231E+00  0.3994348490E+01  0.5071830065E+00
  0.1063628516E+00  0.3977320043E+01  0.5114224534E+00
  0.1074372239E+00  0.3959763257E+01  0.5156861444E+00
  0.1085224483E+00  0.3941801154E+01  0.5199736300E+00
  0.1096186347E+00  0.3922355528E+01  0.5242839206E+00
  0.1107258936E+00  0.3902352898E+01  0.5286159098E+00
  0.1118443370E+00  0.3880649000E+01  0.5329683332E+00
  0.1129740778E+00  0.3858198382E+01  0.5373397789E+00
  0.1141152301E+00  0.3834029509E+01  0.5417287807E+00
  0.1152679092E+00  0.3808520658E+01  0.5461334846E+00
  0.1164322315E+00  0.3781118560E+01  0.5505518777E+00
  0.1176083146E+00  0.3752867372E+01  0.5549821747E+00
  0.1187962774E+00  0.3723846448E+01  0.5594232035E+00
  0.1199962398E+00  0.3694341866E+01  0.5638739770E+00
  0.1212083230E+00  0.3664508745E+01  0.5683337468E+00
  0.1224326495E+00  0.3633746842E+01  0.5728014706E+00
  0.1236693429E+00  0.3602528732E+01  0.5772759978E+00
  0.1249185282E+00  0.3571211525E+01  0.5817566632E+00
  0.1261803315E+00  0.3539359334E+01  0.5862427341E+00
  0.1274548803E+00  0.3507816916E+01  0.5907337192E+00
  0.1287423034E+00  0.3474780236E+01  0.5952284974E+00
  0.1300427307E+00  0.3442460793E+01  0.5997261819E+00
  0.1313562936E+00  0.3411392125E+01  0.6042276655E+00
  0.1326831249E+00  0.3379980890E+01  0.6087331685E+00
  0.1340233585E+00  0.3349372631E+01  0.6132426213E+00
  0.1353771298E+00  0.3319809551E+01  0.6177568950E+00
  0.1367445755E+00  0.3290751457E+01  0.6222766868E+00
  0.1381258338E+00  0.3261109020E+01  0.6268015927E+00
  0.1395210443E+00  0.3231134421E+01  0.6313306157E+00
  0.1409303478E+00  0.3200467734E+01  0.6358626553E+00
  0.1423538866E+00  0.3166467260E+01  0.6403944450E+00
  0.1437918047E+00  0.3130049054E+01  0.6449213822E+00
  0.1452442472E+00  0.3092956348E+01  0.6494406609E+00
  0.1467113608E+00  0.3055849970E+01  0.6539511596E+00
  0.1481932937E+00  0.3016812635E+01  0.6584507990E+00
  0.1496901957E+00  0.2975104682E+01  0.6629354554E+00
  0.1512022178E+00  0.2934159200E+01  0.6674029244E+00
  0.1527295130E+00  0.2892004923E+01  0.6718520604E+00
  0.1542722353E+00  0.2848936629E+01  0.6762803999E+00
  0.1558305407E+00  0.2805625211E+01  0.6806861670E+00
  0.1574045866E+00  0.2759450544E+01  0.6850660092E+00
  0.1589945319E+00  0.2711258207E+01  0.6894150731E+00
  0.1606005373E+00  0.2661688879E+01  0.6937295641E+00
  0.1622227649E+00  0.2612493602E+01  0.6980075264E+00
  0.1638613787E+00  0.2566908976E+01  0.7022510466E+00
  0.1655165442E+00  0.2522170375E+01  0.7064626808E+00
  0.1671884284E+00  0.2478271546E+01  0.7106427609E+00
  0.1688772004E+00  0.2435890749E+01  0.7147922108E+00
  0.1705830308E+00  0.2392974325E+01  0.7189108230E+00
  0.1723060917E+00  0.2351967452E+01  0.7229987348E+00
  0.1740465572E+00  0.2310877484E+01  0.7270564954E+00
  0.1758046033E+00  0.2269879012E+01  0.7310830858E+00
  0.1775804074E+00  0.2229361442E+01  0.7350779705E+00
  0.1793741488E+00  0.2190070986E+01  0.7390416302E+00
  0.1811860089E+00  0.2152420447E+01  0.7429756236E+00
  0.1830161706E+00  0.2116384598E+01  0.7468819254E+00
  0.1848648188E+00  0.2080097724E+01  0.7507608351E+00
  0.1867321402E+00  0.2043266985E+01  0.7546106587E+00
  0.1886183235E+00  0.2007616245E+01  0.7584310127E+00
  0.1905235591E+00  0.1974197313E+01  0.7622241592E+00
  0.1924480394E+00  0.1941785454E+01  0.7659922752E+00
  0.1943919590E+00  0.1908011628E+01  0.7697341232E+00
  0.1963555142E+00  0.1874865674E+01  0.7734480673E+00
  0.1983389032E+00  0.1839837736E+01  0.7771319183E+00
  0.2003423265E+00  0.1804953790E+01  0.7807829483E+00
  0.2023659863E+00  0.1771792005E+01  0.7844020068E+00
  0.2044100872E+00  0.1737026119E+01  0.7879881959E+00
  0.2064748356E+00  0.1697696295E+01  0.7915341146E+00
  0.2085604400E+00  0.1657554016E+01  0.7950329770E+00
  0.2106671111E+00  0.1614636486E+01  0.7984796916E+00
  0.2127950617E+00  0.1565077431E+01  0.8018628287E+00
  0.2149445068E+00  0.1514954717E+01  0.8051730087E+00
  0.2171156634E+00  0.1463870910E+01  0.8084067572E+00
  0.2193087509E+00  0.1411755286E+01  0.8115600071E+00
  0.2215239908E+00  0.1362566466E+01  0.8146329013E+00
  0.2237616069E+00  0.1314764071E+01  0.8176283202E+00
  0.2260218251E+00  0.1268824654E+01  0.8205480574E+00
  0.2283048739E+00  0.1222888582E+01  0.8233924088E+00
  0.2306109837E+00  0.1186996994E+01  0.8261711392E+00
  0.2329403876E+00  0.1149934365E+01  0.8288929676E+00
  0.2352933208E+00  0.1107827381E+01  0.8315491489E+00
  0.2376700210E+00  0.1064047346E+01  0.8341300965E+00
  0.2400707283E+00  0.1017175615E+01  0.8366283001E+00
  0.2424956851E+00  0.9671148462E+00  0.8390342094E+00
  0.2449451365E+00  0.9143917993E+00  0.8413385389E+00
  0.2474193298E+00  0.8602446639E+00  0.8435339358E+00
  0.2499185149E+00  0.8057552918E+00  0.8456157569E+00
  0.2524429444E+00  0.7536485879E+00  0.8475840595E+00
  0.2549928731E+00  0.7049687975E+00  0.8494437447E+00
  0.2575685587E+00  0.6600107806E+00  0.8512016238E+00
  0.2601702613E+00  0.6183569255E+00  0.8528645901E+00
  0.2627982438E+00  0.5816017013E+00  0.8544413252E+00
  0.2654527715E+00  0.5507857718E+00  0.8559443021E+00
  0.2681341126E+00  0.5231695378E+00  0.8573841224E+00
  0.2708425380E+00  0.4966755538E+00  0.8587652096E+00
  0.2735783212E+00  0.4663226342E+00  0.8600824867E+00
  0.2763417386E+00  0.4320977839E+00  0.8613238420E+00
  0.2791330693E+00  0.3975082548E+00  0.8624816944E+00
  0.2819525952E+00  0.3660961728E+00  0.8635581957E+00
  0.2848006012E+00  0.3367604466E+00  0.8645590656E+00
  0.2876773750E+00  0.3117587155E+00  0.8654918871E+00
  0.2905832071E+00  0.2923560772E+00  0.8663696151E+00
  0.2935183910E+00  0.2785875554E+00  0.8672075274E+00
  0.2964832232E+00  0.2693595015E+00  0.8680198130E+00
  0.2994780032E+00  0.2552695600E+00  0.8688053873E+00
  0.3025030336E+00  0.2335549852E+00  0.8695447418E+00
  0.3055586198E+00  0.2109145733E+00  0.8702237993E+00
  0.3086450705E+00  0.1841658468E+00  0.8708334975E+00
  0.3117626974E+00  0.1548638027E+00  0.8713619815E+00
  0.3149118156E+00  0.1290932944E+00  0.8718090887E+00
  0.3180927430E+00  0.1046942838E+00  0.8721809193E+00
  0.3213058010E+00  0.7905176979E-01  0.8724761127E+00
  0.3245513142E+00  0.5751043963E-01  0.8726977199E+00
  0.3278296103E+00  0.4102175535E-01  0.8728592288E+00
  0.3311410205E+00  0.2384873885E-01  0.8729666352E+00
  0.3344858793E+00  0.1724098339E-02  0.8730094040E+00
  0.3378645245E+00 -0.2207666490E-01  0.8729750219E+00
  0.3412772975E+00 -0.4435816780E-01  0.8728616584E+00
  0.3447245429E+00 -0.6616733642E-01  0.8726711541E+00
  0.3482066090E+00 -0.8657612453E-01  0.8724052227E+00
  0.3517238475E+00 -0.1069360045E+00  0.8720649086E+00
  0.3552766136E+00 -0.1227676455E+00  0.8716568669E+00
  0.3588652663E+00 -0.1319179520E+00  0.8711998778E+00
  0.3624901680E+00 -0.1382420070E+00  0.8707102262E+00
  0.3661516848E+00 -0.1381633527E+00  0.8702041947E+00
  0.3698501867E+00 -0.1304881136E+00  0.8697073908E+00
  0.3735860472E+00 -0.1227722613E+00  0.8692343180E+00
  0.3773596436E+00 -0.1130612187E+00  0.8687893479E+00
  0.3811713572E+00 -0.1013860466E+00  0.8683806421E+00
  0.3850215729E+00 -0.9095455044E-01  0.8680103657E+00
  0.3889106797E+00 -0.7902011839E-01  0.8676798409E+00
  0.3928390704E+00 -0.6195636300E-01  0.8674029355E+00
  0.3968071418E+00 -0.4721093410E-01  0.8671863437E+00
  0.4008152948E+00 -0.4167761352E-01  0.8670082043E+00
  0.4048639341E+00 -0.4082824869E-01  0.8668411860E+00
  0.4089534688E+00 -0.4525189365E-01  0.8666651721E+00
  0.4130843119E+00 -0.4892518765E-01  0.8664706568E+00
  0.4172568807E+00 -0.3812221765E-01  0.8662890511E+00
  0.4214715967E+00 -0.1886919847E-01  0.8661689498E+00
  0.4257288855E+00 -0.5822169723E-02  0.8661163907E+00
  0.4300291773E+00 -0.3523295522E-02  0.8660962966E+00
  0.4343729064E+00 -0.7787659783E-02  0.8660717307E+00
  0.4387605115E+00 -0.1800304250E-01  0.8660151510E+00
  0.4431924359E+00 -0.2823888547E-01  0.8659126806E+00
  0.4476691271E+00 -0.3099835855E-01  0.8657800872E+00
  0.4521910375E+00 -0.3033554241E-01  0.8656414140E+00
  0.4567586237E+00 -0.2473691149E-01  0.8655156399E+00
  0.4613723472E+00 -0.2017825770E-01  0.8654120268E+00
  0.4660326740E+00 -0.1238573825E-01  0.8653361474E+00
  0.4707400747E+00 -0.2592318715E-02  0.8653008935E+00
  0.4754950250E+00  0.4038054228E-02  0.8653043307E+00
  0.4802980050E+00  0.9701539893E-02  0.8653373262E+00
  0.4851495000E+00  0.1145093807E-01  0.8653886368E+00
  0.4900500000E+00  0.5188132436E-02  0.8654294067E+00
  0.4950000000E+00 -0.2015828671E-02  0.8654372581E+00
  0.5000000000E+00 -0.9162621259E-02  0.8654375386E+00
  0.5050000000E+00 -0.1574062271E-01  0.8653752805E+00
  0.5099500000E+00 -0.1872440565E-01  0.8652899795E+00
  0.5148505000E+00 -0.1994435622E-01  0.8651952314E+00
  0.5197019950E+00 -0.1858307186E-01  0.8651017736E+00
  0.5245049750E+00 -0.2104894959E-01  0.8650065977E+00
  0.5292599253E+00 -0.2206771634E-01  0.8649040889E+00
  0.5339673260E+00 -0.1717644222E-01  0.8648117199E+00
  0.5386276528E+00 -0.1234694638E-01  0.8647429256E+00
  0.5432413763E+00 -0.7837722505E-02  0.8646963623E+00
  0.5478089625E+00 -0.8261862092E-02  0.8646595942E+00
  0.5523308729E+00 -0.1624748481E-01  0.8646041797E+00
  0.5568075641E+00 -0.2608857496E-01  0.8645094169E+00
  0.5612394885E+00 -0.3380519584E-01  0.8643766946E+00
  0.5656270936E+00 -0.4174251980E-01  0.8642109578E+00
  0.5699708227E+00 -0.5335990764E-01  0.8640044082E+00
  0.5742711145E+00 -0.6351884517E-01  0.8637531019E+00
  0.5785284033E+00 -0.6913846089E-01  0.8634707216E+00
  0.5827431193E+00 -0.7369731491E-01  0.8631697155E+00
  0.5869156881E+00 -0.7927780988E-01  0.8628505659E+00
  0.5910465312E+00 -0.9416099349E-01  0.8624923417E+00
  0.5951360659E+00 -0.1078097138E+00  0.8620793585E+00
  0.5991847052E+00 -0.1242859064E+00  0.8616095228E+00
  0.6031928582E+00 -0.1454856370E+00  0.8610688800E+00
  0.6071609296E+00 -0.1747844196E+00  0.8604334528E+00
  0.6110893203E+00 -0.2026345990E+00  0.8596921281E+00
  0.6149784271E+00 -0.2249728278E+00  0.8588606226E+00
  0.6188286428E+00 -0.2460168155E+00  0.8579539168E+00
  0.6226403564E+00 -0.2709775623E+00  0.8569685995E+00
  0.6264139528E+00 -0.2979336630E+00  0.8558951788E+00
  0.6301498133E+00 -0.3229466687E+00  0.8547354177E+00
  0.6338483152E+00 -0.3485402650E+00  0.8534936699E+00
  0.6375098320E+00 -0.3759663484E+00  0.8521672733E+00
  0.6411347337E+00 -0.4050323946E+00  0.8507517514E+00
  0.6447233864E+00 -0.4281924961E+00  0.8492566741E+00
  0.6482761525E+00 -0.4478573885E+00  0.8477004739E+00
  0.6517933910E+00 -0.4677566160E+00  0.8460902575E+00
  0.6552754571E+00 -0.4936433641E+00  0.8444164284E+00
  0.6587227025E+00 -0.5153266594E+00  0.8426773447E+00
  0.6621354755E+00 -0.5377909098E+00  0.8408803191E+00
  0.6655141207E+00 -0.5595075888E+00  0.8390266279E+00
  0.6688589795E+00 -0.5854205038E+00  0.8371118165E+00
  0.6721703897E+00 -0.6105395667E+00  0.8351316593E+00
  0.6754486858E+00 -0.6292005658E+00  0.8330995417E+00
  0.6786941990E+00 -0.6452739751E+00  0.8310313798E+00
  0.6819072570E+00 -0.6574446026E+00  0.8289385246E+00
  0.6850881844E+00 -0.6737889126E+00  0.8268212460E+00
  0.6882373026E+00 -0.6951138315E+00  0.8246658278E+00
  0.6913549295E+00 -0.7230606187E+00  0.8224551583E+00
  0.6944413802E+00 -0.7552356975E+00  0.8201738140E+00
  0.6974969664E+00 -0.7947315278E+00  0.8178057847E+00
  0.7005219968E+00 -0.8421116739E+00  0.8153300346E+00
  0.7035167768E+00 -0.8919470056E+00  0.8127334724E+00
  0.7064816090E+00 -0.9424933402E+00  0.8100140685E+00
  0.7094167929E+00 -0.9872371037E+00  0.8071820116E+00
  0.7123226250E+00 -0.1029635447E+01  0.8042516651E+00
  0.7151993988E+00 -0.1066259388E+01  0.8012369575E+00
  0.7180474048E+00 -0.1100781870E+01  0.7981510842E+00
  0.7208669307E+00 -0.1133839451E+01  0.7950007978E+00
  0.7236582614E+00 -0.1165314620E+01  0.7917919482E+00
  0.7264216788E+00 -0.1196987955E+01  0.7885279342E+00
  0.7291574620E+00 -0.1228976501E+01  0.7852094777E+00
  0.7318658874E+00 -0.1257583727E+01  0.7818421463E+00
  0.7345472285E+00 -0.1285671878E+01  0.7784324784E+00
  0.7372017562E+00 -0.1311447997E+01  0.7749854151E+00
  0.7398297387E+00 -0.1342312008E+01  0.7714983977E+00
  0.7424314413E+00 -0.1372836124E+01  0.7679663937E+00
  0.7450071269E+00 -0.1400601144E+01  0.7643946425E+00
  0.7475570556E+00 -0.1428732300E+01  0.7607873432E+00
  0.7500814851E+00 -0.1454928539E+01  0.7571475440E+00
  0.7525806702E+00 -0.1481007375E+01  0.7534788203E+00
  0.7550548635E+00 -0.1508416340E+01  0.7497806143E+00
  0.7575043149E+00 -0.1535322665E+01  0.7460528689E+00
  0.7599292717E+00 -0.1562710426E+01  0.7422965706E+00
  0.7623299790E+00 -0.1592647775E+01  0.7385090249E+00
  0.7647066792E+00 -0.1622755825E+01  0.7346879997E+00
  0.7670596124E+00 -0.1643490422E+01  0.7308453701E+00
  0.7693890163E+00 -0.1656573805E+01  0.7270017789E+00
  0.7716951261E+00 -0.1664845982E+01  0.7231719995E+00
  0.7739781749E+00 -0.1673825381E+01  0.7193608248E+00
  0.7762383931E+00 -0.1679119182E+01  0.7155716315E+00
  0.7784760092E+00 -0.1684313848E+01  0.7118085956E+00
  0.7806912491E+00 -0.1690578750E+01  0.7080704972E+00
  0.7828843366E+00 -0.1698847454E+01  0.7043538431E+00
  0.7850554932E+00 -0.1711098303E+01  0.7006520799E+00
  0.7872049383E+00 -0.1725546118E+01  0.6969586407E+00
  0.7893328889E+00 -0.1739575746E+01  0.6932718366E+00
  0.7914395600E+00 -0.1756647058E+01  0.6895891408E+00
  0.7935251644E+00 -0.1778087245E+01  0.6859031121E+00
  0.7955899128E+00 -0.1794454168E+01  0.6822149126E+00
  0.7976340137E+00 -0.1811295945E+01  0.6785296541E+00
  0.7996576735E+00 -0.1832818630E+01  0.6748424299E+00
  0.8016610968E+00 -0.1857275899E+01  0.6711460193E+00
  0.8036444858E+00 -0.1884665849E+01  0.6674351562E+00
  0.8056080410E+00 -0.1913430080E+01  0.6637062708E+00
  0.8075519606E+00 -0.1942837095E+01  0.6599581342E+00
  0.8094764409E+00 -0.1971466990E+01  0.6561916334E+00
  0.8113816765E+00 -0.2001745212E+01  0.6524066808E+00
  0.8132678598E+00 -0.2032707842E+01  0.6486018219E+00
  0.8151351812E+00 -0.2059281412E+01  0.6447812924E+00
  0.8169838294E+00 -0.2083665291E+01  0.6409518669E+00
  0.8188139911E+00 -0.2109685201E+01  0.6371146122E+00
  0.8206258512E+00 -0.2134536584E+01  0.6332696441E+00
  0.8224195926E+00 -0.2159475347E+01  0.6294184705E+00
  0.8241953967E+00 -0.2184703896E+01  0.6255612649E+00
  0.8259534428E+00 -0.2209906751E+01  0.6216983009E+00
  0.8276939083E+00 -0.2236207398E+01  0.6178291466E+00
  0.8294169692E+00 -0.2261704173E+01  0.6139540588E+00
  0.8311227996E+00 -0.2286378048E+01  0.6100749306E+00
  0.8328115716E+00 -0.2310727925E+01  0.6061931986E+00
  0.8344834558E+00 -0.2335867741E+01  0.6023089135E+00
  0.8361386213E+00 -0.2360379400E+01  0.5984223805E+00
  0.8377772351E+00 -0.2383802864E+01  0.5945354393E+00
  0.8393994627E+00 -0.2406456378E+01  0.5906499938E+00
  0.8410054681E+00 -0.2427534295E+01  0.5867682863E+00
  0.8425954134E+00 -0.2446037441E+01  0.5828939300E+00
  0.8441694593E+00 -0.2461474567E+01  0.5790316055E+00
  0.8457277647E+00 -0.2477295507E+01  0.5751835495E+00
  0.8472704870E+00 -0.2493392093E+01  0.5713493540E+00
  0.8487977822E+00 -0.2507864008E+01  0.5675301570E+00
  0.8503098043E+00 -0.2520828405E+01  0.5637284098E+00
  0.8518067063E+00 -0.2531114173E+01  0.5599472784E+00
  0.8532886392E+00 -0.2542432014E+01  0.5561879508E+00
  0.8547557528E+00 -0.2554071384E+01  0.5524493760E+00
  0.8562081953E+00 -0.2565414633E+01  0.5487314966E+00
  0.8576461134E+00 -0.2577150154E+01  0.5450342032E+00
  0.8590696522E+00 -0.2590011209E+01  0.5413563757E+00
  0.8604789557E+00 -0.2604438062E+01  0.5376960980E+00
  0.8618741662E+00 -0.2619904113E+01  0.5340515696E+00
  0.8632554245E+00 -0.2636309728E+01  0.5304214750E+00
  0.8646228702E+00 -0.2653413715E+01  0.5268047701E+00
  0.8659766415E+00 -0.2671257240E+01  0.5232005767E+00
  0.8673168751E+00 -0.2690062857E+01  0.5196078661E+00
  0.8686437064E+00 -0.2708418416E+01  0.5160264293E+00
  0.8699572693E+00 -0.2726475265E+01  0.5124568918E+00
  0.8712576966E+00 -0.2746495171E+01  0.5088982917E+00
  0.8725451197E+00 -0.2768693497E+01  0.5053481013E+00
  0.8738196685E+00 -0.2791660396E+01  0.5018046301E+00
  0.8750814718E+00 -0.2814383844E+01  0.4982677675E+00
  0.8763306571E+00 -0.2836677417E+01  0.4947381562E+00
  0.8775673505E+00 -0.2858338338E+01  0.4912166619E+00
  0.8787916770E+00 -0.2878500609E+01  0.4877047799E+00
  0.8800037602E+00 -0.2897973497E+01  0.4842039962E+00
  0.8812037226E+00 -0.2916853687E+01  0.4807152093E+00
  0.8823916854E+00 -0.2935056388E+01  0.4772392836E+00
  0.8835677685E+00 -0.2954957230E+01  0.4737757107E+00
  0.8847320908E+00 -0.2975549995E+01  0.4703231998E+00
  0.8858847699E+00 -0.2996126905E+01  0.4668814862E+00
  0.8870259222E+00 -0.3016072054E+01  0.4634510689E+00
  0.8881556630E+00 -0.3035547919E+01  0.4600326880E+00
  0.8892741064E+00 -0.3054511795E+01  0.4566269945E+00
  0.8903813653E+00 -0.3073338915E+01  0.4532344358E+00
  0.8914775517E+00 -0.3091281419E+01  0.4498556495E+00
  0.8925627761E+00 -0.3108627401E+01  0.4464915030E+00
  0.8936371484E+00 -0.3125446508E+01  0.4431426451E+00
  0.8947007769E+00 -0.3141314166E+01  0.4398098924E+00
  0.8957537691E+00 -0.3157453945E+01  0.4364936154E+00
  0.8967962314E+00 -0.3174057714E+01  0.4331934343E+00
  0.8978282691E+00 -0.3190680390E+01  0.4299091095E+00
  0.8988499864E+00 -0.3207053897E+01  0.4266407716E+00
  0.8998614866E+00 -0.3223589982E+01  0.4233884730E+00
  0.9008628717E+00 -0.3240128014E+01  0.4201521375E+00
  0.9018542430E+00 -0.3256331983E+01  0.4169319355E+00
  0.9028357006E+00 -0.3271976202E+01  0.4137283068E+00
  0.9038073436E+00 -0.3287292186E+01  0.4105416732E+00
  0.9047692701E+00 -0.3302629092E+01  0.4073721630E+00
  0.9057215774E+00 -0.3317642636E+01  0.4042198965E+00
  0.9066643616E+00 -0.3332456677E+01  0.4010850921E+00
  0.9075977180E+00 -0.3347055641E+01  0.3979679094E+00
  0.9085217408E+00 -0.3361584702E+01  0.3948684410E+00
  0.9094365234E+00 -0.3376024798E+01  0.3917867171E+00
  0.9103421582E+00 -0.3390333703E+01  0.3887227923E+00
  0.9112387366E+00 -0.3404548670E+01  0.3856767199E+00
  0.9121263493E+00 -0.3419115512E+01  0.3826483346E+00
  0.9130050858E+00 -0.3434186282E+01  0.3796372113E+00
  0.9138750349E+00 -0.3449412556E+01  0.3766430209E+00
  0.9147362846E+00 -0.3463779022E+01  0.3736660290E+00
  0.9155889217E+00 -0.3477490083E+01  0.3707068370E+00
  0.9164330325E+00 -0.3491168997E+01  0.3677656769E+00
  0.9172687022E+00 -0.3504845508E+01  0.3648424983E+00
  0.9180960151E+00 -0.3518236588E+01  0.3619373548E+00
  0.9189150550E+00 -0.3531416630E+01  0.3590503814E+00
  0.9197259044E+00 -0.3544926980E+01  0.3561814567E+00
  0.9205286454E+00 -0.3558362314E+01  0.3533304061E+00
  0.9213233589E+00 -0.3571473245E+01  0.3504973176E+00
  0.9221101254E+00 -0.3584852791E+01  0.3476821392E+00
  0.9228890241E+00 -0.3598414990E+01  0.3448846200E+00
  0.9236601339E+00 -0.3612095221E+01  0.3421045726E+00
  0.9244235325E+00 -0.3625649101E+01  0.3393419305E+00
  0.9251792972E+00 -0.3639575992E+01  0.3365965302E+00
  0.9259275042E+00 -0.3653783457E+01  0.3338680588E+00
  0.9266682292E+00 -0.3668458514E+01  0.3311561751E+00
  0.9274015469E+00 -0.3683177046E+01  0.3284606329E+00
  0.9281275314E+00 -0.3697961213E+01  0.3257813368E+00
  0.9288462561E+00 -0.3712976074E+01  0.3231181250E+00
  0.9295577935E+00 -0.3727926825E+01  0.3204708845E+00
  0.9302622156E+00 -0.3742686629E+01  0.3178396520E+00
  0.9309595935E+00 -0.3756786540E+01  0.3152246688E+00
  0.9316499975E+00 -0.3770179937E+01  0.3126263447E+00
  0.9323334975E+00 -0.3783964153E+01  0.3100447158E+00
  0.9330101626E+00 -0.3798208102E+01  0.3074794204E+00
  0.9336800609E+00 -0.3812704344E+01  0.3049301515E+00
  0.9343432603E+00 -0.3827148490E+01  0.3023967786E+00
  0.9349998277E+00 -0.3841941226E+01  0.2998791415E+00
  0.9356498295E+00 -0.3856325022E+01  0.2973771983E+00
  0.9362933312E+00 -0.3870269131E+01  0.2948911601E+00
  0.9369303978E+00 -0.3883298926E+01  0.2924213901E+00
  0.9375610939E+00 -0.3896055832E+01  0.2899681861E+00
  0.9381854829E+00 -0.3908708872E+01  0.2875315812E+00
  0.9388036281E+00 -0.3921170675E+01  0.2851115801E+00
  0.9394155918E+00 -0.3933430959E+01  0.2827082145E+00
  0.9400214359E+00 -0.3945557250E+01  0.2803214953E+00
  0.9406212215E+00 -0.3957893662E+01  0.2779513071E+00
  0.9412150093E+00 -0.3969939194E+01  0.2755975820E+00
  0.9418028592E+00 -0.3981729133E+01  0.2732603882E+00
  0.9423848306E+00 -0.3993486542E+01  0.2709397145E+00
  0.9429609823E+00 -0.4005042882E+01  0.2686355313E+00
  0.9435313725E+00 -0.4016403499E+01  0.2663478542E+00
  0.9440960588E+00 -0.4027679423E+01  0.2640766626E+00
  0.9446550982E+00 -0.4038765467E+01  0.2618219323E+00
  0.9452085472E+00 -0.4049784973E+01  0.2595836322E+00
  0.9457564617E+00 -0.4060603546E+01  0.2573617323E+00
  0.9462988971E+00 -0.4071135919E+01  0.2551562607E+00
  0.9468359082E+00 -0.4081242444E+01  0.2529673022E+00
  0.9473675491E+00 -0.4091244174E+01  0.2507948880E+00
  0.9478938736E+00 -0.4101171592E+01  0.2486389534E+00
  0.9484149348E+00 -0.4110899270E+01  0.2464994574E+00
  0.9489307855E+00 -0.4120512543E+01  0.2443763678E+00
  0.9494414776E+00 -0.4130069235E+01  0.2422696142E+00
  0.9499470629E+00 -0.4139951279E+01  0.2401790141E+00
  0.9504475922E+00 -0.4149555922E+01  0.2381044432E+00
  0.9509431163E+00 -0.4159125994E+01  0.2360458672E+00
  0.9514336852E+00 -0.4168580270E+01  0.2340032106E+00
  0.9519193483E+00 -0.4177965288E+01  0.2319764058E+00
  0.9524001548E+00 -0.4187378767E+01  0.2299653498E+00
  0.9528761533E+00 -0.4196599136E+01  0.2279699696E+00
  0.9533473917E+00 -0.4205860022E+01  0.2259901886E+00
  0.9538139178E+00 -0.4215303200E+01  0.2240258425E+00
  0.9542757786E+00 -0.4224871441E+01  0.2220767495E+00
  0.9547330209E+00 -0.4234490360E+01  0.2201427608E+00
  0.9551856906E+00 -0.4244117027E+01  0.2182237561E+00
  0.9556338337E+00 -0.4253784832E+01  0.2163196181E+00
  0.9560774954E+00 -0.4263635951E+01  0.2144301915E+00
  0.9565167205E+00 -0.4273411422E+01  0.2125553490E+00
  0.9569515532E+00 -0.4283344957E+01  0.2106949699E+00
  0.9573820377E+00 -0.4293440948E+01  0.2088488833E+00
  0.9578082173E+00 -0.4303534913E+01  0.2070169554E+00
  0.9582301352E+00 -0.4313626857E+01  0.2051990883E+00
  0.9586478338E+00 -0.4323716433E+01  0.2033951850E+00
  0.9590613555E+00 -0.4333808385E+01  0.2016051479E+00
  0.9594707419E+00 -0.4344167850E+01  0.1998288250E+00
  0.9598760345E+00 -0.4354563178E+01  0.1980660594E+00
  0.9602772742E+00 -0.4364943615E+01  0.1963167535E+00
  0.9606745014E+00 -0.4375126118E+01  0.1945808565E+00
  0.9610677564E+00 -0.4385420104E+01  0.1928582923E+00
  0.9614570788E+00 -0.4395495884E+01  0.1911489885E+00
  0.9618425080E+00 -0.4405615512E+01  0.1894528858E+00
  0.9622240830E+00 -0.4415589247E+01  0.1877699105E+00
  0.9626018421E+00 -0.4425313049E+01  0.1861000446E+00
  0.9629758237E+00 -0.4435036854E+01  0.1844432407E+00
  0.9633460655E+00 -0.4445270687E+01  0.1827993104E+00
  0.9637126048E+00 -0.4455489701E+01  0.1811680709E+00
  0.9640754788E+00 -0.4465614473E+01  0.1795494528E+00
  0.9644347240E+00 -0.4475759691E+01  0.1779433799E+00
  0.9647903767E+00 -0.4485914535E+01  0.1763497578E+00
  0.9651424730E+00 -0.4496033280E+01  0.1747685028E+00
  0.9654910483E+00 -0.4506113389E+01  0.1731995399E+00
  0.9658361378E+00 -0.4516040898E+01  0.1716428145E+00
  0.9661777764E+00 -0.4525898580E+01  0.1700982766E+00
  0.9665159986E+00 -0.4535704508E+01  0.1685658588E+00
  0.9668508386E+00 -0.4545461201E+01  0.1670454900E+00
  0.9671823303E+00 -0.4555166608E+01  0.1655370991E+00
  0.9675105070E+00 -0.4564884544E+01  0.1640406049E+00
  0.9678354019E+00 -0.4574525204E+01  0.1625559310E+00
  0.9681570479E+00 -0.4584063657E+01  0.1610830193E+00
  0.9684754774E+00 -0.4593559380E+01  0.1596218063E+00
  0.9687907226E+00 -0.4602996166E+01  0.1581722212E+00
  0.9691028154E+00 -0.4612372384E+01  0.1567341962E+00
  0.9694117872E+00 -0.4621748953E+01  0.1553076544E+00
  0.9697176694E+00 -0.4631249470E+01  0.1538924910E+00
  0.9700204927E+00 -0.4640674401E+01  0.1524886137E+00
  0.9703202877E+00 -0.4649910968E+01  0.1510959778E+00
  0.9706170849E+00 -0.4658992660E+01  0.1497145499E+00
  0.9709109140E+00 -0.4668007165E+01  0.1483442777E+00
  0.9712018049E+00 -0.4676947226E+01  0.1469850968E+00
  0.9714897868E+00 -0.4685783039E+01  0.1456369481E+00
  0.9717748890E+00 -0.4694513287E+01  0.1442997769E+00
  0.9720571401E+00 -0.4703162805E+01  0.1429735246E+00
  0.9723365687E+00 -0.4711625970E+01  0.1416581440E+00
  0.9726132030E+00 -0.4720013345E+01  0.1403535865E+00
  0.9728870709E+00 -0.4728380085E+01  0.1390597803E+00
  0.9731582002E+00 -0.4736687198E+01  0.1377766518E+00
  0.9734266182E+00 -0.4744898179E+01  0.1365041377E+00
  0.9736923521E+00 -0.4752893160E+01  0.1352421956E+00
  0.9739554285E+00 -0.4760817184E+01  0.1339907788E+00
  0.9742158742E+00 -0.4768691760E+01  0.1327498190E+00
  0.9744737155E+00 -0.4776491945E+01  0.1315192479E+00
  0.9747289784E+00 -0.4784227497E+01  0.1302989997E+00
  0.9749816886E+00 -0.4791913468E+01  0.1290890053E+00
  0.9752318717E+00 -0.4799522602E+01  0.1278891977E+00
  0.9754795530E+00 -0.4807055038E+01  0.1266995129E+00
  0.9757247574E+00 -0.4814510970E+01  0.1255198874E+00
  0.9759675099E+00 -0.4821890640E+01  0.1243502575E+00
  0.9762078348E+00 -0.4829194337E+01  0.1231905595E+00
  0.9764457564E+00 -0.4836433817E+01  0.1220407284E+00
  0.9766812989E+00 -0.4843496235E+01  0.1209007112E+00
  0.9769144859E+00 -0.4850378859E+01  0.1197704683E+00
  0.9771453410E+00 -0.4857217758E+01  0.1186499440E+00
  0.9773738876E+00 -0.4864018524E+01  0.1175390663E+00
  0.9776001487E+00 -0.4870733068E+01  0.1164377684E+00
  0.9778241472E+00 -0.4877377889E+01  0.1153459872E+00
  0.9780459058E+00 -0.4883969491E+01  0.1142636562E+00
  0.9782654467E+00 -0.4890509162E+01  0.1131907071E+00
  0.9784827922E+00 -0.4896940677E+01  0.1121270778E+00
  0.9786979643E+00 -0.4903224648E+01  0.1110727169E+00
  0.9789109847E+00 -0.4909448845E+01  0.1100275673E+00
  0.9791218748E+00 -0.4915611805E+01  0.1089915630E+00
  0.9793306561E+00 -0.4921702539E+01  0.1079646396E+00
  0.9795373495E+00 -0.4927682871E+01  0.1069467379E+00
  0.9797419760E+00 -0.4933614125E+01  0.1059377965E+00
  0.9799445563E+00 -0.4939483284E+01  0.1049377493E+00
  0.9801451107E+00 -0.4945223390E+01  0.1039465384E+00
  0.9803436596E+00 -0.4950899537E+01  0.1029641063E+00
  0.9805402230E+00 -0.4956516998E+01  0.1019903885E+00
  0.9807348208E+00 -0.4962076565E+01  0.1010253205E+00
  0.9809274726E+00 -0.4967545320E+01  0.1000688407E+00
  0.9811181978E+00 -0.4972953427E+01  0.9912088855E-01
  0.9813070158E+00 -0.4978306312E+01  0.9818139996E-01
  0.9814939457E+00 -0.4983604756E+01  0.9725031073E-01
  0.9816790062E+00 -0.4988849533E+01  0.9632755683E-01
  0.9818622162E+00 -0.4994017427E+01  0.9541307661E-01
  0.9820435940E+00 -0.4999130934E+01  0.9450680879E-01
  0.9822231581E+00 -0.5004218868E+01  0.9360868774E-01
  0.9824009265E+00 -0.5009259970E+01  0.9271864759E-01
  0.9825769172E+00 -0.5014199972E+01  0.9183662954E-01
  0.9827511481E+00 -0.5019070845E+01  0.9096257700E-01
  0.9829236366E+00 -0.5023927689E+01  0.9009642603E-01
  0.9830944002E+00 -0.5028803159E+01  0.8923810560E-01
  0.9832634562E+00 -0.5033623929E+01  0.8838754878E-01
  0.9834308216E+00 -0.5038396975E+01  0.8754469468E-01
  0.9835965134E+00 -0.5043123001E+01  0.8670948217E-01
  0.9837605483E+00 -0.5047806332E+01  0.8588185005E-01
  0.9839229428E+00 -0.5052423828E+01  0.8506173905E-01
  0.9840837134E+00 -0.5056998447E+01  0.8424909025E-01
  0.9842428762E+00 -0.5061530067E+01  0.8344384325E-01
  0.9844004475E+00 -0.5065987097E+01  0.8264594054E-01
  0.9845564430E+00 -0.5070382582E+01  0.8185532639E-01
  0.9847108786E+00 -0.5074738153E+01  0.8107194264E-01
  0.9848637698E+00 -0.5079054316E+01  0.8029572981E-01
  0.9850151321E+00 -0.5083331566E+01  0.7952662875E-01
  0.9851649808E+00 -0.5087564051E+01  0.7876458111E-01
  0.9853133310E+00 -0.5091753043E+01  0.7800952929E-01
  0.9854601977E+00 -0.5095904897E+01  0.7726141548E-01
  0.9856055957E+00 -0.5100020052E+01  0.7652018182E-01
  0.9857495397E+00 -0.5104123287E+01  0.7578576899E-01
  0.9858920443E+00 -0.5108204220E+01  0.7505811715E-01
  0.9860331239E+00 -0.5112227169E+01  0.7433717019E-01
  0.9861727926E+00 -0.5116237712E+01  0.7362287168E-01
  0.9863110647E+00 -0.5120269919E+01  0.7291516011E-01
  0.9864479541E+00 -0.5124270945E+01  0.7221397583E-01
  0.9865834745E+00 -0.5128234048E+01  0.7151926373E-01
  0.9867176398E+00 -0.5132161345E+01  0.7083096945E-01
  0.9868504634E+00 -0.5136027041E+01  0.7014904057E-01
  0.9869819588E+00 -0.5139857477E+01  0.6947342497E-01
  0.9871121392E+00 -0.5143654100E+01  0.6880406908E-01
  0.9872410178E+00 -0.5147417214E+01  0.6814091961E-01
  0.9873686076E+00 -0.5151143065E+01  0.6748392387E-01
  0.9874949215E+00 -0.5154817038E+01  0.6683303074E-01
  0.9876199723E+00 -0.5158459107E+01  0.6618818910E-01
  0.9877437726E+00 -0.5162091854E+01  0.6554934557E-01
  0.9878663349E+00 -0.5165686356E+01  0.6491644757E-01
  0.9879876715E+00 -0.5169170014E+01  0.6428944914E-01
  0.9881077948E+00 -0.5172624612E+01  0.6366830397E-01
  0.9882267168E+00 -0.5176050381E+01  0.6305296114E-01
  0.9883444497E+00 -0.5179447545E+01  0.6244337009E-01
  0.9884610052E+00 -0.5182841498E+01  0.6183947918E-01
  0.9885763951E+00 -0.5186212898E+01  0.6124123686E-01
  0.9886906312E+00 -0.5189555331E+01  0.6064859348E-01
  0.9888037249E+00 -0.5192869029E+01  0.6006150014E-01
  0.9889156876E+00 -0.5196154219E+01  0.5947990833E-01
  0.9890265307E+00 -0.5199411124E+01  0.5890376986E-01
  0.9891362654E+00 -0.5202639965E+01  0.5833303692E-01
  0.9892449028E+00 -0.5205840957E+01  0.5776766205E-01
  0.9893524538E+00 -0.5209014316E+01  0.5720759815E-01
  0.9894589292E+00 -0.5212160251E+01  0.5665279846E-01
  0.9895643399E+00 -0.5215254641E+01  0.5610321787E-01
  0.9896686965E+00 -0.5218324954E+01  0.5555881141E-01
  0.9897720096E+00 -0.5221389224E+01  0.5501953214E-01
  0.9898742895E+00 -0.5224442487E+01  0.5448533280E-01
  0.9899755466E+00 -0.5227469010E+01  0.5395616765E-01
  0.9900757911E+00 -0.5230468989E+01  0.5343199209E-01
  0.9901750332E+00 -0.5233442615E+01  0.5291276187E-01
  0.9902732829E+00 -0.5236387512E+01  0.5239843320E-01
  0.9903705500E+00 -0.5239303990E+01  0.5188896276E-01
  0.9904668445E+00 -0.5242195269E+01  0.5138430739E-01
  0.9905621761E+00 -0.5245066524E+01  0.5088442391E-01
  0.9906565543E+00 -0.5247911618E+01  0.5038926951E-01
  0.9907499888E+00 -0.5250730819E+01  0.4989880203E-01
  0.9908424889E+00 -0.5253514851E+01  0.4941298008E-01
  0.9909340640E+00 -0.5256267261E+01  0.4893176285E-01
  0.9910247234E+00 -0.5258994323E+01  0.4845510940E-01
  0.9911144761E+00 -0.5261684558E+01  0.4798297939E-01
  0.9912033314E+00 -0.5264340490E+01  0.4751533315E-01
  0.9912912981E+00 -0.5266985323E+01  0.4705213024E-01
  0.9913783851E+00 -0.5269610183E+01  0.4659332989E-01
  0.9914646012E+00 -0.5272212090E+01  0.4613889223E-01
  0.9915499552E+00 -0.5274791201E+01  0.4568877783E-01
  0.9916344557E+00 -0.5277347673E+01  0.4524294760E-01
  0.9917181111E+00 -0.5279881663E+01  0.4480136275E-01
  0.9918009300E+00 -0.5282393327E+01  0.4436398481E-01
  0.9918829207E+00 -0.5284882819E+01  0.4393077563E-01
  0.9919640915E+00 -0.5287350295E+01  0.4350169735E-01
  0.9920444506E+00 -0.5289795910E+01  0.4307671246E-01
  0.9921240061E+00 -0.5292219817E+01  0.4265578371E-01
  0.9922027660E+00 -0.5294622169E+01  0.4223887419E-01
  0.9922807383E+00 -0.5297003120E+01  0.4182594729E-01
  0.9923579310E+00 -0.5299362822E+01  0.4141696668E-01
  0.9924343516E+00 -0.5301697542E+01  0.4101189651E-01
  0.9925100081E+00 -0.5304006219E+01  0.4061070138E-01
  0.9925849081E+00 -0.5306294431E+01  0.4021334605E-01
  0.9926590590E+00 -0.5308558207E+01  0.3981979551E-01
  0.9927324684E+00 -0.5310799663E+01  0.3943001511E-01
  0.9928051437E+00 -0.5313021304E+01  0.3904397034E-01
  0.9928770923E+00 -0.5315223264E+01  0.3866162688E-01
  0.9929483213E+00 -0.5317405679E+01  0.3828295070E-01
  0.9930188381E+00 -0.5319568682E+01  0.3790790808E-01
  0.9930886497E+00 -0.5321712410E+01  0.3753646555E-01
  0.9931577632E+00 -0.5323836997E+01  0.3716858994E-01
  0.9932261856E+00 -0.5325942576E+01  0.3680424838E-01
  0.9932939238E+00 -0.5328029283E+01  0.3644340824E-01
  0.9933609845E+00 -0.5330097251E+01  0.3608603719E-01
  0.9934273747E+00 -0.5332146614E+01  0.3573210318E-01
  0.9934931009E+00 -0.5334177506E+01  0.3538157442E-01
  0.9935581699E+00 -0.5336190061E+01  0.3503441940E-01
  0.9936225882E+00 -0.5338184411E+01  0.3469060686E-01
  0.9936863623E+00 -0.5340160689E+01  0.3435010585E-01
  0.9937494987E+00 -0.5342119030E+01  0.3401288563E-01
  0.9938120037E+00 -0.5344059564E+01  0.3367891576E-01
  0.9938738837E+00 -0.5345982424E+01  0.3334816606E-01
  0.9939351449E+00 -0.5347887742E+01  0.3302060660E-01
  0.9939957934E+00 -0.5349781540E+01  0.3269620753E-01
  0.9940558355E+00 -0.5351659287E+01  0.3237493922E-01
  0.9941152771E+00 -0.5353519627E+01  0.3205677250E-01
  0.9941741243E+00 -0.5355362698E+01  0.3174167847E-01
  0.9942323831E+00 -0.5357188638E+01  0.3142962851E-01
  0.9942900593E+00 -0.5358997583E+01  0.3112059423E-01
  0.9943471587E+00 -0.5360793814E+01  0.3081454736E-01
  0.9944036871E+00 -0.5362573223E+01  0.3051145990E-01
  0.9944596502E+00 -0.5364335891E+01  0.3021130420E-01
  0.9945150537E+00 -0.5366081957E+01  0.2991405286E-01
  0.9945699032E+00 -0.5367811559E+01  0.2961967871E-01
  0.9946242041E+00 -0.5369524835E+01  0.2932815483E-01
  0.9946779621E+00 -0.5371221922E+01  0.2903945452E-01
  0.9947311825E+00 -0.5372902955E+01  0.2875355132E-01
  0.9947838707E+00 -0.5374568070E+01  0.2847041900E-01
  0.9948360320E+00 -0.5376217402E+01  0.2819003157E-01
  0.9948876716E+00 -0.5377851085E+01  0.2791236324E-01
  0.9949387949E+00 -0.5379469252E+01  0.2763738847E-01
  0.9949894070E+00 -0.5381072036E+01  0.2736508193E-01
  0.9950395129E+00 -0.5382659569E+01  0.2709541854E-01
  0.9950891178E+00 -0.5384231981E+01  0.2682837341E-01
  0.9951382266E+00 -0.5385789403E+01  0.2656392188E-01
  0.9951868443E+00 -0.5387332260E+01  0.2630203949E-01
  0.9952349759E+00 -0.5388860842E+01  0.2604270202E-01
  0.9952826261E+00 -0.5390374791E+01  0.2578588543E-01
  0.9953297999E+00 -0.5391874237E+01  0.2553156593E-01
  0.9953765019E+00 -0.5393359305E+01  0.2527971993E-01
  0.9954227368E+00 -0.5394830124E+01  0.2503032407E-01
  0.9954685095E+00 -0.5396286817E+01  0.2478335516E-01
  0.9955138244E+00 -0.5397729511E+01  0.2453879024E-01
  0.9955586861E+00 -0.5399158351E+01  0.2429660657E-01
  0.9956030993E+00 -0.5400573672E+01  0.2405678157E-01
  0.9956470683E+00 -0.5401975353E+01  0.2381929289E-01
  0.9956905976E+00 -0.5403363517E+01  0.2358411838E-01
  0.9957336916E+00 -0.5404738284E+01  0.2335123608E-01
  0.9957763547E+00 -0.5406099775E+01  0.2312062424E-01
  0.9958185912E+00 -0.5407448109E+01  0.2289226128E-01
  0.9958604053E+00 -0.5408783404E+01  0.2266612585E-01
  0.9959018012E+00 -0.5410105779E+01  0.2244219677E-01
  0.9959427832E+00 -0.5411415351E+01  0.2222045305E-01
  0.9959833554E+00 -0.5412712235E+01  0.2200087388E-01
  0.9960235218E+00 -0.5413996547E+01  0.2178343867E-01
  0.9960632866E+00 -0.5415268401E+01  0.2156812699E-01
  0.9961026537E+00 -0.5416527911E+01  0.2135491860E-01
  0.9961416272E+00 -0.5417775190E+01  0.2114379345E-01
  0.9961802109E+00 -0.5419010349E+01  0.2093473166E-01
  0.9962184088E+00 -0.5420233500E+01  0.2072771353E-01
  0.9962562247E+00 -0.5421444753E+01  0.2052271955E-01
  0.9962936625E+00 -0.5422644218E+01  0.2031973039E-01
  0.9963307258E+00 -0.5423832003E+01  0.2011872688E-01
  0.9963674186E+00 -0.5425008215E+01  0.1991969004E-01
  0.9964037444E+00 -0.5426172963E+01  0.1972260104E-01
  0.9964397070E+00 -0.5427326351E+01  0.1952744125E-01
  0.9964753099E+00 -0.5428468486E+01  0.1933419220E-01
  0.9965105568E+00 -0.5429599471E+01  0.1914283557E-01
  0.9965454512E+00 -0.5430719411E+01  0.1895335324E-01
  0.9965799967E+00 -0.5431828409E+01  0.1876572724E-01
  0.9966141967E+00 -0.5432926565E+01  0.1857993975E-01
  0.9966480548E+00 -0.5434013983E+01  0.1839597313E-01
  0.9966815742E+00 -0.5435090761E+01  0.1821380991E-01
  0.9967147585E+00 -0.5436157000E+01  0.1803343277E-01
  0.9967476109E+00 -0.5437212799E+01  0.1785482454E-01
  0.9967801348E+00 -0.5438258255E+01  0.1767796822E-01
  0.9968123334E+00 -0.5439293465E+01  0.1750284697E-01
  0.9968442101E+00 -0.5440318527E+01  0.1732944409E-01
  0.9968757680E+00 -0.5441333535E+01  0.1715774306E-01
  0.9969070103E+00 -0.5442338585E+01  0.1698772747E-01
  0.9969379402E+00 -0.5443333770E+01  0.1681938111E-01
  0.9969685608E+00 -0.5444319184E+01  0.1665268789E-01
  0.9969988752E+00 -0.5445294920E+01  0.1648763188E-01
  0.9970288865E+00 -0.5446261068E+01  0.1632419728E-01
  0.9970585976E+00 -0.5447217721E+01  0.1616236847E-01
  0.9970880116E+00 -0.5448165459E+01  0.1600212994E-01
  0.9971171315E+00 -0.5449104059E+01  0.1584346633E-01
  0.9971459602E+00 -0.5450033405E+01  0.1568636243E-01
  0.9971745006E+00 -0.5450953586E+01  0.1553080317E-01
  0.9972027556E+00 -0.5451864689E+01  0.1537677364E-01
  0.9972307280E+00 -0.5452766802E+01  0.1522425904E-01
  0.9972584207E+00 -0.5453660010E+01  0.1507324473E-01
  0.9972858365E+00 -0.5454544400E+01  0.1492371620E-01
  0.9973129782E+00 -0.5455420057E+01  0.1477565906E-01
  0.9973398484E+00 -0.5456287064E+01  0.1462905908E-01
  0.9973664499E+00 -0.5457145505E+01  0.1448390216E-01
  0.9973927854E+00 -0.5457995463E+01  0.1434017431E-01
  0.9974188575E+00 -0.5458837018E+01  0.1419786168E-01
  0.9974446690E+00 -0.5459670254E+01  0.1405695057E-01
  0.9974702223E+00 -0.5460495250E+01  0.1391742738E-01
  0.9974955201E+00 -0.5461312085E+01  0.1377927865E-01
  0.9975205649E+00 -0.5462120839E+01  0.1364249106E-01
  0.9975453592E+00 -0.5462921590E+01  0.1350705139E-01
  0.9975699056E+00 -0.5463714415E+01  0.1337294656E-01
  0.9975942066E+00 -0.5464499392E+01  0.1324016360E-01
  0.9976182645E+00 -0.5465276596E+01  0.1310868969E-01
  0.9976420819E+00 -0.5466046104E+01  0.1297851209E-01
  0.9976656610E+00 -0.5466807989E+01  0.1284961822E-01
  0.9976890044E+00 -0.5467562326E+01  0.1272199558E-01
  0.9977121144E+00 -0.5468309188E+01  0.1259563183E-01
  0.9977349932E+00 -0.5469048648E+01  0.1247051471E-01
  0.9977576433E+00 -0.5469780778E+01  0.1234663210E-01
  0.9977800669E+00 -0.5470505650E+01  0.1222397197E-01
  0.9978022662E+00 -0.5471223334E+01  0.1210252244E-01
  0.9978242435E+00 -0.5471933900E+01  0.1198227171E-01
  0.9978460011E+00 -0.5472637418E+01  0.1186320810E-01
  0.9978675411E+00 -0.5473333957E+01  0.1174532005E-01
  0.9978888657E+00 -0.5474023584E+01  0.1162859610E-01
  0.9979099770E+00 -0.5474706367E+01  0.1151302490E-01
  0.9979308773E+00 -0.5475382284E+01  0.1139859522E-01
  0.9979515685E+00 -0.5476051225E+01  0.1128529592E-01
  0.9979720528E+00 -0.5476713534E+01  0.1117311597E-01
  0.9979923323E+00 -0.5477369277E+01  0.1106204446E-01
  0.9980124089E+00 -0.5478018517E+01  0.1095207057E-01
  0.9980322849E+00 -0.5478661319E+01  0.1084318358E-01
  0.9980519620E+00 -0.5479297745E+01  0.1073537287E-01
  0.9980714424E+00 -0.5479927856E+01  0.1062862793E-01
  0.9980907280E+00 -0.5480551716E+01  0.1052293835E-01
  0.9981098207E+00 -0.5481169384E+01  0.1041829381E-01
  0.9981287225E+00 -0.5481780921E+01  0.1031468410E-01
  0.9981474353E+00 -0.5482386388E+01  0.1021209910E-01
  0.9981659609E+00 -0.5482985844E+01  0.1011052879E-01
  0.9981843013E+00 -0.5483579347E+01  0.1000996324E-01
  0.9982024583E+00 -0.5484166956E+01  0.9910392631E-02
  0.9982204337E+00 -0.5484748729E+01  0.9811807213E-02
  0.9982382294E+00 -0.5485324722E+01  0.9714197347E-02
  0.9982558471E+00 -0.5485894993E+01  0.9617553484E-02
  0.9982732886E+00 -0.5486459597E+01  0.9521866161E-02
  0.9982905557E+00 -0.5487018591E+01  0.9427126012E-02
  0.9983076502E+00 -0.5487572028E+01  0.9333323755E-02
  0.9983245737E+00 -0.5488119965E+01  0.9240450202E-02
  0.9983413279E+00 -0.5488662454E+01  0.9148496249E-02
  0.9983579146E+00 -0.5489199550E+01  0.9057452883E-02
  0.9983743355E+00 -0.5489731250E+01  0.8967311175E-02
  0.9983905921E+00 -0.5490257641E+01  0.8878062284E-02
  0.9984066862E+00 -0.5490778798E+01  0.8789697452E-02
  0.9984226194E+00 -0.5491294774E+01  0.8702208006E-02
  0.9984383932E+00 -0.5491805619E+01  0.8615585356E-02
  0.9984540092E+00 -0.5492311384E+01  0.8529820994E-02
  0.9984694691E+00 -0.5492812118E+01  0.8444906496E-02
  0.9984847744E+00 -0.5493307872E+01  0.8360833517E-02
  0.9984999267E+00 -0.5493798694E+01  0.8277593794E-02
  0.9985149274E+00 -0.5494284633E+01  0.8195179142E-02
  0.9985297782E+00 -0.5494765736E+01  0.8113581456E-02
  0.9985444804E+00 -0.5495242052E+01  0.8032792708E-02
  0.9985590356E+00 -0.5495713628E+01  0.7952804950E-02
  0.9985734452E+00 -0.5496180510E+01  0.7873610307E-02
  0.9985877108E+00 -0.5496642745E+01  0.7795200984E-02
  0.9986018337E+00 -0.5497100378E+01  0.7717569259E-02
  0.9986158153E+00 -0.5497553456E+01  0.7640707484E-02
  0.9986296572E+00 -0.5498002022E+01  0.7564608087E-02
  0.9986433606E+00 -0.5498446122E+01  0.7489263567E-02
  0.9986569270E+00 -0.5498885799E+01  0.7414666498E-02
  0.9986703577E+00 -0.5499321097E+01  0.7340809524E-02
  0.9986836541E+00 -0.5499752060E+01  0.7267685360E-02
  0.9986968176E+00 -0.5500178730E+01  0.7195286793E-02
  0.9987098494E+00 -0.5500601150E+01  0.7123606680E-02
  0.9987227509E+00 -0.5501019362E+01  0.7052637944E-02
  0.9987355234E+00 -0.5501433407E+01  0.6982373582E-02
  0.9987481682E+00 -0.5501843326E+01  0.6912806653E-02
  0.9987606865E+00 -0.5502249161E+01  0.6843930288E-02
  0.9987730796E+00 -0.5502650952E+01  0.6775737681E-02
  0.9987853488E+00 -0.5503048738E+01  0.6708222096E-02
  0.9987974954E+00 -0.5503442560E+01  0.6641376859E-02
  0.9988095204E+00 -0.5503832457E+01  0.6575195363E-02
  0.9988214252E+00 -0.5504218467E+01  0.6509671062E-02
  0.9988332109E+00 -0.5504600630E+01  0.6444797478E-02
  0.9988448788E+00 -0.5504978982E+01  0.6380568193E-02
  0.9988564300E+00 -0.5505353563E+01  0.6316976853E-02
  0.9988678657E+00 -0.5505724408E+01  0.6254017163E-02
  0.9988791871E+00 -0.5506091557E+01  0.6191682893E-02
  0.9988903952E+00 -0.5506455044E+01  0.6129967871E-02
  0.9989014913E+00 -0.5506814906E+01  0.6068865986E-02
  0.9989124764E+00 -0.5507171180E+01  0.6008371186E-02
  0.9989233516E+00 -0.5507523900E+01  0.5948477479E-02
  0.9989341181E+00 -0.5507873103E+01  0.5889178931E-02
  0.9989447769E+00 -0.5508218822E+01  0.5830469665E-02
  0.9989553291E+00 -0.5508561093E+01  0.5772343861E-02
  0.9989657758E+00 -0.5508899950E+01  0.5714795758E-02
  0.9989761181E+00 -0.5509235427E+01  0.5657819648E-02
  0.9989863569E+00 -0.5509567557E+01  0.5601409882E-02
  0.9989964933E+00 -0.5509896373E+01  0.5545560864E-02
  0.9990065284E+00 -0.5510221908E+01  0.5490267053E-02
  0.9990164631E+00 -0.5510544196E+01  0.5435522962E-02
  0.9990262985E+00 -0.5510863268E+01  0.5381323157E-02
  0.9990360355E+00 -0.5511179156E+01  0.5327662260E-02
  0.9990456751E+00 -0.5511491891E+01  0.5274534941E-02
  0.9990552184E+00 -0.5511801506E+01  0.5221935927E-02
  0.9990646662E+00 -0.5512108031E+01  0.5169859991E-02
  0.9990740195E+00 -0.5512411497E+01  0.5118301963E-02
  0.9990832793E+00 -0.5512711934E+01  0.5067256718E-02
  0.9990924466E+00 -0.5513009372E+01  0.5016719186E-02
  0.9991015221E+00 -0.5513303842E+01  0.4966684343E-02
  0.9991105069E+00 -0.5513595372E+01  0.4917147216E-02
  0.9991194018E+00 -0.5513883993E+01  0.4868102880E-02
  0.9991282078E+00 -0.5514169732E+01  0.4819546459E-02
  0.9991369257E+00 -0.5514452618E+01  0.4771473123E-02
  0.9991455564E+00 -0.5514732681E+01  0.4723878091E-02
  0.9991541009E+00 -0.5515009948E+01  0.4676756628E-02
  0.9991625599E+00 -0.5515284446E+01  0.4630104047E-02
  0.9991709343E+00 -0.5515556204E+01  0.4583915703E-02
  0.9991792249E+00 -0.5515825249E+01  0.4538187002E-02
  0.9991874327E+00 -0.5516091607E+01  0.4492913390E-02
  0.9991955584E+00 -0.5516355306E+01  0.4448090361E-02
  0.9992036028E+00 -0.5516616371E+01  0.4403713451E-02
  0.9992115667E+00 -0.5516874830E+01  0.4359778242E-02
  0.9992194511E+00 -0.5517130708E+01  0.4316280358E-02
  0.9992272566E+00 -0.5517384030E+01  0.4273215464E-02
  0.9992349840E+00 -0.5517634823E+01  0.4230579272E-02
  0.9992426342E+00 -0.5517883111E+01  0.4188367533E-02
  0.9992502078E+00 -0.5518128920E+01  0.4146576041E-02
  0.9992577057E+00 -0.5518372273E+01  0.4105200629E-02
  0.9992651287E+00 -0.5518613196E+01  0.4064237174E-02
  0.9992724774E+00 -0.5518851713E+01  0.4023681592E-02
  0.9992797526E+00 -0.5519087848E+01  0.3983529839E-02
  0.9992869551E+00 -0.5519321624E+01  0.3943777912E-02
  0.9992940855E+00 -0.5519553065E+01  0.3904421845E-02
  0.9993011447E+00 -0.5519782194E+01  0.3865457713E-02
  0.9993081332E+00 -0.5520009034E+01  0.3826881629E-02
  0.9993150519E+00 -0.5520233609E+01  0.3788689745E-02
  0.9993219014E+00 -0.5520455940E+01  0.3750878249E-02
  0.9993286824E+00 -0.5520676050E+01  0.3713443367E-02
  0.9993353956E+00 -0.5520893961E+01  0.3676381364E-02
  0.9993420416E+00 -0.5521109695E+01  0.3639688541E-02
  0.9993486212E+00 -0.5521323275E+01  0.3603361233E-02
  0.9993551350E+00 -0.5521534720E+01  0.3567395814E-02
  0.9993615836E+00 -0.5521744053E+01  0.3531788692E-02
  0.9993679678E+00 -0.5521951295E+01  0.3496536312E-02
  0.9993742881E+00 -0.5522156466E+01  0.3461635152E-02
  0.9993805452E+00 -0.5522359587E+01  0.3427081727E-02
  0.9993867398E+00 -0.5522560679E+01  0.3392872584E-02
  0.9993928724E+00 -0.5522759761E+01  0.3359004305E-02
  0.9993989436E+00 -0.5522956855E+01  0.3325473507E-02
  0.9994049542E+00 -0.5523151979E+01  0.3292276837E-02
  0.9994109047E+00 -0.5523345153E+01  0.3259410979E-02
  0.9994167956E+00 -0.5523536397E+01  0.3226872648E-02
  0.9994226277E+00 -0.5523725730E+01  0.3194658590E-02
  0.9994284014E+00 -0.5523913172E+01  0.3162765584E-02
  0.9994341174E+00 -0.5524098740E+01  0.3131190443E-02
  0.9994397762E+00 -0.5524282454E+01  0.3099930009E-02
  0.9994453784E+00 -0.5524464332E+01  0.3068981154E-02
  0.9994509247E+00 -0.5524644393E+01  0.3038340785E-02
  0.9994564154E+00 -0.5524822654E+01  0.3008005835E-02
  0.9994618513E+00 -0.5524999134E+01  0.2977973271E-02
  0.9994672327E+00 -0.5525173850E+01  0.2948240087E-02
  0.9994725604E+00 -0.5525346821E+01  0.2918803310E-02
  0.9994778348E+00 -0.5525518062E+01  0.2889659992E-02
  0.9994830565E+00 -0.5525687592E+01  0.2860807217E-02
  0.9994882259E+00 -0.5525855428E+01  0.2832242099E-02
  0.9994933436E+00 -0.5526021587E+01  0.2803961777E-02
  0.9994984102E+00 -0.5526186085E+01  0.2775963420E-02
  0.9995034261E+00 -0.5526348939E+01  0.2748244226E-02
  0.9995083918E+00 -0.5526510165E+01  0.2720801420E-02
  0.9995133079E+00 -0.5526669780E+01  0.2693632252E-02
  0.9995181748E+00 -0.5526827800E+01  0.2666734004E-02
  0.9995229931E+00 -0.5526984240E+01  0.2640103980E-02
  0.9995277632E+00 -0.5527139117E+01  0.2613739514E-02
  0.9995324855E+00 -0.5527292446E+01  0.2587637965E-02
  0.9995371607E+00 -0.5527444242E+01  0.2561796719E-02
  0.9995417891E+00 -0.5527594521E+01  0.2536213185E-02
  0.9995463712E+00 -0.5527743298E+01  0.2510884802E-02
  0.9995509075E+00 -0.5527890588E+01  0.2485809032E-02
  0.9995553984E+00 -0.5528036406E+01  0.2460983360E-02
  0.9995598444E+00 -0.5528180766E+01  0.2436405301E-02
  0.9995642460E+00 -0.5528323683E+01  0.2412072389E-02
  0.9995686035E+00 -0.5528465171E+01  0.2387982188E-02
  0.9995729175E+00 -0.5528605246E+01  0.2364132281E-02
  0.9995771883E+00 -0.5528743920E+01  0.2340520277E-02
  0.9995814164E+00 -0.5528881208E+01  0.2317143811E-02
  0.9995856022E+00 -0.5529017124E+01  0.2294000537E-02
  0.9995897462E+00 -0.5529151681E+01  0.2271088136E-02
  0.9995938488E+00 -0.5529284893E+01  0.2248404309E-02
  0.9995979103E+00 -0.5529416773E+01  0.2225946782E-02
  0.9996019312E+00 -0.5529547335E+01  0.2203713303E-02
  0.9996059119E+00 -0.5529676592E+01  0.2181701642E-02
  0.9996098527E+00 -0.5529804557E+01  0.2159909590E-02
  0.9996137542E+00 -0.5529931242E+01  0.2138334962E-02
  0.9996176167E+00 -0.5530056661E+01  0.2116975593E-02
  0.9996214405E+00 -0.5530180827E+01  0.2095829341E-02
  0.9996252261E+00 -0.5530303751E+01  0.2074894084E-02
  0.9996289738E+00 -0.5530425446E+01  0.2054167721E-02
  0.9996326841E+00 -0.5530545925E+01  0.2033648173E-02
  0.9996363573E+00 -0.5530665199E+01  0.2013333379E-02
  0.9996399937E+00 -0.5530783281E+01  0.1993221302E-02
  0.9996435938E+00 -0.5530900182E+01  0.1973309923E-02
  0.9996471578E+00 -0.5531015915E+01  0.1953597243E-02
  0.9996506862E+00 -0.5531130491E+01  0.1934081283E-02
  0.9996541794E+00 -0.5531243921E+01  0.1914760085E-02
  0.9996576376E+00 -0.5531356218E+01  0.1895631708E-02
  0.9996610612E+00 -0.5531467391E+01  0.1876694233E-02
  0.9996644506E+00 -0.5531577454E+01  0.1857945757E-02
  0.9996678400E+00 -0.5531687516E+01  0.1839196909E-02
  0.9996712294E+00 -0.5531797579E+01  0.1820447687E-02
  0.9996746188E+00 -0.5531907642E+01  0.1801698093E-02
  0.9996780081E+00 -0.5532017705E+01  0.1782948125E-02
  0.9996813975E+00 -0.5532127769E+01  0.1764197784E-02
  0.9996847869E+00 -0.5532237833E+01  0.1745447071E-02
  0.9996881763E+00 -0.5532347897E+01  0.1726695984E-02
  0.9996915657E+00 -0.5532457961E+01  0.1707944524E-02
  0.9996949551E+00 -0.5532568026E+01  0.1689192691E-02
  0.9996983445E+00 -0.5532678091E+01  0.1670440485E-02
  0.9997017339E+00 -0.5532788156E+01  0.1651687906E-02
  0.9997051232E+00 -0.5532898222E+01  0.1632934954E-02
  0.9997085126E+00 -0.5533008287E+01  0.1614181629E-02
  0.9997119020E+00 -0.5533118353E+01  0.1595427931E-02
  0.9997152914E+00 -0.5533228420E+01  0.1576673859E-02
  0.9997186808E+00 -0.5533338486E+01  0.1557919415E-02
  0.9997220702E+00 -0.5533448553E+01  0.1539164598E-02
  0.9997254596E+00 -0.5533558620E+01  0.1520409407E-02
  0.9997288490E+00 -0.5533668687E+01  0.1501653844E-02
  0.9997322384E+00 -0.5533778754E+01  0.1482897907E-02
  0.9997356277E+00 -0.5533888822E+01  0.1464141598E-02
  0.9997390171E+00 -0.5533998890E+01  0.1445384915E-02
  0.9997424065E+00 -0.5534108958E+01  0.1426627859E-02
  0.9997457959E+00 -0.5534219026E+01  0.1407870430E-02
  0.9997491853E+00 -0.5534329095E+01  0.1389112629E-02
  0.9997525747E+00 -0.5534439163E+01  0.1370354454E-02
  0.9997559641E+00 -0.5534549232E+01  0.1351595906E-02
  0.9997593535E+00 -0.5534659302E+01  0.1332836985E-02
  0.9997627428E+00 -0.5534769371E+01  0.1314077690E-02
  0.9997661322E+00 -0.5534879441E+01  0.1295318023E-02
  0.9997695216E+00 -0.5534989510E+01  0.1276557983E-02
  0.9997729110E+00 -0.5535099580E+01  0.1257797570E-02
  0.9997763004E+00 -0.5535209650E+01  0.1239036783E-02
  0.9997796898E+00 -0.5535319721E+01  0.1220275624E-02
  0.9997830792E+00 -0.5535429791E+01  0.1201514091E-02
  0.9997864686E+00 -0.5535539862E+01  0.1182752186E-02
  0.9997898579E+00 -0.5535649933E+01  0.1163989907E-02
  0.9997932473E+00 -0.5535760004E+01  0.1145227255E-02
  0.9997966367E+00 -0.5535870075E+01  0.1126464230E-02
  0.9998000261E+00 -0.5535980147E+01  0.1107700832E-02
  0.9998034155E+00 -0.5536090218E+01  0.1088937061E-02
  0.9998068049E+00 -0.5536200290E+01  0.1070172917E-02
  0.9998101943E+00 -0.5536310362E+01  0.1051408400E-02
  0.9998135837E+00 -0.5536420434E+01  0.1032643510E-02
  0.9998169731E+00 -0.5536530506E+01  0.1013878247E-02
  0.9998203624E+00 -0.5536640579E+01  0.9951126104E-03
  0.9998237518E+00 -0.5536750651E+01  0.9763466010E-03
  0.9998271412E+00 -0.5536860724E+01  0.9575802185E-03
  0.9998305306E+00 -0.5536970797E+01  0.9388134629E-03
  0.9998339200E+00 -0.5537080870E+01  0.9200463342E-03
  0.9998373094E+00 -0.5537190943E+01  0.9012788324E-03
  0.9998406988E+00 -0.5537301016E+01  0.8825109576E-03
  0.9998440882E+00 -0.5537411090E+01  0.8637427096E-03
  0.9998474775E+00 -0.5537521163E+01  0.8449740886E-03
  0.9998508669E+00 -0.5537631237E+01  0.8262050945E-03
  0.9998542563E+00 -0.5537741311E+01  0.8074357274E-03
  0.9998576457E+00 -0.5537851385E+01  0.7886659871E-03
  0.9998610351E+00 -0.5537961459E+01  0.7698958738E-03
  0.9998644245E+00 -0.5538071533E+01  0.7511253873E-03
  0.9998678139E+00 -0.5538181607E+01  0.7323545278E-03
  0.9998712033E+00 -0.5538291682E+01  0.7135832952E-03
  0.9998745926E+00 -0.5538401756E+01  0.6948116896E-03
  0.9998779820E+00 -0.5538511831E+01  0.6760397108E-03
  0.9998813714E+00 -0.5538621906E+01  0.6572673590E-03
  0.9998847608E+00 -0.5538731981E+01  0.6384946340E-03
  0.9998881502E+00 -0.5538842056E+01  0.6197215360E-03
  0.9998915396E+00 -0.5538952131E+01  0.6009480649E-03
  0.9998949290E+00 -0.5539062206E+01  0.5821742207E-03
  0.9998983184E+00 -0.5539172281E+01  0.5634000034E-03
  0.9999017077E+00 -0.5539282356E+01  0.5446254130E-03
  0.9999050971E+00 -0.5539392432E+01  0.5258504496E-03
  0.9999084865E+00 -0.5539502507E+01  0.5070751130E-03
  0.9999118759E+00 -0.5539612583E+01  0.4882994034E-03
  0.9999152653E+00 -0.5539722658E+01  0.4695233207E-03
  0.9999186547E+00 -0.5539832734E+01  0.4507468649E-03
  0.9999220441E+00 -0.5539942810E+01  0.4319700360E-03
  0.9999254335E+00 -0.5540052886E+01  0.4131928340E-03
  0.9999288229E+00 -0.5540162961E+01  0.3944152589E-03
  0.9999322122E+00 -0.5540273037E+01  0.3756373107E-03
  0.9999356016E+00 -0.5540383113E+01  0.3568589894E-03
  0.9999389910E+00 -0.5540493189E+01  0.3380802951E-03
  0.9999423804E+00 -0.5540603266E+01  0.3193012276E-03
  0.9999457698E+00 -0.5540713342E+01  0.3005217871E-03
  0.9999491592E+00 -0.5540823418E+01  0.2817419735E-03
  0.9999525486E+00 -0.5540933494E+01  0.2629617868E-03
  0.9999559380E+00 -0.5541043571E+01  0.2441812270E-03
  0.9999593273E+00 -0.5541153647E+01  0.2254002941E-03
  0.9999627167E+00 -0.5541263723E+01  0.2066189881E-03
  0.9999661061E+00 -0.5541373800E+01  0.1878373090E-03
  0.9999694955E+00 -0.5541483876E+01  0.1690552568E-03
  0.9999728849E+00 -0.5541593953E+01  0.1502728315E-03
  0.9999762743E+00 -0.5541704029E+01  0.1314900332E-03
  0.9999796637E+00 -0.5541814106E+01  0.1127068617E-03
  0.9999830531E+00 -0.5541924182E+01  0.9392331720E-04
  0.9999864424E+00 -0.5542034259E+01  0.7513939957E-04
  0.9999898318E+00 -0.5542144335E+01  0.5635510884E-04
  0.9999932212E+00 -0.5542254412E+01  0.3757044502E-04
  0.9999966106E+00 -0.5542364488E+01  0.1878540811E-04
  0.1000000000E+01 -0.5542473449E+01  0.3877787195E-17
  0.1000000000E+01 -0.5542473449E+01  0.0000000000E+00
