  0.0000000000E+00  0.5542473970E+01  0.0000000000E+00
  0.6996492144E-18  0.5542473970E+01  0.3877787559E-17
  0.3389387958E-05  0.5542370253E+01  0.1878541876E-04
  0.6778775916E-05  0.5542266536E+01  0.3757048599E-04
  0.1016816387E-04  0.5542162819E+01  0.5635520168E-04
  0.1355755183E-04  0.5542059102E+01  0.7513956583E-04
  0.1694693979E-04  0.5541955385E+01  0.9392357844E-04
  0.2033632775E-04  0.5541851668E+01  0.1127072395E-03
  0.2372571571E-04  0.5541747951E+01  0.1314905491E-03
  0.2711510367E-04  0.5541644234E+01  0.1502735071E-03
  0.3050449162E-04  0.5541540518E+01  0.1690561135E-03
  0.3389387958E-04  0.5541436801E+01  0.1878383685E-03
  0.3728326754E-04  0.5541333084E+01  0.2066202719E-03
  0.4067265550E-04  0.5541229368E+01  0.2254018237E-03
  0.4406204346E-04  0.5541125651E+01  0.2441830240E-03
  0.4745143141E-04  0.5541021935E+01  0.2629638728E-03
  0.5084081937E-04  0.5540918219E+01  0.2817443701E-03
  0.5423020733E-04  0.5540814503E+01  0.3005245158E-03
  0.5761959529E-04  0.5540710787E+01  0.3193043100E-03
  0.6100898325E-04  0.5540607071E+01  0.3380837526E-03
  0.6439837120E-04  0.5540503355E+01  0.3568628438E-03
  0.6778775916E-04  0.5540399639E+01  0.3756415834E-03
  0.7117714712E-04  0.5540295924E+01  0.3944199714E-03
  0.7456653508E-04  0.5540192209E+01  0.4131980079E-03
  0.7795592304E-04  0.5540088493E+01  0.4319756929E-03
  0.8134531100E-04  0.5539984778E+01  0.4507530264E-03
  0.8473469895E-04  0.5539881064E+01  0.4695300083E-03
  0.8812408691E-04  0.5539777349E+01  0.4883066387E-03
  0.9151347487E-04  0.5539673634E+01  0.5070829176E-03
  0.9490286283E-04  0.5539569920E+01  0.5258588449E-03
  0.9829225079E-04  0.5539466206E+01  0.5446344208E-03
  0.1016816387E-03  0.5539362492E+01  0.5634096450E-03
  0.1050710267E-03  0.5539258779E+01  0.5821845178E-03
  0.1084604147E-03  0.5539155065E+01  0.6009590391E-03
  0.1118498026E-03  0.5539051352E+01  0.6197332088E-03
  0.1152391906E-03  0.5538947639E+01  0.6385070270E-03
  0.1186285785E-03  0.5538843926E+01  0.6572804936E-03
  0.1220179665E-03  0.5538740214E+01  0.6760536088E-03
  0.1254073545E-03  0.5538636502E+01  0.6948263724E-03
  0.1287967424E-03  0.5538532790E+01  0.7135987845E-03
  0.1321861304E-03  0.5538429078E+01  0.7323708451E-03
  0.1355755183E-03  0.5538325367E+01  0.7511425541E-03
  0.1389649063E-03  0.5538221656E+01  0.7699139117E-03
  0.1423542942E-03  0.5538117945E+01  0.7886849177E-03
  0.1457436822E-03  0.5538014234E+01  0.8074555722E-03
  0.1491330702E-03  0.5537910524E+01  0.8262258752E-03
  0.1525224581E-03  0.5537806814E+01  0.8449958267E-03
  0.1559118461E-03  0.5537703105E+01  0.8637654267E-03
  0.1593012340E-03  0.5537599395E+01  0.8825346752E-03
  0.1626906220E-03  0.5537495686E+01  0.9013035721E-03
  0.1660800099E-03  0.5537391978E+01  0.9200721176E-03
  0.1694693979E-03  0.5537288270E+01  0.9388403115E-03
  0.1728587859E-03  0.5537184562E+01  0.9576081539E-03
  0.1762481738E-03  0.5537080854E+01  0.9763756448E-03
  0.1796375618E-03  0.5536977147E+01  0.9951427843E-03
  0.1830269497E-03  0.5536873441E+01  0.1013909572E-02
  0.1864163377E-03  0.5536769734E+01  0.1032676009E-02
  0.1898057257E-03  0.5536666028E+01  0.1051442094E-02
  0.1931951136E-03  0.5536562323E+01  0.1070207827E-02
  0.1965845016E-03  0.5536458618E+01  0.1088973209E-02
  0.1999738895E-03  0.5536354913E+01  0.1107738239E-02
  0.2033632775E-03  0.5536251209E+01  0.1126502918E-02
  0.2067526654E-03  0.5536147505E+01  0.1145267246E-02
  0.2101420534E-03  0.5536043801E+01  0.1164031222E-02
  0.2135314414E-03  0.5535940098E+01  0.1182794846E-02
  0.2169208293E-03  0.5535836396E+01  0.1201558119E-02
  0.2203102173E-03  0.5535732694E+01  0.1220321040E-02
  0.2236996052E-03  0.5535628992E+01  0.1239083610E-02
  0.2270889932E-03  0.5535525291E+01  0.1257845829E-02
  0.2304783812E-03  0.5535421590E+01  0.1276607696E-02
  0.2338677691E-03  0.5535317890E+01  0.1295369212E-02
  0.2372571571E-03  0.5535214190E+01  0.1314130376E-02
  0.2406465450E-03  0.5535110491E+01  0.1332891188E-02
  0.2440359330E-03  0.5535006793E+01  0.1351651649E-02
  0.2474253209E-03  0.5534903095E+01  0.1370411759E-02
  0.2508147089E-03  0.5534799397E+01  0.1389171517E-02
  0.2542040969E-03  0.5534695700E+01  0.1407930924E-02
  0.2575934848E-03  0.5534592003E+01  0.1426689979E-02
  0.2609828728E-03  0.5534488307E+01  0.1445448683E-02
  0.2643722607E-03  0.5534384612E+01  0.1464207035E-02
  0.2677616487E-03  0.5534280917E+01  0.1482965036E-02
  0.2711510367E-03  0.5534177223E+01  0.1501722685E-02
  0.2745404246E-03  0.5534073529E+01  0.1520479983E-02
  0.2779298126E-03  0.5533969836E+01  0.1539236930E-02
  0.2813192005E-03  0.5533866143E+01  0.1557993525E-02
  0.2847085885E-03  0.5533762451E+01  0.1576749768E-02
  0.2880979764E-03  0.5533658760E+01  0.1595505660E-02
  0.2914873644E-03  0.5533555069E+01  0.1614261201E-02
  0.2948767524E-03  0.5533451379E+01  0.1633016390E-02
  0.2982661403E-03  0.5533347689E+01  0.1651771228E-02
  0.3016555283E-03  0.5533244000E+01  0.1670525714E-02
  0.3050449162E-03  0.5533140312E+01  0.1689279849E-02
  0.3084343042E-03  0.5533036624E+01  0.1708033632E-02
  0.3118236921E-03  0.5532932937E+01  0.1726787064E-02
  0.3152130801E-03  0.5532829251E+01  0.1745540145E-02
  0.3186024681E-03  0.5532725565E+01  0.1764292874E-02
  0.3219918560E-03  0.5532621880E+01  0.1783045252E-02
  0.3253812440E-03  0.5532518196E+01  0.1801797278E-02
  0.3287706319E-03  0.5532414513E+01  0.1820548953E-02
  0.3321600199E-03  0.5532310830E+01  0.1839300276E-02
  0.3355494079E-03  0.5532207147E+01  0.1858051248E-02
  0.3389387958E-03  0.5532103466E+01  0.1876801869E-02
  0.3423624200E-03  0.5531998738E+01  0.1895741533E-02
  0.3458206263E-03  0.5531892953E+01  0.1914872143E-02
  0.3493137639E-03  0.5531786100E+01  0.1934195620E-02
  0.3528421858E-03  0.5531678168E+01  0.1953713904E-02
  0.3564062483E-03  0.5531569147E+01  0.1973428956E-02
  0.3600063114E-03  0.5531459026E+01  0.1993342756E-02
  0.3636427388E-03  0.5531347794E+01  0.2013457303E-02
  0.3673158977E-03  0.5531235438E+01  0.2033774617E-02
  0.3710261593E-03  0.5531121949E+01  0.2054296736E-02
  0.3747738983E-03  0.5531007314E+01  0.2075025723E-02
  0.3785594932E-03  0.5530891522E+01  0.2095963657E-02
  0.3823833265E-03  0.5530774562E+01  0.2117112640E-02
  0.3862457844E-03  0.5530656421E+01  0.2138474796E-02
  0.3901472569E-03  0.5530537089E+01  0.2160052267E-02
  0.3940881383E-03  0.5530416551E+01  0.2181847221E-02
  0.3980688266E-03  0.5530294798E+01  0.2203861842E-02
  0.4020897238E-03  0.5530171815E+01  0.2226098342E-02
  0.4061512362E-03  0.5530047592E+01  0.2248558951E-02
  0.4102537739E-03  0.5529922115E+01  0.2271245923E-02
  0.4143977514E-03  0.5529795372E+01  0.2294161533E-02
  0.4185835873E-03  0.5529667351E+01  0.2317308081E-02
  0.4228117043E-03  0.5529538037E+01  0.2340687888E-02
  0.4270825296E-03  0.5529407418E+01  0.2364303300E-02
  0.4313964946E-03  0.5529275482E+01  0.2388156686E-02
  0.4357540349E-03  0.5529142215E+01  0.2412250436E-02
  0.4401555908E-03  0.5529007602E+01  0.2436586969E-02
  0.4446016069E-03  0.5528871632E+01  0.2461168723E-02
  0.4490925322E-03  0.5528734290E+01  0.2485998164E-02
  0.4536288204E-03  0.5528595562E+01  0.2511077782E-02
  0.4582109297E-03  0.5528455435E+01  0.2536410090E-02
  0.4628393230E-03  0.5528313894E+01  0.2561997628E-02
  0.4675144676E-03  0.5528170926E+01  0.2587842961E-02
  0.4722368360E-03  0.5528026515E+01  0.2613948679E-02
  0.4770069051E-03  0.5527880647E+01  0.2640317400E-02
  0.4818251566E-03  0.5527733308E+01  0.2666951764E-02
  0.4866920774E-03  0.5527584483E+01  0.2693854442E-02
  0.4916081590E-03  0.5527434157E+01  0.2721028129E-02
  0.4965738980E-03  0.5527282314E+01  0.2748475547E-02
  0.5015897959E-03  0.5527128940E+01  0.2776199447E-02
  0.5066563595E-03  0.5526974019E+01  0.2804202605E-02
  0.5117741005E-03  0.5526817536E+01  0.2832487826E-02
  0.5169435359E-03  0.5526659474E+01  0.2861057943E-02
  0.5221651878E-03  0.5526499819E+01  0.2889915818E-02
  0.5274395836E-03  0.5526338553E+01  0.2919064340E-02
  0.5327672562E-03  0.5526175661E+01  0.2948506429E-02
  0.5381487436E-03  0.5526011127E+01  0.2978245031E-02
  0.5435845895E-03  0.5525844934E+01  0.3008283124E-02
  0.5490753429E-03  0.5525677065E+01  0.3038623715E-02
  0.5546215585E-03  0.5525507503E+01  0.3069269841E-02
  0.5602237965E-03  0.5525336232E+01  0.3100224570E-02
  0.5658826227E-03  0.5525163234E+01  0.3131490998E-02
  0.5715986088E-03  0.5524988492E+01  0.3163072254E-02
  0.5773723321E-03  0.5524811988E+01  0.3194971500E-02
  0.5832043759E-03  0.5524633706E+01  0.3227191925E-02
  0.5890953291E-03  0.5524453626E+01  0.3259736754E-02
  0.5950457870E-03  0.5524271731E+01  0.3292609241E-02
  0.6010563505E-03  0.5524088002E+01  0.3325812675E-02
  0.6071276268E-03  0.5523902422E+01  0.3359350376E-02
  0.6132602291E-03  0.5523714971E+01  0.3393225698E-02
  0.6194547769E-03  0.5523525631E+01  0.3427442028E-02
  0.6257118958E-03  0.5523334383E+01  0.3462002786E-02
  0.6320322180E-03  0.5523141208E+01  0.3496911429E-02
  0.6384163818E-03  0.5522946086E+01  0.3532171444E-02
  0.6448650321E-03  0.5522748999E+01  0.3567786357E-02
  0.6513788203E-03  0.5522549925E+01  0.3603759726E-02
  0.6579584044E-03  0.5522348846E+01  0.3640095146E-02
  0.6646044489E-03  0.5522145741E+01  0.3676796247E-02
  0.6713176251E-03  0.5521940590E+01  0.3713866696E-02
  0.6780986112E-03  0.5521733372E+01  0.3751310196E-02
  0.6849480921E-03  0.5521524067E+01  0.3789130486E-02
  0.6918667597E-03  0.5521312654E+01  0.3827331345E-02
  0.6988553129E-03  0.5521099111E+01  0.3865916585E-02
  0.7059144575E-03  0.5520883418E+01  0.3904890061E-02
  0.7130449065E-03  0.5520665553E+01  0.3944255662E-02
  0.7202473803E-03  0.5520445493E+01  0.3984017319E-02
  0.7275226064E-03  0.5520223218E+01  0.4024178999E-02
  0.7348713196E-03  0.5519998705E+01  0.4064744711E-02
  0.7422942622E-03  0.5519771932E+01  0.4105718503E-02
  0.7497921840E-03  0.5519542875E+01  0.4147104463E-02
  0.7573658425E-03  0.5519311513E+01  0.4188906719E-02
  0.7650160025E-03  0.5519077822E+01  0.4231129442E-02
  0.7727434369E-03  0.5518841778E+01  0.4273776841E-02
  0.7805489261E-03  0.5518603359E+01  0.4316853171E-02
  0.7884332587E-03  0.5518362541E+01  0.4360362726E-02
  0.7963972310E-03  0.5518119299E+01  0.4404309844E-02
  0.8044416475E-03  0.5517873609E+01  0.4448698905E-02
  0.8125673207E-03  0.5517625448E+01  0.4493534335E-02
  0.8207750714E-03  0.5517374789E+01  0.4538820601E-02
  0.8290657287E-03  0.5517121610E+01  0.4584562215E-02
  0.8374401300E-03  0.5516865883E+01  0.4630763734E-02
  0.8458991212E-03  0.5516607584E+01  0.4677429762E-02
  0.8544435568E-03  0.5516346688E+01  0.4724564945E-02
  0.8630742998E-03  0.5516083168E+01  0.4772173978E-02
  0.8717922220E-03  0.5515816998E+01  0.4820261602E-02
  0.8805982040E-03  0.5515548151E+01  0.4868832604E-02
  0.8894931354E-03  0.5515276602E+01  0.4917891818E-02
  0.8984779145E-03  0.5515002323E+01  0.4967444128E-02
  0.9075534490E-03  0.5514725287E+01  0.5017494465E-02
  0.9167206556E-03  0.5514445467E+01  0.5068047808E-02
  0.9259804602E-03  0.5514162834E+01  0.5119109187E-02
  0.9353337982E-03  0.5513877361E+01  0.5170683681E-02
  0.9447816143E-03  0.5513589020E+01  0.5222776418E-02
  0.9543248629E-03  0.5513297782E+01  0.5275392580E-02
  0.9639645080E-03  0.5513003619E+01  0.5328537396E-02
  0.9737015233E-03  0.5512706501E+01  0.5382216149E-02
  0.9835368922E-03  0.5512406399E+01  0.5436434176E-02
  0.9934716083E-03  0.5512103283E+01  0.5491196862E-02
  0.1003506675E-02  0.5511797123E+01  0.5546509651E-02
  0.1013643106E-02  0.5511487890E+01  0.5602378035E-02
  0.1023881925E-02  0.5511175553E+01  0.5658807564E-02
  0.1034224167E-02  0.5510860081E+01  0.5715803842E-02
  0.1044670876E-02  0.5510541442E+01  0.5773372528E-02
  0.1055223107E-02  0.5510219607E+01  0.5831519337E-02
  0.1065881926E-02  0.5509894542E+01  0.5890250039E-02
  0.1076648410E-02  0.5509566216E+01  0.5949570464E-02
  0.1087523647E-02  0.5509234597E+01  0.6009486496E-02
  0.1098508734E-02  0.5508899653E+01  0.6070004080E-02
  0.1109604782E-02  0.5508561349E+01  0.6131129217E-02
  0.1120812911E-02  0.5508219654E+01  0.6192867969E-02
  0.1132134253E-02  0.5507874533E+01  0.6255226456E-02
  0.1143569953E-02  0.5507525954E+01  0.6318210862E-02
  0.1155121165E-02  0.5507173881E+01  0.6381827426E-02
  0.1166789055E-02  0.5506818280E+01  0.6446082454E-02
  0.1178574803E-02  0.5506459117E+01  0.6510982310E-02
  0.1190479599E-02  0.5506096357E+01  0.6576533423E-02
  0.1202504646E-02  0.5505729963E+01  0.6642742284E-02
  0.1214651157E-02  0.5505359901E+01  0.6709615450E-02
  0.1226920361E-02  0.5504986134E+01  0.6777159538E-02
  0.1239313496E-02  0.5504608626E+01  0.6845381235E-02
  0.1251831814E-02  0.5504227340E+01  0.6914287291E-02
  0.1264476580E-02  0.5503842239E+01  0.6983884522E-02
  0.1277249070E-02  0.5503453285E+01  0.7054179811E-02
  0.1290150576E-02  0.5503060442E+01  0.7125180112E-02
  0.1303182400E-02  0.5502663670E+01  0.7196892441E-02
  0.1316345859E-02  0.5502262931E+01  0.7269323889E-02
  0.1329642282E-02  0.5501858186E+01  0.7342481613E-02
  0.1343073012E-02  0.5501449397E+01  0.7416372840E-02
  0.1356639406E-02  0.5501036524E+01  0.7491004870E-02
  0.1370342834E-02  0.5500619526E+01  0.7566385072E-02
  0.1384184681E-02  0.5500198364E+01  0.7642520890E-02
  0.1398166344E-02  0.5499772996E+01  0.7719419839E-02
  0.1412289237E-02  0.5499343383E+01  0.7797089508E-02
  0.1426554785E-02  0.5498909482E+01  0.7875537559E-02
  0.1440964429E-02  0.5498471252E+01  0.7954771731E-02
  0.1455519625E-02  0.5498028651E+01  0.8034799838E-02
  0.1470221844E-02  0.5497581636E+01  0.8115629770E-02
  0.1485072569E-02  0.5497130164E+01  0.8197269495E-02
  0.1500073302E-02  0.5496674193E+01  0.8279727057E-02
  0.1515225558E-02  0.5496213678E+01  0.8363010580E-02
  0.1530530867E-02  0.5495748576E+01  0.8447128268E-02
  0.1545990774E-02  0.5495278842E+01  0.8532088403E-02
  0.1561606843E-02  0.5494804432E+01  0.8617899349E-02
  0.1577380649E-02  0.5494325299E+01  0.8704569552E-02
  0.1593313787E-02  0.5493841400E+01  0.8792107539E-02
  0.1609407866E-02  0.5493352687E+01  0.8880521922E-02
  0.1625664511E-02  0.5492859114E+01  0.8969821395E-02
  0.1642085364E-02  0.5492360635E+01  0.9060014738E-02
  0.1658672085E-02  0.5491857203E+01  0.9151110816E-02
  0.1675426349E-02  0.5491348769E+01  0.9243118579E-02
  0.1692349847E-02  0.5490835286E+01  0.9336047067E-02
  0.1709444290E-02  0.5490316706E+01  0.9429905405E-02
  0.1726711404E-02  0.5489792980E+01  0.9524702808E-02
  0.1744152934E-02  0.5489264058E+01  0.9620448580E-02
  0.1761770640E-02  0.5488729891E+01  0.9717152117E-02
  0.1779566303E-02  0.5488190429E+01  0.9814822905E-02
  0.1797541720E-02  0.5487645621E+01  0.9913470521E-02
  0.1815698707E-02  0.5487095417E+01  0.1001310464E-01
  0.1834039098E-02  0.5486539766E+01  0.1011373502E-01
  0.1852564746E-02  0.5485978615E+01  0.1021537152E-01
  0.1871277521E-02  0.5485411912E+01  0.1031802410E-01
  0.1890179314E-02  0.5484839606E+01  0.1042170281E-01
  0.1909272034E-02  0.5484261642E+01  0.1052641781E-01
  0.1928557610E-02  0.5483677969E+01  0.1063217932E-01
  0.1948037990E-02  0.5483088530E+01  0.1073899771E-01
  0.1967715142E-02  0.5482493274E+01  0.1084688342E-01
  0.1987591052E-02  0.5481892144E+01  0.1095584699E-01
  0.2007667730E-02  0.5481285086E+01  0.1106589908E-01
  0.2027947202E-02  0.5480672044E+01  0.1117705043E-01
  0.2048431517E-02  0.5480052962E+01  0.1128931190E-01
  0.2069122744E-02  0.5479427784E+01  0.1140269445E-01
  0.2090022974E-02  0.5478796453E+01  0.1151720916E-01
  0.2111134317E-02  0.5478158911E+01  0.1163286718E-01
  0.2132458906E-02  0.5477515101E+01  0.1174967980E-01
  0.2153998895E-02  0.5476864966E+01  0.1186765842E-01
  0.2175756460E-02  0.5476208445E+01  0.1198681452E-01
  0.2197733798E-02  0.5475545481E+01  0.1210715972E-01
  0.2219933129E-02  0.5474876013E+01  0.1222870573E-01
  0.2242356696E-02  0.5474199982E+01  0.1235146440E-01
  0.2265006764E-02  0.5473517328E+01  0.1247544767E-01
  0.2287885620E-02  0.5472827990E+01  0.1260066760E-01
  0.2310995576E-02  0.5472131906E+01  0.1272713637E-01
  0.2334338965E-02  0.5471429015E+01  0.1285486627E-01
  0.2357918147E-02  0.5470719256E+01  0.1298386972E-01
  0.2381735502E-02  0.5470002565E+01  0.1311415925E-01
  0.2405793436E-02  0.5469278880E+01  0.1324574751E-01
  0.2430094380E-02  0.5468548470E+01  0.1337864727E-01
  0.2454640788E-02  0.5467811086E+01  0.1351287144E-01
  0.2479435139E-02  0.5467066536E+01  0.1364843304E-01
  0.2504479939E-02  0.5466314755E+01  0.1378534521E-01
  0.2529777716E-02  0.5465555680E+01  0.1392362122E-01
  0.2555331026E-02  0.5464789246E+01  0.1406327447E-01
  0.2581142450E-02  0.5464015387E+01  0.1420431848E-01
  0.2607214596E-02  0.5463234039E+01  0.1434676690E-01
  0.2633550097E-02  0.5462445134E+01  0.1449063352E-01
  0.2660151614E-02  0.5461648607E+01  0.1463593225E-01
  0.2687021832E-02  0.5460844392E+01  0.1478267713E-01
  0.2714163467E-02  0.5460032421E+01  0.1493088236E-01
  0.2741579259E-02  0.5459212626E+01  0.1508056223E-01
  0.2769271979E-02  0.5458384940E+01  0.1523173122E-01
  0.2797244423E-02  0.5457549296E+01  0.1538440390E-01
  0.2825499417E-02  0.5456705623E+01  0.1553859501E-01
  0.2854039815E-02  0.5455853855E+01  0.1569431940E-01
  0.2882868500E-02  0.5454993921E+01  0.1585159210E-01
  0.2911988384E-02  0.5454125752E+01  0.1601042825E-01
  0.2941402408E-02  0.5453249278E+01  0.1617084314E-01
  0.2971113544E-02  0.5452364429E+01  0.1633285223E-01
  0.3001124792E-02  0.5451471135E+01  0.1649647108E-01
  0.3031439184E-02  0.5450569325E+01  0.1666171545E-01
  0.3062059781E-02  0.5449658927E+01  0.1682860120E-01
  0.3092989678E-02  0.5448739872E+01  0.1699714437E-01
  0.3124231998E-02  0.5447812086E+01  0.1716736115E-01
  0.3155789897E-02  0.5446875498E+01  0.1733926788E-01
  0.3187666563E-02  0.5445930037E+01  0.1751288104E-01
  0.3219865215E-02  0.5444975629E+01  0.1768821728E-01
  0.3252389106E-02  0.5444012273E+01  0.1786529341E-01
  0.3285241521E-02  0.5443039906E+01  0.1804412639E-01
  0.3318425779E-02  0.5442058380E+01  0.1822473334E-01
  0.3351945231E-02  0.5441067623E+01  0.1840713155E-01
  0.3385803264E-02  0.5440067561E+01  0.1859133847E-01
  0.3420003297E-02  0.5439057945E+01  0.1877737169E-01
  0.3454548785E-02  0.5438038055E+01  0.1896524899E-01
  0.3489443217E-02  0.5437008600E+01  0.1915498828E-01
  0.3524690118E-02  0.5435969506E+01  0.1934660767E-01
  0.3560293049E-02  0.5434920698E+01  0.1954012544E-01
  0.3596255605E-02  0.5433862100E+01  0.1973556005E-01
  0.3632581419E-02  0.5432793637E+01  0.1993293011E-01
  0.3669274160E-02  0.5431715233E+01  0.2013225442E-01
  0.3706337536E-02  0.5430626813E+01  0.2033355195E-01
  0.3743775289E-02  0.5429528302E+01  0.2053684185E-01
  0.3781591201E-02  0.5428419623E+01  0.2074214345E-01
  0.3819789092E-02  0.5427300701E+01  0.2094947626E-01
  0.3858372820E-02  0.5426171460E+01  0.2115885997E-01
  0.3897346283E-02  0.5425031824E+01  0.2137031445E-01
  0.3936713417E-02  0.5423881719E+01  0.2158385977E-01
  0.3976478199E-02  0.5422721067E+01  0.2179951617E-01
  0.4016644645E-02  0.5421549027E+01  0.2201730407E-01
  0.4057216813E-02  0.5420364615E+01  0.2223724404E-01
  0.4098198801E-02  0.5419169334E+01  0.2245935686E-01
  0.4139594749E-02  0.5417963107E+01  0.2268366355E-01
  0.4181408837E-02  0.5416745855E+01  0.2291018528E-01
  0.4223645290E-02  0.5415517501E+01  0.2313894347E-01
  0.4266308374E-02  0.5414277967E+01  0.2336995971E-01
  0.4309402398E-02  0.5413027175E+01  0.2360325578E-01
  0.4352931715E-02  0.5411765048E+01  0.2383885369E-01
  0.4396900722E-02  0.5410491508E+01  0.2407677563E-01
  0.4441313861E-02  0.5409206478E+01  0.2431704400E-01
  0.4486175617E-02  0.5407909881E+01  0.2455968142E-01
  0.4531490522E-02  0.5406601640E+01  0.2480471070E-01
  0.4577263154E-02  0.5405281680E+01  0.2505215488E-01
  0.4623498135E-02  0.5403949925E+01  0.2530203719E-01
  0.4670200136E-02  0.5402606298E+01  0.2555438109E-01
  0.4717373875E-02  0.5401250724E+01  0.2580921026E-01
  0.4765024116E-02  0.5399883130E+01  0.2606654857E-01
  0.4813155673E-02  0.5398503440E+01  0.2632642015E-01
  0.4861773407E-02  0.5397112329E+01  0.2658884934E-01
  0.4910882230E-02  0.5395709143E+01  0.2685386071E-01
  0.4960487101E-02  0.5394293675E+01  0.2712147906E-01
  0.5010593031E-02  0.5392865855E+01  0.2739172940E-01
  0.5061205082E-02  0.5391425613E+01  0.2766463695E-01
  0.5112328365E-02  0.5389972878E+01  0.2794022720E-01
  0.5163968046E-02  0.5388507582E+01  0.2821852584E-01
  0.5216129339E-02  0.5387029656E+01  0.2849955882E-01
  0.5268817514E-02  0.5385539032E+01  0.2878335231E-01
  0.5322037893E-02  0.5384035212E+01  0.2906993272E-01
  0.5375795852E-02  0.5382515795E+01  0.2935932662E-01
  0.5430096820E-02  0.5380983365E+01  0.2965156084E-01
  0.5484946283E-02  0.5379437854E+01  0.2994666250E-01
  0.5540349781E-02  0.5377879198E+01  0.3024465899E-01
  0.5596312910E-02  0.5376307329E+01  0.3054557796E-01
  0.5652841323E-02  0.5374722185E+01  0.3084944728E-01
  0.5709940730E-02  0.5373122774E+01  0.3115629507E-01
  0.5767616899E-02  0.5371508821E+01  0.3146614966E-01
  0.5825875656E-02  0.5369881320E+01  0.3177903968E-01
  0.5884722885E-02  0.5368239529E+01  0.3209499400E-01
  0.5944164530E-02  0.5366583801E+01  0.3241404179E-01
  0.6004206596E-02  0.5364914309E+01  0.3273621244E-01
  0.6064855147E-02  0.5363230994E+01  0.3306153568E-01
  0.6126116310E-02  0.5361533797E+01  0.3339004146E-01
  0.6187996273E-02  0.5359822660E+01  0.3372176003E-01
  0.6250501286E-02  0.5358096752E+01  0.3405672188E-01
  0.6313637663E-02  0.5356354341E+01  0.3439495769E-01
  0.6377411780E-02  0.5354597722E+01  0.3473649845E-01
  0.6441830081E-02  0.5352826840E+01  0.3508137549E-01
  0.6506899072E-02  0.5351041643E+01  0.3542962045E-01
  0.6572625325E-02  0.5349242080E+01  0.3578126523E-01
  0.6639015480E-02  0.5347428104E+01  0.3613634203E-01
  0.6706076242E-02  0.5345599665E+01  0.3649488332E-01
  0.6773814386E-02  0.5343756720E+01  0.3685692191E-01
  0.6842236754E-02  0.5341899224E+01  0.3722249084E-01
  0.6911350256E-02  0.5340027135E+01  0.3759162352E-01
  0.6981161875E-02  0.5338140414E+01  0.3796435360E-01
  0.7051678662E-02  0.5336239022E+01  0.3834071507E-01
  0.7122907739E-02  0.5334322922E+01  0.3872074221E-01
  0.7194856302E-02  0.5332392081E+01  0.3910446962E-01
  0.7267531618E-02  0.5330446467E+01  0.3949193220E-01
  0.7340941029E-02  0.5328486050E+01  0.3988316517E-01
  0.7415091948E-02  0.5326510800E+01  0.4027820408E-01
  0.7489991867E-02  0.5324511250E+01  0.4067708442E-01
  0.7565648350E-02  0.5322490659E+01  0.4107984178E-01
  0.7642069041E-02  0.5320454610E+01  0.4148651240E-01
  0.7719261657E-02  0.5318400806E+01  0.4189713294E-01
  0.7797233997E-02  0.5316322085E+01  0.4231174005E-01
  0.7875993937E-02  0.5314227382E+01  0.4273037077E-01
  0.7955549431E-02  0.5312116659E+01  0.4315306280E-01
  0.8035908516E-02  0.5309989879E+01  0.4357985418E-01
  0.8117079309E-02  0.5307847007E+01  0.4401078330E-01
  0.8199070009E-02  0.5305688011E+01  0.4444588888E-01
  0.8281888898E-02  0.5303516421E+01  0.4488521014E-01
  0.8365544342E-02  0.5301342380E+01  0.4532878723E-01
  0.8450044790E-02  0.5299152847E+01  0.4577666052E-01
  0.8535398777E-02  0.5296942308E+01  0.4622887001E-01
  0.8621614927E-02  0.5294716749E+01  0.4668545604E-01
  0.8708701946E-02  0.5292475468E+01  0.4714645955E-01
  0.8796668632E-02  0.5290218462E+01  0.4761192181E-01
  0.8885523871E-02  0.5287945732E+01  0.4808188446E-01
  0.8975276638E-02  0.5285657281E+01  0.4855638952E-01
  0.9065935997E-02  0.5283353116E+01  0.4903547938E-01
  0.9157511109E-02  0.5281033243E+01  0.4951919681E-01
  0.9250011221E-02  0.5278693882E+01  0.5000758478E-01
  0.9343445678E-02  0.5276330677E+01  0.5050068627E-01
  0.9437823917E-02  0.5273951455E+01  0.5099854480E-01
  0.9533155471E-02  0.5271556228E+01  0.5150120462E-01
  0.9629449971E-02  0.5269145012E+01  0.5200871039E-01
  0.9726717143E-02  0.5266717825E+01  0.5252110718E-01
  0.9824966811E-02  0.5264274687E+01  0.5303844044E-01
  0.9924208900E-02  0.5261802643E+01  0.5356075539E-01
  0.1002445343E-01  0.5259304989E+01  0.5408809716E-01
  0.1012571054E-01  0.5256786960E+01  0.5462051168E-01
  0.1022799044E-01  0.5254252093E+01  0.5515804571E-01
  0.1033130348E-01  0.5251700392E+01  0.5570074663E-01
  0.1043566008E-01  0.5249131863E+01  0.5624866221E-01
  0.1054107079E-01  0.5246546514E+01  0.5680184065E-01
  0.1064754625E-01  0.5243936676E+01  0.5736033018E-01
  0.1075509722E-01  0.5241293715E+01  0.5792417854E-01
  0.1086373457E-01  0.5238633162E+01  0.5849343426E-01
  0.1097346926E-01  0.5235955009E+01  0.5906814711E-01
  0.1108431238E-01  0.5233259252E+01  0.5964836732E-01
  0.1119627514E-01  0.5230545883E+01  0.6023414553E-01
  0.1130936882E-01  0.5227795148E+01  0.6082553171E-01
  0.1142360487E-01  0.5225008518E+01  0.6142257520E-01
  0.1153899482E-01  0.5222173271E+01  0.6202532508E-01
  0.1165555032E-01  0.5219308368E+01  0.6263383116E-01
  0.1177328316E-01  0.5216461946E+01  0.6324814755E-01
  0.1189220521E-01  0.5213601348E+01  0.6386832982E-01
  0.1201232849E-01  0.5210721582E+01  0.6449443177E-01
  0.1213366514E-01  0.5207822593E+01  0.6512650741E-01
  0.1225622742E-01  0.5204912814E+01  0.6576461167E-01
  0.1238002770E-01  0.5201991721E+01  0.6640880050E-01
  0.1250507848E-01  0.5199051465E+01  0.6705912981E-01
  0.1263139240E-01  0.5196122932E+01  0.6771565744E-01
  0.1275898223E-01  0.5193198544E+01  0.6837844329E-01
  0.1288786083E-01  0.5190257085E+01  0.6904754594E-01
  0.1301804125E-01  0.5187258424E+01  0.6972302057E-01
  0.1314953661E-01  0.5184240171E+01  0.7040492257E-01
  0.1328236022E-01  0.5181202182E+01  0.7109331026E-01
  0.1341652547E-01  0.5178144302E+01  0.7178824244E-01
  0.1355204593E-01  0.5175093528E+01  0.7248978022E-01
  0.1368893528E-01  0.5172051496E+01  0.7319798721E-01
  0.1382720736E-01  0.5168991034E+01  0.7391292591E-01
  0.1396687612E-01  0.5165911989E+01  0.7463465746E-01
  0.1410795567E-01  0.5162814193E+01  0.7536324351E-01
  0.1425046028E-01  0.5159697463E+01  0.7609874622E-01
  0.1439440432E-01  0.5156561603E+01  0.7684122824E-01
  0.1453980234E-01  0.5153417045E+01  0.7759075350E-01
  0.1468666903E-01  0.5150274586E+01  0.7834738805E-01
  0.1483501923E-01  0.5147113253E+01  0.7911119778E-01
  0.1498486790E-01  0.5143944457E+01  0.7988224848E-01
  0.1513623021E-01  0.5140769497E+01  0.8066060747E-01
  0.1528912142E-01  0.5137575139E+01  0.8144634177E-01
  0.1544355699E-01  0.5134361052E+01  0.8223951793E-01
  0.1559955252E-01  0.5131126885E+01  0.8304020302E-01
  0.1575712375E-01  0.5127865292E+01  0.8384846406E-01
  0.1591628662E-01  0.5124601097E+01  0.8466437003E-01
  0.1607705719E-01  0.5121398264E+01  0.8548799762E-01
  0.1623945171E-01  0.5118218910E+01  0.8631942646E-01
  0.1640348657E-01  0.5115013542E+01  0.8715872992E-01
  0.1656917836E-01  0.5111790396E+01  0.8800597861E-01
  0.1673654380E-01  0.5108557466E+01  0.8886124511E-01
  0.1690559979E-01  0.5105354954E+01  0.8972460669E-01
  0.1707636343E-01  0.5102120197E+01  0.9059613947E-01
  0.1724885195E-01  0.5098821915E+01  0.9147591217E-01
  0.1742308278E-01  0.5095502081E+01  0.9236399492E-01
  0.1759907351E-01  0.5092161114E+01  0.9326046209E-01
  0.1777684193E-01  0.5088798360E+01  0.9416538862E-01
  0.1795640599E-01  0.5085413127E+01  0.9507884998E-01
  0.1813778383E-01  0.5081995408E+01  0.9600092128E-01
  0.1832099377E-01  0.5078493299E+01  0.9693167253E-01
  0.1850605431E-01  0.5074926128E+01  0.9787117118E-01
  0.1869298415E-01  0.5071288883E+01  0.9881948636E-01
  0.1888180217E-01  0.5067618464E+01  0.9977669058E-01
  0.1907252745E-01  0.5063914179E+01  0.1007428603E+00
  0.1926517924E-01  0.5060174847E+01  0.1017180722E+00
  0.1945977701E-01  0.5056399234E+01  0.1027024036E+00
  0.1965634041E-01  0.5052586054E+01  0.1036959319E+00
  0.1985488931E-01  0.5048733972E+01  0.1046987348E+00
  0.2005544374E-01  0.5044841597E+01  0.1057108905E+00
  0.2025802398E-01  0.5040907487E+01  0.1067324772E+00
  0.2046265049E-01  0.5036930146E+01  0.1077635736E+00
  0.2066934393E-01  0.5032908025E+01  0.1088042583E+00
  0.2087812518E-01  0.5028839523E+01  0.1098546104E+00
  0.2108901533E-01  0.5024705715E+01  0.1109147073E+00
  0.2130203569E-01  0.5020504457E+01  0.1119846244E+00
  0.2151720777E-01  0.5016250526E+01  0.1130644391E+00
  0.2173455330E-01  0.5011942090E+01  0.1141542306E+00
  0.2195409424E-01  0.5007577263E+01  0.1152540779E+00
  0.2217585277E-01  0.5003154116E+01  0.1163640605E+00
  0.2239985128E-01  0.4998670670E+01  0.1174842574E+00
  0.2262611241E-01  0.4994124903E+01  0.1186147480E+00
  0.2285465900E-01  0.4989510322E+01  0.1197556109E+00
  0.2308551414E-01  0.4984695514E+01  0.1209069092E+00
  0.2331870115E-01  0.4979804565E+01  0.1220687052E+00
  0.2355424359E-01  0.4974793869E+01  0.1232410704E+00
  0.2379216524E-01  0.4969692295E+01  0.1244240747E+00
  0.2403249014E-01  0.4964508221E+01  0.1256177926E+00
  0.2427524257E-01  0.4959199140E+01  0.1268222946E+00
  0.2452044704E-01  0.4953597142E+01  0.1280376256E+00
  0.2476812832E-01  0.4947858912E+01  0.1292638282E+00
  0.2501831143E-01  0.4942006675E+01  0.1305009669E+00
  0.2527102165E-01  0.4936002285E+01  0.1317491038E+00
  0.2552628449E-01  0.4929893914E+01  0.1330083022E+00
  0.2578412575E-01  0.4923679387E+01  0.1342786310E+00
  0.2604457147E-01  0.4917362694E+01  0.1355601597E+00
  0.2630764795E-01  0.4910966261E+01  0.1368529607E+00
  0.2657338176E-01  0.4904456242E+01  0.1381571056E+00
  0.2684179976E-01  0.4897829395E+01  0.1394726605E+00
  0.2711292905E-01  0.4891099109E+01  0.1407996932E+00
  0.2738679702E-01  0.4884172159E+01  0.1421382600E+00
  0.2766343134E-01  0.4877120238E+01  0.1434884142E+00
  0.2794285993E-01  0.4869941478E+01  0.1448502181E+00
  0.2822511105E-01  0.4862634125E+01  0.1462237333E+00
  0.2851021318E-01  0.4855196549E+01  0.1476090204E+00
  0.2879819513E-01  0.4847627259E+01  0.1490061394E+00
  0.2908908599E-01  0.4839924908E+01  0.1504151496E+00
  0.2938291514E-01  0.4832095737E+01  0.1518361104E+00
  0.2967971226E-01  0.4824203994E+01  0.1532690914E+00
  0.2997950734E-01  0.4816223106E+01  0.1547141677E+00
  0.3028233064E-01  0.4808020300E+01  0.1561713903E+00
  0.3058821277E-01  0.4799556698E+01  0.1576407834E+00
  0.3089718462E-01  0.4790957239E+01  0.1591223828E+00
  0.3120927739E-01  0.4782132962E+01  0.1606162289E+00
  0.3152452262E-01  0.4773284463E+01  0.1621223788E+00
  0.3184295214E-01  0.4764225856E+01  0.1636408912E+00
  0.3216459812E-01  0.4755085716E+01  0.1651718153E+00
  0.3248949305E-01  0.4745992969E+01  0.1667152415E+00
  0.3281766975E-01  0.4736793424E+01  0.1682712562E+00
  0.3314916136E-01  0.4727442611E+01  0.1698399137E+00
  0.3348400137E-01  0.4717817703E+01  0.1714212392E+00
  0.3382222361E-01  0.4708129868E+01  0.1730152718E+00
  0.3416386223E-01  0.4698344525E+01  0.1746220792E+00
  0.3450895175E-01  0.4688462458E+01  0.1762417236E+00
  0.3485752702E-01  0.4678487227E+01  0.1778742671E+00
  0.3520962325E-01  0.4668422576E+01  0.1795197730E+00
  0.3556527601E-01  0.4658272413E+01  0.1811783054E+00
  0.3592452122E-01  0.4648040789E+01  0.1828499296E+00
  0.3628739518E-01  0.4637736621E+01  0.1845347130E+00
  0.3665393452E-01  0.4627559923E+01  0.1862327608E+00
  0.3702417628E-01  0.4617239643E+01  0.1879441663E+00
  0.3739815786E-01  0.4606829861E+01  0.1896689823E+00
  0.3777591703E-01  0.4596433429E+01  0.1914072909E+00
  0.3815749195E-01  0.4586120790E+01  0.1931592071E+00
  0.3854292116E-01  0.4575815561E+01  0.1949248460E+00
  0.3893224360E-01  0.4565483897E+01  0.1967043025E+00
  0.3932549859E-01  0.4555123794E+01  0.1984976647E+00
  0.3972272585E-01  0.4544837502E+01  0.2003050411E+00
  0.4012396550E-01  0.4534618331E+01  0.2021265599E+00
  0.4052925808E-01  0.4524388727E+01  0.2039623341E+00
  0.4093864453E-01  0.4514203007E+01  0.2058124726E+00
  0.4135216619E-01  0.4504109603E+01  0.2076771064E+00
  0.4176986484E-01  0.4494039183E+01  0.2095563637E+00
  0.4219178266E-01  0.4483975102E+01  0.2114503558E+00
  0.4261796229E-01  0.4473972111E+01  0.2133592031E+00
  0.4304844675E-01  0.4464109061E+01  0.2152830556E+00
  0.4348327955E-01  0.4453995700E+01  0.2172219979E+00
  0.4392250460E-01  0.4443768124E+01  0.2191760582E+00
  0.4436616626E-01  0.4433575006E+01  0.2211453266E+00
  0.4481430935E-01  0.4423378819E+01  0.2231299180E+00
  0.4526697914E-01  0.4413168009E+01  0.2251299369E+00
  0.4572422136E-01  0.4402934664E+01  0.2271454840E+00
  0.4618608218E-01  0.4392959378E+01  0.2291767234E+00
  0.4665260826E-01  0.4383239559E+01  0.2312238863E+00
  0.4712384673E-01  0.4373470597E+01  0.2332871356E+00
  0.4759984518E-01  0.4363558558E+01  0.2353665418E+00
  0.4808065170E-01  0.4353244624E+01  0.2374620897E+00
  0.4856631485E-01  0.4342982634E+01  0.2395738083E+00
  0.4905688368E-01  0.4332907952E+01  0.2417018690E+00
  0.4955240776E-01  0.4322854726E+01  0.2438464384E+00
  0.5005293713E-01  0.4312717692E+01  0.2460076173E+00
  0.5055852235E-01  0.4302583492E+01  0.2481855017E+00
  0.5106921450E-01  0.4292634730E+01  0.2503802570E+00
  0.5158506515E-01  0.4282472316E+01  0.2525919942E+00
  0.5210612641E-01  0.4272345010E+01  0.2548207862E+00
  0.5263245092E-01  0.4262402362E+01  0.2570668096E+00
  0.5316409184E-01  0.4252657177E+01  0.2593302866E+00
  0.5370110287E-01  0.4242993357E+01  0.2616114156E+00
  0.5424353825E-01  0.4233564706E+01  0.2639104081E+00
  0.5479145278E-01  0.4224106896E+01  0.2662274487E+00
  0.5534490180E-01  0.4214397112E+01  0.2685625896E+00
  0.5590394121E-01  0.4204542768E+01  0.2709158492E+00
  0.5646862749E-01  0.4194327087E+01  0.2732872124E+00
  0.5703901766E-01  0.4184004704E+01  0.2756766715E+00
  0.5761516936E-01  0.4173573942E+01  0.2780842881E+00
  0.5819714076E-01  0.4162874397E+01  0.2805100754E+00
  0.5878499067E-01  0.4151832685E+01  0.2829539752E+00
  0.5937877846E-01  0.4140677569E+01  0.2854159709E+00
  0.5997856410E-01  0.4128986698E+01  0.2878959838E+00
  0.6058440818E-01  0.4116623836E+01  0.2903937610E+00
  0.6119637190E-01  0.4104163642E+01  0.2929091728E+00
  0.6181451707E-01  0.4091341597E+01  0.2954421788E+00
  0.6243890613E-01  0.4078288634E+01  0.2979926927E+00
  0.6306960215E-01  0.4064812521E+01  0.3005606035E+00
  0.6370666884E-01  0.4050728651E+01  0.3031456739E+00
  0.6435017054E-01  0.4036489026E+01  0.3057477431E+00
  0.6500017227E-01  0.4021921919E+01  0.3083667336E+00
  0.6565673966E-01  0.4007159364E+01  0.3110025501E+00
  0.6631993905E-01  0.3991915671E+01  0.3136550410E+00
  0.6698983743E-01  0.3976617538E+01  0.3163240947E+00
  0.6766650245E-01  0.3961277889E+01  0.3190097428E+00
  0.6835000248E-01  0.3945909020E+01  0.3217120240E+00
  0.6904040654E-01  0.3930522381E+01  0.3244309841E+00
  0.6973778439E-01  0.3915262789E+01  0.3271667225E+00
  0.7044220645E-01  0.3900024845E+01  0.3299193530E+00
  0.7115374389E-01  0.3884874658E+01  0.3326889768E+00
  0.7187246858E-01  0.3870029257E+01  0.3354757972E+00
  0.7259845311E-01  0.3855210818E+01  0.3382799996E+00
  0.7333177082E-01  0.3840424463E+01  0.3411016724E+00
  0.7407249577E-01  0.3825673386E+01  0.3439409074E+00
  0.7482070280E-01  0.3810958882E+01  0.3467977984E+00
  0.7557646748E-01  0.3796280437E+01  0.3496724398E+00
  0.7633986614E-01  0.3781238729E+01  0.3525647737E+00
  0.7711097590E-01  0.3765660338E+01  0.3554745175E+00
  0.7788987464E-01  0.3749425919E+01  0.3584012631E+00
  0.7867664105E-01  0.3733006061E+01  0.3613447262E+00
  0.7947135460E-01  0.3716298176E+01  0.3643047577E+00
  0.8027409556E-01  0.3699122125E+01  0.3672810885E+00
  0.8108494501E-01  0.3681344840E+01  0.3702733123E+00
  0.8190398485E-01  0.3663251890E+01  0.3732810710E+00
  0.8273129783E-01  0.3645281031E+01  0.3763042931E+00
  0.8356696751E-01  0.3627188534E+01  0.3793429842E+00
  0.8441107829E-01  0.3608710005E+01  0.3823969342E+00
  0.8526371544E-01  0.3589076143E+01  0.3854654841E+00
  0.8612496510E-01  0.3569555048E+01  0.3885481684E+00
  0.8699491424E-01  0.3550465675E+01  0.3916451964E+00
  0.8787365075E-01  0.3531285504E+01  0.3947566930E+00
  0.8876126338E-01  0.3512005161E+01  0.3978825499E+00
  0.8965784180E-01  0.3492697706E+01  0.4010226826E+00
  0.9056347656E-01  0.3473253906E+01  0.4041769866E+00
  0.9147825915E-01  0.3453997368E+01  0.4073454511E+00
  0.9240228197E-01  0.3434597190E+01  0.4105280603E+00
  0.9333563836E-01  0.3414285337E+01  0.4137242845E+00
  0.9427842258E-01  0.3393768522E+01  0.4169335473E+00
  0.9523072988E-01  0.3372985542E+01  0.4201555620E+00
  0.9619265645E-01  0.3351523492E+01  0.4233898039E+00
  0.9716429944E-01  0.3329372016E+01  0.4266355266E+00
  0.9814575701E-01  0.3307012397E+01  0.4298921914E+00
  0.9913712829E-01  0.3284639020E+01  0.4331595784E+00
  0.1001385134E+00  0.3260971744E+01  0.4364369171E+00
  0.1011500136E+00  0.3236811937E+01  0.4397231716E+00
  0.1021717309E+00  0.3211868585E+01  0.4430175359E+00
  0.1032037686E+00  0.3186961186E+01  0.4463194526E+00
  0.1042462309E+00  0.3162219240E+01  0.4496288432E+00
  0.1052992231E+00  0.3136860786E+01  0.4529452844E+00
  0.1063628516E+00  0.3110475837E+01  0.4562677071E+00
  0.1074372239E+00  0.3082773094E+01  0.4595946344E+00
  0.1085224483E+00  0.3055972852E+01  0.4629255931E+00
  0.1096186347E+00  0.3029280032E+01  0.4662608787E+00
  0.1107258936E+00  0.3002869917E+01  0.4696004547E+00
  0.1118443370E+00  0.2975496245E+01  0.4729436867E+00
  0.1129740778E+00  0.2948271153E+01  0.4762898475E+00
  0.1141152301E+00  0.2921476436E+01  0.4796389855E+00
  0.1152679092E+00  0.2895356342E+01  0.4829914562E+00
  0.1164322315E+00  0.2869391689E+01  0.4863474686E+00
  0.1176083146E+00  0.2843458997E+01  0.4897068623E+00
  0.1187962774E+00  0.2817305303E+01  0.4930692509E+00
  0.1199962398E+00  0.2791604363E+01  0.4964344913E+00
  0.1212083230E+00  0.2766111784E+01  0.4998026986E+00
  0.1224326495E+00  0.2739828928E+01  0.5031732331E+00
  0.1236693429E+00  0.2713710527E+01  0.5065454113E+00
  0.1249185282E+00  0.2687796860E+01  0.5099191531E+00
  0.1261803315E+00  0.2662036743E+01  0.5132943720E+00
  0.1274548803E+00  0.2637461886E+01  0.5166716068E+00
  0.1287423034E+00  0.2614153710E+01  0.5200521322E+00
  0.1300427307E+00  0.2589865790E+01  0.5234358567E+00
  0.1313562936E+00  0.2566223375E+01  0.5268222806E+00
  0.1326831249E+00  0.2542574179E+01  0.5302115367E+00
  0.1340233585E+00  0.2519349312E+01  0.5336036166E+00
  0.1353771298E+00  0.2495252540E+01  0.5369979286E+00
  0.1367445755E+00  0.2470856050E+01  0.5403933707E+00
  0.1381258338E+00  0.2444893019E+01  0.5437883304E+00
  0.1395210443E+00  0.2416634267E+01  0.5471797572E+00
  0.1409303478E+00  0.2387564874E+01  0.5505650445E+00
  0.1423538866E+00  0.2357439681E+01  0.5539423937E+00
  0.1437918047E+00  0.2326391990E+01  0.5573098767E+00
  0.1452442472E+00  0.2294396622E+01  0.5606655915E+00
  0.1467113608E+00  0.2261852467E+01  0.5640078591E+00
  0.1481932937E+00  0.2228754195E+01  0.5673352480E+00
  0.1496901957E+00  0.2194872308E+01  0.5706461156E+00
  0.1512022178E+00  0.2160535785E+01  0.5739388524E+00
  0.1527295130E+00  0.2125967011E+01  0.5772122298E+00
  0.1542722353E+00  0.2093825234E+01  0.5804672138E+00
  0.1558305407E+00  0.2062878629E+01  0.5837059208E+00
  0.1574045866E+00  0.2034936526E+01  0.5869309953E+00
  0.1589945319E+00  0.2009302806E+01  0.5901460550E+00
  0.1606005373E+00  0.1985422759E+01  0.5933538304E+00
  0.1622227649E+00  0.1963871236E+01  0.5965571573E+00
  0.1638613787E+00  0.1944036288E+01  0.5997589329E+00
  0.1655165442E+00  0.1926326224E+01  0.6029619780E+00
  0.1671884284E+00  0.1908502256E+01  0.6061676728E+00
  0.1688772004E+00  0.1892102589E+01  0.6093768503E+00
  0.1705830308E+00  0.1872019221E+01  0.6125873268E+00
  0.1723060917E+00  0.1851326282E+01  0.6157951024E+00
  0.1740465572E+00  0.1827494228E+01  0.6189965326E+00
  0.1758046033E+00  0.1801707655E+01  0.6221866846E+00
  0.1775804074E+00  0.1775198597E+01  0.6253626270E+00
  0.1793741488E+00  0.1747912227E+01  0.6285224020E+00
  0.1811860089E+00  0.1719603612E+01  0.6316637288E+00
  0.1830161706E+00  0.1690687054E+01  0.6347844205E+00
  0.1848648188E+00  0.1661877638E+01  0.6378832768E+00
  0.1867321402E+00  0.1634863272E+01  0.6409613142E+00
  0.1886183235E+00  0.1606565925E+01  0.6440182789E+00
  0.1905235591E+00  0.1576816207E+01  0.6470508254E+00
  0.1924480394E+00  0.1543536456E+01  0.6500533541E+00
  0.1943919590E+00  0.1510533361E+01  0.6530217872E+00
  0.1963555142E+00  0.1474883995E+01  0.6559528030E+00
  0.1983389032E+00  0.1437476642E+01  0.6588409751E+00
  0.2003423265E+00  0.1396119552E+01  0.6616794214E+00
  0.2023659863E+00  0.1352576940E+01  0.6644606347E+00
  0.2044100872E+00  0.1306852762E+01  0.6671787060E+00
  0.2064748356E+00  0.1258869823E+01  0.6698274918E+00
  0.2085604400E+00  0.1209381464E+01  0.6724013896E+00
  0.2106671111E+00  0.1157499379E+01  0.6748945094E+00
  0.2127950617E+00  0.1104482110E+01  0.6773012018E+00
  0.2149445068E+00  0.1054937730E+01  0.6796219790E+00
  0.2171156634E+00  0.1004930980E+01  0.6818581278E+00
  0.2193087509E+00  0.9578776201E+00  0.6840104333E+00
  0.2215239908E+00  0.9127799575E+00  0.6860824110E+00
  0.2237616069E+00  0.8661930643E+00  0.6880727403E+00
  0.2260218251E+00  0.8183529604E+00  0.6899764611E+00
  0.2283048739E+00  0.7708294955E+00  0.6917905516E+00
  0.2306109837E+00  0.7232926342E+00  0.6935133565E+00
  0.2329403876E+00  0.6753970072E+00  0.6951424130E+00
  0.2352933208E+00  0.6317479097E+00  0.6966802254E+00
  0.2376700210E+00  0.5912668617E+00  0.6981335951E+00
  0.2400707283E+00  0.5542933077E+00  0.6995086724E+00
  0.2424956851E+00  0.5176095937E+00  0.7008083316E+00
  0.2449451365E+00  0.4822488510E+00  0.7020328839E+00
  0.2474193298E+00  0.4488848573E+00  0.7031847863E+00
  0.2499185149E+00  0.4197364449E+00  0.7042702090E+00
  0.2524429444E+00  0.3917569891E+00  0.7052944880E+00
  0.2549928731E+00  0.3655145200E+00  0.7062599822E+00
  0.2575685587E+00  0.3346219370E+00  0.7071616478E+00
  0.2601702613E+00  0.3033388293E+00  0.7079915399E+00
  0.2627982438E+00  0.2744961844E+00  0.7087508101E+00
  0.2654527715E+00  0.2431832356E+00  0.7094379073E+00
  0.2681341126E+00  0.2113382143E+00  0.7100472708E+00
  0.2708425380E+00  0.1789139442E+00  0.7105757552E+00
  0.2735783212E+00  0.1466121454E+00  0.7110210396E+00
  0.2763417386E+00  0.1165028846E+00  0.7113845879E+00
  0.2791330693E+00  0.8872681183E-01  0.7116710199E+00
  0.2819525952E+00  0.6584873269E-01  0.7118889348E+00
  0.2848006012E+00  0.4956469134E-01  0.7120532839E+00
  0.2876773750E+00  0.3829271658E-01  0.7121796568E+00
  0.2905832071E+00  0.3384822613E-01  0.7122844715E+00
  0.2935183910E+00  0.3094426271E-01  0.7123795605E+00
  0.2964832232E+00  0.2883149096E-01  0.7124681730E+00
  0.2994780032E+00  0.3703048544E-01  0.7125667941E+00
  0.3025030336E+00  0.4876797299E-01  0.7126965655E+00
  0.3055586198E+00  0.6821542994E-01  0.7128752920E+00
  0.3086450705E+00  0.8559550452E-01  0.7131126569E+00
  0.3117626974E+00  0.1055756576E+00  0.7134106571E+00
  0.3149118156E+00  0.1328235365E+00  0.7137860307E+00
  0.3180927430E+00  0.1612020448E+00  0.7142536677E+00
  0.3213058010E+00  0.1846466165E+00  0.7148092836E+00
  0.3245513142E+00  0.2072390512E+00  0.7154452187E+00
  0.3278296103E+00  0.2334472478E+00  0.7161675688E+00
  0.3311410205E+00  0.2553235448E+00  0.7169768291E+00
  0.3344858793E+00  0.2720587864E+00  0.7178588388E+00
  0.3378645245E+00  0.2864416668E+00  0.7188023262E+00
  0.3412772975E+00  0.3050508717E+00  0.7198116411E+00
  0.3447245429E+00  0.3249852221E+00  0.7208975856E+00
  0.3482066090E+00  0.3458675965E+00  0.7220655625E+00
  0.3517238475E+00  0.3617757084E+00  0.7233100377E+00
  0.3552766136E+00  0.3704049729E+00  0.7246106710E+00
  0.3588652663E+00  0.3729958178E+00  0.7259445747E+00
  0.3624901680E+00  0.3760807140E+00  0.7273022390E+00
  0.3661516848E+00  0.3884850063E+00  0.7287019742E+00
  0.3698501867E+00  0.4076595697E+00  0.7301742453E+00
  0.3735860472E+00  0.4311525735E+00  0.7317410878E+00
  0.3773596436E+00  0.4618033195E+00  0.7334259154E+00
  0.3811713572E+00  0.4878803124E+00  0.7352358764E+00
  0.3850215729E+00  0.5089388751E+00  0.7371548609E+00
  0.3889106797E+00  0.5240545025E+00  0.7391635717E+00
  0.3928390704E+00  0.5331657383E+00  0.7412401587E+00
  0.3968071418E+00  0.5472904786E+00  0.7433838225E+00
  0.4008152948E+00  0.5601530081E+00  0.7456032239E+00
  0.4048639341E+00  0.5717373549E+00  0.7478945318E+00
  0.4089534688E+00  0.5947116757E+00  0.7502796487E+00
  0.4130843119E+00  0.6249606986E+00  0.7527987863E+00
  0.4172568807E+00  0.6577776987E+00  0.7554749434E+00
  0.4214715967E+00  0.6939202426E+00  0.7583234549E+00
  0.4257288855E+00  0.7256539768E+00  0.7613452236E+00
  0.4300291773E+00  0.7498796172E+00  0.7645178361E+00
  0.4343729064E+00  0.7650628715E+00  0.7678080860E+00
  0.4387605115E+00  0.7787126562E+00  0.7711948247E+00
  0.4431924359E+00  0.7957536541E+00  0.7746837825E+00
  0.4476691271E+00  0.8096295587E+00  0.7782771850E+00
  0.4521910375E+00  0.8167141448E+00  0.7819542752E+00
  0.4567586237E+00  0.8135364509E+00  0.7856774303E+00
  0.4613723472E+00  0.8005317517E+00  0.7894008625E+00
  0.4660326740E+00  0.7798982273E+00  0.7930835225E+00
  0.4707400747E+00  0.7698845899E+00  0.7967312469E+00
  0.4754950250E+00  0.7610400138E+00  0.8003709821E+00
  0.4802980050E+00  0.7487725487E+00  0.8039967819E+00
  0.4851495000E+00  0.7299642477E+00  0.8075838240E+00
  0.4900500000E+00  0.7027405728E+00  0.8110943090E+00
  0.4950000000E+00  0.6695670227E+00  0.8144907703E+00
  0.5000000000E+00  0.6263392972E+00  0.8177369480E+00
  0.5050000000E+00  0.5865359586E+00  0.8207691361E+00
  0.5099500000E+00  0.5467918718E+00  0.8235741225E+00
  0.5148505000E+00  0.5102454122E+00  0.8261641281E+00
  0.5197019950E+00  0.4753467778E+00  0.8285549259E+00
  0.5245049750E+00  0.4385109304E+00  0.8307495461E+00
  0.5292599253E+00  0.3979442560E+00  0.8327381975E+00
  0.5339673260E+00  0.3534209458E+00  0.8345066860E+00
  0.5386276528E+00  0.3051290688E+00  0.8360412151E+00
  0.5432413763E+00  0.2526609099E+00  0.8373279595E+00
  0.5478089625E+00  0.2022387715E+00  0.8383668563E+00
  0.5523308729E+00  0.1545324652E+00  0.8391735000E+00
  0.5568075641E+00  0.1066716941E+00  0.8397581652E+00
  0.5612394885E+00  0.6218690875E-01  0.8401323495E+00
  0.5656270936E+00  0.2135094700E-01  0.8403156151E+00
  0.5699708227E+00 -0.1682407905E-01  0.8403254468E+00
  0.5742711145E+00 -0.5554888710E-01  0.8401698344E+00
  0.5785284033E+00 -0.9523798081E-01  0.8398488627E+00
  0.5827431193E+00 -0.1429153286E+00  0.8393469885E+00
  0.5869156881E+00 -0.1998824423E+00  0.8386318148E+00
  0.5910465312E+00 -0.2661137914E+00  0.8376693362E+00
  0.5951360659E+00 -0.3333959740E+00  0.8364434782E+00
  0.5991847052E+00 -0.3942837320E+00  0.8349704218E+00
  0.6031928582E+00 -0.4420176588E+00  0.8332944099E+00
  0.6071609296E+00 -0.4777610216E+00  0.8314695361E+00
  0.6110893203E+00 -0.5100872409E+00  0.8295292092E+00
  0.6149784271E+00 -0.5366104353E+00  0.8274938496E+00
  0.6188286428E+00 -0.5674779135E+00  0.8253683605E+00
  0.6226403564E+00 -0.5980679854E+00  0.8231469969E+00
  0.6264139528E+00 -0.6343602767E+00  0.8208216535E+00
  0.6301498133E+00 -0.6751128155E+00  0.8183756491E+00
  0.6338483152E+00 -0.7194743427E+00  0.8157967075E+00
  0.6375098320E+00 -0.7643803511E+00  0.8130801280E+00
  0.6411347337E+00 -0.8105912606E+00  0.8102255694E+00
  0.6447233864E+00 -0.8614989712E+00  0.8072252939E+00
  0.6482761525E+00 -0.9154849693E+00  0.8040686897E+00
  0.6517933910E+00 -0.9726709786E+00  0.8007481423E+00
  0.6552754571E+00 -0.1027109148E+01  0.7972664590E+00
  0.6587227025E+00 -0.1078587428E+01  0.7936370326E+00
  0.6621354755E+00 -0.1123295380E+01  0.7898797695E+00
  0.6655141207E+00 -0.1162506000E+01  0.7860183135E+00
  0.6688589795E+00 -0.1195206405E+01  0.7820752060E+00
  0.6721703897E+00 -0.1222562601E+01  0.7780720935E+00
  0.6754486858E+00 -0.1243100734E+01  0.7740305062E+00
  0.6786941990E+00 -0.1258082096E+01  0.7699716954E+00
  0.6819072570E+00 -0.1264108936E+01  0.7659197223E+00
  0.6850881844E+00 -0.1264826102E+01  0.7618975429E+00
  0.6882373026E+00 -0.1264950725E+01  0.7579142598E+00
  0.6913549295E+00 -0.1262037543E+01  0.7539751564E+00
  0.6944413802E+00 -0.1257916744E+01  0.7500862991E+00
  0.6974969664E+00 -0.1253873408E+01  0.7462488034E+00
  0.7005219968E+00 -0.1248440055E+01  0.7424640164E+00
  0.7035167768E+00 -0.1238294518E+01  0.7387404049E+00
  0.7064816090E+00 -0.1222216068E+01  0.7350929043E+00
  0.7094167929E+00 -0.1206946591E+01  0.7315278847E+00
  0.7123226250E+00 -0.1197663921E+01  0.7280341876E+00
  0.7151993988E+00 -0.1193344765E+01  0.7245949920E+00
  0.7180474048E+00 -0.1189020919E+01  0.7212024962E+00
  0.7208669307E+00 -0.1186432637E+01  0.7178536697E+00
  0.7236582614E+00 -0.1189392733E+01  0.7145378125E+00
  0.7264216788E+00 -0.1196238667E+01  0.7112415649E+00
  0.7291574620E+00 -0.1205068129E+01  0.7079568375E+00
  0.7318658874E+00 -0.1219068097E+01  0.7046740414E+00
  0.7345472285E+00 -0.1233157211E+01  0.7013864152E+00
  0.7372017562E+00 -0.1248499445E+01  0.6980926020E+00
  0.7398297387E+00 -0.1264433036E+01  0.6947906308E+00
  0.7424314413E+00 -0.1279896174E+01  0.6914808368E+00
  0.7450071269E+00 -0.1298165587E+01  0.6881606985E+00
  0.7475570556E+00 -0.1320580821E+01  0.6848218902E+00
  0.7500814851E+00 -0.1345727111E+01  0.6814564370E+00
  0.7525806702E+00 -0.1368813168E+01  0.6780643677E+00
  0.7550548635E+00 -0.1391236580E+01  0.6746499194E+00
  0.7575043149E+00 -0.1411190342E+01  0.6712177151E+00
  0.7599292717E+00 -0.1428410097E+01  0.6677747609E+00
  0.7623299790E+00 -0.1442539023E+01  0.6643286066E+00
  0.7647066792E+00 -0.1453320228E+01  0.6608873120E+00
  0.7670596124E+00 -0.1463849023E+01  0.6574553598E+00
  0.7693890163E+00 -0.1472312370E+01  0.6540356069E+00
  0.7716951261E+00 -0.1477905235E+01  0.6506338440E+00
  0.7739781749E+00 -0.1479181535E+01  0.6472582574E+00
  0.7762383931E+00 -0.1478878352E+01  0.6439153269E+00
  0.7784760092E+00 -0.1476628958E+01  0.6406086816E+00
  0.7806912491E+00 -0.1471711919E+01  0.6373430404E+00
  0.7828843366E+00 -0.1463878493E+01  0.6341240371E+00
  0.7850554932E+00 -0.1455384457E+01  0.6309549485E+00
  0.7872049383E+00 -0.1447452283E+01  0.6278352045E+00
  0.7893328889E+00 -0.1441505610E+01  0.6247614246E+00
  0.7914395600E+00 -0.1440112308E+01  0.6217261140E+00
  0.7935251644E+00 -0.1442735947E+01  0.6187198735E+00
  0.7955899128E+00 -0.1450784296E+01  0.6157326779E+00
  0.7976340137E+00 -0.1462203434E+01  0.6127554575E+00
  0.7996576735E+00 -0.1475052358E+01  0.6097834542E+00
  0.8016610968E+00 -0.1492326219E+01  0.6068109966E+00
  0.8036444858E+00 -0.1511302997E+01  0.6038323139E+00
  0.8056080410E+00 -0.1531973761E+01  0.6008444931E+00
  0.8075519606E+00 -0.1549150414E+01  0.5978497643E+00
  0.8094764409E+00 -0.1568677143E+01  0.5948496653E+00
  0.8113816765E+00 -0.1588423697E+01  0.5918421548E+00
  0.8132678598E+00 -0.1603480348E+01  0.5888318969E+00
  0.8151351812E+00 -0.1612018102E+01  0.5858297123E+00
  0.8169838294E+00 -0.1618176334E+01  0.5828439658E+00
  0.8188139911E+00 -0.1624024160E+01  0.5798770902E+00
  0.8206258512E+00 -0.1628455485E+01  0.5769305712E+00
  0.8224195926E+00 -0.1633123086E+01  0.5740053568E+00
  0.8241953967E+00 -0.1638962156E+01  0.5711000656E+00
  0.8259534428E+00 -0.1646352838E+01  0.5682121981E+00
  0.8276939083E+00 -0.1655830265E+01  0.5653385301E+00
  0.8294169692E+00 -0.1667207379E+01  0.5624756320E+00
  0.8311227996E+00 -0.1680343875E+01  0.5596204548E+00
  0.8328115716E+00 -0.1695626225E+01  0.5567698329E+00
  0.8344834558E+00 -0.1710061986E+01  0.5539228746E+00
  0.8361386213E+00 -0.1724591576E+01  0.5510804146E+00
  0.8377772351E+00 -0.1739972764E+01  0.5482418732E+00
  0.8393994627E+00 -0.1755859017E+01  0.5454063557E+00
  0.8410054681E+00 -0.1773142393E+01  0.5425725581E+00
  0.8425954134E+00 -0.1790364765E+01  0.5397396673E+00
  0.8441694593E+00 -0.1807232072E+01  0.5369082761E+00
  0.8457277647E+00 -0.1823445130E+01  0.5340794242E+00
  0.8472704870E+00 -0.1839074420E+01  0.5312542988E+00
  0.8487977822E+00 -0.1853960607E+01  0.5284341216E+00
  0.8503098043E+00 -0.1870667109E+01  0.5256182617E+00
  0.8518067063E+00 -0.1886523384E+01  0.5228061888E+00
  0.8532886392E+00 -0.1900788820E+01  0.5199999175E+00
  0.8547557528E+00 -0.1914120710E+01  0.5172014646E+00
  0.8562081953E+00 -0.1926901741E+01  0.5144120325E+00
  0.8576461134E+00 -0.1941577975E+01  0.5116307541E+00
  0.8590696522E+00 -0.1957089093E+01  0.5088558021E+00
  0.8604789557E+00 -0.1973151593E+01  0.5060863512E+00
  0.8618741662E+00 -0.1988550782E+01  0.5033226469E+00
  0.8632554245E+00 -0.2004431751E+01  0.5005649767E+00
  0.8646228702E+00 -0.2021698338E+01  0.4978122194E+00
  0.8659766415E+00 -0.2040393437E+01  0.4950626478E+00
  0.8673168751E+00 -0.2059939678E+01  0.4923149457E+00
  0.8686437064E+00 -0.2081263442E+01  0.4895676069E+00
  0.8699572693E+00 -0.2103696547E+01  0.4868190027E+00
  0.8712576966E+00 -0.2127185587E+01  0.4840680254E+00
  0.8725451197E+00 -0.2151604208E+01  0.4813137191E+00
  0.8738196685E+00 -0.2176803176E+01  0.4785553359E+00
  0.8750814718E+00 -0.2202653915E+01  0.4757923292E+00
  0.8763306571E+00 -0.2229354830E+01  0.4730241291E+00
  0.8775673505E+00 -0.2255518451E+01  0.4702509224E+00
  0.8787916770E+00 -0.2281154419E+01  0.4674737381E+00
  0.8800037602E+00 -0.2308506765E+01  0.4646922124E+00
  0.8812037226E+00 -0.2335783117E+01  0.4619057258E+00
  0.8823916854E+00 -0.2362529953E+01  0.4591150153E+00
  0.8835677685E+00 -0.2387612094E+01  0.4563217342E+00
  0.8847320908E+00 -0.2412283922E+01  0.4535274212E+00
  0.8858847699E+00 -0.2437248007E+01  0.4507324442E+00
  0.8870259222E+00 -0.2462059708E+01  0.4479370161E+00
  0.8881556630E+00 -0.2487687399E+01  0.4451410505E+00
  0.8892741064E+00 -0.2514184383E+01  0.4423438953E+00
  0.8903813653E+00 -0.2540095572E+01  0.4395456970E+00
  0.8914775517E+00 -0.2565775879E+01  0.4367472037E+00
  0.8925627761E+00 -0.2591616143E+01  0.4339487397E+00
  0.8936371484E+00 -0.2617883612E+01  0.4311502687E+00
  0.8947007769E+00 -0.2645064446E+01  0.4283513579E+00
  0.8957537691E+00 -0.2672956938E+01  0.4255514403E+00
  0.8967962314E+00 -0.2699859863E+01  0.4227509608E+00
  0.8978282691E+00 -0.2726826948E+01  0.4199506881E+00
  0.8988499864E+00 -0.2756274989E+01  0.4171495981E+00
  0.8998614866E+00 -0.2786673236E+01  0.4143462516E+00
  0.9008628717E+00 -0.2816530310E+01  0.4115407693E+00
  0.9018542430E+00 -0.2846557010E+01  0.4087336582E+00
  0.9028357006E+00 -0.2874995566E+01  0.4059259276E+00
  0.9038073436E+00 -0.2903189138E+01  0.4031187613E+00
  0.9047692701E+00 -0.2931152480E+01  0.4003126572E+00
  0.9057215774E+00 -0.2959680859E+01  0.3975077154E+00
  0.9066643616E+00 -0.2989117760E+01  0.3947034987E+00
  0.9075977180E+00 -0.3017352836E+01  0.3919004098E+00
  0.9085217408E+00 -0.3043716972E+01  0.3891001264E+00
  0.9094365234E+00 -0.3070110214E+01  0.3863037151E+00
  0.9103421582E+00 -0.3096249334E+01  0.3835114803E+00
  0.9112387366E+00 -0.3122241106E+01  0.3807237981E+00
  0.9121263493E+00 -0.3148172780E+01  0.3779409488E+00
  0.9130050858E+00 -0.3173644918E+01  0.3751633428E+00
  0.9138750349E+00 -0.3198996899E+01  0.3723914057E+00
  0.9147362846E+00 -0.3224265646E+01  0.3696253894E+00
  0.9155889217E+00 -0.3249289743E+01  0.3668655925E+00
  0.9164330325E+00 -0.3273681534E+01  0.3641125373E+00
  0.9172687022E+00 -0.3297258393E+01  0.3613669696E+00
  0.9180960151E+00 -0.3320710557E+01  0.3586294038E+00
  0.9189150550E+00 -0.3342649289E+01  0.3559006252E+00
  0.9197259044E+00 -0.3363783111E+01  0.3531816717E+00
  0.9205286454E+00 -0.3384289841E+01  0.3504731944E+00
  0.9213233589E+00 -0.3404208549E+01  0.3477757386E+00
  0.9221101254E+00 -0.3423612236E+01  0.3450897886E+00
  0.9228890241E+00 -0.3442627780E+01  0.3424157357E+00
  0.9236601339E+00 -0.3461167025E+01  0.3397539440E+00
  0.9244235325E+00 -0.3479838941E+01  0.3371045666E+00
  0.9251792972E+00 -0.3498397432E+01  0.3344676144E+00
  0.9259275042E+00 -0.3516693762E+01  0.3318432441E+00
  0.9266682292E+00 -0.3534864572E+01  0.3292316115E+00
  0.9274015469E+00 -0.3552836603E+01  0.3266328431E+00
  0.9281275314E+00 -0.3570963507E+01  0.3240469587E+00
  0.9288462561E+00 -0.3588965625E+01  0.3214739498E+00
  0.9295577935E+00 -0.3606782162E+01  0.3189139279E+00
  0.9302622156E+00 -0.3624915356E+01  0.3163668442E+00
  0.9309595935E+00 -0.3643569388E+01  0.3138324041E+00
  0.9316499975E+00 -0.3661960523E+01  0.3113105203E+00
  0.9323334975E+00 -0.3680454517E+01  0.3088012499E+00
  0.9330101626E+00 -0.3699028253E+01  0.3063045309E+00
  0.9336800609E+00 -0.3717277100E+01  0.3038204455E+00
  0.9343432603E+00 -0.3735590461E+01  0.3013490769E+00
  0.9349998277E+00 -0.3754105714E+01  0.2988903317E+00
  0.9356498295E+00 -0.3772432105E+01  0.2964442004E+00
  0.9362933312E+00 -0.3790715108E+01  0.2940107514E+00
  0.9369303978E+00 -0.3808930723E+01  0.2915900108E+00
  0.9375610939E+00 -0.3827053599E+01  0.2891820183E+00
  0.9381854829E+00 -0.3845002799E+01  0.2867868443E+00
  0.9388036281E+00 -0.3862628482E+01  0.2844046267E+00
  0.9394155918E+00 -0.3879916598E+01  0.2820355484E+00
  0.9400214359E+00 -0.3896743147E+01  0.2796798268E+00
  0.9406212215E+00 -0.3913149567E+01  0.2773376960E+00
  0.9412150093E+00 -0.3929411561E+01  0.2750092875E+00
  0.9418028592E+00 -0.3945668700E+01  0.2726946049E+00
  0.9423848306E+00 -0.3961663845E+01  0.2703936842E+00
  0.9429609823E+00 -0.3977360563E+01  0.2681066430E+00
  0.9435313725E+00 -0.3993217968E+01  0.2658334732E+00
  0.9440960588E+00 -0.4008825032E+01  0.2635741512E+00
  0.9446550982E+00 -0.4024098351E+01  0.2613287908E+00
  0.9452085472E+00 -0.4039036817E+01  0.2590975237E+00
  0.9457564617E+00 -0.4053572946E+01  0.2568804945E+00
  0.9462988971E+00 -0.4067211978E+01  0.2546779940E+00
  0.9468359082E+00 -0.4080417679E+01  0.2524903105E+00
  0.9473675491E+00 -0.4093237392E+01  0.2503175857E+00
  0.9478938736E+00 -0.4105515678E+01  0.2481599834E+00
  0.9484149348E+00 -0.4117393287E+01  0.2460176637E+00
  0.9489307855E+00 -0.4128879746E+01  0.2438907411E+00
  0.9494414776E+00 -0.4140122956E+01  0.2417792837E+00
  0.9499470629E+00 -0.4151138254E+01  0.2396833141E+00
  0.9504475922E+00 -0.4161941407E+01  0.2376028438E+00
  0.9509431163E+00 -0.4172548384E+01  0.2355378737E+00
  0.9514336852E+00 -0.4183047674E+01  0.2334883761E+00
  0.9519193483E+00 -0.4193679382E+01  0.2314542423E+00
  0.9524001548E+00 -0.4204130717E+01  0.2294353814E+00
  0.9528761533E+00 -0.4214706309E+01  0.2274317047E+00
  0.9533473917E+00 -0.4225397113E+01  0.2254430540E+00
  0.9538139178E+00 -0.4235898072E+01  0.2234693466E+00
  0.9542757786E+00 -0.4245926941E+01  0.2215106352E+00
  0.9547330209E+00 -0.4255753382E+01  0.2195669717E+00
  0.9551856906E+00 -0.4265301837E+01  0.2176383595E+00
  0.9556338337E+00 -0.4274583787E+01  0.2157248141E+00
  0.9560774954E+00 -0.4283804518E+01  0.2138262998E+00
  0.9565167205E+00 -0.4292971199E+01  0.2119427324E+00
  0.9569515532E+00 -0.4302090114E+01  0.2100740251E+00
  0.9573820377E+00 -0.4311590925E+01  0.2082199972E+00
  0.9578082173E+00 -0.4321595411E+01  0.2063803531E+00
  0.9582301352E+00 -0.4331420778E+01  0.2045549222E+00
  0.9586478338E+00 -0.4340985898E+01  0.2027436960E+00
  0.9590613555E+00 -0.4350450652E+01  0.2009466473E+00
  0.9594707419E+00 -0.4359889712E+01  0.1991636997E+00
  0.9598760345E+00 -0.4369452187E+01  0.1973947309E+00
  0.9602772742E+00 -0.4378912465E+01  0.1956396355E+00
  0.9606745014E+00 -0.4388313313E+01  0.1938983450E+00
  0.9610677564E+00 -0.4397582574E+01  0.1921707963E+00
  0.9614570788E+00 -0.4406815251E+01  0.1904569215E+00
  0.9618425080E+00 -0.4416008297E+01  0.1887566345E+00
  0.9622240830E+00 -0.4425158637E+01  0.1870698508E+00
  0.9626018421E+00 -0.4434258963E+01  0.1853964876E+00
  0.9629758237E+00 -0.4443299211E+01  0.1837364660E+00
  0.9633460655E+00 -0.4452286803E+01  0.1820897073E+00
  0.9637126048E+00 -0.4461076329E+01  0.1804561582E+00
  0.9640754788E+00 -0.4469771801E+01  0.1788357721E+00
  0.9644347240E+00 -0.4478647280E+01  0.1772284337E+00
  0.9647903767E+00 -0.4487516591E+01  0.1756340133E+00
  0.9651424730E+00 -0.4496324841E+01  0.1740524249E+00
  0.9654910483E+00 -0.4505163777E+01  0.1724835767E+00
  0.9658361378E+00 -0.4513969233E+01  0.1709273726E+00
  0.9661777764E+00 -0.4522844560E+01  0.1693837103E+00
  0.9665159986E+00 -0.4531648329E+01  0.1678524949E+00
  0.9668508386E+00 -0.4540123898E+01  0.1663336987E+00
  0.9671823303E+00 -0.4548243421E+01  0.1648273399E+00
  0.9675105070E+00 -0.4556521483E+01  0.1633333541E+00
  0.9678354019E+00 -0.4564738434E+01  0.1618516286E+00
  0.9681570479E+00 -0.4573034578E+01  0.1603820646E+00
  0.9684754774E+00 -0.4581396127E+01  0.1589245441E+00
  0.9687907226E+00 -0.4589688328E+01  0.1574789738E+00
  0.9691028154E+00 -0.4598003952E+01  0.1560452676E+00
  0.9694117872E+00 -0.4606301638E+01  0.1546233320E+00
  0.9697176694E+00 -0.4614525767E+01  0.1532130888E+00
  0.9700204927E+00 -0.4622603026E+01  0.1518144799E+00
  0.9703202877E+00 -0.4630594400E+01  0.1504274484E+00
  0.9706170849E+00 -0.4638663322E+01  0.1490519038E+00
  0.9709109140E+00 -0.4646647226E+01  0.1476877564E+00
  0.9712018049E+00 -0.4654519883E+01  0.1463349441E+00
  0.9714897868E+00 -0.4662239976E+01  0.1449934148E+00
  0.9717748890E+00 -0.4669780037E+01  0.1436631254E+00
  0.9720571401E+00 -0.4677425491E+01  0.1423439958E+00
  0.9723365687E+00 -0.4685034824E+01  0.1410359262E+00
  0.9726132030E+00 -0.4692608133E+01  0.1397388373E+00
  0.9728870709E+00 -0.4700120955E+01  0.1384526535E+00
  0.9731582002E+00 -0.4707589800E+01  0.1371773005E+00
  0.9734266182E+00 -0.4715005098E+01  0.1359127035E+00
  0.9736923521E+00 -0.4722482543E+01  0.1346587737E+00
  0.9739554285E+00 -0.4729895614E+01  0.1334154245E+00
  0.9742158742E+00 -0.4737244965E+01  0.1321825864E+00
  0.9744737155E+00 -0.4744531276E+01  0.1309601899E+00
  0.9747289784E+00 -0.4751755247E+01  0.1297481653E+00
  0.9749816886E+00 -0.4758917589E+01  0.1285464432E+00
  0.9752318717E+00 -0.4765993944E+01  0.1273549572E+00
  0.9754795530E+00 -0.4772939203E+01  0.1261736496E+00
  0.9757247574E+00 -0.4779826434E+01  0.1250024592E+00
  0.9759675099E+00 -0.4786656409E+01  0.1238413157E+00
  0.9762078348E+00 -0.4793429889E+01  0.1226901491E+00
  0.9764457564E+00 -0.4800226961E+01  0.1215488797E+00
  0.9766812989E+00 -0.4807043970E+01  0.1204174197E+00
  0.9769144859E+00 -0.4813925483E+01  0.1192956772E+00
  0.9771453410E+00 -0.4820745711E+01  0.1181835705E+00
  0.9773738876E+00 -0.4827460969E+01  0.1170810381E+00
  0.9776001487E+00 -0.4834091955E+01  0.1159880212E+00
  0.9778241472E+00 -0.4840647784E+01  0.1149044575E+00
  0.9780459058E+00 -0.4847119313E+01  0.1138302851E+00
  0.9782654467E+00 -0.4853572266E+01  0.1127654356E+00
  0.9784827922E+00 -0.4860059908E+01  0.1117098283E+00
  0.9786979643E+00 -0.4866476349E+01  0.1106633888E+00
  0.9789109847E+00 -0.4872835847E+01  0.1096260529E+00
  0.9791218748E+00 -0.4879186770E+01  0.1085977501E+00
  0.9793306561E+00 -0.4885541955E+01  0.1075784040E+00
  0.9795373495E+00 -0.4891812914E+01  0.1065679464E+00
  0.9797419760E+00 -0.4897972207E+01  0.1055663217E+00
  0.9799445563E+00 -0.4903998072E+01  0.1045734789E+00
  0.9801451107E+00 -0.4909974641E+01  0.1035893610E+00
  0.9803436596E+00 -0.4915928461E+01  0.1026139000E+00
  0.9805402230E+00 -0.4921837281E+01  0.1016470276E+00
  0.9807348208E+00 -0.4927685685E+01  0.1006886800E+00
  0.9809274726E+00 -0.4933483192E+01  0.9973879406E-01
  0.9811181978E+00 -0.4939230263E+01  0.9879730607E-01
  0.9813070158E+00 -0.4944927348E+01  0.9786415252E-01
  0.9814939457E+00 -0.4950559265E+01  0.9693927165E-01
  0.9816790062E+00 -0.4956042374E+01  0.9602261111E-01
  0.9818622162E+00 -0.4961474642E+01  0.9511411728E-01
  0.9820435940E+00 -0.4966861544E+01  0.9421372720E-01
  0.9822231581E+00 -0.4972241748E+01  0.9332137433E-01
  0.9824009265E+00 -0.4977580899E+01  0.9243699221E-01
  0.9825769172E+00 -0.4982872358E+01  0.9156051846E-01
  0.9827511481E+00 -0.4988119337E+01  0.9069189139E-01
  0.9829236366E+00 -0.4993292219E+01  0.8983105194E-01
  0.9830944002E+00 -0.4998393283E+01  0.8897794368E-01
  0.9832634562E+00 -0.5003446043E+01  0.8813250821E-01
  0.9834308216E+00 -0.5008445024E+01  0.8729468595E-01
  0.9835965134E+00 -0.5013403497E+01  0.8646441697E-01
  0.9837605483E+00 -0.5018302104E+01  0.8564164223E-01
  0.9839229428E+00 -0.5023134517E+01  0.8482630510E-01
  0.9840837134E+00 -0.5027995349E+01  0.8401834215E-01
  0.9842428762E+00 -0.5032816376E+01  0.8321768834E-01
  0.9844004475E+00 -0.5037547340E+01  0.8242428850E-01
  0.9845564430E+00 -0.5042241591E+01  0.8163808752E-01
  0.9847108786E+00 -0.5046892967E+01  0.8085902690E-01
  0.9848637698E+00 -0.5051475735E+01  0.8008705097E-01
  0.9850151321E+00 -0.5056042335E+01  0.7932210237E-01
  0.9851649808E+00 -0.5060605318E+01  0.7856411922E-01
  0.9853133310E+00 -0.5065130617E+01  0.7781304179E-01
  0.9854601977E+00 -0.5069618446E+01  0.7706881326E-01
  0.9856055957E+00 -0.5074069015E+01  0.7633137721E-01
  0.9857495397E+00 -0.5078459889E+01  0.7560067918E-01
  0.9858920443E+00 -0.5082749805E+01  0.7487666960E-01
  0.9860331239E+00 -0.5087005048E+01  0.7415929735E-01
  0.9861727926E+00 -0.5091212203E+01  0.7344850785E-01
  0.9863110647E+00 -0.5095374942E+01  0.7274424759E-01
  0.9864479541E+00 -0.5099504098E+01  0.7204646239E-01
  0.9865834745E+00 -0.5103599879E+01  0.7135509772E-01
  0.9867176398E+00 -0.5107662494E+01  0.7067009942E-01
  0.9868504634E+00 -0.5111692145E+01  0.6999141367E-01
  0.9869819588E+00 -0.5115689033E+01  0.6931898705E-01
  0.9871121392E+00 -0.5119653356E+01  0.6865276650E-01
  0.9872410178E+00 -0.5123585308E+01  0.6799269933E-01
  0.9873686076E+00 -0.5127485083E+01  0.6733873321E-01
  0.9874949215E+00 -0.5131345789E+01  0.6669081662E-01
  0.9876199723E+00 -0.5135156718E+01  0.6604889952E-01
  0.9877437726E+00 -0.5138936740E+01  0.6541293171E-01
  0.9878663349E+00 -0.5142686032E+01  0.6478286218E-01
  0.9879876715E+00 -0.5146404770E+01  0.6415864026E-01
  0.9881077948E+00 -0.5150059542E+01  0.6354021771E-01
  0.9882267168E+00 -0.5153681898E+01  0.6292754667E-01
  0.9883444497E+00 -0.5157275404E+01  0.6232057757E-01
  0.9884610052E+00 -0.5160846528E+01  0.6171926062E-01
  0.9885763951E+00 -0.5164401762E+01  0.6112354569E-01
  0.9886906312E+00 -0.5167928045E+01  0.6053338342E-01
  0.9888037249E+00 -0.5171425527E+01  0.5994872561E-01
  0.9889156876E+00 -0.5174927991E+01  0.5936952250E-01
  0.9890265307E+00 -0.5178413561E+01  0.5879572414E-01
  0.9891362654E+00 -0.5181857803E+01  0.5822728355E-01
  0.9892449028E+00 -0.5185272766E+01  0.5766415477E-01
  0.9893524538E+00 -0.5188658622E+01  0.5710629157E-01
  0.9894589292E+00 -0.5192015019E+01  0.5655364806E-01
  0.9895643399E+00 -0.5195341773E+01  0.5600617874E-01
  0.9896686965E+00 -0.5198639956E+01  0.5546383844E-01
  0.9897720096E+00 -0.5201909744E+01  0.5492658226E-01
  0.9898742895E+00 -0.5205151313E+01  0.5439436566E-01
  0.9899755466E+00 -0.5208364837E+01  0.5386714441E-01
  0.9900757911E+00 -0.5211550494E+01  0.5334487463E-01
  0.9901750332E+00 -0.5214708457E+01  0.5282751277E-01
  0.9902732829E+00 -0.5217838905E+01  0.5231501561E-01
  0.9903705500E+00 -0.5220940364E+01  0.5180734034E-01
  0.9904668445E+00 -0.5224012318E+01  0.5130444460E-01
  0.9905621761E+00 -0.5227057386E+01  0.5080628624E-01
  0.9906565543E+00 -0.5230075745E+01  0.5031282333E-01
  0.9907499888E+00 -0.5233067568E+01  0.4982401427E-01
  0.9908424889E+00 -0.5236033033E+01  0.4933981778E-01
  0.9909340640E+00 -0.5238972316E+01  0.4886019289E-01
  0.9910247234E+00 -0.5241885591E+01  0.4838509896E-01
  0.9911144761E+00 -0.5244773035E+01  0.4791449565E-01
  0.9912033314E+00 -0.5247634823E+01  0.4744834295E-01
  0.9912912981E+00 -0.5250471131E+01  0.4698660115E-01
  0.9913783851E+00 -0.5253282134E+01  0.4652923087E-01
  0.9914646012E+00 -0.5256068009E+01  0.4607619302E-01
  0.9915499552E+00 -0.5258828930E+01  0.4562744882E-01
  0.9916344557E+00 -0.5261557999E+01  0.4518296012E-01
  0.9917181111E+00 -0.5264253522E+01  0.4474268941E-01
  0.9918009300E+00 -0.5266925218E+01  0.4430659914E-01
  0.9918829207E+00 -0.5269573245E+01  0.4387465170E-01
  0.9919640915E+00 -0.5272197761E+01  0.4344680974E-01
  0.9920444506E+00 -0.5274798922E+01  0.4302303624E-01
  0.9921240061E+00 -0.5277374592E+01  0.4260329455E-01
  0.9922027660E+00 -0.5279926480E+01  0.4218754836E-01
  0.9922807383E+00 -0.5282455587E+01  0.4177576153E-01
  0.9923579310E+00 -0.5284962067E+01  0.4136789822E-01
  0.9924343516E+00 -0.5287446079E+01  0.4096392286E-01
  0.9925100081E+00 -0.5289907779E+01  0.4056380016E-01
  0.9925849081E+00 -0.5292350646E+01  0.4016749501E-01
  0.9926590590E+00 -0.5294800209E+01  0.3977497153E-01
  0.9927324684E+00 -0.5297231197E+01  0.3938619414E-01
  0.9928051437E+00 -0.5299642804E+01  0.3900112855E-01
  0.9928770923E+00 -0.5302036531E+01  0.3861974076E-01
  0.9929483213E+00 -0.5304407395E+01  0.3824199715E-01
  0.9930188381E+00 -0.5306755591E+01  0.3786786459E-01
  0.9930886497E+00 -0.5309081314E+01  0.3749731021E-01
  0.9931577632E+00 -0.5311384755E+01  0.3713030141E-01
  0.9932261856E+00 -0.5313666109E+01  0.3676680584E-01
  0.9932939238E+00 -0.5315925564E+01  0.3640679143E-01
  0.9933609845E+00 -0.5318163313E+01  0.3605022638E-01
  0.9934273747E+00 -0.5320382959E+01  0.3569707901E-01
  0.9934931009E+00 -0.5322583509E+01  0.3534731786E-01
  0.9935581699E+00 -0.5324763411E+01  0.3500091180E-01
  0.9936225882E+00 -0.5326922147E+01  0.3465783006E-01
  0.9936863623E+00 -0.5329059906E+01  0.3431804213E-01
  0.9937494987E+00 -0.5331176878E+01  0.3398151777E-01
  0.9938120037E+00 -0.5333273249E+01  0.3364822697E-01
  0.9938738837E+00 -0.5335349207E+01  0.3331813999E-01
  0.9939351449E+00 -0.5337404937E+01  0.3299122733E-01
  0.9939957934E+00 -0.5339440623E+01  0.3266745972E-01
  0.9940558355E+00 -0.5341456448E+01  0.3234680815E-01
  0.9941152771E+00 -0.5343452593E+01  0.3202924387E-01
  0.9941741243E+00 -0.5345429239E+01  0.3171473833E-01
  0.9942323831E+00 -0.5347386565E+01  0.3140326325E-01
  0.9942900593E+00 -0.5349324749E+01  0.3109479059E-01
  0.9943471587E+00 -0.5351243969E+01  0.3078929252E-01
  0.9944036871E+00 -0.5353144398E+01  0.3048674148E-01
  0.9944596502E+00 -0.5355026213E+01  0.3018711011E-01
  0.9945150537E+00 -0.5356889585E+01  0.2989037131E-01
  0.9945699032E+00 -0.5358734687E+01  0.2959649819E-01
  0.9946242041E+00 -0.5360561688E+01  0.2930546411E-01
  0.9946779621E+00 -0.5362370759E+01  0.2901724263E-01
  0.9947311825E+00 -0.5364162066E+01  0.2873180756E-01
  0.9947838707E+00 -0.5365935776E+01  0.2844913292E-01
  0.9948360320E+00 -0.5367692056E+01  0.2816919296E-01
  0.9948876716E+00 -0.5369431068E+01  0.2789196216E-01
  0.9949387949E+00 -0.5371152976E+01  0.2761741520E-01
  0.9949894070E+00 -0.5372857941E+01  0.2734552698E-01
  0.9950395129E+00 -0.5374546123E+01  0.2707627265E-01
  0.9950891178E+00 -0.5376217681E+01  0.2680962752E-01
  0.9951382266E+00 -0.5377872773E+01  0.2654556716E-01
  0.9951868443E+00 -0.5379511555E+01  0.2628406734E-01
  0.9952349759E+00 -0.5381134182E+01  0.2602510402E-01
  0.9952826261E+00 -0.5382740808E+01  0.2576865340E-01
  0.9953297999E+00 -0.5384331586E+01  0.2551469187E-01
  0.9953765019E+00 -0.5385906666E+01  0.2526319603E-01
  0.9954227368E+00 -0.5387466134E+01  0.2501414268E-01
  0.9954685095E+00 -0.5389008038E+01  0.2476750889E-01
  0.9955138244E+00 -0.5390534776E+01  0.2452327191E-01
  0.9955586861E+00 -0.5392046492E+01  0.2428140915E-01
  0.9956030993E+00 -0.5393543328E+01  0.2404189820E-01
  0.9956470683E+00 -0.5395025425E+01  0.2380471687E-01
  0.9956905976E+00 -0.5396492924E+01  0.2356984316E-01
  0.9957336916E+00 -0.5397945964E+01  0.2333725525E-01
  0.9957763547E+00 -0.5399384682E+01  0.2310693154E-01
  0.9958185912E+00 -0.5400809216E+01  0.2287885060E-01
  0.9958604053E+00 -0.5402219700E+01  0.2265299120E-01
  0.9959018012E+00 -0.5403616269E+01  0.2242933229E-01
  0.9959427832E+00 -0.5404999056E+01  0.2220785302E-01
  0.9959833554E+00 -0.5406368194E+01  0.2198853271E-01
  0.9960235218E+00 -0.5407723813E+01  0.2177135089E-01
  0.9960632866E+00 -0.5409066042E+01  0.2155628725E-01
  0.9961026537E+00 -0.5410395012E+01  0.2134332166E-01
  0.9961416272E+00 -0.5411710848E+01  0.2113243419E-01
  0.9961802109E+00 -0.5413013679E+01  0.2092360507E-01
  0.9962184088E+00 -0.5414303628E+01  0.2071681473E-01
  0.9962562247E+00 -0.5415580821E+01  0.2051204375E-01
  0.9962936625E+00 -0.5416845380E+01  0.2030927290E-01
  0.9963307258E+00 -0.5418097427E+01  0.2010848313E-01
  0.9963674186E+00 -0.5419337083E+01  0.1990965554E-01
  0.9964037444E+00 -0.5420564469E+01  0.1971277141E-01
  0.9964397070E+00 -0.5421779703E+01  0.1951781221E-01
  0.9964753099E+00 -0.5422982902E+01  0.1932475954E-01
  0.9965105568E+00 -0.5424174184E+01  0.1913359520E-01
  0.9965454512E+00 -0.5425353664E+01  0.1894430115E-01
  0.9965799967E+00 -0.5426521457E+01  0.1875685949E-01
  0.9966141967E+00 -0.5427677676E+01  0.1857125250E-01
  0.9966480548E+00 -0.5428822434E+01  0.1838746264E-01
  0.9966815742E+00 -0.5429955842E+01  0.1820547249E-01
  0.9967147585E+00 -0.5431078010E+01  0.1802526481E-01
  0.9967476109E+00 -0.5432189049E+01  0.1784682253E-01
  0.9967801348E+00 -0.5433289066E+01  0.1767012872E-01
  0.9968123334E+00 -0.5434378170E+01  0.1749516660E-01
  0.9968442101E+00 -0.5435456466E+01  0.1732191956E-01
  0.9968757680E+00 -0.5436524060E+01  0.1715037113E-01
  0.9969070103E+00 -0.5437581057E+01  0.1698050499E-01
  0.9969379402E+00 -0.5438627560E+01  0.1681230499E-01
  0.9969685608E+00 -0.5439663671E+01  0.1664575510E-01
  0.9969988752E+00 -0.5440689493E+01  0.1648083945E-01
  0.9970288865E+00 -0.5441705127E+01  0.1631754233E-01
  0.9970585976E+00 -0.5442710671E+01  0.1615584815E-01
  0.9970880116E+00 -0.5443706225E+01  0.1599574149E-01
  0.9971171315E+00 -0.5444691886E+01  0.1583720705E-01
  0.9971459602E+00 -0.5445667752E+01  0.1568022967E-01
  0.9971745006E+00 -0.5446633919E+01  0.1552479436E-01
  0.9972027556E+00 -0.5447590482E+01  0.1537088623E-01
  0.9972307280E+00 -0.5448537534E+01  0.1521849057E-01
  0.9972584207E+00 -0.5449475171E+01  0.1506759276E-01
  0.9972858365E+00 -0.5450403483E+01  0.1491817836E-01
  0.9973129782E+00 -0.5451322563E+01  0.1477023302E-01
  0.9973398484E+00 -0.5452232502E+01  0.1462374257E-01
  0.9973664499E+00 -0.5453133389E+01  0.1447869294E-01
  0.9973927854E+00 -0.5454025313E+01  0.1433507019E-01
  0.9974188575E+00 -0.5454908363E+01  0.1419286054E-01
  0.9974446690E+00 -0.5455782626E+01  0.1405205030E-01
  0.9974702223E+00 -0.5456648189E+01  0.1391262593E-01
  0.9974955201E+00 -0.5457505137E+01  0.1377457402E-01
  0.9975205649E+00 -0.5458353555E+01  0.1363788128E-01
  0.9975453592E+00 -0.5459193528E+01  0.1350253453E-01
  0.9975699056E+00 -0.5460025138E+01  0.1336852073E-01
  0.9975942066E+00 -0.5460848468E+01  0.1323582696E-01
  0.9976182645E+00 -0.5461663599E+01  0.1310444043E-01
  0.9976420819E+00 -0.5462470614E+01  0.1297434843E-01
  0.9976656610E+00 -0.5463269591E+01  0.1284553843E-01
  0.9976890044E+00 -0.5464060611E+01  0.1271799796E-01
  0.9977121144E+00 -0.5464843751E+01  0.1259171472E-01
  0.9977349932E+00 -0.5465619090E+01  0.1246667647E-01
  0.9977576433E+00 -0.5466386705E+01  0.1234287114E-01
  0.9977800669E+00 -0.5467146672E+01  0.1222028673E-01
  0.9978022662E+00 -0.5467899067E+01  0.1209891138E-01
  0.9978242435E+00 -0.5468643964E+01  0.1197873333E-01
  0.9978460011E+00 -0.5469381438E+01  0.1185974093E-01
  0.9978675411E+00 -0.5470111562E+01  0.1174192265E-01
  0.9978888657E+00 -0.5470834410E+01  0.1162526706E-01
  0.9979099770E+00 -0.5471550052E+01  0.1150976284E-01
  0.9979308773E+00 -0.5472258561E+01  0.1139539879E-01
  0.9979515685E+00 -0.5472960007E+01  0.1128216378E-01
  0.9979720528E+00 -0.5473654459E+01  0.1117004683E-01
  0.9979923323E+00 -0.5474341988E+01  0.1105903704E-01
  0.9980124089E+00 -0.5475022662E+01  0.1094912361E-01
  0.9980322849E+00 -0.5475696549E+01  0.1084029585E-01
  0.9980519620E+00 -0.5476363716E+01  0.1073254318E-01
  0.9980714424E+00 -0.5477024230E+01  0.1062585510E-01
  0.9980907280E+00 -0.5477678156E+01  0.1052022123E-01
  0.9981098207E+00 -0.5478325560E+01  0.1041563127E-01
  0.9981287225E+00 -0.5478966507E+01  0.1031207503E-01
  0.9981474353E+00 -0.5479601061E+01  0.1020954243E-01
  0.9981659609E+00 -0.5480229285E+01  0.1010802345E-01
  0.9981843013E+00 -0.5480851242E+01  0.1000750820E-01
  0.9982024583E+00 -0.5481466995E+01  0.9907986865E-02
  0.9982204337E+00 -0.5482076604E+01  0.9809449730E-02
  0.9982382294E+00 -0.5482680131E+01  0.9711887172E-02
  0.9982558471E+00 -0.5483277637E+01  0.9615289660E-02
  0.9982732886E+00 -0.5483869181E+01  0.9519647753E-02
  0.9982905557E+00 -0.5484454821E+01  0.9424952102E-02
  0.9983076502E+00 -0.5485034618E+01  0.9331193447E-02
  0.9983245737E+00 -0.5485608629E+01  0.9238362615E-02
  0.9983413279E+00 -0.5486176912E+01  0.9146450522E-02
  0.9983579146E+00 -0.5486739522E+01  0.9055448171E-02
  0.9983743355E+00 -0.5487296518E+01  0.8965346651E-02
  0.9983905921E+00 -0.5487847955E+01  0.8876137137E-02
  0.9984066862E+00 -0.5488393887E+01  0.8787810887E-02
  0.9984226194E+00 -0.5488934370E+01  0.8700359245E-02
  0.9984383932E+00 -0.5489469458E+01  0.8613773636E-02
  0.9984540092E+00 -0.5489999204E+01  0.8528045569E-02
  0.9984694691E+00 -0.5490523662E+01  0.8443166634E-02
  0.9984847744E+00 -0.5491042884E+01  0.8359128501E-02
  0.9984999267E+00 -0.5491556923E+01  0.8275922921E-02
  0.9985149274E+00 -0.5492065829E+01  0.8193541725E-02
  0.9985297782E+00 -0.5492569655E+01  0.8111976821E-02
  0.9985444804E+00 -0.5493068450E+01  0.8031220195E-02
  0.9985590356E+00 -0.5493562265E+01  0.7951263912E-02
  0.9985734452E+00 -0.5494051149E+01  0.7872100112E-02
  0.9985877108E+00 -0.5494535151E+01  0.7793721010E-02
  0.9986018337E+00 -0.5495014320E+01  0.7716118898E-02
  0.9986158153E+00 -0.5495488705E+01  0.7639286141E-02
  0.9986296572E+00 -0.5495958352E+01  0.7563215177E-02
  0.9986433606E+00 -0.5496423308E+01  0.7487898520E-02
  0.9986569270E+00 -0.5496883622E+01  0.7413328753E-02
  0.9986703577E+00 -0.5497339338E+01  0.7339498533E-02
  0.9986836541E+00 -0.5497790503E+01  0.7266400585E-02
  0.9986968176E+00 -0.5498237162E+01  0.7194027708E-02
  0.9987098494E+00 -0.5498679359E+01  0.7122372767E-02
  0.9987227509E+00 -0.5499117140E+01  0.7051428700E-02
  0.9987355234E+00 -0.5499550548E+01  0.6981188509E-02
  0.9987481682E+00 -0.5499979627E+01  0.6911645268E-02
  0.9987606865E+00 -0.5500404420E+01  0.6842792114E-02
  0.9987730796E+00 -0.5500824970E+01  0.6774622254E-02
  0.9987853488E+00 -0.5501241319E+01  0.6707128958E-02
  0.9987974954E+00 -0.5501653509E+01  0.6640305564E-02
  0.9988095204E+00 -0.5502061581E+01  0.6574145471E-02
  0.9988214252E+00 -0.5502465577E+01  0.6508642146E-02
  0.9988332109E+00 -0.5502865536E+01  0.6443789116E-02
  0.9988448788E+00 -0.5503261500E+01  0.6379579973E-02
  0.9988564300E+00 -0.5503653508E+01  0.6316008371E-02
  0.9988678657E+00 -0.5504041600E+01  0.6253068024E-02
  0.9988791871E+00 -0.5504425814E+01  0.6190752709E-02
  0.9988903952E+00 -0.5504806190E+01  0.6129056262E-02
  0.9989014913E+00 -0.5505182765E+01  0.6067972580E-02
  0.9989124764E+00 -0.5505555578E+01  0.6007495619E-02
  0.9989233516E+00 -0.5505924666E+01  0.5947619393E-02
  0.9989341181E+00 -0.5506290065E+01  0.5888337975E-02
  0.9989447769E+00 -0.5506651814E+01  0.5829645497E-02
  0.9989553291E+00 -0.5507009949E+01  0.5771536145E-02
  0.9989657758E+00 -0.5507364504E+01  0.5714004164E-02
  0.9989761181E+00 -0.5507715517E+01  0.5657043854E-02
  0.9989863569E+00 -0.5508063022E+01  0.5600649572E-02
  0.9989964933E+00 -0.5508407055E+01  0.5544815727E-02
  0.9990065284E+00 -0.5508747650E+01  0.5489536785E-02
  0.9990164631E+00 -0.5509084842E+01  0.5434807267E-02
  0.9990262985E+00 -0.5509418663E+01  0.5380621743E-02
  0.9990360355E+00 -0.5509749149E+01  0.5326974841E-02
  0.9990456751E+00 -0.5510076333E+01  0.5273861237E-02
  0.9990552184E+00 -0.5510400246E+01  0.5221275663E-02
  0.9990646662E+00 -0.5510720922E+01  0.5169212900E-02
  0.9990740195E+00 -0.5511038394E+01  0.5117667780E-02
  0.9990832793E+00 -0.5511352693E+01  0.5066635186E-02
  0.9990924466E+00 -0.5511663851E+01  0.5016110052E-02
  0.9991015221E+00 -0.5511971899E+01  0.4966087358E-02
  0.9991105069E+00 -0.5512276868E+01  0.4916562138E-02
  0.9991194018E+00 -0.5512578789E+01  0.4867529471E-02
  0.9991282078E+00 -0.5512877693E+01  0.4818984485E-02
  0.9991369257E+00 -0.5513173610E+01  0.4770922356E-02
  0.9991455564E+00 -0.5513466568E+01  0.4723338307E-02
  0.9991541009E+00 -0.5513756599E+01  0.4676227609E-02
  0.9991625599E+00 -0.5514043731E+01  0.4629585576E-02
  0.9991709343E+00 -0.5514327993E+01  0.4583407570E-02
  0.9991792249E+00 -0.5514609414E+01  0.4537689000E-02
  0.9991874327E+00 -0.5514888022E+01  0.4492425317E-02
  0.9991955584E+00 -0.5515163845E+01  0.4447612019E-02
  0.9992036028E+00 -0.5515436911E+01  0.4403244646E-02
  0.9992115667E+00 -0.5515707248E+01  0.4359318782E-02
  0.9992194511E+00 -0.5515974882E+01  0.4315830057E-02
  0.9992272566E+00 -0.5516239842E+01  0.4272774140E-02
  0.9992349840E+00 -0.5516502153E+01  0.4230146745E-02
  0.9992426342E+00 -0.5516761842E+01  0.4187943628E-02
  0.9992502078E+00 -0.5517018935E+01  0.4146160584E-02
  0.9992577057E+00 -0.5517273458E+01  0.4104793453E-02
  0.9992651287E+00 -0.5517525437E+01  0.4063838114E-02
  0.9992724774E+00 -0.5517774897E+01  0.4023290485E-02
  0.9992797526E+00 -0.5518021863E+01  0.3983146527E-02
  0.9992869551E+00 -0.5518266361E+01  0.3943402239E-02
  0.9992940855E+00 -0.5518508415E+01  0.3904053659E-02
  0.9993011447E+00 -0.5518748049E+01  0.3865096864E-02
  0.9993081332E+00 -0.5518985287E+01  0.3826527971E-02
  0.9993150519E+00 -0.5519220154E+01  0.3788343134E-02
  0.9993219014E+00 -0.5519452673E+01  0.3750538545E-02
  0.9993286824E+00 -0.5519682867E+01  0.3713110432E-02
  0.9993353956E+00 -0.5519910761E+01  0.3676055063E-02
  0.9993420416E+00 -0.5520136376E+01  0.3639368741E-02
  0.9993486212E+00 -0.5520359735E+01  0.3603047805E-02
  0.9993551350E+00 -0.5520580862E+01  0.3567088631E-02
  0.9993615836E+00 -0.5520799778E+01  0.3531487629E-02
  0.9993679678E+00 -0.5521016506E+01  0.3496241247E-02
  0.9993742881E+00 -0.5521231067E+01  0.3461345966E-02
  0.9993805452E+00 -0.5521443483E+01  0.3426798302E-02
  0.9993867398E+00 -0.5521653775E+01  0.3392594805E-02
  0.9993928724E+00 -0.5521861965E+01  0.3358732060E-02
  0.9993989436E+00 -0.5522068074E+01  0.3325206685E-02
  0.9994049542E+00 -0.5522272122E+01  0.3292015331E-02
  0.9994109047E+00 -0.5522474130E+01  0.3259154682E-02
  0.9994167956E+00 -0.5522674118E+01  0.3226621456E-02
  0.9994226277E+00 -0.5522872107E+01  0.3194412402E-02
  0.9994284014E+00 -0.5523068117E+01  0.3162524300E-02
  0.9994341174E+00 -0.5523262167E+01  0.3130953965E-02
  0.9994397762E+00 -0.5523454277E+01  0.3099698241E-02
  0.9994453784E+00 -0.5523644466E+01  0.3068754003E-02
  0.9994509247E+00 -0.5523832754E+01  0.3038118158E-02
  0.9994564154E+00 -0.5524019160E+01  0.3007787642E-02
  0.9994618513E+00 -0.5524203701E+01  0.2977759424E-02
  0.9994672327E+00 -0.5524386398E+01  0.2948030500E-02
  0.9994725604E+00 -0.5524567268E+01  0.2918597896E-02
  0.9994778348E+00 -0.5524746330E+01  0.2889458669E-02
  0.9994830565E+00 -0.5524923601E+01  0.2860609904E-02
  0.9994882259E+00 -0.5525099100E+01  0.2832048715E-02
  0.9994933436E+00 -0.5525272845E+01  0.2803772244E-02
  0.9994984102E+00 -0.5525444852E+01  0.2775777662E-02
  0.9995034261E+00 -0.5525615140E+01  0.2748062168E-02
  0.9995083918E+00 -0.5525783724E+01  0.2720622987E-02
  0.9995133079E+00 -0.5525950624E+01  0.2693457373E-02
  0.9995181748E+00 -0.5526115854E+01  0.2666562607E-02
  0.9995229931E+00 -0.5526279433E+01  0.2639935996E-02
  0.9995277632E+00 -0.5526441376E+01  0.2613574876E-02
  0.9995324855E+00 -0.5526601700E+01  0.2587476605E-02
  0.9995371607E+00 -0.5526760421E+01  0.2561638572E-02
  0.9995417891E+00 -0.5526917555E+01  0.2536058188E-02
  0.9995463712E+00 -0.5527073118E+01  0.2510732891E-02
  0.9995509075E+00 -0.5527227125E+01  0.2485660145E-02
  0.9995553984E+00 -0.5527379593E+01  0.2460837438E-02
  0.9995598444E+00 -0.5527530536E+01  0.2436262284E-02
  0.9995642460E+00 -0.5527679970E+01  0.2411932221E-02
  0.9995686035E+00 -0.5527827910E+01  0.2387844810E-02
  0.9995729175E+00 -0.5527974370E+01  0.2363997638E-02
  0.9995771883E+00 -0.5528119367E+01  0.2340388316E-02
  0.9995814164E+00 -0.5528262913E+01  0.2317014477E-02
  0.9995856022E+00 -0.5528405024E+01  0.2293873778E-02
  0.9995897462E+00 -0.5528545714E+01  0.2270963900E-02
  0.9995938488E+00 -0.5528684998E+01  0.2248282547E-02
  0.9995979103E+00 -0.5528822888E+01  0.2225827445E-02
  0.9996019312E+00 -0.5528959400E+01  0.2203596342E-02
  0.9996059119E+00 -0.5529094548E+01  0.2181587009E-02
  0.9996098527E+00 -0.5529228343E+01  0.2159797239E-02
  0.9996137542E+00 -0.5529360801E+01  0.2138224848E-02
  0.9996176167E+00 -0.5529491935E+01  0.2116867672E-02
  0.9996214405E+00 -0.5529621757E+01  0.2095723569E-02
  0.9996252261E+00 -0.5529750281E+01  0.2074790417E-02
  0.9996289738E+00 -0.5529877520E+01  0.2054066118E-02
  0.9996326841E+00 -0.5530003487E+01  0.2033548592E-02
  0.9996363573E+00 -0.5530128194E+01  0.2013235781E-02
  0.9996399937E+00 -0.5530251654E+01  0.1993125647E-02
  0.9996435938E+00 -0.5530373880E+01  0.1973216172E-02
  0.9996471578E+00 -0.5530494884E+01  0.1953505358E-02
  0.9996506862E+00 -0.5530614678E+01  0.1933991228E-02
  0.9996541794E+00 -0.5530733274E+01  0.1914671823E-02
  0.9996576376E+00 -0.5530850684E+01  0.1895545203E-02
  0.9996610612E+00 -0.5530966920E+01  0.1876609450E-02
  0.9996644506E+00 -0.5531081993E+01  0.1857862662E-02
  0.9996678400E+00 -0.5531197067E+01  0.1839115485E-02
  0.9996712294E+00 -0.5531312141E+01  0.1820367917E-02
  0.9996746188E+00 -0.5531427215E+01  0.1801619959E-02
  0.9996780081E+00 -0.5531542289E+01  0.1782871611E-02
  0.9996813975E+00 -0.5531657364E+01  0.1764122873E-02
  0.9996847869E+00 -0.5531772438E+01  0.1745373745E-02
  0.9996881763E+00 -0.5531887512E+01  0.1726624228E-02
  0.9996915657E+00 -0.5532002587E+01  0.1707874320E-02
  0.9996949551E+00 -0.5532117661E+01  0.1689124022E-02
  0.9996983445E+00 -0.5532232736E+01  0.1670373334E-02
  0.9997017339E+00 -0.5532347811E+01  0.1651622256E-02
  0.9997051232E+00 -0.5532462886E+01  0.1632870788E-02
  0.9997085126E+00 -0.5532577961E+01  0.1614118929E-02
  0.9997119020E+00 -0.5532693036E+01  0.1595366681E-02
  0.9997152914E+00 -0.5532808111E+01  0.1576614043E-02
  0.9997186808E+00 -0.5532923186E+01  0.1557861015E-02
  0.9997220702E+00 -0.5533038261E+01  0.1539107597E-02
  0.9997254596E+00 -0.5533153336E+01  0.1520353788E-02
  0.9997288490E+00 -0.5533268412E+01  0.1501599590E-02
  0.9997322384E+00 -0.5533383487E+01  0.1482845002E-02
  0.9997356277E+00 -0.5533498563E+01  0.1464090023E-02
  0.9997390171E+00 -0.5533613638E+01  0.1445334655E-02
  0.9997424065E+00 -0.5533728714E+01  0.1426578897E-02
  0.9997457959E+00 -0.5533843790E+01  0.1407822748E-02
  0.9997491853E+00 -0.5533958866E+01  0.1389066210E-02
  0.9997525747E+00 -0.5534073941E+01  0.1370309281E-02
  0.9997559641E+00 -0.5534189017E+01  0.1351551962E-02
  0.9997593535E+00 -0.5534304093E+01  0.1332794254E-02
  0.9997627428E+00 -0.5534419169E+01  0.1314036155E-02
  0.9997661322E+00 -0.5534534246E+01  0.1295277666E-02
  0.9997695216E+00 -0.5534649322E+01  0.1276518788E-02
  0.9997729110E+00 -0.5534764398E+01  0.1257759519E-02
  0.9997763004E+00 -0.5534879475E+01  0.1238999860E-02
  0.9997796898E+00 -0.5534994551E+01  0.1220239811E-02
  0.9997830792E+00 -0.5535109627E+01  0.1201479372E-02
  0.9997864686E+00 -0.5535224704E+01  0.1182718543E-02
  0.9997898579E+00 -0.5535339781E+01  0.1163957324E-02
  0.9997932473E+00 -0.5535454857E+01  0.1145195715E-02
  0.9997966367E+00 -0.5535569934E+01  0.1126433716E-02
  0.9998000261E+00 -0.5535685011E+01  0.1107671327E-02
  0.9998034155E+00 -0.5535800087E+01  0.1088908548E-02
  0.9998068049E+00 -0.5535915164E+01  0.1070145379E-02
  0.9998101943E+00 -0.5536030241E+01  0.1051381820E-02
  0.9998135837E+00 -0.5536145318E+01  0.1032617870E-02
  0.9998169731E+00 -0.5536260395E+01  0.1013853531E-02
  0.9998203624E+00 -0.5536375472E+01  0.9950888018E-03
  0.9998237518E+00 -0.5536490550E+01  0.9763236824E-03
  0.9998271412E+00 -0.5536605627E+01  0.9575581730E-03
  0.9998305306E+00 -0.5536720704E+01  0.9387922735E-03
  0.9998339200E+00 -0.5536835781E+01  0.9200259840E-03
  0.9998373094E+00 -0.5536950859E+01  0.9012593045E-03
  0.9998406988E+00 -0.5537065936E+01  0.8824922349E-03
  0.9998440882E+00 -0.5537181013E+01  0.8637247753E-03
  0.9998474775E+00 -0.5537296091E+01  0.8449569256E-03
  0.9998508669E+00 -0.5537411168E+01  0.8261886859E-03
  0.9998542563E+00 -0.5537526246E+01  0.8074200561E-03
  0.9998576457E+00 -0.5537641323E+01  0.7886510363E-03
  0.9998610351E+00 -0.5537756401E+01  0.7698816265E-03
  0.9998644245E+00 -0.5537871479E+01  0.7511118266E-03
  0.9998678139E+00 -0.5537986556E+01  0.7323416367E-03
  0.9998712033E+00 -0.5538101634E+01  0.7135710567E-03
  0.9998745926E+00 -0.5538216712E+01  0.6948000867E-03
  0.9998779820E+00 -0.5538331790E+01  0.6760287267E-03
  0.9998813714E+00 -0.5538446868E+01  0.6572569766E-03
  0.9998847608E+00 -0.5538561945E+01  0.6384848364E-03
  0.9998881502E+00 -0.5538677023E+01  0.6197123062E-03
  0.9998915396E+00 -0.5538792101E+01  0.6009393860E-03
  0.9998949290E+00 -0.5538907179E+01  0.5821660757E-03
  0.9998983184E+00 -0.5539022257E+01  0.5633923754E-03
  0.9999017077E+00 -0.5539137335E+01  0.5446182851E-03
  0.9999050971E+00 -0.5539252413E+01  0.5258438047E-03
  0.9999084865E+00 -0.5539367491E+01  0.5070689342E-03
  0.9999118759E+00 -0.5539482569E+01  0.4882936737E-03
  0.9999152653E+00 -0.5539597648E+01  0.4695180232E-03
  0.9999186547E+00 -0.5539712726E+01  0.4507419826E-03
  0.9999220441E+00 -0.5539827804E+01  0.4319655520E-03
  0.9999254335E+00 -0.5539942882E+01  0.4131887313E-03
  0.9999288229E+00 -0.5540057960E+01  0.3944115206E-03
  0.9999322122E+00 -0.5540173039E+01  0.3756339198E-03
  0.9999356016E+00 -0.5540288117E+01  0.3568559290E-03
  0.9999389910E+00 -0.5540403195E+01  0.3380775482E-03
  0.9999423804E+00 -0.5540518273E+01  0.3192987773E-03
  0.9999457698E+00 -0.5540633352E+01  0.3005196163E-03
  0.9999491592E+00 -0.5540748430E+01  0.2817400653E-03
  0.9999525486E+00 -0.5540863508E+01  0.2629601243E-03
  0.9999559380E+00 -0.5540978587E+01  0.2441797932E-03
  0.9999593273E+00 -0.5541093665E+01  0.2253990721E-03
  0.9999627167E+00 -0.5541208743E+01  0.2066179609E-03
  0.9999661061E+00 -0.5541323822E+01  0.1878364597E-03
  0.9999694955E+00 -0.5541438900E+01  0.1690545685E-03
  0.9999728849E+00 -0.5541553979E+01  0.1502722872E-03
  0.9999762743E+00 -0.5541669057E+01  0.1314896158E-03
  0.9999796637E+00 -0.5541784135E+01  0.1127065544E-03
  0.9999830531E+00 -0.5541899214E+01  0.9392310300E-04
  0.9999864424E+00 -0.5542014292E+01  0.7513926152E-04
  0.9999898318E+00 -0.5542129371E+01  0.5635502999E-04
  0.9999932212E+00 -0.5542244449E+01  0.3757040842E-04
  0.9999966106E+00 -0.5542359527E+01  0.1878539680E-04
  0.1000000000E+01 -0.5542471734E+01  0.3877785995E-17
  0.1000000000E+01 -0.5542471734E+01  0.0000000000E+00
