  0.0000000000E+00  0.5542473970E+01  0.0000000000E+00
  0.6996492144E-18  0.5542473970E+01  0.3877787559E-17
  0.3389387958E-05  0.5542346116E+01  0.1878537786E-04
  0.6778775916E-05  0.5542218263E+01  0.3757032237E-04
  0.1016816387E-04  0.5542090410E+01  0.5635483354E-04
  0.1355755183E-04  0.5541962556E+01  0.7513891137E-04
  0.1694693979E-04  0.5541834703E+01  0.9392255585E-04
  0.2033632775E-04  0.5541706850E+01  0.1127057670E-03
  0.2372571571E-04  0.5541578997E+01  0.1314885448E-03
  0.2711510367E-04  0.5541451143E+01  0.1502708892E-03
  0.3050449162E-04  0.5541323290E+01  0.1690528003E-03
  0.3389387958E-04  0.5541195437E+01  0.1878342781E-03
  0.3728326754E-04  0.5541067584E+01  0.2066153225E-03
  0.4067265550E-04  0.5540939730E+01  0.2253959336E-03
  0.4406204346E-04  0.5540811877E+01  0.2441761113E-03
  0.4745143141E-04  0.5540684024E+01  0.2629558557E-03
  0.5084081937E-04  0.5540556170E+01  0.2817351667E-03
  0.5423020733E-04  0.5540428317E+01  0.3005140444E-03
  0.5761959529E-04  0.5540300464E+01  0.3192924888E-03
  0.6100898325E-04  0.5540172611E+01  0.3380704998E-03
  0.6439837120E-04  0.5540044757E+01  0.3568480774E-03
  0.6778775916E-04  0.5539916904E+01  0.3756252217E-03
  0.7117714712E-04  0.5539789051E+01  0.3944019327E-03
  0.7456653508E-04  0.5539661197E+01  0.4131782103E-03
  0.7795592304E-04  0.5539533344E+01  0.4319540546E-03
  0.8134531100E-04  0.5539405491E+01  0.4507294656E-03
  0.8473469895E-04  0.5539277637E+01  0.4695044432E-03
  0.8812408691E-04  0.5539149784E+01  0.4882789874E-03
  0.9151347487E-04  0.5539021931E+01  0.5070530983E-03
  0.9490286283E-04  0.5538894078E+01  0.5258267759E-03
  0.9829225079E-04  0.5538766224E+01  0.5446000201E-03
  0.1016816387E-03  0.5538638371E+01  0.5633728310E-03
  0.1050710267E-03  0.5538510518E+01  0.5821452085E-03
  0.1084604147E-03  0.5538382664E+01  0.6009171527E-03
  0.1118498026E-03  0.5538254811E+01  0.6196886635E-03
  0.1152391906E-03  0.5538126958E+01  0.6384597410E-03
  0.1186285785E-03  0.5537999104E+01  0.6572303851E-03
  0.1220179665E-03  0.5537871251E+01  0.6760005959E-03
  0.1254073545E-03  0.5537743398E+01  0.6947703734E-03
  0.1287967424E-03  0.5537615544E+01  0.7135397175E-03
  0.1321861304E-03  0.5537487691E+01  0.7323086283E-03
  0.1355755183E-03  0.5537359838E+01  0.7510771057E-03
  0.1389649063E-03  0.5537231984E+01  0.7698451498E-03
  0.1423542942E-03  0.5537104131E+01  0.7886127605E-03
  0.1457436822E-03  0.5536976277E+01  0.8073799379E-03
  0.1491330702E-03  0.5536848424E+01  0.8261466820E-03
  0.1525224581E-03  0.5536720571E+01  0.8449129927E-03
  0.1559118461E-03  0.5536592717E+01  0.8636788700E-03
  0.1593012340E-03  0.5536464864E+01  0.8824443140E-03
  0.1626906220E-03  0.5536337011E+01  0.9012093247E-03
  0.1660800099E-03  0.5536209157E+01  0.9199739020E-03
  0.1694693979E-03  0.5536081304E+01  0.9387380460E-03
  0.1728587859E-03  0.5535953450E+01  0.9575017567E-03
  0.1762481738E-03  0.5535825597E+01  0.9762650339E-03
  0.1796375618E-03  0.5535697743E+01  0.9950278779E-03
  0.1830269497E-03  0.5535569890E+01  0.1013790288E-02
  0.1864163377E-03  0.5535442037E+01  0.1032552266E-02
  0.1898057257E-03  0.5535314183E+01  0.1051313810E-02
  0.1931951136E-03  0.5535186330E+01  0.1070074920E-02
  0.1965845016E-03  0.5535058476E+01  0.1088835597E-02
  0.1999738895E-03  0.5534930623E+01  0.1107595841E-02
  0.2033632775E-03  0.5534802769E+01  0.1126355652E-02
  0.2067526654E-03  0.5534674916E+01  0.1145115029E-02
  0.2101420534E-03  0.5534547062E+01  0.1163873973E-02
  0.2135314414E-03  0.5534419209E+01  0.1182632483E-02
  0.2169208293E-03  0.5534291355E+01  0.1201390561E-02
  0.2203102173E-03  0.5534163502E+01  0.1220148204E-02
  0.2236996052E-03  0.5534035648E+01  0.1238905415E-02
  0.2270889932E-03  0.5533907795E+01  0.1257662192E-02
  0.2304783812E-03  0.5533779941E+01  0.1276418536E-02
  0.2338677691E-03  0.5533652088E+01  0.1295174446E-02
  0.2372571571E-03  0.5533524234E+01  0.1313929923E-02
  0.2406465450E-03  0.5533396381E+01  0.1332684967E-02
  0.2440359330E-03  0.5533268527E+01  0.1351439577E-02
  0.2474253209E-03  0.5533140674E+01  0.1370193754E-02
  0.2508147089E-03  0.5533012820E+01  0.1388947498E-02
  0.2542040969E-03  0.5532884967E+01  0.1407700808E-02
  0.2575934848E-03  0.5532757113E+01  0.1426453685E-02
  0.2609828728E-03  0.5532629259E+01  0.1445206129E-02
  0.2643722607E-03  0.5532501406E+01  0.1463958139E-02
  0.2677616487E-03  0.5532373552E+01  0.1482709716E-02
  0.2711510367E-03  0.5532245699E+01  0.1501460860E-02
  0.2745404246E-03  0.5532117845E+01  0.1520211570E-02
  0.2779298126E-03  0.5531989991E+01  0.1538961847E-02
  0.2813192005E-03  0.5531862138E+01  0.1557711691E-02
  0.2847085885E-03  0.5531734284E+01  0.1576461101E-02
  0.2880979764E-03  0.5531606431E+01  0.1595210078E-02
  0.2914873644E-03  0.5531478578E+01  0.1613958621E-02
  0.2948767524E-03  0.5531350725E+01  0.1632706732E-02
  0.2982661403E-03  0.5531222872E+01  0.1651454409E-02
  0.3016555283E-03  0.5531095019E+01  0.1670201652E-02
  0.3050449162E-03  0.5530967166E+01  0.1688948462E-02
  0.3084343042E-03  0.5530839313E+01  0.1707694839E-02
  0.3118236921E-03  0.5530711460E+01  0.1726440783E-02
  0.3152130801E-03  0.5530583607E+01  0.1745186293E-02
  0.3186024681E-03  0.5530455754E+01  0.1763931370E-02
  0.3219918560E-03  0.5530327901E+01  0.1782676013E-02
  0.3253812440E-03  0.5530200048E+01  0.1801420223E-02
  0.3287706319E-03  0.5530072196E+01  0.1820164000E-02
  0.3321600199E-03  0.5529944343E+01  0.1838907343E-02
  0.3355494079E-03  0.5529816490E+01  0.1857650253E-02
  0.3389387958E-03  0.5529688637E+01  0.1876392730E-02
  0.3423624200E-03  0.5529559493E+01  0.1895324085E-02
  0.3458206263E-03  0.5529429044E+01  0.1914446217E-02
  0.3493137639E-03  0.5529297278E+01  0.1933761043E-02
  0.3528421858E-03  0.5529164181E+01  0.1953270502E-02
  0.3564062483E-03  0.5529029739E+01  0.1972976549E-02
  0.3600063114E-03  0.5528893939E+01  0.1992881160E-02
  0.3636427388E-03  0.5528756768E+01  0.2012986332E-02
  0.3673158977E-03  0.5528618211E+01  0.2033294080E-02
  0.3710261593E-03  0.5528478255E+01  0.2053806441E-02
  0.3747738983E-03  0.5528336885E+01  0.2074525469E-02
  0.3785594932E-03  0.5528194087E+01  0.2095453243E-02
  0.3823833265E-03  0.5528049846E+01  0.2116591860E-02
  0.3862457844E-03  0.5527904149E+01  0.2137943438E-02
  0.3901472569E-03  0.5527756980E+01  0.2159510117E-02
  0.3940881383E-03  0.5527608324E+01  0.2181294059E-02
  0.3980688266E-03  0.5527458167E+01  0.2203297445E-02
  0.4020897238E-03  0.5527306493E+01  0.2225522482E-02
  0.4061512362E-03  0.5527153287E+01  0.2247971394E-02
  0.4102537739E-03  0.5526998534E+01  0.2270646432E-02
  0.4143977514E-03  0.5526842217E+01  0.2293549866E-02
  0.4185835873E-03  0.5526684322E+01  0.2316683990E-02
  0.4228117043E-03  0.5526524832E+01  0.2340051121E-02
  0.4270825296E-03  0.5526363730E+01  0.2363653599E-02
  0.4313964946E-03  0.5526201002E+01  0.2387493787E-02
  0.4357540349E-03  0.5526036630E+01  0.2411574073E-02
  0.4401555908E-03  0.5525870597E+01  0.2435896866E-02
  0.4446016069E-03  0.5525702887E+01  0.2460464603E-02
  0.4490925322E-03  0.5525533484E+01  0.2485279742E-02
  0.4536288204E-03  0.5525362369E+01  0.2510344766E-02
  0.4582109297E-03  0.5525189526E+01  0.2535662184E-02
  0.4628393230E-03  0.5525014937E+01  0.2561234530E-02
  0.4675144676E-03  0.5524838585E+01  0.2587064362E-02
  0.4722368360E-03  0.5524660451E+01  0.2613154264E-02
  0.4770069051E-03  0.5524480518E+01  0.2639506847E-02
  0.4818251566E-03  0.5524298768E+01  0.2666124746E-02
  0.4866920774E-03  0.5524115181E+01  0.2693010624E-02
  0.4916081590E-03  0.5523929741E+01  0.2720167169E-02
  0.4965738980E-03  0.5523742427E+01  0.2747597097E-02
  0.5015897959E-03  0.5523553221E+01  0.2775303151E-02
  0.5066563595E-03  0.5523362105E+01  0.2803288100E-02
  0.5117741005E-03  0.5523169057E+01  0.2831554743E-02
  0.5169435359E-03  0.5522974060E+01  0.2860105905E-02
  0.5221651878E-03  0.5522777093E+01  0.2888944438E-02
  0.5274395836E-03  0.5522578137E+01  0.2918073226E-02
  0.5327672562E-03  0.5522377171E+01  0.2947495179E-02
  0.5381487436E-03  0.5522174176E+01  0.2977213236E-02
  0.5435845895E-03  0.5521969129E+01  0.3007230366E-02
  0.5490753429E-03  0.5521762012E+01  0.3037549569E-02
  0.5546215585E-03  0.5521552803E+01  0.3068173871E-02
  0.5602237965E-03  0.5521341481E+01  0.3099106332E-02
  0.5658826227E-03  0.5521128024E+01  0.3130350040E-02
  0.5715986088E-03  0.5520912411E+01  0.3161908115E-02
  0.5773723321E-03  0.5520694620E+01  0.3193783707E-02
  0.5832043759E-03  0.5520474629E+01  0.3225979998E-02
  0.5890953291E-03  0.5520252417E+01  0.3258500201E-02
  0.5950457870E-03  0.5520027960E+01  0.3291347563E-02
  0.6010563505E-03  0.5519801235E+01  0.3324525360E-02
  0.6071276268E-03  0.5519572221E+01  0.3358036903E-02
  0.6132602291E-03  0.5519340893E+01  0.3391885535E-02
  0.6194547769E-03  0.5519107229E+01  0.3426074632E-02
  0.6257118958E-03  0.5518871205E+01  0.3460607604E-02
  0.6320322180E-03  0.5518632797E+01  0.3495487895E-02
  0.6384163818E-03  0.5518391981E+01  0.3530718982E-02
  0.6448650321E-03  0.5518148732E+01  0.3566304378E-02
  0.6513788203E-03  0.5517903027E+01  0.3602247630E-02
  0.6579584044E-03  0.5517654839E+01  0.3638552320E-02
  0.6646044489E-03  0.5517404145E+01  0.3675222067E-02
  0.6713176251E-03  0.5517150919E+01  0.3712260523E-02
  0.6780986112E-03  0.5516895135E+01  0.3749671380E-02
  0.6849480921E-03  0.5516636768E+01  0.3787458363E-02
  0.6918667597E-03  0.5516375791E+01  0.3825625236E-02
  0.6988553129E-03  0.5516112177E+01  0.3864175800E-02
  0.7059144575E-03  0.5515845902E+01  0.3903113894E-02
  0.7130449065E-03  0.5515576937E+01  0.3942443393E-02
  0.7202473803E-03  0.5515305255E+01  0.3982168213E-02
  0.7275226064E-03  0.5515030829E+01  0.4022292307E-02
  0.7348713196E-03  0.5514753631E+01  0.4062819669E-02
  0.7422942622E-03  0.5514473633E+01  0.4103754329E-02
  0.7497921840E-03  0.5514190808E+01  0.4145100361E-02
  0.7573658425E-03  0.5513905125E+01  0.4186861877E-02
  0.7650160025E-03  0.5513616558E+01  0.4229043030E-02
  0.7727434369E-03  0.5513325075E+01  0.4271648014E-02
  0.7805489261E-03  0.5513030649E+01  0.4314681064E-02
  0.7884332587E-03  0.5512733248E+01  0.4358146459E-02
  0.7963972310E-03  0.5512432844E+01  0.4402048518E-02
  0.8044416475E-03  0.5512129406E+01  0.4446391603E-02
  0.8125673207E-03  0.5511822903E+01  0.4491180120E-02
  0.8207750714E-03  0.5511513304E+01  0.4536418518E-02
  0.8290657287E-03  0.5511200578E+01  0.4582111289E-02
  0.8374401300E-03  0.5510884694E+01  0.4628262972E-02
  0.8458991212E-03  0.5510565619E+01  0.4674878148E-02
  0.8544435568E-03  0.5510243321E+01  0.4721961443E-02
  0.8630742998E-03  0.5509917768E+01  0.4769517533E-02
  0.8717922220E-03  0.5509588927E+01  0.4817551134E-02
  0.8805982040E-03  0.5509256765E+01  0.4866067012E-02
  0.8894931354E-03  0.5508921248E+01  0.4915069981E-02
  0.8984779145E-03  0.5508582342E+01  0.4964564899E-02
  0.9075534490E-03  0.5508240013E+01  0.5014556675E-02
  0.9167206556E-03  0.5507894226E+01  0.5065050264E-02
  0.9259804602E-03  0.5507544947E+01  0.5116050671E-02
  0.9353337982E-03  0.5507192141E+01  0.5167562950E-02
  0.9447816143E-03  0.5506835771E+01  0.5219592206E-02
  0.9543248629E-03  0.5506475801E+01  0.5272143591E-02
  0.9639645080E-03  0.5506112196E+01  0.5325222311E-02
  0.9737015233E-03  0.5505744919E+01  0.5378833621E-02
  0.9835368922E-03  0.5505373932E+01  0.5432982829E-02
  0.9934716083E-03  0.5504999198E+01  0.5487675295E-02
  0.1003506675E-02  0.5504620680E+01  0.5542916430E-02
  0.1013643106E-02  0.5504238338E+01  0.5598711700E-02
  0.1023881925E-02  0.5503852135E+01  0.5655066624E-02
  0.1034224167E-02  0.5503462031E+01  0.5711986776E-02
  0.1044670876E-02  0.5503067988E+01  0.5769477783E-02
  0.1055223107E-02  0.5502669964E+01  0.5827545328E-02
  0.1065881926E-02  0.5502267921E+01  0.5886195150E-02
  0.1076648410E-02  0.5501861817E+01  0.5945433044E-02
  0.1087523647E-02  0.5501451612E+01  0.6005264861E-02
  0.1098508734E-02  0.5501037264E+01  0.6065696512E-02
  0.1109604782E-02  0.5500618731E+01  0.6126733962E-02
  0.1120812911E-02  0.5500195971E+01  0.6188383238E-02
  0.1132134253E-02  0.5499768941E+01  0.6250650424E-02
  0.1143569953E-02  0.5499337599E+01  0.6313541662E-02
  0.1155121165E-02  0.5498901900E+01  0.6377063158E-02
  0.1166789055E-02  0.5498461801E+01  0.6441221176E-02
  0.1178574803E-02  0.5498017257E+01  0.6506022042E-02
  0.1190479599E-02  0.5497568224E+01  0.6571472143E-02
  0.1202504646E-02  0.5497114656E+01  0.6637577929E-02
  0.1214651157E-02  0.5496656507E+01  0.6704345914E-02
  0.1226920361E-02  0.5496193731E+01  0.6771782673E-02
  0.1239313496E-02  0.5495726281E+01  0.6839894847E-02
  0.1251831814E-02  0.5495254110E+01  0.6908689141E-02
  0.1264476580E-02  0.5494777171E+01  0.6978172327E-02
  0.1277249070E-02  0.5494295416E+01  0.7048351241E-02
  0.1290150576E-02  0.5493808794E+01  0.7119232786E-02
  0.1303182400E-02  0.5493317259E+01  0.7190823932E-02
  0.1316345859E-02  0.5492820760E+01  0.7263131719E-02
  0.1329642282E-02  0.5492319246E+01  0.7336163252E-02
  0.1343073012E-02  0.5491812668E+01  0.7409925707E-02
  0.1356639406E-02  0.5491300973E+01  0.7484426331E-02
  0.1370342834E-02  0.5490784112E+01  0.7559672439E-02
  0.1384184681E-02  0.5490262030E+01  0.7635671418E-02
  0.1398166344E-02  0.5489734677E+01  0.7712430728E-02
  0.1412289237E-02  0.5489201997E+01  0.7789957898E-02
  0.1426554785E-02  0.5488663939E+01  0.7868260534E-02
  0.1440964429E-02  0.5488120446E+01  0.7947346313E-02
  0.1455519625E-02  0.5487571466E+01  0.8027222988E-02
  0.1470221844E-02  0.5487016941E+01  0.8107898386E-02
  0.1485072569E-02  0.5486456816E+01  0.8189380410E-02
  0.1500073302E-02  0.5485891036E+01  0.8271677041E-02
  0.1515225558E-02  0.5485319541E+01  0.8354796334E-02
  0.1530530867E-02  0.5484742276E+01  0.8438746425E-02
  0.1545990774E-02  0.5484159181E+01  0.8523535528E-02
  0.1561606843E-02  0.5483570198E+01  0.8609171934E-02
  0.1577380649E-02  0.5482975268E+01  0.8695664017E-02
  0.1593313787E-02  0.5482374330E+01  0.8783020230E-02
  0.1609407866E-02  0.5481767324E+01  0.8871249109E-02
  0.1625664511E-02  0.5481154188E+01  0.8960359272E-02
  0.1642085364E-02  0.5480534861E+01  0.9050359417E-02
  0.1658672085E-02  0.5479909280E+01  0.9141258331E-02
  0.1675426349E-02  0.5479277382E+01  0.9233064882E-02
  0.1692349847E-02  0.5478639103E+01  0.9325788023E-02
  0.1709444290E-02  0.5477994379E+01  0.9419436796E-02
  0.1726711404E-02  0.5477343146E+01  0.9514020327E-02
  0.1744152934E-02  0.5476685336E+01  0.9609547831E-02
  0.1761770640E-02  0.5476020885E+01  0.9706028613E-02
  0.1779566303E-02  0.5475349724E+01  0.9803472063E-02
  0.1797541720E-02  0.5474671786E+01  0.9901887666E-02
  0.1815698707E-02  0.5473987004E+01  0.1000128499E-01
  0.1834039098E-02  0.5473295307E+01  0.1010167371E-01
  0.1852564746E-02  0.5472596626E+01  0.1020306358E-01
  0.1871277521E-02  0.5471890890E+01  0.1030546445E-01
  0.1890179314E-02  0.5471178029E+01  0.1040888626E-01
  0.1909272034E-02  0.5470457971E+01  0.1051333906E-01
  0.1928557610E-02  0.5469730642E+01  0.1061883298E-01
  0.1948037990E-02  0.5468995970E+01  0.1072537825E-01
  0.1967715142E-02  0.5468253880E+01  0.1083298521E-01
  0.1987591052E-02  0.5467504298E+01  0.1094166429E-01
  0.2007667730E-02  0.5466747148E+01  0.1105142601E-01
  0.2027947202E-02  0.5465982354E+01  0.1116228100E-01
  0.2048431517E-02  0.5465209839E+01  0.1127423999E-01
  0.2069122744E-02  0.5464429524E+01  0.1138731382E-01
  0.2090022974E-02  0.5463641332E+01  0.1150151342E-01
  0.2111134317E-02  0.5462845182E+01  0.1161684982E-01
  0.2132458906E-02  0.5462040995E+01  0.1173333417E-01
  0.2153998895E-02  0.5461228689E+01  0.1185097773E-01
  0.2175756460E-02  0.5460408274E+01  0.1196979184E-01
  0.2197733798E-02  0.5459579627E+01  0.1208978797E-01
  0.2219933129E-02  0.5458742620E+01  0.1221097770E-01
  0.2242356696E-02  0.5457897168E+01  0.1233337270E-01
  0.2265006764E-02  0.5457043186E+01  0.1245698477E-01
  0.2287885620E-02  0.5456180588E+01  0.1258182581E-01
  0.2310995576E-02  0.5455309287E+01  0.1270790783E-01
  0.2334338965E-02  0.5454429196E+01  0.1283524297E-01
  0.2357918147E-02  0.5453540227E+01  0.1296384346E-01
  0.2381735502E-02  0.5452642289E+01  0.1309372167E-01
  0.2405793436E-02  0.5451735293E+01  0.1322489007E-01
  0.2430094380E-02  0.5450819148E+01  0.1335736125E-01
  0.2454640788E-02  0.5449893762E+01  0.1349114793E-01
  0.2479435139E-02  0.5448959041E+01  0.1362626292E-01
  0.2504479939E-02  0.5448014892E+01  0.1376271918E-01
  0.2529777716E-02  0.5447061220E+01  0.1390052979E-01
  0.2555331026E-02  0.5446097929E+01  0.1403970792E-01
  0.2581142450E-02  0.5445124923E+01  0.1418026691E-01
  0.2607214596E-02  0.5444142103E+01  0.1432222019E-01
  0.2633550097E-02  0.5443149372E+01  0.1446558133E-01
  0.2660151614E-02  0.5442146630E+01  0.1461036402E-01
  0.2687021832E-02  0.5441133775E+01  0.1475658208E-01
  0.2714163467E-02  0.5440110706E+01  0.1490424946E-01
  0.2741579259E-02  0.5439077322E+01  0.1505338024E-01
  0.2769271979E-02  0.5438033517E+01  0.1520398863E-01
  0.2797244423E-02  0.5436979188E+01  0.1535608898E-01
  0.2825499417E-02  0.5435914228E+01  0.1550969575E-01
  0.2854039815E-02  0.5434838532E+01  0.1566482355E-01
  0.2882868500E-02  0.5433751990E+01  0.1582148714E-01
  0.2911988384E-02  0.5432654494E+01  0.1597970139E-01
  0.2941402408E-02  0.5431545935E+01  0.1613948131E-01
  0.2971113544E-02  0.5430426201E+01  0.1630084208E-01
  0.3001124792E-02  0.5429295180E+01  0.1646379897E-01
  0.3031439184E-02  0.5428152758E+01  0.1662836744E-01
  0.3062059781E-02  0.5426998822E+01  0.1679456305E-01
  0.3092989678E-02  0.5425833256E+01  0.1696240154E-01
  0.3124231998E-02  0.5424655942E+01  0.1713189877E-01
  0.3155789897E-02  0.5423466764E+01  0.1730307075E-01
  0.3187666563E-02  0.5422265603E+01  0.1747593364E-01
  0.3219865215E-02  0.5421052337E+01  0.1765050375E-01
  0.3252389106E-02  0.5419826847E+01  0.1782679754E-01
  0.3285241521E-02  0.5418589008E+01  0.1800483161E-01
  0.3318425779E-02  0.5417338699E+01  0.1818462272E-01
  0.3351945231E-02  0.5416075792E+01  0.1836618778E-01
  0.3385803264E-02  0.5414800164E+01  0.1854954385E-01
  0.3420003297E-02  0.5413511685E+01  0.1873470816E-01
  0.3454548785E-02  0.5412210227E+01  0.1892169809E-01
  0.3489443217E-02  0.5410895661E+01  0.1911053115E-01
  0.3524690118E-02  0.5409567855E+01  0.1930122506E-01
  0.3560293049E-02  0.5408226677E+01  0.1949379765E-01
  0.3596255605E-02  0.5406871992E+01  0.1968826695E-01
  0.3632581419E-02  0.5405503666E+01  0.1988465112E-01
  0.3669274160E-02  0.5404121563E+01  0.2008296851E-01
  0.3706337536E-02  0.5402725544E+01  0.2028323763E-01
  0.3743775289E-02  0.5401315470E+01  0.2048547714E-01
  0.3781591201E-02  0.5399891201E+01  0.2068970588E-01
  0.3819789092E-02  0.5398454431E+01  0.2089594289E-01
  0.3858372820E-02  0.5397003557E+01  0.2110420740E-01
  0.3897346283E-02  0.5395538145E+01  0.2131451876E-01
  0.3936713417E-02  0.5394058053E+01  0.2152689650E-01
  0.3976478199E-02  0.5392563135E+01  0.2174136032E-01
  0.4016644645E-02  0.5391053247E+01  0.2195793010E-01
  0.4057216813E-02  0.5389528241E+01  0.2217662588E-01
  0.4098198801E-02  0.5387987968E+01  0.2239746790E-01
  0.4139594749E-02  0.5386432278E+01  0.2262047657E-01
  0.4181408837E-02  0.5384861020E+01  0.2284567247E-01
  0.4223645290E-02  0.5383274186E+01  0.2307307639E-01
  0.4266308374E-02  0.5381671979E+01  0.2330270929E-01
  0.4309402398E-02  0.5380053766E+01  0.2353459232E-01
  0.4352931715E-02  0.5378419392E+01  0.2376874682E-01
  0.4396900722E-02  0.5376768698E+01  0.2400519429E-01
  0.4441313861E-02  0.5375101526E+01  0.2424395644E-01
  0.4486175617E-02  0.5373417715E+01  0.2448505517E-01
  0.4531490522E-02  0.5371717104E+01  0.2472851255E-01
  0.4577263154E-02  0.5369999528E+01  0.2497435087E-01
  0.4623498135E-02  0.5368264823E+01  0.2522259259E-01
  0.4670200136E-02  0.5366512822E+01  0.2547326039E-01
  0.4717373875E-02  0.5364743358E+01  0.2572637713E-01
  0.4765024116E-02  0.5362956261E+01  0.2598196587E-01
  0.4813155673E-02  0.5361151361E+01  0.2624004987E-01
  0.4861773407E-02  0.5359328485E+01  0.2650065258E-01
  0.4910882230E-02  0.5357487459E+01  0.2676379769E-01
  0.4960487101E-02  0.5355628107E+01  0.2702950905E-01
  0.5010593031E-02  0.5353750308E+01  0.2729781073E-01
  0.5061205082E-02  0.5351854036E+01  0.2756872703E-01
  0.5112328365E-02  0.5349938915E+01  0.2784228243E-01
  0.5163968046E-02  0.5348004763E+01  0.2811850162E-01
  0.5216129339E-02  0.5346051399E+01  0.2839740952E-01
  0.5268817514E-02  0.5344078637E+01  0.2867903124E-01
  0.5322037893E-02  0.5342084813E+01  0.2896339208E-01
  0.5375795852E-02  0.5340070657E+01  0.2925051751E-01
  0.5430096820E-02  0.5338036462E+01  0.2954043329E-01
  0.5484946283E-02  0.5335982034E+01  0.2983316538E-01
  0.5540349781E-02  0.5333907179E+01  0.3012873997E-01
  0.5596312910E-02  0.5331811700E+01  0.3042718347E-01
  0.5652841323E-02  0.5329695400E+01  0.3072852251E-01
  0.5709940730E-02  0.5327558078E+01  0.3103278394E-01
  0.5767616899E-02  0.5325399533E+01  0.3133999483E-01
  0.5825875656E-02  0.5323219562E+01  0.3165018249E-01
  0.5884722885E-02  0.5321018779E+01  0.3196337445E-01
  0.5944164530E-02  0.5318796339E+01  0.3227959851E-01
  0.6004206596E-02  0.5316551888E+01  0.3259888265E-01
  0.6064855147E-02  0.5314285219E+01  0.3292125509E-01
  0.6126116310E-02  0.5311996120E+01  0.3324674426E-01
  0.6187996273E-02  0.5309684377E+01  0.3357537886E-01
  0.6250501286E-02  0.5307349396E+01  0.3390718778E-01
  0.6313637663E-02  0.5304989444E+01  0.3424220009E-01
  0.6377411780E-02  0.5302604607E+01  0.3458044506E-01
  0.6441830081E-02  0.5300190327E+01  0.3492195208E-01
  0.6506899072E-02  0.5297751940E+01  0.3526675078E-01
  0.6572625325E-02  0.5295289211E+01  0.3561487124E-01
  0.6639015480E-02  0.5292801905E+01  0.3596634374E-01
  0.6706076242E-02  0.5290293184E+01  0.3632119895E-01
  0.6773814386E-02  0.5287772388E+01  0.3667946822E-01
  0.6842236754E-02  0.5285228270E+01  0.3704118309E-01
  0.6911350256E-02  0.5282659288E+01  0.3740637495E-01
  0.6981161875E-02  0.5280065215E+01  0.3777507540E-01
  0.7051678662E-02  0.5277445823E+01  0.3814731627E-01
  0.7122907739E-02  0.5274800879E+01  0.3852312967E-01
  0.7194856302E-02  0.5272130152E+01  0.3890254794E-01
  0.7267531618E-02  0.5269433407E+01  0.3928560367E-01
  0.7340941029E-02  0.5266710409E+01  0.3967232972E-01
  0.7415091948E-02  0.5263960918E+01  0.4006275920E-01
  0.7489991867E-02  0.5261184697E+01  0.4045692548E-01
  0.7565648350E-02  0.5258381504E+01  0.4085486217E-01
  0.7642069041E-02  0.5255551096E+01  0.4125660317E-01
  0.7719261657E-02  0.5252693229E+01  0.4166218260E-01
  0.7797233997E-02  0.5249804044E+01  0.4207163475E-01
  0.7875993937E-02  0.5246886558E+01  0.4248499410E-01
  0.7955549431E-02  0.5243946151E+01  0.4290229580E-01
  0.8035908516E-02  0.5240966379E+01  0.4332357478E-01
  0.8117079309E-02  0.5237956102E+01  0.4374886601E-01
  0.8199070009E-02  0.5234915984E+01  0.4417820507E-01
  0.8281888898E-02  0.5231838437E+01  0.4461162755E-01
  0.8365544342E-02  0.5228730718E+01  0.4504916933E-01
  0.8450044790E-02  0.5225593644E+01  0.4549086687E-01
  0.8535398777E-02  0.5222437313E+01  0.4593675743E-01
  0.8621614927E-02  0.5219250429E+01  0.4638687848E-01
  0.8708701946E-02  0.5216032724E+01  0.4684126733E-01
  0.8796668632E-02  0.5212783926E+01  0.4729996156E-01
  0.8885523871E-02  0.5209503762E+01  0.4776299899E-01
  0.8975276638E-02  0.5206191958E+01  0.4823041774E-01
  0.9065935997E-02  0.5202838153E+01  0.4870225574E-01
  0.9157511109E-02  0.5199450648E+01  0.4917855112E-01
  0.9250011221E-02  0.5196038672E+01  0.4965934308E-01
  0.9343445678E-02  0.5192610489E+01  0.5014467198E-01
  0.9437823917E-02  0.5189154756E+01  0.5063457834E-01
  0.9533155471E-02  0.5185666471E+01  0.5112910226E-01
  0.9629449971E-02  0.5182145376E+01  0.5162828389E-01
  0.9726717143E-02  0.5178591209E+01  0.5213216366E-01
  0.9824966811E-02  0.5175003711E+01  0.5264078229E-01
  0.9924208900E-02  0.5171382619E+01  0.5315418079E-01
  0.1002445343E-01  0.5167695884E+01  0.5367239884E-01
  0.1012571054E-01  0.5163972546E+01  0.5419547626E-01
  0.1022799044E-01  0.5160216967E+01  0.5472345482E-01
  0.1033130348E-01  0.5156427702E+01  0.5525637675E-01
  0.1043566008E-01  0.5152602474E+01  0.5579428443E-01
  0.1054107079E-01  0.5148749329E+01  0.5633722082E-01
  0.1064754625E-01  0.5144876396E+01  0.5688523010E-01
  0.1075509722E-01  0.5140967397E+01  0.5743835635E-01
  0.1086373457E-01  0.5137033898E+01  0.5799664374E-01
  0.1097346926E-01  0.5133086114E+01  0.5856013797E-01
  0.1108431238E-01  0.5129122641E+01  0.5912888561E-01
  0.1119627514E-01  0.5125123704E+01  0.5970293243E-01
  0.1130936882E-01  0.5121089053E+01  0.6028232342E-01
  0.1142360487E-01  0.5117018439E+01  0.6086710389E-01
  0.1153899482E-01  0.5112911613E+01  0.6145731944E-01
  0.1165555032E-01  0.5108776125E+01  0.6205301642E-01
  0.1177328316E-01  0.5104595800E+01  0.6265424102E-01
  0.1189220521E-01  0.5100344954E+01  0.6326103727E-01
  0.1201232849E-01  0.5096044627E+01  0.6387344917E-01
  0.1213366514E-01  0.5091705127E+01  0.6449152289E-01
  0.1225622742E-01  0.5087326155E+01  0.6511530551E-01
  0.1238002770E-01  0.5082907410E+01  0.6574484437E-01
  0.1250507848E-01  0.5078448589E+01  0.6638018714E-01
  0.1263139240E-01  0.5073948977E+01  0.6702138173E-01
  0.1275898223E-01  0.5069381491E+01  0.6766847460E-01
  0.1288786083E-01  0.5064756837E+01  0.6832151142E-01
  0.1301804125E-01  0.5060094183E+01  0.6898054006E-01
  0.1314953661E-01  0.5055388713E+01  0.6964560962E-01
  0.1328236022E-01  0.5050619664E+01  0.7031676784E-01
  0.1341652547E-01  0.5045802597E+01  0.7099406237E-01
  0.1355204593E-01  0.5040939510E+01  0.7167754234E-01
  0.1368893528E-01  0.5036011634E+01  0.7236725600E-01
  0.1382720736E-01  0.5031037633E+01  0.7306325188E-01
  0.1396687612E-01  0.5026017130E+01  0.7376558007E-01
  0.1410795567E-01  0.5020949740E+01  0.7447429089E-01
  0.1425046028E-01  0.5015835079E+01  0.7518943491E-01
  0.1439440432E-01  0.5010760440E+01  0.7591106926E-01
  0.1453980234E-01  0.5005648825E+01  0.7663925231E-01
  0.1468666903E-01  0.5000515946E+01  0.7737403846E-01
  0.1483501923E-01  0.4995378853E+01  0.7811548492E-01
  0.1498486790E-01  0.4990196619E+01  0.7886364757E-01
  0.1513623021E-01  0.4984968859E+01  0.7961857957E-01
  0.1528912142E-01  0.4979695179E+01  0.8038033436E-01
  0.1544355699E-01  0.4974375178E+01  0.8114896563E-01
  0.1559955252E-01  0.4969008451E+01  0.8192452730E-01
  0.1575712375E-01  0.4963594585E+01  0.8270707358E-01
  0.1591628662E-01  0.4958133160E+01  0.8349665889E-01
  0.1607705719E-01  0.4952623749E+01  0.8429333792E-01
  0.1623945171E-01  0.4947072882E+01  0.8509716615E-01
  0.1640348657E-01  0.4941500273E+01  0.8590820153E-01
  0.1656917836E-01  0.4935843232E+01  0.8672649886E-01
  0.1673654380E-01  0.4930082455E+01  0.8755210635E-01
  0.1690559979E-01  0.4924270555E+01  0.8838507509E-01
  0.1707636343E-01  0.4918406298E+01  0.8922546073E-01
  0.1724885195E-01  0.4912489155E+01  0.9007331903E-01
  0.1742308278E-01  0.4906506782E+01  0.9092870492E-01
  0.1759907351E-01  0.4900418315E+01  0.9179166890E-01
  0.1777684193E-01  0.4894296767E+01  0.9266226441E-01
  0.1795640599E-01  0.4888135460E+01  0.9354055103E-01
  0.1813778383E-01  0.4881916155E+01  0.9442658645E-01
  0.1832099377E-01  0.4875602865E+01  0.9532042368E-01
  0.1850605431E-01  0.4869198761E+01  0.9622211282E-01
  0.1869298415E-01  0.4862733447E+01  0.9713170709E-01
  0.1888180217E-01  0.4856224059E+01  0.9804926426E-01
  0.1907252745E-01  0.4849690182E+01  0.9897484584E-01
  0.1926517924E-01  0.4843094867E+01  0.9990851204E-01
  0.1945977701E-01  0.4836450387E+01  0.1008503210E+00
  0.1965634041E-01  0.4829768087E+01  0.1018003334E+00
  0.1985488931E-01  0.4823079041E+01  0.1027586145E+00
  0.2005544374E-01  0.4816332320E+01  0.1037252278E+00
  0.2025802398E-01  0.4809524661E+01  0.1047002320E+00
  0.2046265049E-01  0.4802648222E+01  0.1056836847E+00
  0.2066934393E-01  0.4795648524E+01  0.1066756372E+00
  0.2087812518E-01  0.4788585987E+01  0.1076761414E+00
  0.2108901533E-01  0.4781459994E+01  0.1086852557E+00
  0.2130203569E-01  0.4774253465E+01  0.1097030364E+00
  0.2151720777E-01  0.4766961577E+01  0.1107295379E+00
  0.2173455330E-01  0.4759603218E+01  0.1117648161E+00
  0.2195409424E-01  0.4752160519E+01  0.1128089269E+00
  0.2217585277E-01  0.4744644312E+01  0.1138619256E+00
  0.2239985128E-01  0.4737060061E+01  0.1149238694E+00
  0.2262611241E-01  0.4729407142E+01  0.1159948162E+00
  0.2285465900E-01  0.4721607016E+01  0.1170748147E+00
  0.2308551414E-01  0.4713755094E+01  0.1181639157E+00
  0.2331870115E-01  0.4705848461E+01  0.1192621803E+00
  0.2355424359E-01  0.4697870060E+01  0.1203696676E+00
  0.2379216524E-01  0.4689819293E+01  0.1214864349E+00
  0.2403249014E-01  0.4681695558E+01  0.1226125391E+00
  0.2427524257E-01  0.4673498253E+01  0.1237480371E+00
  0.2452044704E-01  0.4665176445E+01  0.1248929795E+00
  0.2476812832E-01  0.4656720742E+01  0.1260474092E+00
  0.2501831143E-01  0.4648150588E+01  0.1272113701E+00
  0.2527102165E-01  0.4639392068E+01  0.1283848985E+00
  0.2552628449E-01  0.4630546818E+01  0.1295680340E+00
  0.2578412575E-01  0.4621613985E+01  0.1307608284E+00
  0.2604457147E-01  0.4612617356E+01  0.1319633364E+00
  0.2630764795E-01  0.4603533616E+01  0.1331756127E+00
  0.2657338176E-01  0.4594356198E+01  0.1343977079E+00
  0.2684179976E-01  0.4585084028E+01  0.1356296713E+00
  0.2711292905E-01  0.4575716035E+01  0.1368715519E+00
  0.2738679702E-01  0.4566264884E+01  0.1381233998E+00
  0.2766343134E-01  0.4556786741E+01  0.1393852744E+00
  0.2794285993E-01  0.4547280796E+01  0.1406572428E+00
  0.2822511105E-01  0.4537679277E+01  0.1419393628E+00
  0.2851021318E-01  0.4527980941E+01  0.1432316824E+00
  0.2879819513E-01  0.4518187096E+01  0.1445342489E+00
  0.2908908599E-01  0.4508434975E+01  0.1458471299E+00
  0.2938291514E-01  0.4498739165E+01  0.1471704150E+00
  0.2967971226E-01  0.4488951330E+01  0.1485041754E+00
  0.2997950734E-01  0.4479054117E+01  0.1498484573E+00
  0.3028233064E-01  0.4468981351E+01  0.1512032941E+00
  0.3058821277E-01  0.4458781728E+01  0.1525687157E+00
  0.3089718462E-01  0.4448428054E+01  0.1539447542E+00
  0.3120927739E-01  0.4437889191E+01  0.1553314319E+00
  0.3152452262E-01  0.4427119384E+01  0.1567287578E+00
  0.3184295214E-01  0.4416212842E+01  0.1581367468E+00
  0.3216459812E-01  0.4405341115E+01  0.1595554555E+00
  0.3248949305E-01  0.4394369422E+01  0.1609849461E+00
  0.3281766975E-01  0.4383287602E+01  0.1624252574E+00
  0.3314916136E-01  0.4372038970E+01  0.1638764161E+00
  0.3348400137E-01  0.4360678706E+01  0.1653384477E+00
  0.3382222361E-01  0.4349207453E+01  0.1668113863E+00
  0.3416386223E-01  0.4337527987E+01  0.1682952485E+00
  0.3450895175E-01  0.4325655759E+01  0.1697900354E+00
  0.3485752702E-01  0.4313714706E+01  0.1712957709E+00
  0.3520962325E-01  0.4301864943E+01  0.1728125274E+00
  0.3556527601E-01  0.4289901220E+01  0.1743403701E+00
  0.3592452122E-01  0.4277822117E+01  0.1758793269E+00
  0.3628739518E-01  0.4265623112E+01  0.1774294238E+00
  0.3665393452E-01  0.4253301801E+01  0.1789906843E+00
  0.3702417628E-01  0.4240670297E+01  0.1805630959E+00
  0.3739815786E-01  0.4227883585E+01  0.1821466375E+00
  0.3777591703E-01  0.4214955228E+01  0.1837413174E+00
  0.3815749195E-01  0.4201882687E+01  0.1853471445E+00
  0.3854292116E-01  0.4188663482E+01  0.1869641253E+00
  0.3893224360E-01  0.4175440543E+01  0.1885922920E+00
  0.3932549859E-01  0.4162151578E+01  0.1902316918E+00
  0.3972272585E-01  0.4148710241E+01  0.1918823423E+00
  0.4012396550E-01  0.4135114338E+01  0.1935442417E+00
  0.4052925808E-01  0.4121408508E+01  0.1952173955E+00
  0.4093864453E-01  0.4107669205E+01  0.1969018319E+00
  0.4135216619E-01  0.4094143690E+01  0.1985976455E+00
  0.4176986484E-01  0.4080516446E+01  0.2003049178E+00
  0.4219178266E-01  0.4066699029E+01  0.2020236455E+00
  0.4261796229E-01  0.4052696651E+01  0.2037538060E+00
  0.4304844675E-01  0.4038529733E+01  0.2054953796E+00
  0.4348327955E-01  0.4024214069E+01  0.2072483524E+00
  0.4392250460E-01  0.4009775585E+01  0.2090127171E+00
  0.4436616626E-01  0.3995390982E+01  0.2107885099E+00
  0.4481430935E-01  0.3980905038E+01  0.2125757708E+00
  0.4526697914E-01  0.3966251913E+01  0.2143744898E+00
  0.4572422136E-01  0.3951562225E+01  0.2161846692E+00
  0.4618608218E-01  0.3936726665E+01  0.2180063150E+00
  0.4665260826E-01  0.3921794257E+01  0.2198394175E+00
  0.4712384673E-01  0.3906729931E+01  0.2216839684E+00
  0.4759984518E-01  0.3891538061E+01  0.2235399501E+00
  0.4808065170E-01  0.3876223807E+01  0.2254073454E+00
  0.4856631485E-01  0.3860924632E+01  0.2272861693E+00
  0.4905688368E-01  0.3845693435E+01  0.2291764826E+00
  0.4955240776E-01  0.3830366657E+01  0.2310783189E+00
  0.5005293713E-01  0.3814953272E+01  0.2329916725E+00
  0.5055852235E-01  0.3799463134E+01  0.2349165407E+00
  0.5106921450E-01  0.3783906971E+01  0.2368529245E+00
  0.5158506515E-01  0.3768047478E+01  0.2388007648E+00
  0.5210612641E-01  0.3752033861E+01  0.2407599764E+00
  0.5263245092E-01  0.3736185524E+01  0.2427305931E+00
  0.5316409184E-01  0.3720863431E+01  0.2447128292E+00
  0.5370110287E-01  0.3705515483E+01  0.2467068529E+00
  0.5424353825E-01  0.3690153683E+01  0.2487126892E+00
  0.5479145278E-01  0.3674790488E+01  0.2507303692E+00
  0.5534490180E-01  0.3659280499E+01  0.2527598864E+00
  0.5590394121E-01  0.3643454327E+01  0.2548011447E+00
  0.5646862749E-01  0.3628016227E+01  0.2568541945E+00
  0.5703901766E-01  0.3612556943E+01  0.2589191704E+00
  0.5761516936E-01  0.3596700850E+01  0.2609959834E+00
  0.5819714076E-01  0.3580829580E+01  0.2630845422E+00
  0.5878499067E-01  0.3565025151E+01  0.2651848872E+00
  0.5937877846E-01  0.3549297530E+01  0.2672970862E+00
  0.5997856410E-01  0.3533655475E+01  0.2694212129E+00
  0.6058440818E-01  0.3518106293E+01  0.2715573470E+00
  0.6119637190E-01  0.3502406365E+01  0.2737054965E+00
  0.6181451707E-01  0.3485815340E+01  0.2758653642E+00
  0.6243890613E-01  0.3469287843E+01  0.2780367094E+00
  0.6306960215E-01  0.3452677666E+01  0.2802195375E+00
  0.6370666884E-01  0.3436098339E+01  0.2824138423E+00
  0.6435017054E-01  0.3419590282E+01  0.2846196660E+00
  0.6500017227E-01  0.3403169662E+01  0.2868370688E+00
  0.6565673966E-01  0.3387127704E+01  0.2890662128E+00
  0.6631993905E-01  0.3371344425E+01  0.2913073201E+00
  0.6698983743E-01  0.3355664081E+01  0.2935605261E+00
  0.6766650245E-01  0.3340092990E+01  0.2958259184E+00
  0.6835000248E-01  0.3324563926E+01  0.2981035650E+00
  0.6904040654E-01  0.3308790775E+01  0.3003934125E+00
  0.6973778439E-01  0.3292656000E+01  0.3026952639E+00
  0.7044220645E-01  0.3276164782E+01  0.3050088750E+00
  0.7115374389E-01  0.3259482769E+01  0.3073340540E+00
  0.7187246858E-01  0.3242467646E+01  0.3096706101E+00
  0.7259845311E-01  0.3225707984E+01  0.3120185079E+00
  0.7333177082E-01  0.3209544419E+01  0.3143780501E+00
  0.7407249577E-01  0.3192989683E+01  0.3167493085E+00
  0.7482070280E-01  0.3176220529E+01  0.3191320525E+00
  0.7557646748E-01  0.3159242346E+01  0.3215261120E+00
  0.7633986614E-01  0.3143019574E+01  0.3239316811E+00
  0.7711097590E-01  0.3126649953E+01  0.3263489828E+00
  0.7788987464E-01  0.3109883474E+01  0.3287777968E+00
  0.7867664105E-01  0.3093165725E+01  0.3312179722E+00
  0.7947135460E-01  0.3076178282E+01  0.3336694028E+00
  0.8027409556E-01  0.3059018706E+01  0.3361318898E+00
  0.8108494501E-01  0.3041678398E+01  0.3386052632E+00
  0.8190398485E-01  0.3023599181E+01  0.3410891153E+00
  0.8273129783E-01  0.3005784162E+01  0.3435832088E+00
  0.8356696751E-01  0.2987871144E+01  0.3460875668E+00
  0.8441107829E-01  0.2969636498E+01  0.3486019650E+00
  0.8526371544E-01  0.2951177415E+01  0.3511261180E+00
  0.8612496510E-01  0.2932397878E+01  0.3536597316E+00
  0.8699491424E-01  0.2913184927E+01  0.3562024114E+00
  0.8787365075E-01  0.2893866514E+01  0.3587538455E+00
  0.8876126338E-01  0.2874507595E+01  0.3613138863E+00
  0.8965784180E-01  0.2855178203E+01  0.3638824427E+00
  0.9056347656E-01  0.2836039074E+01  0.3664595248E+00
  0.9147825915E-01  0.2817166509E+01  0.3690452518E+00
  0.9240228197E-01  0.2797726334E+01  0.3716393964E+00
  0.9333563836E-01  0.2778714684E+01  0.3742417998E+00
  0.9427842258E-01  0.2760156000E+01  0.3768527797E+00
  0.9523072988E-01  0.2741451736E+01  0.3794723903E+00
  0.9619265645E-01  0.2722723477E+01  0.3821004580E+00
  0.9716429944E-01  0.2702411467E+01  0.3847361052E+00
  0.9814575701E-01  0.2681005824E+01  0.3873779030E+00
  0.9913712829E-01  0.2659210828E+01  0.3900249717E+00
  0.1001385134E+00  0.2636504913E+01  0.3926764972E+00
  0.1011500136E+00  0.2613654298E+01  0.3953317656E+00
  0.1021717309E+00  0.2590611767E+01  0.3979904099E+00
  0.1032037686E+00  0.2568309961E+01  0.4006525108E+00
  0.1042462309E+00  0.2548192335E+01  0.4033193912E+00
  0.1052992231E+00  0.2528773816E+01  0.4059923941E+00
  0.1063628516E+00  0.2510104743E+01  0.4086721416E+00
  0.1074372239E+00  0.2490530594E+01  0.4113584135E+00
  0.1085224483E+00  0.2468696889E+01  0.4140493510E+00
  0.1096186347E+00  0.2445832970E+01  0.4167429713E+00
  0.1107258936E+00  0.2421786477E+01  0.4194378288E+00
  0.1118443370E+00  0.2396548718E+01  0.4221323464E+00
  0.1129740778E+00  0.2369629873E+01  0.4248246195E+00
  0.1141152301E+00  0.2340921950E+01  0.4275123480E+00
  0.1152679092E+00  0.2310798513E+01  0.4301933185E+00
  0.1164322315E+00  0.2279292170E+01  0.4328654910E+00
  0.1176083146E+00  0.2246482033E+01  0.4355268344E+00
  0.1187962774E+00  0.2211240797E+01  0.4381746388E+00
  0.1199962398E+00  0.2173818324E+01  0.4408055918E+00
  0.1212083230E+00  0.2135925403E+01  0.4434174759E+00
  0.1224326495E+00  0.2096470666E+01  0.4460083932E+00
  0.1236693429E+00  0.2056330989E+01  0.4485762644E+00
  0.1249185282E+00  0.2015980762E+01  0.4511198004E+00
  0.1261803315E+00  0.1975463589E+01  0.4536380093E+00
  0.1274548803E+00  0.1935692241E+01  0.4561304887E+00
  0.1287423034E+00  0.1896879168E+01  0.4585975591E+00
  0.1300427307E+00  0.1858770486E+01  0.4610395338E+00
  0.1313562936E+00  0.1821782914E+01  0.4634568530E+00
  0.1326831249E+00  0.1786959431E+01  0.4658509491E+00
  0.1340233585E+00  0.1753121972E+01  0.4682232171E+00
  0.1353771298E+00  0.1720177834E+01  0.4705742439E+00
  0.1367445755E+00  0.1688128418E+01  0.4729045808E+00
  0.1381258338E+00  0.1656965653E+01  0.4752148004E+00
  0.1395210443E+00  0.1627577473E+01  0.4775061148E+00
  0.1409303478E+00  0.1599935218E+01  0.4797803873E+00
  0.1423538866E+00  0.1574540449E+01  0.4820398820E+00
  0.1437918047E+00  0.1549957965E+01  0.4842862683E+00
  0.1452442472E+00  0.1525656745E+01  0.4865198450E+00
  0.1467113608E+00  0.1501485312E+01  0.4887404257E+00
  0.1481932937E+00  0.1479059323E+01  0.4909489093E+00
  0.1496901957E+00  0.1456865067E+01  0.4931463048E+00
  0.1512022178E+00  0.1436297760E+01  0.4953335680E+00
  0.1527295130E+00  0.1416965725E+01  0.4975124557E+00
  0.1542722353E+00  0.1398204029E+01  0.4996839684E+00
  0.1558305407E+00  0.1377386485E+01  0.5018465772E+00
  0.1574045866E+00  0.1355026987E+01  0.5039970493E+00
  0.1589945319E+00  0.1331617671E+01  0.5061328583E+00
  0.1606005373E+00  0.1308179189E+01  0.5082526223E+00
  0.1622227649E+00  0.1285924811E+01  0.5103567359E+00
  0.1638613787E+00  0.1262640447E+01  0.5124447930E+00
  0.1655165442E+00  0.1244393564E+01  0.5145195710E+00
  0.1671884284E+00  0.1228974112E+01  0.5165871633E+00
  0.1688772004E+00  0.1214024428E+01  0.5186499971E+00
  0.1705830308E+00  0.1199162769E+01  0.5207082410E+00
  0.1723060917E+00  0.1183733818E+01  0.5227611790E+00
  0.1740465572E+00  0.1167107456E+01  0.5248069581E+00
  0.1758046033E+00  0.1148530490E+01  0.5268424572E+00
  0.1775804074E+00  0.1127296568E+01  0.5288631687E+00
  0.1793741488E+00  0.1102929742E+01  0.5308633934E+00
  0.1811860089E+00  0.1073593734E+01  0.5328351714E+00
  0.1830161706E+00  0.1042556000E+01  0.5347716195E+00
  0.1848648188E+00  0.1011145694E+01  0.5366699055E+00
  0.1867321402E+00  0.9793227423E+00  0.5385283276E+00
  0.1886183235E+00  0.9480536338E+00  0.5403460201E+00
  0.1905235591E+00  0.9189430757E+00  0.5421245544E+00
  0.1924480394E+00  0.8913392359E+00  0.5438664808E+00
  0.1943919590E+00  0.8661853934E+00  0.5455747241E+00
  0.1963555142E+00  0.8416815684E+00  0.5472514696E+00
  0.1983389032E+00  0.8173655475E+00  0.5488967375E+00
  0.2003423265E+00  0.7931040408E+00  0.5505099636E+00
  0.2023659863E+00  0.7676334121E+00  0.5520891645E+00
  0.2044100872E+00  0.7418935474E+00  0.5536319772E+00
  0.2064748356E+00  0.7181600788E+00  0.5551392988E+00
  0.2085604400E+00  0.6939359272E+00  0.5566118357E+00
  0.2106671111E+00  0.6661683018E+00  0.5580444818E+00
  0.2127950617E+00  0.6412465055E+00  0.5594355389E+00
  0.2149445068E+00  0.6222315983E+00  0.5607934273E+00
  0.2171156634E+00  0.6029252951E+00  0.5621234310E+00
  0.2193087509E+00  0.5833108888E+00  0.5634241909E+00
  0.2215239908E+00  0.5659409612E+00  0.5646971252E+00
  0.2237616069E+00  0.5496012675E+00  0.5659452028E+00
  0.2260218251E+00  0.5378513357E+00  0.5671741429E+00
  0.2283048739E+00  0.5269320268E+00  0.5683896191E+00
  0.2306109837E+00  0.5149919373E+00  0.5695910146E+00
  0.2329403876E+00  0.5002355175E+00  0.5707734520E+00
  0.2352933208E+00  0.4889089748E+00  0.5719371475E+00
  0.2376700210E+00  0.4794906305E+00  0.5730879452E+00
  0.2400707283E+00  0.4698463969E+00  0.5742274854E+00
  0.2424956851E+00  0.4610581120E+00  0.5753561870E+00
  0.2449451365E+00  0.4527992721E+00  0.5764754116E+00
  0.2474193298E+00  0.4502581987E+00  0.5775925810E+00
  0.2499185149E+00  0.4535912224E+00  0.5787220245E+00
  0.2524429444E+00  0.4596932485E+00  0.5798747856E+00
  0.2549928731E+00  0.4693485883E+00  0.5810592809E+00
  0.2575685587E+00  0.4803224103E+00  0.5822823078E+00
  0.2601702613E+00  0.4890864906E+00  0.5835433647E+00
  0.2627982438E+00  0.4939754126E+00  0.5848350994E+00
  0.2654527715E+00  0.4972963866E+00  0.5861507786E+00
  0.2681341126E+00  0.5017891618E+00  0.5874902232E+00
  0.2708425380E+00  0.5109076802E+00  0.5888616301E+00
  0.2735783212E+00  0.5227463748E+00  0.5902755568E+00
  0.2763417386E+00  0.5373363774E+00  0.5917402824E+00
  0.2791330693E+00  0.5555724077E+00  0.5932656173E+00
  0.2819525952E+00  0.5792851864E+00  0.5948654975E+00
  0.2848006012E+00  0.6072281504E+00  0.5965550961E+00
  0.2876773750E+00  0.6382131387E+00  0.5983465225E+00
  0.2905832071E+00  0.6692934083E+00  0.6002462197E+00
  0.2935183910E+00  0.7017435290E+00  0.6022583425E+00
  0.2964832232E+00  0.7319734325E+00  0.6043837076E+00
  0.2994780032E+00  0.7678396055E+00  0.6066295127E+00
  0.3025030336E+00  0.8012673481E+00  0.6090028107E+00
  0.3055586198E+00  0.8276108492E+00  0.6114913996E+00
  0.3086450705E+00  0.8449804986E+00  0.6140725850E+00
  0.3117626974E+00  0.8562650485E+00  0.6167245095E+00
  0.3149118156E+00  0.8627617234E+00  0.6194312187E+00
  0.3180927430E+00  0.8607735354E+00  0.6221724390E+00
  0.3213058010E+00  0.8572599980E+00  0.6249325097E+00
  0.3245513142E+00  0.8485013062E+00  0.6277005450E+00
  0.3278296103E+00  0.8288957289E+00  0.6304500471E+00
  0.3311410205E+00  0.7984547870E+00  0.6331444597E+00
  0.3344858793E+00  0.7714197089E+00  0.6357699639E+00
  0.3378645245E+00  0.7495695694E+00  0.6383394055E+00
  0.3412772975E+00  0.7316327114E+00  0.6408669091E+00
  0.3447245429E+00  0.7154321583E+00  0.6433611030E+00
  0.3482066090E+00  0.7017749529E+00  0.6458285074E+00
  0.3517238475E+00  0.6816023606E+00  0.6482613413E+00
  0.3552766136E+00  0.6668966124E+00  0.6506567921E+00
  0.3588652663E+00  0.6604337801E+00  0.6530384560E+00
  0.3624901680E+00  0.6598233299E+00  0.6554313571E+00
  0.3661516848E+00  0.6621030443E+00  0.6578514849E+00
  0.3698501867E+00  0.6683992291E+00  0.6603119175E+00
  0.3735860472E+00  0.6745743815E+00  0.6628204985E+00
  0.3773596436E+00  0.6819171397E+00  0.6653799243E+00
  0.3811713572E+00  0.6829626005E+00  0.6679811896E+00
  0.3850215729E+00  0.6732748957E+00  0.6705920931E+00
  0.3889106797E+00  0.6588167397E+00  0.6731824164E+00
  0.3928390704E+00  0.6491086501E+00  0.6757514374E+00
  0.3968071418E+00  0.6409024176E+00  0.6783108654E+00
  0.4008152948E+00  0.6343477333E+00  0.6808665642E+00
  0.4048639341E+00  0.6249908684E+00  0.6834158681E+00
  0.4089534688E+00  0.6108742404E+00  0.6859429247E+00
  0.4130843119E+00  0.5936945001E+00  0.6884308670E+00
  0.4172568807E+00  0.5809873630E+00  0.6908815874E+00
  0.4214715967E+00  0.5791914583E+00  0.6933264995E+00
  0.4257288855E+00  0.5887504623E+00  0.6958126326E+00
  0.4300291773E+00  0.6093414694E+00  0.6983887050E+00
  0.4343729064E+00  0.6249560376E+00  0.7010694320E+00
  0.4387605115E+00  0.6397625730E+00  0.7038439749E+00
  0.4431924359E+00  0.6546054043E+00  0.7067122454E+00
  0.4476691271E+00  0.6615482283E+00  0.7096582521E+00
  0.4521910375E+00  0.6695674507E+00  0.7126678450E+00
  0.4567586237E+00  0.6757847784E+00  0.7157403512E+00
  0.4613723472E+00  0.6774999956E+00  0.7188621921E+00
  0.4660326740E+00  0.6718294086E+00  0.7220063500E+00
  0.4707400747E+00  0.6636561879E+00  0.7251496830E+00
  0.4754950250E+00  0.6528054024E+00  0.7282795376E+00
  0.4802980050E+00  0.6379455459E+00  0.7313792632E+00
  0.4851495000E+00  0.6168127096E+00  0.7344229899E+00
  0.4900500000E+00  0.5920037333E+00  0.7373848924E+00
  0.4950000000E+00  0.5641261864E+00  0.7402463139E+00
  0.5000000000E+00  0.5381084442E+00  0.7429879081E+00
  0.5050000000E+00  0.5262290716E+00  0.7456487519E+00
  0.5099500000E+00  0.5186008492E+00  0.7482347059E+00
  0.5148505000E+00  0.5052648751E+00  0.7507434329E+00
  0.5197019950E+00  0.4832308666E+00  0.7531412740E+00
  0.5245049750E+00  0.4652682779E+00  0.7554190852E+00
  0.5292599253E+00  0.4560836691E+00  0.7576095766E+00
  0.5339673260E+00  0.4512656266E+00  0.7597452049E+00
  0.5386276528E+00  0.4433812604E+00  0.7618298783E+00
  0.5432413763E+00  0.4316526660E+00  0.7638484606E+00
  0.5478089625E+00  0.4141569707E+00  0.7657801148E+00
  0.5523308729E+00  0.3930109788E+00  0.7676050854E+00
  0.5568075641E+00  0.3725350871E+00  0.7693186421E+00
  0.5612394885E+00  0.3526364217E+00  0.7709255947E+00
  0.5656270936E+00  0.3300789207E+00  0.7724233374E+00
  0.5699708227E+00  0.3025148926E+00  0.7737972455E+00
  0.5742711145E+00  0.2716754028E+00  0.7750318384E+00
  0.5785284033E+00  0.2431667232E+00  0.7761277542E+00
  0.5827431193E+00  0.2202505825E+00  0.7771043404E+00
  0.5869156881E+00  0.1979186028E+00  0.7779767602E+00
  0.5910465312E+00  0.1762765502E+00  0.7787496309E+00
  0.5951360659E+00  0.1559087601E+00  0.7794288726E+00
  0.5991847052E+00  0.1321509667E+00  0.7800119976E+00
  0.6031928582E+00  0.1158107466E+00  0.7805089318E+00
  0.6071609296E+00  0.1025092935E+00  0.7809420866E+00
  0.6110893203E+00  0.9070189059E-01  0.7813215911E+00
  0.6149784271E+00  0.7731029597E-01  0.7816482998E+00
  0.6188286428E+00  0.6018976092E-01  0.7819130022E+00
  0.6226403564E+00  0.3433919672E-01  0.7820931609E+00
  0.6264139528E+00  0.6228214436E-02  0.7821697034E+00
  0.6301498133E+00 -0.2359125566E-01  0.7821372704E+00
  0.6338483152E+00 -0.5245975538E-01  0.7819966330E+00
  0.6375098320E+00 -0.8185216102E-01  0.7817507403E+00
  0.6411347337E+00 -0.1071037999E+00  0.7814082670E+00
  0.6447233864E+00 -0.1276647854E+00  0.7809870155E+00
  0.6482761525E+00 -0.1517564268E+00  0.7804906564E+00
  0.6517933910E+00 -0.1798743686E+00  0.7799074441E+00
  0.6552754571E+00 -0.2123934251E+00  0.7792244929E+00
  0.6587227025E+00 -0.2503924302E+00  0.7784268247E+00
  0.6621354755E+00 -0.2910464904E+00  0.7775029206E+00
  0.6655141207E+00 -0.3273183404E+00  0.7764583029E+00
  0.6688589795E+00 -0.3581272870E+00  0.7753119435E+00
  0.6721703897E+00 -0.3825513008E+00  0.7740855982E+00
  0.6754486858E+00 -0.4018848780E+00  0.7727997912E+00
  0.6786941990E+00 -0.4141625718E+00  0.7714755448E+00
  0.6819072570E+00 -0.4254106764E+00  0.7701267460E+00
  0.6850881844E+00 -0.4404991801E+00  0.7687495478E+00
  0.6882373026E+00 -0.4560359127E+00  0.7673379004E+00
  0.6913549295E+00 -0.4722625899E+00  0.7658908561E+00
  0.6944413802E+00 -0.4919827193E+00  0.7644028083E+00
  0.6974969664E+00 -0.5152007082E+00  0.7628640404E+00
  0.7005219968E+00 -0.5409975351E+00  0.7612665246E+00
  0.7035167768E+00 -0.5624946168E+00  0.7596141664E+00
  0.7064816090E+00 -0.5816043630E+00  0.7579181357E+00
  0.7094167929E+00 -0.5983650730E+00  0.7561864220E+00
  0.7123226250E+00 -0.6144291780E+00  0.7544243338E+00
  0.7151993988E+00 -0.6321069417E+00  0.7526313326E+00
  0.7180474048E+00 -0.6491123621E+00  0.7508068725E+00
  0.7208669307E+00 -0.6699584867E+00  0.7489472952E+00
  0.7236582614E+00 -0.6952984958E+00  0.7470418534E+00
  0.7264216788E+00 -0.7235885844E+00  0.7450813648E+00
  0.7291574620E+00 -0.7543558156E+00  0.7430596970E+00
  0.7318658874E+00 -0.7875285203E+00  0.7409716577E+00
  0.7345472285E+00 -0.8259628758E+00  0.7388084973E+00
  0.7372017562E+00 -0.8633719098E+00  0.7365663043E+00
  0.7398297387E+00 -0.8978062210E+00  0.7342521317E+00
  0.7424314413E+00 -0.9258846606E+00  0.7318797810E+00
  0.7450071269E+00 -0.9506237332E+00  0.7294631332E+00
  0.7475570556E+00 -0.9705137662E+00  0.7270137513E+00
  0.7500814851E+00 -0.9852819442E+00  0.7245451172E+00
  0.7525806702E+00 -0.1003372315E+01  0.7220601096E+00
  0.7550548635E+00 -0.1025327604E+01  0.7195504117E+00
  0.7575043149E+00 -0.1045355666E+01  0.7170143927E+00
  0.7599292717E+00 -0.1067917947E+01  0.7144520941E+00
  0.7623299790E+00 -0.1094272277E+01  0.7118567012E+00
  0.7647066792E+00 -0.1123301059E+01  0.7092214477E+00
  0.7670596124E+00 -0.1154039688E+01  0.7065422323E+00
  0.7693890163E+00 -0.1183065272E+01  0.7038202016E+00
  0.7716951261E+00 -0.1210834936E+01  0.7010599032E+00
  0.7739781749E+00 -0.1236482212E+01  0.6982662311E+00
  0.7762383931E+00 -0.1260930211E+01  0.6954438825E+00
  0.7784760092E+00 -0.1279405650E+01  0.6926017343E+00
  0.7806912491E+00 -0.1296979428E+01  0.6897480788E+00
  0.7828843366E+00 -0.1311973156E+01  0.6868872481E+00
  0.7850554932E+00 -0.1320213602E+01  0.6840298033E+00
  0.7872049383E+00 -0.1326719371E+01  0.6811850848E+00
  0.7893328889E+00 -0.1336130543E+01  0.6783518782E+00
  0.7914395600E+00 -0.1345829778E+01  0.6755268740E+00
  0.7935251644E+00 -0.1353320694E+01  0.6727121940E+00
  0.7955899128E+00 -0.1359169495E+01  0.6699118892E+00
  0.7976340137E+00 -0.1367939601E+01  0.6671246461E+00
  0.7996576735E+00 -0.1382081519E+01  0.6643420924E+00
  0.8016610968E+00 -0.1400713531E+01  0.6615545343E+00
  0.8036444858E+00 -0.1421712999E+01  0.6587555494E+00
  0.8056080410E+00 -0.1445616473E+01  0.6559404696E+00
  0.8075519606E+00 -0.1472494415E+01  0.6531041831E+00
  0.8094764409E+00 -0.1501660407E+01  0.6502423318E+00
  0.8113816765E+00 -0.1534986571E+01  0.6473495679E+00
  0.8132678598E+00 -0.1570546737E+01  0.6444207654E+00
  0.8151351812E+00 -0.1605365157E+01  0.6414555413E+00
  0.8169838294E+00 -0.1639705523E+01  0.6384560443E+00
  0.8188139911E+00 -0.1671318157E+01  0.6354261899E+00
  0.8206258512E+00 -0.1701951467E+01  0.6323702436E+00
  0.8224195926E+00 -0.1732479905E+01  0.6292900026E+00
  0.8241953967E+00 -0.1763656614E+01  0.6261857759E+00
  0.8259534428E+00 -0.1793632375E+01  0.6230588370E+00
  0.8276939083E+00 -0.1822411369E+01  0.6199120371E+00
  0.8294169692E+00 -0.1850102848E+01  0.6167480543E+00
  0.8311227996E+00 -0.1875157294E+01  0.6135707235E+00
  0.8328115716E+00 -0.1898008367E+01  0.6103847152E+00
  0.8344834558E+00 -0.1922122794E+01  0.6071913066E+00
  0.8361386213E+00 -0.1946879918E+01  0.6039893868E+00
  0.8377772351E+00 -0.1969090115E+01  0.6007810055E+00
  0.8393994627E+00 -0.1993225358E+01  0.5975671167E+00
  0.8410054681E+00 -0.2019065309E+01  0.5943452365E+00
  0.8425954134E+00 -0.2045762078E+01  0.5911138098E+00
  0.8441694593E+00 -0.2073332445E+01  0.5878719880E+00
  0.8457277647E+00 -0.2101249003E+01  0.5846193516E+00
  0.8472704870E+00 -0.2128186825E+01  0.5813569290E+00
  0.8487977822E+00 -0.2154321884E+01  0.5780866016E+00
  0.8503098043E+00 -0.2178062860E+01  0.5748112707E+00
  0.8518067063E+00 -0.2202690909E+01  0.5715324913E+00
  0.8532886392E+00 -0.2227904225E+01  0.5682495688E+00
  0.8547557528E+00 -0.2252739691E+01  0.5649627620E+00
  0.8562081953E+00 -0.2277371708E+01  0.5616728989E+00
  0.8576461134E+00 -0.2305126495E+01  0.5583782705E+00
  0.8590696522E+00 -0.2335132511E+01  0.5550754760E+00
  0.8604789557E+00 -0.2364945660E+01  0.5517635577E+00
  0.8618741662E+00 -0.2394526569E+01  0.5484433250E+00
  0.8632554245E+00 -0.2424815909E+01  0.5451149465E+00
  0.8646228702E+00 -0.2455058443E+01  0.5417784648E+00
  0.8659766415E+00 -0.2484843189E+01  0.5384347163E+00
  0.8673168751E+00 -0.2513928367E+01  0.5350849555E+00
  0.8686437064E+00 -0.2541708525E+01  0.5317309670E+00
  0.8699572693E+00 -0.2569130463E+01  0.5283742627E+00
  0.8712576966E+00 -0.2596055346E+01  0.5250157883E+00
  0.8725451197E+00 -0.2622037904E+01  0.5216568416E+00
  0.8738196685E+00 -0.2647588756E+01  0.5182986434E+00
  0.8750814718E+00 -0.2673179319E+01  0.5149417621E+00
  0.8763306571E+00 -0.2701902941E+01  0.5115845252E+00
  0.8775673505E+00 -0.2730662956E+01  0.5082253159E+00
  0.8787916770E+00 -0.2758730285E+01  0.5048649112E+00
  0.8800037602E+00 -0.2786140413E+01  0.5015044888E+00
  0.8812037226E+00 -0.2812954903E+01  0.4981451368E+00
  0.8823916854E+00 -0.2838993950E+01  0.4947879844E+00
  0.8835677685E+00 -0.2862926884E+01  0.4914350179E+00
  0.8847320908E+00 -0.2885513273E+01  0.4880884994E+00
  0.8858847699E+00 -0.2907964840E+01  0.4847494888E+00
  0.8870259222E+00 -0.2930390523E+01  0.4814182625E+00
  0.8881556630E+00 -0.2952250788E+01  0.4780953326E+00
  0.8892741064E+00 -0.2973856414E+01  0.4747813249E+00
  0.8903813653E+00 -0.2995654870E+01  0.4714764276E+00
  0.8914775517E+00 -0.3018411188E+01  0.4681801590E+00
  0.8925627761E+00 -0.3041765438E+01  0.4648918330E+00
  0.8936371484E+00 -0.3065486536E+01  0.4616111020E+00
  0.8947007769E+00 -0.3090878744E+01  0.4583370592E+00
  0.8957537691E+00 -0.3116461543E+01  0.4550689186E+00
  0.8967962314E+00 -0.3142299032E+01  0.4518066576E+00
  0.8978282691E+00 -0.3168324926E+01  0.4485502568E+00
  0.8988499864E+00 -0.3194896523E+01  0.4452995500E+00
  0.8998614866E+00 -0.3221700058E+01  0.4420543559E+00
  0.9008628717E+00 -0.3248891164E+01  0.4388145789E+00
  0.9018542430E+00 -0.3275944274E+01  0.4355803117E+00
  0.9028357006E+00 -0.3302881998E+01  0.4323518923E+00
  0.9038073436E+00 -0.3330494505E+01  0.4291292554E+00
  0.9047692701E+00 -0.3357740720E+01  0.4259124598E+00
  0.9057215774E+00 -0.3384262007E+01  0.4227022306E+00
  0.9066643616E+00 -0.3409809351E+01  0.4194995589E+00
  0.9075977180E+00 -0.3435293339E+01  0.4163050988E+00
  0.9085217408E+00 -0.3460267525E+01  0.4131192710E+00
  0.9094365234E+00 -0.3484732288E+01  0.4099426885E+00
  0.9103421582E+00 -0.3508923722E+01  0.4067758395E+00
  0.9112387366E+00 -0.3532556697E+01  0.4036192198E+00
  0.9121263493E+00 -0.3555468756E+01  0.4004735094E+00
  0.9130050858E+00 -0.3577447160E+01  0.3973395326E+00
  0.9138750349E+00 -0.3598943426E+01  0.3942179851E+00
  0.9147362846E+00 -0.3620009714E+01  0.3911093247E+00
  0.9155889217E+00 -0.3640901139E+01  0.3880138635E+00
  0.9164330325E+00 -0.3661386892E+01  0.3849318935E+00
  0.9172687022E+00 -0.3680947108E+01  0.3818640106E+00
  0.9180960151E+00 -0.3699792476E+01  0.3788109197E+00
  0.9189150550E+00 -0.3718581446E+01  0.3757729478E+00
  0.9197259044E+00 -0.3737357735E+01  0.3727501257E+00
  0.9205286454E+00 -0.3756155629E+01  0.3697424507E+00
  0.9213233589E+00 -0.3775183331E+01  0.3667498221E+00
  0.9221101254E+00 -0.3793954373E+01  0.3637722505E+00
  0.9228890241E+00 -0.3813306472E+01  0.3608096075E+00
  0.9236601339E+00 -0.3832587143E+01  0.3578616959E+00
  0.9244235325E+00 -0.3851614474E+01  0.3549286413E+00
  0.9251792972E+00 -0.3870770603E+01  0.3520104884E+00
  0.9259275042E+00 -0.3889356558E+01  0.3491073975E+00
  0.9266682292E+00 -0.3907810088E+01  0.3462196196E+00
  0.9274015469E+00 -0.3925998803E+01  0.3433472842E+00
  0.9281275314E+00 -0.3944025300E+01  0.3404905263E+00
  0.9288462561E+00 -0.3961851661E+01  0.3376494518E+00
  0.9295577935E+00 -0.3979779869E+01  0.3348240678E+00
  0.9302622156E+00 -0.3997789695E+01  0.3320142797E+00
  0.9309595935E+00 -0.4015130708E+01  0.3292202632E+00
  0.9316499975E+00 -0.4031688455E+01  0.3264424848E+00
  0.9323334975E+00 -0.4047844587E+01  0.3236813043E+00
  0.9330101626E+00 -0.4063431700E+01  0.3209369958E+00
  0.9336800609E+00 -0.4078025299E+01  0.3182100214E+00
  0.9343432603E+00 -0.4092120734E+01  0.3155008035E+00
  0.9349998277E+00 -0.4105776970E+01  0.3128095673E+00
  0.9356498295E+00 -0.4119023513E+01  0.3101365001E+00
  0.9362933312E+00 -0.4131731740E+01  0.3074818125E+00
  0.9369303978E+00 -0.4144040237E+01  0.3048457032E+00
  0.9375610939E+00 -0.4155976376E+01  0.3022283095E+00
  0.9381854829E+00 -0.4167555140E+01  0.2996297485E+00
  0.9388036281E+00 -0.4178786997E+01  0.2970501229E+00
  0.9394155918E+00 -0.4189181956E+01  0.2944896762E+00
  0.9400214359E+00 -0.4199287507E+01  0.2919486239E+00
  0.9406212215E+00 -0.4209128072E+01  0.2894270005E+00
  0.9412150093E+00 -0.4218765903E+01  0.2869248102E+00
  0.9418028592E+00 -0.4228568534E+01  0.2844419279E+00
  0.9423848306E+00 -0.4238141229E+01  0.2819782364E+00
  0.9429609823E+00 -0.4247446479E+01  0.2795337435E+00
  0.9435313725E+00 -0.4256273731E+01  0.2771085243E+00
  0.9440960588E+00 -0.4264748591E+01  0.2747026721E+00
  0.9446550982E+00 -0.4273286517E+01  0.2723161230E+00
  0.9452085472E+00 -0.4282064921E+01  0.2699486476E+00
  0.9457564617E+00 -0.4291021647E+01  0.2675999882E+00
  0.9462988971E+00 -0.4300129928E+01  0.2652699160E+00
  0.9468359082E+00 -0.4309242502E+01  0.2629582520E+00
  0.9473675491E+00 -0.4318234705E+01  0.2606648920E+00
  0.9478938736E+00 -0.4327340039E+01  0.2583897031E+00
  0.9484149348E+00 -0.4336172913E+01  0.2561325926E+00
  0.9489307855E+00 -0.4344958520E+01  0.2538935089E+00
  0.9494414776E+00 -0.4353936163E+01  0.2516722803E+00
  0.9499470629E+00 -0.4363047680E+01  0.2494686912E+00
  0.9504475922E+00 -0.4372362221E+01  0.2472825266E+00
  0.9509431163E+00 -0.4381925012E+01  0.2451135466E+00
  0.9514336852E+00 -0.4391731974E+01  0.2429615052E+00
  0.9519193483E+00 -0.4401792579E+01  0.2408261598E+00
  0.9524001548E+00 -0.4411994013E+01  0.2387072968E+00
  0.9528761533E+00 -0.4422274925E+01  0.2366047476E+00
  0.9533473917E+00 -0.4432632802E+01  0.2345183610E+00
  0.9538139178E+00 -0.4443063863E+01  0.2324479890E+00
  0.9542757786E+00 -0.4453705202E+01  0.2303934545E+00
  0.9547330209E+00 -0.4464700456E+01  0.2283545187E+00
  0.9551856906E+00 -0.4476092007E+01  0.2263309054E+00
  0.9556338337E+00 -0.4487565506E+01  0.2243224048E+00
  0.9560774954E+00 -0.4499236779E+01  0.2223288550E+00
  0.9565167205E+00 -0.4510944305E+01  0.2203501064E+00
  0.9569515532E+00 -0.4522652688E+01  0.2183860543E+00
  0.9573820377E+00 -0.4534351986E+01  0.2164366043E+00
  0.9578082173E+00 -0.4546032248E+01  0.2145016670E+00
  0.9582301352E+00 -0.4557605240E+01  0.2125811735E+00
  0.9586478338E+00 -0.4569004857E+01  0.2106750872E+00
  0.9590613555E+00 -0.4580519969E+01  0.2087833238E+00
  0.9594707419E+00 -0.4592043277E+01  0.2069057623E+00
  0.9598760345E+00 -0.4603621902E+01  0.2050422948E+00
  0.9602772742E+00 -0.4615238801E+01  0.2031928086E+00
  0.9606745014E+00 -0.4626668746E+01  0.2013572398E+00
  0.9610677564E+00 -0.4637774548E+01  0.1995355955E+00
  0.9614570788E+00 -0.4648788702E+01  0.1977278618E+00
  0.9618425080E+00 -0.4659707391E+01  0.1959339787E+00
  0.9622240830E+00 -0.4670524810E+01  0.1941538874E+00
  0.9626018421E+00 -0.4681235703E+01  0.1923875307E+00
  0.9629758237E+00 -0.4691835360E+01  0.1906348528E+00
  0.9633460655E+00 -0.4702417706E+01  0.1888957803E+00
  0.9637126048E+00 -0.4712953697E+01  0.1871702283E+00
  0.9640754788E+00 -0.4723323612E+01  0.1854581387E+00
  0.9644347240E+00 -0.4733554298E+01  0.1837594696E+00
  0.9647903767E+00 -0.4743540940E+01  0.1820741921E+00
  0.9651424730E+00 -0.4753304040E+01  0.1804022904E+00
  0.9654910483E+00 -0.4762663465E+01  0.1787437750E+00
  0.9658361378E+00 -0.4771843402E+01  0.1770986458E+00
  0.9661777764E+00 -0.4780910783E+01  0.1754668509E+00
  0.9665159986E+00 -0.4789863460E+01  0.1738483265E+00
  0.9668508386E+00 -0.4798700009E+01  0.1722430092E+00
  0.9671823303E+00 -0.4807463977E+01  0.1706508278E+00
  0.9675105070E+00 -0.4816133108E+01  0.1690717076E+00
  0.9678354019E+00 -0.4824685294E+01  0.1675055811E+00
  0.9681570479E+00 -0.4833051739E+01  0.1659523950E+00
  0.9684754774E+00 -0.4841284311E+01  0.1644120979E+00
  0.9687907226E+00 -0.4849398248E+01  0.1628846272E+00
  0.9691028154E+00 -0.4857395611E+01  0.1613699171E+00
  0.9694117872E+00 -0.4865285184E+01  0.1598678997E+00
  0.9697176694E+00 -0.4873068510E+01  0.1583785056E+00
  0.9700204927E+00 -0.4880747241E+01  0.1569016642E+00
  0.9703202877E+00 -0.4888505231E+01  0.1554372773E+00
  0.9706170849E+00 -0.4896184179E+01  0.1539852435E+00
  0.9709109140E+00 -0.4903754182E+01  0.1525454897E+00
  0.9712018049E+00 -0.4911154030E+01  0.1511179561E+00
  0.9714897868E+00 -0.4918388799E+01  0.1497025907E+00
  0.9717748890E+00 -0.4925525228E+01  0.1482993303E+00
  0.9720571401E+00 -0.4932480314E+01  0.1469081137E+00
  0.9723365687E+00 -0.4939312132E+01  0.1455288832E+00
  0.9726132030E+00 -0.4946165247E+01  0.1441615521E+00
  0.9728870709E+00 -0.4952981047E+01  0.1428060225E+00
  0.9731582002E+00 -0.4959697767E+01  0.1414622137E+00
  0.9734266182E+00 -0.4966320403E+01  0.1401300528E+00
  0.9736923521E+00 -0.4972871751E+01  0.1388094630E+00
  0.9739554285E+00 -0.4979343085E+01  0.1375003662E+00
  0.9742158742E+00 -0.4985745867E+01  0.1362026838E+00
  0.9744737155E+00 -0.4992116915E+01  0.1349163315E+00
  0.9747289784E+00 -0.4998406691E+01  0.1336412268E+00
  0.9749816886E+00 -0.5004616965E+01  0.1323772936E+00
  0.9752318717E+00 -0.5010749452E+01  0.1311244558E+00
  0.9754795530E+00 -0.5016805807E+01  0.1298826370E+00
  0.9757247574E+00 -0.5022787629E+01  0.1286517604E+00
  0.9759675099E+00 -0.5028696456E+01  0.1274317493E+00
  0.9762078348E+00 -0.5034533771E+01  0.1262225269E+00
  0.9764457564E+00 -0.5040300995E+01  0.1250240162E+00
  0.9766812989E+00 -0.5045992329E+01  0.1238361412E+00
  0.9769144859E+00 -0.5051601978E+01  0.1226588273E+00
  0.9771453410E+00 -0.5057096339E+01  0.1214920048E+00
  0.9773738876E+00 -0.5062511221E+01  0.1203356039E+00
  0.9776001487E+00 -0.5067959648E+01  0.1191895380E+00
  0.9778241472E+00 -0.5073380769E+01  0.1180537154E+00
  0.9780459058E+00 -0.5078741795E+01  0.1169280555E+00
  0.9782654467E+00 -0.5084043590E+01  0.1158124818E+00
  0.9784827922E+00 -0.5089286975E+01  0.1147069178E+00
  0.9786979643E+00 -0.5094416190E+01  0.1136112935E+00
  0.9789109847E+00 -0.5099476057E+01  0.1125255403E+00
  0.9791218748E+00 -0.5104479804E+01  0.1114495833E+00
  0.9793306561E+00 -0.5109428159E+01  0.1103833471E+00
  0.9795373495E+00 -0.5114359705E+01  0.1093267522E+00
  0.9797419760E+00 -0.5119276547E+01  0.1082797156E+00
  0.9799445563E+00 -0.5124139883E+01  0.1072421587E+00
  0.9801451107E+00 -0.5129040614E+01  0.1062139983E+00
  0.9803436596E+00 -0.5133884878E+01  0.1051951520E+00
  0.9805402230E+00 -0.5138708862E+01  0.1041855440E+00
  0.9807348208E+00 -0.5143485074E+01  0.1031850980E+00
  0.9809274726E+00 -0.5148130685E+01  0.1021937489E+00
  0.9811181978E+00 -0.5152685030E+01  0.1012114359E+00
  0.9813070158E+00 -0.5157195101E+01  0.1002380904E+00
  0.9814939457E+00 -0.5161708653E+01  0.9927363483E-01
  0.9816790062E+00 -0.5166171157E+01  0.9831799331E-01
  0.9818622162E+00 -0.5170582989E+01  0.9737109527E-01
  0.9820435940E+00 -0.5174949520E+01  0.9643287010E-01
  0.9822231581E+00 -0.5179289246E+01  0.9550324553E-01
  0.9824009265E+00 -0.5183578789E+01  0.9458215019E-01
  0.9825769172E+00 -0.5187818526E+01  0.9366951528E-01
  0.9827511481E+00 -0.5192008833E+01  0.9276527232E-01
  0.9829236366E+00 -0.5196114450E+01  0.9186935632E-01
  0.9830944002E+00 -0.5200163631E+01  0.9098170320E-01
  0.9832634562E+00 -0.5204166520E+01  0.9010224599E-01
  0.9834308216E+00 -0.5208119646E+01  0.8923091758E-01
  0.9835965134E+00 -0.5211936259E+01  0.8836765875E-01
  0.9837605483E+00 -0.5215686495E+01  0.8751241190E-01
  0.9839229428E+00 -0.5219476231E+01  0.8666510530E-01
  0.9840837134E+00 -0.5223299414E+01  0.8582565979E-01
  0.9842428762E+00 -0.5227090231E+01  0.8499400281E-01
  0.9844004475E+00 -0.5230832780E+01  0.8417006887E-01
  0.9845564430E+00 -0.5234496967E+01  0.8335379657E-01
  0.9847108786E+00 -0.5238066636E+01  0.8254512840E-01
  0.9848637698E+00 -0.5241585851E+01  0.8174400501E-01
  0.9850151321E+00 -0.5245019743E+01  0.8095036662E-01
  0.9851649808E+00 -0.5248360360E+01  0.8016415705E-01
  0.9853133310E+00 -0.5251663833E+01  0.7938531675E-01
  0.9854601977E+00 -0.5254930421E+01  0.7861378238E-01
  0.9856055957E+00 -0.5258160387E+01  0.7784949107E-01
  0.9857495397E+00 -0.5261353998E+01  0.7709238036E-01
  0.9858920443E+00 -0.5264511528E+01  0.7634238821E-01
  0.9860331239E+00 -0.5267633254E+01  0.7559945305E-01
  0.9861727926E+00 -0.5270720052E+01  0.7486351368E-01
  0.9863110647E+00 -0.5273789605E+01  0.7413450807E-01
  0.9864479541E+00 -0.5276817774E+01  0.7341237516E-01
  0.9865834745E+00 -0.5279810622E+01  0.7269705560E-01
  0.9867176398E+00 -0.5282768635E+01  0.7198849003E-01
  0.9868504634E+00 -0.5285730050E+01  0.7128661700E-01
  0.9869819588E+00 -0.5288719226E+01  0.7059137146E-01
  0.9871121392E+00 -0.5291678190E+01  0.6990269121E-01
  0.9872410178E+00 -0.5294600913E+01  0.6922051875E-01
  0.9873686076E+00 -0.5297487736E+01  0.6854479740E-01
  0.9874949215E+00 -0.5300403296E+01  0.6787546679E-01
  0.9876199723E+00 -0.5303289790E+01  0.6721246672E-01
  0.9877437726E+00 -0.5306131438E+01  0.6655574208E-01
  0.9878663349E+00 -0.5308905875E+01  0.6590524052E-01
  0.9879876715E+00 -0.5311645500E+01  0.6526090945E-01
  0.9881077948E+00 -0.5314350672E+01  0.6462269467E-01
  0.9882267168E+00 -0.5317021755E+01  0.6399054236E-01
  0.9883444497E+00 -0.5319659114E+01  0.6336439908E-01
  0.9884610052E+00 -0.5322257949E+01  0.6274421208E-01
  0.9885763951E+00 -0.5324817713E+01  0.6212992933E-01
  0.9886906312E+00 -0.5327345352E+01  0.6152149882E-01
  0.9888037249E+00 -0.5329832311E+01  0.6091886905E-01
  0.9889156876E+00 -0.5332273121E+01  0.6032198972E-01
  0.9890265307E+00 -0.5334690483E+01  0.5973080994E-01
  0.9891362654E+00 -0.5337091713E+01  0.5914527757E-01
  0.9892449028E+00 -0.5339462481E+01  0.5856534131E-01
  0.9893524538E+00 -0.5341803155E+01  0.5799095106E-01
  0.9894589292E+00 -0.5344114101E+01  0.5742205707E-01
  0.9895643399E+00 -0.5346395685E+01  0.5685860997E-01
  0.9896686965E+00 -0.5348648272E+01  0.5630056075E-01
  0.9897720096E+00 -0.5350872225E+01  0.5574786079E-01
  0.9898742895E+00 -0.5353067905E+01  0.5520046180E-01
  0.9899755466E+00 -0.5355237369E+01  0.5465831580E-01
  0.9900757911E+00 -0.5357393553E+01  0.5412137445E-01
  0.9901750332E+00 -0.5359522043E+01  0.5358958991E-01
  0.9902732829E+00 -0.5361623201E+01  0.5306291543E-01
  0.9903705500E+00 -0.5363682228E+01  0.5254130536E-01
  0.9904668445E+00 -0.5365708326E+01  0.5202471472E-01
  0.9905621761E+00 -0.5367708962E+01  0.5151309804E-01
  0.9906565543E+00 -0.5369682429E+01  0.5100640999E-01
  0.9907499888E+00 -0.5371627992E+01  0.5050460574E-01
  0.9908424889E+00 -0.5373549234E+01  0.5000764069E-01
  0.9909340640E+00 -0.5375445246E+01  0.4951547051E-01
  0.9910247234E+00 -0.5377308038E+01  0.4902805164E-01
  0.9911144761E+00 -0.5379147818E+01  0.4854534081E-01
  0.9912033314E+00 -0.5380960679E+01  0.4806729480E-01
  0.9912912981E+00 -0.5382748693E+01  0.4759387088E-01
  0.9913783851E+00 -0.5384514827E+01  0.4712502644E-01
  0.9914646012E+00 -0.5386259369E+01  0.4666071910E-01
  0.9915499552E+00 -0.5387982605E+01  0.4620090684E-01
  0.9916344557E+00 -0.5389684816E+01  0.4574554798E-01
  0.9917181111E+00 -0.5391366283E+01  0.4529460117E-01
  0.9918009300E+00 -0.5393027281E+01  0.4484802543E-01
  0.9918829207E+00 -0.5394668084E+01  0.4440578008E-01
  0.9919640915E+00 -0.5396288961E+01  0.4396782481E-01
  0.9920444506E+00 -0.5397890180E+01  0.4353411963E-01
  0.9921240061E+00 -0.5399472004E+01  0.4310462488E-01
  0.9922027660E+00 -0.5401034695E+01  0.4267930126E-01
  0.9922807383E+00 -0.5402589558E+01  0.4225810933E-01
  0.9923579310E+00 -0.5404130377E+01  0.4184100983E-01
  0.9924343516E+00 -0.5405652292E+01  0.4142796431E-01
  0.9925100081E+00 -0.5407155562E+01  0.4101893480E-01
  0.9925849081E+00 -0.5408640446E+01  0.4061388368E-01
  0.9926590590E+00 -0.5410098030E+01  0.4021277397E-01
  0.9927324684E+00 -0.5411537752E+01  0.3981556902E-01
  0.9928051437E+00 -0.5412960190E+01  0.3942223212E-01
  0.9928770923E+00 -0.5414365576E+01  0.3903272685E-01
  0.9929483213E+00 -0.5415754068E+01  0.3864701714E-01
  0.9930188381E+00 -0.5417122893E+01  0.3826506730E-01
  0.9930886497E+00 -0.5418475455E+01  0.3788684197E-01
  0.9931577632E+00 -0.5419811972E+01  0.3751230597E-01
  0.9932261856E+00 -0.5421132662E+01  0.3714142442E-01
  0.9932939238E+00 -0.5422437736E+01  0.3677416275E-01
  0.9933609845E+00 -0.5423727405E+01  0.3641048670E-01
  0.9934273747E+00 -0.5425001875E+01  0.3605036229E-01
  0.9934931009E+00 -0.5426261352E+01  0.3569375585E-01
  0.9935581699E+00 -0.5427506037E+01  0.3534063401E-01
  0.9936225882E+00 -0.5428736127E+01  0.3499096367E-01
  0.9936863623E+00 -0.5429951819E+01  0.3464471205E-01
  0.9937494987E+00 -0.5431153305E+01  0.3430184664E-01
  0.9938120037E+00 -0.5432340777E+01  0.3396233522E-01
  0.9938738837E+00 -0.5433514420E+01  0.3362614586E-01
  0.9939351449E+00 -0.5434674419E+01  0.3329324692E-01
  0.9939957934E+00 -0.5435820957E+01  0.3296360702E-01
  0.9940558355E+00 -0.5436954213E+01  0.3263719508E-01
  0.9941152771E+00 -0.5438074363E+01  0.3231398028E-01
  0.9941741243E+00 -0.5439181582E+01  0.3199393210E-01
  0.9942323831E+00 -0.5440276040E+01  0.3167702026E-01
  0.9942900593E+00 -0.5441357907E+01  0.3136321478E-01
  0.9943471587E+00 -0.5442427349E+01  0.3105248594E-01
  0.9944036871E+00 -0.5443484530E+01  0.3074480427E-01
  0.9944596502E+00 -0.5444529612E+01  0.3044014060E-01
  0.9945150537E+00 -0.5445562753E+01  0.3013846600E-01
  0.9945699032E+00 -0.5446584110E+01  0.2983975180E-01
  0.9946242041E+00 -0.5447593838E+01  0.2954396959E-01
  0.9946779621E+00 -0.5448592088E+01  0.2925109124E-01
  0.9947311825E+00 -0.5449579010E+01  0.2896108884E-01
  0.9947838707E+00 -0.5450554751E+01  0.2867393476E-01
  0.9948360320E+00 -0.5451519458E+01  0.2838960161E-01
  0.9948876716E+00 -0.5452474941E+01  0.2810806222E-01
  0.9949387949E+00 -0.5453420377E+01  0.2782928963E-01
  0.9949894070E+00 -0.5454356253E+01  0.2755325716E-01
  0.9950395129E+00 -0.5455281995E+01  0.2727993837E-01
  0.9950891178E+00 -0.5456197251E+01  0.2700930711E-01
  0.9951382266E+00 -0.5457102156E+01  0.2674133747E-01
  0.9951868443E+00 -0.5457996845E+01  0.2647600378E-01
  0.9952349759E+00 -0.5458881452E+01  0.2621328061E-01
  0.9952826261E+00 -0.5459756107E+01  0.2595314275E-01
  0.9953297999E+00 -0.5460620939E+01  0.2569556524E-01
  0.9953765019E+00 -0.5461476074E+01  0.2544052335E-01
  0.9954227368E+00 -0.5462321637E+01  0.2518799256E-01
  0.9954685095E+00 -0.5463157752E+01  0.2493794859E-01
  0.9955138244E+00 -0.5463984538E+01  0.2469036738E-01
  0.9955586861E+00 -0.5464802115E+01  0.2444522510E-01
  0.9956030993E+00 -0.5465610601E+01  0.2420249813E-01
  0.9956470683E+00 -0.5466410111E+01  0.2396216308E-01
  0.9956905976E+00 -0.5467200759E+01  0.2372419677E-01
  0.9957336916E+00 -0.5467982656E+01  0.2348857624E-01
  0.9957763547E+00 -0.5468755913E+01  0.2325527875E-01
  0.9958185912E+00 -0.5469520639E+01  0.2302428175E-01
  0.9958604053E+00 -0.5470276941E+01  0.2279556292E-01
  0.9959018012E+00 -0.5471024923E+01  0.2256910014E-01
  0.9959427832E+00 -0.5471764690E+01  0.2234487150E-01
  0.9959833554E+00 -0.5472496345E+01  0.2212285530E-01
  0.9960235218E+00 -0.5473219986E+01  0.2190303004E-01
  0.9960632866E+00 -0.5473935715E+01  0.2168537441E-01
  0.9961026537E+00 -0.5474643628E+01  0.2146986731E-01
  0.9961416272E+00 -0.5475343822E+01  0.2125648785E-01
  0.9961802109E+00 -0.5476036392E+01  0.2104521531E-01
  0.9962184088E+00 -0.5476721430E+01  0.2083602918E-01
  0.9962562247E+00 -0.5477399030E+01  0.2062890916E-01
  0.9962936625E+00 -0.5478069281E+01  0.2042383510E-01
  0.9963307258E+00 -0.5478732273E+01  0.2022078707E-01
  0.9963674186E+00 -0.5479388094E+01  0.2001974533E-01
  0.9964037444E+00 -0.5480036831E+01  0.1982069032E-01
  0.9964397070E+00 -0.5480678569E+01  0.1962360265E-01
  0.9964753099E+00 -0.5481313393E+01  0.1942846313E-01
  0.9965105568E+00 -0.5481941385E+01  0.1923525275E-01
  0.9965454512E+00 -0.5482562628E+01  0.1904395268E-01
  0.9965799967E+00 -0.5483177202E+01  0.1885454426E-01
  0.9966141967E+00 -0.5483785186E+01  0.1866700902E-01
  0.9966480548E+00 -0.5484386658E+01  0.1848132866E-01
  0.9966815742E+00 -0.5484981697E+01  0.1829748505E-01
  0.9967147585E+00 -0.5485570378E+01  0.1811546024E-01
  0.9967476109E+00 -0.5486152776E+01  0.1793523644E-01
  0.9967801348E+00 -0.5486728965E+01  0.1775679603E-01
  0.9968123334E+00 -0.5487299018E+01  0.1758012158E-01
  0.9968442101E+00 -0.5487863007E+01  0.1740519579E-01
  0.9968757680E+00 -0.5488421004E+01  0.1723200156E-01
  0.9969070103E+00 -0.5488973077E+01  0.1706052193E-01
  0.9969379402E+00 -0.5489519296E+01  0.1689074011E-01
  0.9969685608E+00 -0.5490059728E+01  0.1672263948E-01
  0.9969988752E+00 -0.5490594442E+01  0.1655620355E-01
  0.9970288865E+00 -0.5491123502E+01  0.1639141602E-01
  0.9970585976E+00 -0.5491646975E+01  0.1622826073E-01
  0.9970880116E+00 -0.5492164924E+01  0.1606672168E-01
  0.9971171315E+00 -0.5492677413E+01  0.1590678301E-01
  0.9971459602E+00 -0.5493184505E+01  0.1574842903E-01
  0.9971745006E+00 -0.5493686261E+01  0.1559164420E-01
  0.9972027556E+00 -0.5494182742E+01  0.1543641311E-01
  0.9972307280E+00 -0.5494674009E+01  0.1528272052E-01
  0.9972584207E+00 -0.5495160120E+01  0.1513055132E-01
  0.9972858365E+00 -0.5495641135E+01  0.1497989056E-01
  0.9973129782E+00 -0.5496117110E+01  0.1483072342E-01
  0.9973398484E+00 -0.5496588104E+01  0.1468303522E-01
  0.9973664499E+00 -0.5497054171E+01  0.1453681145E-01
  0.9973927854E+00 -0.5497515368E+01  0.1439203770E-01
  0.9974188575E+00 -0.5497971749E+01  0.1424869973E-01
  0.9974446690E+00 -0.5498423368E+01  0.1410678341E-01
  0.9974702223E+00 -0.5498870278E+01  0.1396627479E-01
  0.9974955201E+00 -0.5499312533E+01  0.1382716000E-01
  0.9975205649E+00 -0.5499750184E+01  0.1368942534E-01
  0.9975453592E+00 -0.5500183283E+01  0.1355305723E-01
  0.9975699056E+00 -0.5500611879E+01  0.1341804223E-01
  0.9975942066E+00 -0.5501036023E+01  0.1328436701E-01
  0.9976182645E+00 -0.5501455765E+01  0.1315201840E-01
  0.9976420819E+00 -0.5501871152E+01  0.1302098333E-01
  0.9976656610E+00 -0.5502282234E+01  0.1289124886E-01
  0.9976890044E+00 -0.5502689057E+01  0.1276280220E-01
  0.9977121144E+00 -0.5503091668E+01  0.1263563064E-01
  0.9977349932E+00 -0.5503490114E+01  0.1250972164E-01
  0.9977576433E+00 -0.5503884440E+01  0.1238506275E-01
  0.9977800669E+00 -0.5504274692E+01  0.1226164166E-01
  0.9978022662E+00 -0.5504660913E+01  0.1213944615E-01
  0.9978242435E+00 -0.5505043149E+01  0.1201846416E-01
  0.9978460011E+00 -0.5505421441E+01  0.1189868371E-01
  0.9978675411E+00 -0.5505795835E+01  0.1178009296E-01
  0.9978888657E+00 -0.5506166371E+01  0.1166268018E-01
  0.9979099770E+00 -0.5506533091E+01  0.1154643374E-01
  0.9979308773E+00 -0.5506896037E+01  0.1143134214E-01
  0.9979515685E+00 -0.5507255251E+01  0.1131739399E-01
  0.9979720528E+00 -0.5507610771E+01  0.1120457799E-01
  0.9979923323E+00 -0.5507962638E+01  0.1109288299E-01
  0.9980124089E+00 -0.5508310892E+01  0.1098229790E-01
  0.9980322849E+00 -0.5508655571E+01  0.1087281178E-01
  0.9980519620E+00 -0.5508996714E+01  0.1076441378E-01
  0.9980714424E+00 -0.5509334358E+01  0.1065709314E-01
  0.9980907280E+00 -0.5509668542E+01  0.1055083923E-01
  0.9981098207E+00 -0.5509999302E+01  0.1044564151E-01
  0.9981287225E+00 -0.5510326675E+01  0.1034148955E-01
  0.9981474353E+00 -0.5510650696E+01  0.1023837301E-01
  0.9981659609E+00 -0.5510971403E+01  0.1013628167E-01
  0.9981843013E+00 -0.5511288830E+01  0.1003520539E-01
  0.9982024583E+00 -0.5511603012E+01  0.9935134137E-02
  0.9982204337E+00 -0.5511913984E+01  0.9836057979E-02
  0.9982382294E+00 -0.5512221779E+01  0.9737967076E-02
  0.9982558471E+00 -0.5512526432E+01  0.9640851688E-02
  0.9982732886E+00 -0.5512827976E+01  0.9544702166E-02
  0.9982905557E+00 -0.5513126443E+01  0.9449508960E-02
  0.9983076502E+00 -0.5513421867E+01  0.9355262610E-02
  0.9983245737E+00 -0.5513714279E+01  0.9261953749E-02
  0.9983413279E+00 -0.5514003711E+01  0.9169573103E-02
  0.9983579146E+00 -0.5514290195E+01  0.9078111486E-02
  0.9983743355E+00 -0.5514573762E+01  0.8987559806E-02
  0.9983905921E+00 -0.5514854442E+01  0.8897909056E-02
  0.9984066862E+00 -0.5515132266E+01  0.8809150319E-02
  0.9984226194E+00 -0.5515407263E+01  0.8721274766E-02
  0.9984383932E+00 -0.5515679464E+01  0.8634273652E-02
  0.9984540092E+00 -0.5515948898E+01  0.8548138320E-02
  0.9984694691E+00 -0.5516215594E+01  0.8462860198E-02
  0.9984847744E+00 -0.5516479580E+01  0.8378430795E-02
  0.9984999267E+00 -0.5516740885E+01  0.8294841707E-02
  0.9985149274E+00 -0.5516999536E+01  0.8212084610E-02
  0.9985297782E+00 -0.5517255563E+01  0.8130151262E-02
  0.9985444804E+00 -0.5517508991E+01  0.8049033502E-02
  0.9985590356E+00 -0.5517759848E+01  0.7968723251E-02
  0.9985734452E+00 -0.5518008161E+01  0.7889212505E-02
  0.9985877108E+00 -0.5518253957E+01  0.7810493342E-02
  0.9986018337E+00 -0.5518497261E+01  0.7732557918E-02
  0.9986158153E+00 -0.5518738099E+01  0.7655398462E-02
  0.9986296572E+00 -0.5518976497E+01  0.7579007285E-02
  0.9986433606E+00 -0.5519212481E+01  0.7503376769E-02
  0.9986569270E+00 -0.5519446075E+01  0.7428499373E-02
  0.9986703577E+00 -0.5519677304E+01  0.7354367630E-02
  0.9986836541E+00 -0.5519906193E+01  0.7280974145E-02
  0.9986968176E+00 -0.5520132766E+01  0.7208311597E-02
  0.9987098494E+00 -0.5520357047E+01  0.7136372737E-02
  0.9987227509E+00 -0.5520579059E+01  0.7065150387E-02
  0.9987355234E+00 -0.5520798826E+01  0.6994637439E-02
  0.9987481682E+00 -0.5521016372E+01  0.6924826855E-02
  0.9987606865E+00 -0.5521231718E+01  0.6855711668E-02
  0.9987730796E+00 -0.5521444889E+01  0.6787284977E-02
  0.9987853488E+00 -0.5521655905E+01  0.6719539951E-02
  0.9987974954E+00 -0.5521864790E+01  0.6652469825E-02
  0.9988095204E+00 -0.5522071565E+01  0.6586067901E-02
  0.9988214252E+00 -0.5522276253E+01  0.6520327547E-02
  0.9988332109E+00 -0.5522478874E+01  0.6455242197E-02
  0.9988448788E+00 -0.5522679450E+01  0.6390805348E-02
  0.9988564300E+00 -0.5522878001E+01  0.6327010562E-02
  0.9988678657E+00 -0.5523074549E+01  0.6263851464E-02
  0.9988791871E+00 -0.5523269115E+01  0.6201321744E-02
  0.9988903952E+00 -0.5523461718E+01  0.6139415152E-02
  0.9989014913E+00 -0.5523652378E+01  0.6078125498E-02
  0.9989124764E+00 -0.5523841116E+01  0.6017446658E-02
  0.9989233516E+00 -0.5524027951E+01  0.5957372564E-02
  0.9989341181E+00 -0.5524212903E+01  0.5897897209E-02
  0.9989447769E+00 -0.5524395991E+01  0.5839014646E-02
  0.9989553291E+00 -0.5524577234E+01  0.5780718987E-02
  0.9989657758E+00 -0.5524756651E+01  0.5723004400E-02
  0.9989761181E+00 -0.5524934260E+01  0.5665865114E-02
  0.9989863569E+00 -0.5525110080E+01  0.5609295410E-02
  0.9989964933E+00 -0.5525284130E+01  0.5553289631E-02
  0.9990065284E+00 -0.5525456427E+01  0.5497842171E-02
  0.9990164631E+00 -0.5525626990E+01  0.5442947483E-02
  0.9990262985E+00 -0.5525795835E+01  0.5388600073E-02
  0.9990360355E+00 -0.5525962981E+01  0.5334794501E-02
  0.9990456751E+00 -0.5526128444E+01  0.5281525381E-02
  0.9990552184E+00 -0.5526292243E+01  0.5228787382E-02
  0.9990646662E+00 -0.5526454393E+01  0.5176575223E-02
  0.9990740195E+00 -0.5526614912E+01  0.5124883677E-02
  0.9990832793E+00 -0.5526773817E+01  0.5073707567E-02
  0.9990924466E+00 -0.5526931123E+01  0.5023041768E-02
  0.9991015221E+00 -0.5527086847E+01  0.4972881208E-02
  0.9991105069E+00 -0.5527241005E+01  0.4923220861E-02
  0.9991194018E+00 -0.5527393613E+01  0.4874055753E-02
  0.9991282078E+00 -0.5527544687E+01  0.4825380959E-02
  0.9991369257E+00 -0.5527694242E+01  0.4777191602E-02
  0.9991455564E+00 -0.5527842294E+01  0.4729482855E-02
  0.9991541009E+00 -0.5527988858E+01  0.4682249936E-02
  0.9991625599E+00 -0.5528133949E+01  0.4635488113E-02
  0.9991709343E+00 -0.5528277582E+01  0.4589192700E-02
  0.9991792249E+00 -0.5528419771E+01  0.4543359056E-02
  0.9991874327E+00 -0.5528560532E+01  0.4497982587E-02
  0.9991955584E+00 -0.5528699880E+01  0.4453058744E-02
  0.9992036028E+00 -0.5528837827E+01  0.4408583025E-02
  0.9992115667E+00 -0.5528974389E+01  0.4364550970E-02
  0.9992194511E+00 -0.5529109579E+01  0.4320958164E-02
  0.9992272566E+00 -0.5529243412E+01  0.4277800236E-02
  0.9992349840E+00 -0.5529375901E+01  0.4235072859E-02
  0.9992426342E+00 -0.5529507059E+01  0.4192771747E-02
  0.9992502078E+00 -0.5529636901E+01  0.4150892657E-02
  0.9992577057E+00 -0.5529765439E+01  0.4109431390E-02
  0.9992651287E+00 -0.5529892687E+01  0.4068383786E-02
  0.9992724774E+00 -0.5530018658E+01  0.4027745728E-02
  0.9992797526E+00 -0.5530143365E+01  0.3987513138E-02
  0.9992869551E+00 -0.5530266819E+01  0.3947681981E-02
  0.9992940855E+00 -0.5530389035E+01  0.3908248260E-02
  0.9993011447E+00 -0.5530510020E+01  0.3869208017E-02
  0.9993081332E+00 -0.5530629787E+01  0.3830557335E-02
  0.9993150519E+00 -0.5530748352E+01  0.3792292336E-02
  0.9993219014E+00 -0.5530865729E+01  0.3754409179E-02
  0.9993286824E+00 -0.5530981928E+01  0.3716904061E-02
  0.9993353956E+00 -0.5531096961E+01  0.3679773218E-02
  0.9993420416E+00 -0.5531210841E+01  0.3643012923E-02
  0.9993486212E+00 -0.5531323579E+01  0.3606619486E-02
  0.9993551350E+00 -0.5531435187E+01  0.3570589252E-02
  0.9993615836E+00 -0.5531545675E+01  0.3534918605E-02
  0.9993679678E+00 -0.5531655055E+01  0.3499603962E-02
  0.9993742881E+00 -0.5531763339E+01  0.3464641777E-02
  0.9993805452E+00 -0.5531870538E+01  0.3430028541E-02
  0.9993867398E+00 -0.5531976661E+01  0.3395760776E-02
  0.9993928724E+00 -0.5532081721E+01  0.3361835041E-02
  0.9993989436E+00 -0.5532185728E+01  0.3328247929E-02
  0.9994049542E+00 -0.5532288692E+01  0.3294996066E-02
  0.9994109047E+00 -0.5532390624E+01  0.3262076111E-02
  0.9994167956E+00 -0.5532491534E+01  0.3229484760E-02
  0.9994226277E+00 -0.5532591434E+01  0.3197218735E-02
  0.9994284014E+00 -0.5532690332E+01  0.3165274798E-02
  0.9994341174E+00 -0.5532788238E+01  0.3133649737E-02
  0.9994397762E+00 -0.5532885164E+01  0.3102340376E-02
  0.9994453784E+00 -0.5532981119E+01  0.3071343567E-02
  0.9994509247E+00 -0.5533076112E+01  0.3040656198E-02
  0.9994564154E+00 -0.5533170153E+01  0.3010275183E-02
  0.9994618513E+00 -0.5533263252E+01  0.2980197470E-02
  0.9994672327E+00 -0.5533355419E+01  0.2950420035E-02
  0.9994725604E+00 -0.5533446662E+01  0.2920939886E-02
  0.9994778348E+00 -0.5533536990E+01  0.2891754060E-02
  0.9994830565E+00 -0.5533626414E+01  0.2862859623E-02
  0.9994882259E+00 -0.5533714943E+01  0.2834253670E-02
  0.9994933436E+00 -0.5533802584E+01  0.2805933326E-02
  0.9994984102E+00 -0.5533889347E+01  0.2777895743E-02
  0.9995034261E+00 -0.5533975242E+01  0.2750138104E-02
  0.9995083918E+00 -0.5534060276E+01  0.2722657616E-02
  0.9995133079E+00 -0.5534144458E+01  0.2695451517E-02
  0.9995181748E+00 -0.5534227798E+01  0.2668517072E-02
  0.9995229931E+00 -0.5534310302E+01  0.2641851571E-02
  0.9995277632E+00 -0.5534391981E+01  0.2615452334E-02
  0.9995324855E+00 -0.5534472841E+01  0.2589316705E-02
  0.9995371607E+00 -0.5534552892E+01  0.2563442057E-02
  0.9995417891E+00 -0.5534632141E+01  0.2537825787E-02
  0.9995463712E+00 -0.5534710596E+01  0.2512465317E-02
  0.9995509075E+00 -0.5534788266E+01  0.2487358099E-02
  0.9995553984E+00 -0.5534865158E+01  0.2462501605E-02
  0.9995598444E+00 -0.5534941280E+01  0.2437893337E-02
  0.9995642460E+00 -0.5535016640E+01  0.2413530817E-02
  0.9995686035E+00 -0.5535091246E+01  0.2389411597E-02
  0.9995729175E+00 -0.5535165105E+01  0.2365533248E-02
  0.9995771883E+00 -0.5535238224E+01  0.2341893368E-02
  0.9995814164E+00 -0.5535310611E+01  0.2318489580E-02
  0.9995856022E+00 -0.5535382273E+01  0.2295319529E-02
  0.9995897462E+00 -0.5535453218E+01  0.2272380882E-02
  0.9995938488E+00 -0.5535523452E+01  0.2249671332E-02
  0.9995979103E+00 -0.5535592984E+01  0.2227188594E-02
  0.9996019312E+00 -0.5535661820E+01  0.2204930405E-02
  0.9996059119E+00 -0.5535729966E+01  0.2182894525E-02
  0.9996098527E+00 -0.5535797430E+01  0.2161078737E-02
  0.9996137542E+00 -0.5535864219E+01  0.2139480845E-02
  0.9996176167E+00 -0.5535930340E+01  0.2118098675E-02
  0.9996214405E+00 -0.5535995798E+01  0.2096930076E-02
  0.9996252261E+00 -0.5536060602E+01  0.2075972915E-02
  0.9996289738E+00 -0.5536124757E+01  0.2055225085E-02
  0.9996326841E+00 -0.5536188269E+01  0.2034684496E-02
  0.9996363573E+00 -0.5536251146E+01  0.2014349081E-02
  0.9996399937E+00 -0.5536313394E+01  0.1994216792E-02
  0.9996435938E+00 -0.5536375018E+01  0.1974285604E-02
  0.9996471578E+00 -0.5536436026E+01  0.1954553509E-02
  0.9996506862E+00 -0.5536496424E+01  0.1935018520E-02
  0.9996541794E+00 -0.5536556217E+01  0.1915678672E-02
  0.9996576376E+00 -0.5536615411E+01  0.1896532016E-02
  0.9996610612E+00 -0.5536674013E+01  0.1877576625E-02
  0.9996644506E+00 -0.5536732029E+01  0.1858810591E-02
  0.9996678400E+00 -0.5536790044E+01  0.1840044359E-02
  0.9996712294E+00 -0.5536848059E+01  0.1821277932E-02
  0.9996746188E+00 -0.5536906073E+01  0.1802511307E-02
  0.9996780081E+00 -0.5536964087E+01  0.1783744486E-02
  0.9996813975E+00 -0.5537022100E+01  0.1764977468E-02
  0.9996847869E+00 -0.5537080113E+01  0.1746210254E-02
  0.9996881763E+00 -0.5537138126E+01  0.1727442843E-02
  0.9996915657E+00 -0.5537196138E+01  0.1708675235E-02
  0.9996949551E+00 -0.5537254150E+01  0.1689907431E-02
  0.9996983445E+00 -0.5537312162E+01  0.1671139430E-02
  0.9997017339E+00 -0.5537370173E+01  0.1652371233E-02
  0.9997051232E+00 -0.5537428183E+01  0.1633602839E-02
  0.9997085126E+00 -0.5537486194E+01  0.1614834248E-02
  0.9997119020E+00 -0.5537544204E+01  0.1596065461E-02
  0.9997152914E+00 -0.5537602213E+01  0.1577296477E-02
  0.9997186808E+00 -0.5537660222E+01  0.1558527296E-02
  0.9997220702E+00 -0.5537718231E+01  0.1539757919E-02
  0.9997254596E+00 -0.5537776240E+01  0.1520988345E-02
  0.9997288490E+00 -0.5537834248E+01  0.1502218575E-02
  0.9997322384E+00 -0.5537892256E+01  0.1483448608E-02
  0.9997356277E+00 -0.5537950263E+01  0.1464678444E-02
  0.9997390171E+00 -0.5538008270E+01  0.1445908084E-02
  0.9997424065E+00 -0.5538066277E+01  0.1427137527E-02
  0.9997457959E+00 -0.5538124283E+01  0.1408366774E-02
  0.9997491853E+00 -0.5538182290E+01  0.1389595824E-02
  0.9997525747E+00 -0.5538240295E+01  0.1370824677E-02
  0.9997559641E+00 -0.5538298301E+01  0.1352053334E-02
  0.9997593535E+00 -0.5538356306E+01  0.1333281794E-02
  0.9997627428E+00 -0.5538414311E+01  0.1314510057E-02
  0.9997661322E+00 -0.5538472315E+01  0.1295738124E-02
  0.9997695216E+00 -0.5538530319E+01  0.1276965995E-02
  0.9997729110E+00 -0.5538588323E+01  0.1258193668E-02
  0.9997763004E+00 -0.5538646327E+01  0.1239421145E-02
  0.9997796898E+00 -0.5538704330E+01  0.1220648426E-02
  0.9997830792E+00 -0.5538762333E+01  0.1201875510E-02
  0.9997864686E+00 -0.5538820336E+01  0.1183102397E-02
  0.9997898579E+00 -0.5538878339E+01  0.1164329088E-02
  0.9997932473E+00 -0.5538936341E+01  0.1145555582E-02
  0.9997966367E+00 -0.5538994343E+01  0.1126781880E-02
  0.9998000261E+00 -0.5539052345E+01  0.1108007981E-02
  0.9998034155E+00 -0.5539110346E+01  0.1089233885E-02
  0.9998068049E+00 -0.5539168347E+01  0.1070459593E-02
  0.9998101943E+00 -0.5539226348E+01  0.1051685104E-02
  0.9998135837E+00 -0.5539284349E+01  0.1032910419E-02
  0.9998169731E+00 -0.5539342349E+01  0.1014135537E-02
  0.9998203624E+00 -0.5539400349E+01  0.9953604582E-03
  0.9998237518E+00 -0.5539458349E+01  0.9765851831E-03
  0.9998271412E+00 -0.5539516349E+01  0.9578097114E-03
  0.9998305306E+00 -0.5539574349E+01  0.9390340431E-03
  0.9998339200E+00 -0.5539632348E+01  0.9202581782E-03
  0.9998373094E+00 -0.5539690347E+01  0.9014821168E-03
  0.9998406988E+00 -0.5539748346E+01  0.8827058587E-03
  0.9998440882E+00 -0.5539806345E+01  0.8639294041E-03
  0.9998474775E+00 -0.5539864343E+01  0.8451527529E-03
  0.9998508669E+00 -0.5539922341E+01  0.8263759051E-03
  0.9998542563E+00 -0.5539980339E+01  0.8075988607E-03
  0.9998576457E+00 -0.5540038337E+01  0.7888216198E-03
  0.9998610351E+00 -0.5540096335E+01  0.7700441823E-03
  0.9998644245E+00 -0.5540154333E+01  0.7512665482E-03
  0.9998678139E+00 -0.5540212330E+01  0.7324887175E-03
  0.9998712033E+00 -0.5540270327E+01  0.7137106903E-03
  0.9998745926E+00 -0.5540328324E+01  0.6949324664E-03
  0.9998779820E+00 -0.5540386321E+01  0.6761540461E-03
  0.9998813714E+00 -0.5540444318E+01  0.6573754291E-03
  0.9998847608E+00 -0.5540502314E+01  0.6385966155E-03
  0.9998881502E+00 -0.5540560311E+01  0.6198176054E-03
  0.9998915396E+00 -0.5540618307E+01  0.6010383988E-03
  0.9998949290E+00 -0.5540676303E+01  0.5822589955E-03
  0.9998983184E+00 -0.5540734299E+01  0.5634793957E-03
  0.9999017077E+00 -0.5540792295E+01  0.5446995993E-03
  0.9999050971E+00 -0.5540850291E+01  0.5259196063E-03
  0.9999084865E+00 -0.5540908286E+01  0.5071394168E-03
  0.9999118759E+00 -0.5540966282E+01  0.4883590307E-03
  0.9999152653E+00 -0.5541024277E+01  0.4695784480E-03
  0.9999186547E+00 -0.5541082272E+01  0.4507976687E-03
  0.9999220441E+00 -0.5541140268E+01  0.4320166929E-03
  0.9999254335E+00 -0.5541198263E+01  0.4132355205E-03
  0.9999288229E+00 -0.5541256258E+01  0.3944541516E-03
  0.9999322122E+00 -0.5541314252E+01  0.3756725861E-03
  0.9999356016E+00 -0.5541372247E+01  0.3568908240E-03
  0.9999389910E+00 -0.5541430242E+01  0.3381088653E-03
  0.9999423804E+00 -0.5541488237E+01  0.3193267101E-03
  0.9999457698E+00 -0.5541546231E+01  0.3005443583E-03
  0.9999491592E+00 -0.5541604226E+01  0.2817618100E-03
  0.9999525486E+00 -0.5541662220E+01  0.2629790651E-03
  0.9999559380E+00 -0.5541720214E+01  0.2441961236E-03
  0.9999593273E+00 -0.5541778209E+01  0.2254129856E-03
  0.9999627167E+00 -0.5541836203E+01  0.2066296510E-03
  0.9999661061E+00 -0.5541894197E+01  0.1878461198E-03
  0.9999694955E+00 -0.5541952191E+01  0.1690623920E-03
  0.9999728849E+00 -0.5542010185E+01  0.1502784677E-03
  0.9999762743E+00 -0.5542068179E+01  0.1314943469E-03
  0.9999796637E+00 -0.5542126173E+01  0.1127100294E-03
  0.9999830531E+00 -0.5542184167E+01  0.9392551544E-04
  0.9999864424E+00 -0.5542242161E+01  0.7514080488E-04
  0.9999898318E+00 -0.5542300155E+01  0.5635589775E-04
  0.9999932212E+00 -0.5542358149E+01  0.3757079406E-04
  0.9999966106E+00 -0.5542416143E+01  0.1878549381E-04
  0.1000000000E+01 -0.5542472362E+01  0.3877786434E-17
  0.1000000000E+01 -0.5542472362E+01  0.0000000000E+00
