  0.0000000000E+00  0.5542473970E+01  0.0000000000E+00
  0.6996492144E-18  0.5542473970E+01  0.3877787559E-17
  0.3389387958E-05  0.5542361248E+01  0.1878540350E-04
  0.6778775916E-05  0.5542248526E+01  0.3757042495E-04
  0.1016816387E-04  0.5542135804E+01  0.5635506433E-04
  0.1355755183E-04  0.5542023082E+01  0.7513932166E-04
  0.1694693979E-04  0.5541910360E+01  0.9392319693E-04
  0.2033632775E-04  0.5541797639E+01  0.1127066901E-03
  0.2372571571E-04  0.5541684917E+01  0.1314898013E-03
  0.2711510367E-04  0.5541572195E+01  0.1502725304E-03
  0.3050449162E-04  0.5541459473E+01  0.1690548774E-03
  0.3389387958E-04  0.5541346751E+01  0.1878368424E-03
  0.3728326754E-04  0.5541234030E+01  0.2066184253E-03
  0.4067265550E-04  0.5541121308E+01  0.2253996262E-03
  0.4406204346E-04  0.5541008586E+01  0.2441804450E-03
  0.4745143141E-04  0.5540895864E+01  0.2629608818E-03
  0.5084081937E-04  0.5540783143E+01  0.2817409364E-03
  0.5423020733E-04  0.5540670421E+01  0.3005206091E-03
  0.5761959529E-04  0.5540557699E+01  0.3192998997E-03
  0.6100898325E-04  0.5540444977E+01  0.3380788082E-03
  0.6439837120E-04  0.5540332256E+01  0.3568573346E-03
  0.6778775916E-04  0.5540219534E+01  0.3756354790E-03
  0.7117714712E-04  0.5540106812E+01  0.3944132414E-03
  0.7456653508E-04  0.5539994091E+01  0.4131906217E-03
  0.7795592304E-04  0.5539881369E+01  0.4319676199E-03
  0.8134531100E-04  0.5539768648E+01  0.4507442361E-03
  0.8473469895E-04  0.5539655926E+01  0.4695204702E-03
  0.8812408691E-04  0.5539543204E+01  0.4882963222E-03
  0.9151347487E-04  0.5539430483E+01  0.5070717923E-03
  0.9490286283E-04  0.5539317761E+01  0.5258468802E-03
  0.9829225079E-04  0.5539205040E+01  0.5446215861E-03
  0.1016816387E-03  0.5539092318E+01  0.5633959099E-03
  0.1050710267E-03  0.5538979597E+01  0.5821698517E-03
  0.1084604147E-03  0.5538866875E+01  0.6009434114E-03
  0.1118498026E-03  0.5538754154E+01  0.6197165891E-03
  0.1152391906E-03  0.5538641433E+01  0.6384893847E-03
  0.1186285785E-03  0.5538528711E+01  0.6572617982E-03
  0.1220179665E-03  0.5538415990E+01  0.6760338297E-03
  0.1254073545E-03  0.5538303269E+01  0.6948054791E-03
  0.1287967424E-03  0.5538190547E+01  0.7135767465E-03
  0.1321861304E-03  0.5538077826E+01  0.7323476319E-03
  0.1355755183E-03  0.5537965105E+01  0.7511181351E-03
  0.1389649063E-03  0.5537852384E+01  0.7698882563E-03
  0.1423542942E-03  0.5537739662E+01  0.7886579955E-03
  0.1457436822E-03  0.5537626941E+01  0.8074273526E-03
  0.1491330702E-03  0.5537514220E+01  0.8261963276E-03
  0.1525224581E-03  0.5537401499E+01  0.8449649206E-03
  0.1559118461E-03  0.5537288778E+01  0.8637331315E-03
  0.1593012340E-03  0.5537176057E+01  0.8825009604E-03
  0.1626906220E-03  0.5537063336E+01  0.9012684072E-03
  0.1660800099E-03  0.5536950615E+01  0.9200354720E-03
  0.1694693979E-03  0.5536837894E+01  0.9388021547E-03
  0.1728587859E-03  0.5536725173E+01  0.9575684554E-03
  0.1762481738E-03  0.5536612453E+01  0.9763343740E-03
  0.1796375618E-03  0.5536499732E+01  0.9950999105E-03
  0.1830269497E-03  0.5536387011E+01  0.1013865065E-02
  0.1864163377E-03  0.5536274290E+01  0.1032629837E-02
  0.1898057257E-03  0.5536161570E+01  0.1051394228E-02
  0.1931951136E-03  0.5536048849E+01  0.1070158236E-02
  0.1965845016E-03  0.5535936129E+01  0.1088921862E-02
  0.1999738895E-03  0.5535823408E+01  0.1107685107E-02
  0.2033632775E-03  0.5535710688E+01  0.1126447969E-02
  0.2067526654E-03  0.5535597967E+01  0.1145210449E-02
  0.2101420534E-03  0.5535485247E+01  0.1163972547E-02
  0.2135314414E-03  0.5535372527E+01  0.1182734263E-02
  0.2169208293E-03  0.5535259806E+01  0.1201495597E-02
  0.2203102173E-03  0.5535147086E+01  0.1220256549E-02
  0.2236996052E-03  0.5535034366E+01  0.1239017119E-02
  0.2270889932E-03  0.5534921646E+01  0.1257777307E-02
  0.2304783812E-03  0.5534808926E+01  0.1276537112E-02
  0.2338677691E-03  0.5534696206E+01  0.1295296536E-02
  0.2372571571E-03  0.5534583486E+01  0.1314055578E-02
  0.2406465450E-03  0.5534470766E+01  0.1332814237E-02
  0.2440359330E-03  0.5534358046E+01  0.1351572515E-02
  0.2474253209E-03  0.5534245326E+01  0.1370330410E-02
  0.2508147089E-03  0.5534132606E+01  0.1389087924E-02
  0.2542040969E-03  0.5534019886E+01  0.1407845055E-02
  0.2575934848E-03  0.5533907167E+01  0.1426601804E-02
  0.2609828728E-03  0.5533794447E+01  0.1445358172E-02
  0.2643722607E-03  0.5533681728E+01  0.1464114157E-02
  0.2677616487E-03  0.5533569008E+01  0.1482869760E-02
  0.2711510367E-03  0.5533456289E+01  0.1501624981E-02
  0.2745404246E-03  0.5533343569E+01  0.1520379820E-02
  0.2779298126E-03  0.5533230850E+01  0.1539134277E-02
  0.2813192005E-03  0.5533118131E+01  0.1557888352E-02
  0.2847085885E-03  0.5533005412E+01  0.1576642045E-02
  0.2880979764E-03  0.5532892693E+01  0.1595395356E-02
  0.2914873644E-03  0.5532779974E+01  0.1614148285E-02
  0.2948767524E-03  0.5532667255E+01  0.1632900832E-02
  0.2982661403E-03  0.5532554536E+01  0.1651652997E-02
  0.3016555283E-03  0.5532441817E+01  0.1670404779E-02
  0.3050449162E-03  0.5532329098E+01  0.1689156180E-02
  0.3084343042E-03  0.5532216379E+01  0.1707907199E-02
  0.3118236921E-03  0.5532103661E+01  0.1726657835E-02
  0.3152130801E-03  0.5531990942E+01  0.1745408090E-02
  0.3186024681E-03  0.5531878224E+01  0.1764157962E-02
  0.3219918560E-03  0.5531765505E+01  0.1782907453E-02
  0.3253812440E-03  0.5531652787E+01  0.1801656561E-02
  0.3287706319E-03  0.5531540069E+01  0.1820405287E-02
  0.3321600199E-03  0.5531427350E+01  0.1839153631E-02
  0.3355494079E-03  0.5531314632E+01  0.1857901594E-02
  0.3389387958E-03  0.5531201914E+01  0.1876649174E-02
  0.3423624200E-03  0.5531088058E+01  0.1895585736E-02
  0.3458206263E-03  0.5530973051E+01  0.1914713180E-02
  0.3493137639E-03  0.5530856883E+01  0.1934033427E-02
  0.3528421858E-03  0.5530739542E+01  0.1953548417E-02
  0.3564062483E-03  0.5530621015E+01  0.1973260107E-02
  0.3600063114E-03  0.5530501291E+01  0.1993170476E-02
  0.3636427388E-03  0.5530380358E+01  0.2013281523E-02
  0.3673158977E-03  0.5530258204E+01  0.2033595264E-02
  0.3710261593E-03  0.5530134815E+01  0.2054113740E-02
  0.3747738983E-03  0.5530010181E+01  0.2074839008E-02
  0.3785594932E-03  0.5529884288E+01  0.2095773149E-02
  0.3823833265E-03  0.5529757123E+01  0.2116918261E-02
  0.3862457844E-03  0.5529628673E+01  0.2138276467E-02
  0.3901472569E-03  0.5529498927E+01  0.2159849908E-02
  0.3940881383E-03  0.5529367870E+01  0.2181640749E-02
  0.3980688266E-03  0.5529235489E+01  0.2203651176E-02
  0.4020897238E-03  0.5529101771E+01  0.2225883395E-02
  0.4061512362E-03  0.5528966703E+01  0.2248339635E-02
  0.4102537739E-03  0.5528830270E+01  0.2271022150E-02
  0.4143977514E-03  0.5528692460E+01  0.2293933213E-02
  0.4185835873E-03  0.5528553257E+01  0.2317075121E-02
  0.4228117043E-03  0.5528412649E+01  0.2340450194E-02
  0.4270825296E-03  0.5528270620E+01  0.2364060775E-02
  0.4313964946E-03  0.5528127157E+01  0.2387909231E-02
  0.4357540349E-03  0.5527982246E+01  0.2411997953E-02
  0.4401555908E-03  0.5527835870E+01  0.2436329354E-02
  0.4446016069E-03  0.5527688016E+01  0.2460905872E-02
  0.4490925322E-03  0.5527538669E+01  0.2485729971E-02
  0.4536288204E-03  0.5527387813E+01  0.2510804137E-02
  0.4582109297E-03  0.5527235434E+01  0.2536130883E-02
  0.4628393230E-03  0.5527081516E+01  0.2561712746E-02
  0.4675144676E-03  0.5526926043E+01  0.2587552288E-02
  0.4722368360E-03  0.5526769000E+01  0.2613652098E-02
  0.4770069051E-03  0.5526610371E+01  0.2640014789E-02
  0.4818251566E-03  0.5526450140E+01  0.2666643003E-02
  0.4866920774E-03  0.5526288291E+01  0.2693539404E-02
  0.4916081590E-03  0.5526124807E+01  0.2720706686E-02
  0.4965738980E-03  0.5525959672E+01  0.2748147569E-02
  0.5015897959E-03  0.5525792869E+01  0.2775864801E-02
  0.5066563595E-03  0.5525624381E+01  0.2803861155E-02
  0.5117741005E-03  0.5525454192E+01  0.2832139434E-02
  0.5169435359E-03  0.5525282284E+01  0.2860702468E-02
  0.5221651878E-03  0.5525108640E+01  0.2889553115E-02
  0.5274395836E-03  0.5524933242E+01  0.2918694263E-02
  0.5327672562E-03  0.5524756073E+01  0.2948128826E-02
  0.5381487436E-03  0.5524577114E+01  0.2977859750E-02
  0.5435845895E-03  0.5524396348E+01  0.3007890008E-02
  0.5490753429E-03  0.5524213757E+01  0.3038222605E-02
  0.5546215585E-03  0.5524029321E+01  0.3068860574E-02
  0.5602237965E-03  0.5523843023E+01  0.3099806979E-02
  0.5658826227E-03  0.5523654844E+01  0.3131064914E-02
  0.5715986088E-03  0.5523464763E+01  0.3162637505E-02
  0.5773723321E-03  0.5523272764E+01  0.3194527908E-02
  0.5832043759E-03  0.5523078825E+01  0.3226739311E-02
  0.5890953291E-03  0.5522882928E+01  0.3259274934E-02
  0.5950457870E-03  0.5522685052E+01  0.3292138027E-02
  0.6010563505E-03  0.5522485178E+01  0.3325331876E-02
  0.6071276268E-03  0.5522283286E+01  0.3358859796E-02
  0.6132602291E-03  0.5522079354E+01  0.3392725138E-02
  0.6194547769E-03  0.5521873363E+01  0.3426931284E-02
  0.6257118958E-03  0.5521665292E+01  0.3461481652E-02
  0.6320322180E-03  0.5521455120E+01  0.3496379691E-02
  0.6384163818E-03  0.5521242825E+01  0.3531628888E-02
  0.6448650321E-03  0.5521028387E+01  0.3567232760E-02
  0.6513788203E-03  0.5520811783E+01  0.3603194865E-02
  0.6579584044E-03  0.5520592991E+01  0.3639518790E-02
  0.6646044489E-03  0.5520371990E+01  0.3676208162E-02
  0.6713176251E-03  0.5520148757E+01  0.3713266643E-02
  0.6780986112E-03  0.5519923270E+01  0.3750697930E-02
  0.6849480921E-03  0.5519695506E+01  0.3788505760E-02
  0.6918667597E-03  0.5519465442E+01  0.3826693902E-02
  0.6988553129E-03  0.5519233055E+01  0.3865266168E-02
  0.7059144575E-03  0.5518998321E+01  0.3904226403E-02
  0.7130449065E-03  0.5518761217E+01  0.3943578494E-02
  0.7202473803E-03  0.5518521718E+01  0.3983326365E-02
  0.7275226064E-03  0.5518279801E+01  0.4023473978E-02
  0.7348713196E-03  0.5518035442E+01  0.4064025336E-02
  0.7422942622E-03  0.5517788614E+01  0.4104984480E-02
  0.7497921840E-03  0.5517539295E+01  0.4146355493E-02
  0.7573658425E-03  0.5517287457E+01  0.4188142497E-02
  0.7650160025E-03  0.5517033077E+01  0.4230349656E-02
  0.7727434369E-03  0.5516776128E+01  0.4272981175E-02
  0.7805489261E-03  0.5516516585E+01  0.4316041298E-02
  0.7884332587E-03  0.5516254421E+01  0.4359534316E-02
  0.7963972310E-03  0.5515989610E+01  0.4403464559E-02
  0.8044416475E-03  0.5515722125E+01  0.4447836401E-02
  0.8125673207E-03  0.5515451939E+01  0.4492654259E-02
  0.8207750714E-03  0.5515179025E+01  0.4537922594E-02
  0.8290657287E-03  0.5514903355E+01  0.4583645910E-02
  0.8374401300E-03  0.5514624902E+01  0.4629828758E-02
  0.8458991212E-03  0.5514343638E+01  0.4676475732E-02
  0.8544435568E-03  0.5514059533E+01  0.4723591472E-02
  0.8630742998E-03  0.5513772561E+01  0.4771180664E-02
  0.8717922220E-03  0.5513482690E+01  0.4819248041E-02
  0.8805982040E-03  0.5513189893E+01  0.4867798382E-02
  0.8894931354E-03  0.5512894140E+01  0.4916836512E-02
  0.8984779145E-03  0.5512595401E+01  0.4966367306E-02
  0.9075534490E-03  0.5512293646E+01  0.5016395686E-02
  0.9167206556E-03  0.5511988844E+01  0.5066926624E-02
  0.9259804602E-03  0.5511680965E+01  0.5117965138E-02
  0.9353337982E-03  0.5511369977E+01  0.5169516299E-02
  0.9447816143E-03  0.5511055850E+01  0.5221585225E-02
  0.9543248629E-03  0.5510738552E+01  0.5274177087E-02
  0.9639645080E-03  0.5510418050E+01  0.5327297106E-02
  0.9737015233E-03  0.5510094313E+01  0.5380950554E-02
  0.9835368922E-03  0.5509767307E+01  0.5435142757E-02
  0.9934716083E-03  0.5509437000E+01  0.5489879090E-02
  0.1003506675E-02  0.5509103359E+01  0.5545164984E-02
  0.1013643106E-02  0.5508766349E+01  0.5601005922E-02
  0.1023881925E-02  0.5508425938E+01  0.5657407442E-02
  0.1034224167E-02  0.5508082090E+01  0.5714375137E-02
  0.1044670876E-02  0.5507734771E+01  0.5771914652E-02
  0.1055223107E-02  0.5507383946E+01  0.5830031691E-02
  0.1065881926E-02  0.5507029580E+01  0.5888732012E-02
  0.1076648410E-02  0.5506671637E+01  0.5948021432E-02
  0.1087523647E-02  0.5506310080E+01  0.6007905822E-02
  0.1098508734E-02  0.5505944874E+01  0.6068391113E-02
  0.1109604782E-02  0.5505575982E+01  0.6129483294E-02
  0.1120812911E-02  0.5505203366E+01  0.6191188413E-02
  0.1132134253E-02  0.5504826989E+01  0.6253512575E-02
  0.1143569953E-02  0.5504446814E+01  0.6316461949E-02
  0.1155121165E-02  0.5504062801E+01  0.6380042761E-02
  0.1166789055E-02  0.5503674912E+01  0.6444261300E-02
  0.1178574803E-02  0.5503283108E+01  0.6509123917E-02
  0.1190479599E-02  0.5502887350E+01  0.6574637024E-02
  0.1202504646E-02  0.5502487598E+01  0.6640807097E-02
  0.1214651157E-02  0.5502083811E+01  0.6707640674E-02
  0.1226920361E-02  0.5501675950E+01  0.6775144358E-02
  0.1239313496E-02  0.5501263972E+01  0.6843324818E-02
  0.1251831814E-02  0.5500847836E+01  0.6912188786E-02
  0.1264476580E-02  0.5500427501E+01  0.6981743061E-02
  0.1277249070E-02  0.5500002924E+01  0.7051994509E-02
  0.1290150576E-02  0.5499574062E+01  0.7122950061E-02
  0.1303182400E-02  0.5499140873E+01  0.7194616720E-02
  0.1316345859E-02  0.5498703313E+01  0.7267001553E-02
  0.1329642282E-02  0.5498261337E+01  0.7340111699E-02
  0.1343073012E-02  0.5497814902E+01  0.7413954365E-02
  0.1356639406E-02  0.5497363962E+01  0.7488536830E-02
  0.1370342834E-02  0.5496908472E+01  0.7563866442E-02
  0.1384184681E-02  0.5496448386E+01  0.7639950623E-02
  0.1398166344E-02  0.5495983658E+01  0.7716796866E-02
  0.1412289237E-02  0.5495514241E+01  0.7794412736E-02
  0.1426554785E-02  0.5495040088E+01  0.7872805876E-02
  0.1440964429E-02  0.5494561151E+01  0.7951983998E-02
  0.1455519625E-02  0.5494077383E+01  0.8031954893E-02
  0.1470221844E-02  0.5493588734E+01  0.8112726427E-02
  0.1485072569E-02  0.5493095156E+01  0.8194306541E-02
  0.1500073302E-02  0.5492596598E+01  0.8276703256E-02
  0.1515225558E-02  0.5492093011E+01  0.8359924668E-02
  0.1530530867E-02  0.5491584345E+01  0.8443978954E-02
  0.1545990774E-02  0.5491070547E+01  0.8528874370E-02
  0.1561606843E-02  0.5490551567E+01  0.8614619251E-02
  0.1577380649E-02  0.5490027352E+01  0.8701222015E-02
  0.1593313787E-02  0.5489497850E+01  0.8788691159E-02
  0.1609407866E-02  0.5488963007E+01  0.8877035265E-02
  0.1625664511E-02  0.5488422770E+01  0.8966262998E-02
  0.1642085364E-02  0.5487877085E+01  0.9056383104E-02
  0.1658672085E-02  0.5487325896E+01  0.9147404419E-02
  0.1675426349E-02  0.5486769149E+01  0.9239335858E-02
  0.1692349847E-02  0.5486206787E+01  0.9332186429E-02
  0.1709444290E-02  0.5485638755E+01  0.9425965223E-02
  0.1726711404E-02  0.5485064995E+01  0.9520681419E-02
  0.1744152934E-02  0.5484485449E+01  0.9616344287E-02
  0.1761770640E-02  0.5483900060E+01  0.9712963185E-02
  0.1779566303E-02  0.5483308768E+01  0.9810547561E-02
  0.1797541720E-02  0.5482711515E+01  0.9909106956E-02
  0.1815698707E-02  0.5482108241E+01  0.1000865100E-01
  0.1834039098E-02  0.5481498885E+01  0.1010918942E-01
  0.1852564746E-02  0.5480883386E+01  0.1021073204E-01
  0.1871277521E-02  0.5480261682E+01  0.1031328876E-01
  0.1890179314E-02  0.5479633711E+01  0.1041686960E-01
  0.1909272034E-02  0.5478999411E+01  0.1052148466E-01
  0.1928557610E-02  0.5478358717E+01  0.1062714414E-01
  0.1948037990E-02  0.5477711566E+01  0.1073385834E-01
  0.1967715142E-02  0.5477057892E+01  0.1084163767E-01
  0.1987591052E-02  0.5476397631E+01  0.1095049262E-01
  0.2007667730E-02  0.5475730716E+01  0.1106043380E-01
  0.2027947202E-02  0.5475057080E+01  0.1117147189E-01
  0.2048431517E-02  0.5474376656E+01  0.1128361772E-01
  0.2069122744E-02  0.5473689376E+01  0.1139688218E-01
  0.2090022974E-02  0.5472995172E+01  0.1151127629E-01
  0.2111134317E-02  0.5472293973E+01  0.1162681117E-01
  0.2132458906E-02  0.5471585710E+01  0.1174349804E-01
  0.2153998895E-02  0.5470870312E+01  0.1186134823E-01
  0.2175756460E-02  0.5470147708E+01  0.1198037318E-01
  0.2197733798E-02  0.5469417824E+01  0.1210058445E-01
  0.2219933129E-02  0.5468680589E+01  0.1222199368E-01
  0.2242356696E-02  0.5467935929E+01  0.1234461266E-01
  0.2265006764E-02  0.5467183769E+01  0.1246845326E-01
  0.2287885620E-02  0.5466424034E+01  0.1259352748E-01
  0.2310995576E-02  0.5465656649E+01  0.1271984743E-01
  0.2334338965E-02  0.5464881537E+01  0.1284742534E-01
  0.2357918147E-02  0.5464098620E+01  0.1297627354E-01
  0.2381735502E-02  0.5463307821E+01  0.1310640450E-01
  0.2405793436E-02  0.5462509061E+01  0.1323783079E-01
  0.2430094380E-02  0.5461702259E+01  0.1337056511E-01
  0.2454640788E-02  0.5460887336E+01  0.1350462028E-01
  0.2479435139E-02  0.5460064211E+01  0.1364000924E-01
  0.2504479939E-02  0.5459232802E+01  0.1377674504E-01
  0.2529777716E-02  0.5458393025E+01  0.1391484087E-01
  0.2555331026E-02  0.5457544797E+01  0.1405431005E-01
  0.2581142450E-02  0.5456688034E+01  0.1419516599E-01
  0.2607214596E-02  0.5455822651E+01  0.1433742228E-01
  0.2633550097E-02  0.5454948561E+01  0.1448109259E-01
  0.2660151614E-02  0.5454065678E+01  0.1462619075E-01
  0.2687021832E-02  0.5453173914E+01  0.1477273071E-01
  0.2714163467E-02  0.5452273180E+01  0.1492072654E-01
  0.2741579259E-02  0.5451363667E+01  0.1507019246E-01
  0.2769271979E-02  0.5450445314E+01  0.1522114283E-01
  0.2797244423E-02  0.5449517744E+01  0.1537359213E-01
  0.2825499417E-02  0.5448580865E+01  0.1552755499E-01
  0.2854039815E-02  0.5447634586E+01  0.1568304615E-01
  0.2882868500E-02  0.5446678813E+01  0.1584008052E-01
  0.2911988384E-02  0.5445713453E+01  0.1599867312E-01
  0.2941402408E-02  0.5444738410E+01  0.1615883912E-01
  0.2971113544E-02  0.5443753588E+01  0.1632059385E-01
  0.3001124792E-02  0.5442758892E+01  0.1648395277E-01
  0.3031439184E-02  0.5441754224E+01  0.1664893147E-01
  0.3062059781E-02  0.5440739408E+01  0.1681554570E-01
  0.3092989678E-02  0.5439713607E+01  0.1698381134E-01
  0.3124231998E-02  0.5438677500E+01  0.1715374443E-01
  0.3155789897E-02  0.5437630984E+01  0.1732536115E-01
  0.3187666563E-02  0.5436573956E+01  0.1749867785E-01
  0.3219865215E-02  0.5435506311E+01  0.1767371101E-01
  0.3252389106E-02  0.5434427944E+01  0.1785047729E-01
  0.3285241521E-02  0.5433338748E+01  0.1802899348E-01
  0.3318425779E-02  0.5432238626E+01  0.1820927654E-01
  0.3351945231E-02  0.5431127591E+01  0.1839134359E-01
  0.3385803264E-02  0.5430005409E+01  0.1857521188E-01
  0.3420003297E-02  0.5428871968E+01  0.1876089887E-01
  0.3454548785E-02  0.5427727158E+01  0.1894842212E-01
  0.3489443217E-02  0.5426570866E+01  0.1913779941E-01
  0.3524690118E-02  0.5425402978E+01  0.1932904863E-01
  0.3560293049E-02  0.5424223380E+01  0.1952218788E-01
  0.3596255605E-02  0.5423031955E+01  0.1971723539E-01
  0.3632581419E-02  0.5421828589E+01  0.1991420959E-01
  0.3669274160E-02  0.5420613161E+01  0.2011312904E-01
  0.3706337536E-02  0.5419385283E+01  0.2031401251E-01
  0.3743775289E-02  0.5418145057E+01  0.2051687890E-01
  0.3781591201E-02  0.5416892398E+01  0.2072174731E-01
  0.3819789092E-02  0.5415627181E+01  0.2092863701E-01
  0.3858372820E-02  0.5414349285E+01  0.2113756745E-01
  0.3897346283E-02  0.5413058582E+01  0.2134855824E-01
  0.3936713417E-02  0.5411754948E+01  0.2156162918E-01
  0.3976478199E-02  0.5410438255E+01  0.2177680026E-01
  0.4016644645E-02  0.5409108374E+01  0.2199409163E-01
  0.4057216813E-02  0.5407765175E+01  0.2221352363E-01
  0.4098198801E-02  0.5406408527E+01  0.2243511680E-01
  0.4139594749E-02  0.5405038298E+01  0.2265889184E-01
  0.4181408837E-02  0.5403654354E+01  0.2288486966E-01
  0.4223645290E-02  0.5402256561E+01  0.2311307133E-01
  0.4266308374E-02  0.5400844783E+01  0.2334351814E-01
  0.4309402398E-02  0.5399418882E+01  0.2357623155E-01
  0.4352931715E-02  0.5397978720E+01  0.2381123322E-01
  0.4396900722E-02  0.5396524157E+01  0.2404854501E-01
  0.4441313861E-02  0.5395055052E+01  0.2428818896E-01
  0.4486175617E-02  0.5393571263E+01  0.2453018732E-01
  0.4531490522E-02  0.5392072646E+01  0.2477456254E-01
  0.4577263154E-02  0.5390559055E+01  0.2502133725E-01
  0.4623498135E-02  0.5389030345E+01  0.2527053431E-01
  0.4670200136E-02  0.5387486368E+01  0.2552217676E-01
  0.4717373875E-02  0.5385926975E+01  0.2577628785E-01
  0.4765024116E-02  0.5384352016E+01  0.2603289105E-01
  0.4813155673E-02  0.5382761338E+01  0.2629201001E-01
  0.4861773407E-02  0.5381154789E+01  0.2655366862E-01
  0.4910882230E-02  0.5379532214E+01  0.2681789095E-01
  0.4960487101E-02  0.5377893458E+01  0.2708470131E-01
  0.5010593031E-02  0.5376238363E+01  0.2735412420E-01
  0.5061205082E-02  0.5374567322E+01  0.2762618436E-01
  0.5112328365E-02  0.5372881142E+01  0.2790090679E-01
  0.5163968046E-02  0.5371178226E+01  0.2817831668E-01
  0.5216129339E-02  0.5369458414E+01  0.2845843943E-01
  0.5268817514E-02  0.5367721545E+01  0.2874130064E-01
  0.5322037893E-02  0.5365967454E+01  0.2902692614E-01
  0.5375795852E-02  0.5364195979E+01  0.2931534198E-01
  0.5430096820E-02  0.5362404929E+01  0.2960657439E-01
  0.5484946283E-02  0.5360595462E+01  0.2990064979E-01
  0.5540349781E-02  0.5358768003E+01  0.3019759491E-01
  0.5596312910E-02  0.5356922380E+01  0.3049743669E-01
  0.5652841323E-02  0.5355058418E+01  0.3080020233E-01
  0.5709940730E-02  0.5353175941E+01  0.3110591925E-01
  0.5767616899E-02  0.5351274771E+01  0.3141461510E-01
  0.5825875656E-02  0.5349354729E+01  0.3172631779E-01
  0.5884722885E-02  0.5347415634E+01  0.3204105543E-01
  0.5944164530E-02  0.5345457305E+01  0.3235885641E-01
  0.6004206596E-02  0.5343479558E+01  0.3267974934E-01
  0.6064855147E-02  0.5341482207E+01  0.3300376307E-01
  0.6126116310E-02  0.5339465066E+01  0.3333092669E-01
  0.6187996273E-02  0.5337427947E+01  0.3366126956E-01
  0.6250501286E-02  0.5335369190E+01  0.3399482122E-01
  0.6313637663E-02  0.5333285760E+01  0.3433161133E-01
  0.6377411780E-02  0.5331181567E+01  0.3467166983E-01
  0.6441830081E-02  0.5329056413E+01  0.3501502704E-01
  0.6506899072E-02  0.5326910095E+01  0.3536171353E-01
  0.6572625325E-02  0.5324742409E+01  0.3571176014E-01
  0.6639015480E-02  0.5322553152E+01  0.3606519794E-01
  0.6706076242E-02  0.5320342115E+01  0.3642205827E-01
  0.6773814386E-02  0.5318109091E+01  0.3678237274E-01
  0.6842236754E-02  0.5315853869E+01  0.3714617320E-01
  0.6911350256E-02  0.5313576238E+01  0.3751349177E-01
  0.6981161875E-02  0.5311275984E+01  0.3788436084E-01
  0.7051678662E-02  0.5308952892E+01  0.3825881305E-01
  0.7122907739E-02  0.5306606744E+01  0.3863688131E-01
  0.7194856302E-02  0.5304237323E+01  0.3901859880E-01
  0.7267531618E-02  0.5301843968E+01  0.3940399895E-01
  0.7340941029E-02  0.5299412921E+01  0.3979311496E-01
  0.7415091948E-02  0.5296954631E+01  0.4018598016E-01
  0.7489991867E-02  0.5294471536E+01  0.4058262864E-01
  0.7565648350E-02  0.5291963392E+01  0.4098309486E-01
  0.7642069041E-02  0.5289429952E+01  0.4138741355E-01
  0.7719261657E-02  0.5286870969E+01  0.4179561972E-01
  0.7797233997E-02  0.5284286192E+01  0.4220774865E-01
  0.7875993937E-02  0.5281675371E+01  0.4262383590E-01
  0.7955549431E-02  0.5279029211E+01  0.4304391694E-01
  0.8035908516E-02  0.5276356767E+01  0.4346802752E-01
  0.8117079309E-02  0.5273658320E+01  0.4389620406E-01
  0.8199070009E-02  0.5270948231E+01  0.4432848390E-01
  0.8281888898E-02  0.5268211731E+01  0.4476490466E-01
  0.8365544342E-02  0.5265446136E+01  0.4520550357E-01
  0.8450044790E-02  0.5262642768E+01  0.4565031768E-01
  0.8535398777E-02  0.5259811208E+01  0.4609938439E-01
  0.8621614927E-02  0.5256952645E+01  0.4655274183E-01
  0.8708701946E-02  0.5254079864E+01  0.4701042907E-01
  0.8796668632E-02  0.5251166128E+01  0.4747248491E-01
  0.8885523871E-02  0.5248222331E+01  0.4793894775E-01
  0.8975276638E-02  0.5245248967E+01  0.4840985679E-01
  0.9065935997E-02  0.5242245755E+01  0.4888525157E-01
  0.9157511109E-02  0.5239212406E+01  0.4936517191E-01
  0.9250011221E-02  0.5236141905E+01  0.4984965764E-01
  0.9343445678E-02  0.5233040454E+01  0.5033874882E-01
  0.9437823917E-02  0.5229907763E+01  0.5083248614E-01
  0.9533155471E-02  0.5226743531E+01  0.5133091055E-01
  0.9629449971E-02  0.5223547460E+01  0.5183406332E-01
  0.9726717143E-02  0.5220319246E+01  0.5234198601E-01
  0.9824966811E-02  0.5217068937E+01  0.5285472097E-01
  0.9924208900E-02  0.5213795847E+01  0.5337231137E-01
  0.1002445343E-01  0.5210486108E+01  0.5389480002E-01
  0.1012571054E-01  0.5207153474E+01  0.5442223003E-01
  0.1022799044E-01  0.5203787903E+01  0.5495464508E-01
  0.1033130348E-01  0.5200389089E+01  0.5549208863E-01
  0.1043566008E-01  0.5196947817E+01  0.5603460400E-01
  0.1054107079E-01  0.5193457286E+01  0.5658223398E-01
  0.1064754625E-01  0.5189886671E+01  0.5713501965E-01
  0.1075509722E-01  0.5186286458E+01  0.5769300340E-01
  0.1086373457E-01  0.5182659673E+01  0.5825623080E-01
  0.1097346926E-01  0.5178995876E+01  0.5882474734E-01
  0.1108431238E-01  0.5175294706E+01  0.5939859830E-01
  0.1119627514E-01  0.5171555798E+01  0.5997782922E-01
  0.1130936882E-01  0.5167769695E+01  0.6056248545E-01
  0.1142360487E-01  0.5163909807E+01  0.6115261057E-01
  0.1153899482E-01  0.5160017879E+01  0.6174824931E-01
  0.1165555032E-01  0.5156102249E+01  0.6234944960E-01
  0.1177328316E-01  0.5152146160E+01  0.6295625923E-01
  0.1189220521E-01  0.5148149211E+01  0.6356872537E-01
  0.1201232849E-01  0.5144110994E+01  0.6418689542E-01
  0.1213366514E-01  0.5140031103E+01  0.6481081710E-01
  0.1225622742E-01  0.5135908840E+01  0.6544053838E-01
  0.1238002770E-01  0.5131729226E+01  0.6607610660E-01
  0.1250507848E-01  0.5127499967E+01  0.6671756893E-01
  0.1263139240E-01  0.5123178205E+01  0.6736497063E-01
  0.1275898223E-01  0.5118810542E+01  0.6801835739E-01
  0.1288786083E-01  0.5114396522E+01  0.6867777813E-01
  0.1301804125E-01  0.5109935690E+01  0.6934328202E-01
  0.1314953661E-01  0.5105427585E+01  0.7001491849E-01
  0.1328236022E-01  0.5100871750E+01  0.7069273721E-01
  0.1341652547E-01  0.5096267724E+01  0.7137678812E-01
  0.1355204593E-01  0.5091615046E+01  0.7206712139E-01
  0.1368893528E-01  0.5086913257E+01  0.7276378747E-01
  0.1382720736E-01  0.5082161895E+01  0.7346683702E-01
  0.1396687612E-01  0.5077360501E+01  0.7417632098E-01
  0.1410795567E-01  0.5072508614E+01  0.7489229050E-01
  0.1425046028E-01  0.5067605776E+01  0.7561479698E-01
  0.1439440432E-01  0.5062651529E+01  0.7634389208E-01
  0.1453980234E-01  0.5057645415E+01  0.7707962767E-01
  0.1468666903E-01  0.5052565656E+01  0.7782205429E-01
  0.1483501923E-01  0.5047405004E+01  0.7857122058E-01
  0.1498486790E-01  0.5042189552E+01  0.7932717679E-01
  0.1513623021E-01  0.5036918822E+01  0.8008997531E-01
  0.1528912142E-01  0.5031592343E+01  0.8085966876E-01
  0.1544355699E-01  0.5026210593E+01  0.8163631002E-01
  0.1559955252E-01  0.5020823358E+01  0.8241995619E-01
  0.1575712375E-01  0.5015391932E+01  0.8321066562E-01
  0.1591628662E-01  0.5009904553E+01  0.8400849309E-01
  0.1607705719E-01  0.5004360504E+01  0.8481349265E-01
  0.1623945171E-01  0.4998727045E+01  0.8562571593E-01
  0.1640348657E-01  0.4993006399E+01  0.8644521226E-01
  0.1656917836E-01  0.4987240388E+01  0.8727203470E-01
  0.1673654380E-01  0.4981420397E+01  0.8810623934E-01
  0.1690559979E-01  0.4975527046E+01  0.8894788019E-01
  0.1707636343E-01  0.4969554772E+01  0.8979700934E-01
  0.1724885195E-01  0.4963499294E+01  0.9065367824E-01
  0.1742308278E-01  0.4957379755E+01  0.9151793972E-01
  0.1759907351E-01  0.4951166916E+01  0.9238984593E-01
  0.1777684193E-01  0.4944936429E+01  0.9326945325E-01
  0.1795640599E-01  0.4938641660E+01  0.9415682096E-01
  0.1813778383E-01  0.4932282031E+01  0.9505200436E-01
  0.1832099377E-01  0.4925841070E+01  0.9595505742E-01
  0.1850605431E-01  0.4919336041E+01  0.9686603433E-01
  0.1869298415E-01  0.4912763616E+01  0.9778499074E-01
  0.1888180217E-01  0.4906114078E+01  0.9871198128E-01
  0.1907252745E-01  0.4899374721E+01  0.9964705855E-01
  0.1926517924E-01  0.4892530144E+01  0.1005902726E+00
  0.1945977701E-01  0.4885617748E+01  0.1015416754E+00
  0.1965634041E-01  0.4878637295E+01  0.1025013231E+00
  0.1985488931E-01  0.4871588569E+01  0.1034692713E+00
  0.2005544374E-01  0.4864471372E+01  0.1044455763E+00
  0.2025802398E-01  0.4857318227E+01  0.1054302976E+00
  0.2046265049E-01  0.4850107744E+01  0.1064234959E+00
  0.2066934393E-01  0.4842814902E+01  0.1074252277E+00
  0.2087812518E-01  0.4835287813E+01  0.1084355309E+00
  0.2108901533E-01  0.4827636533E+01  0.1094544387E+00
  0.2130203569E-01  0.4819800961E+01  0.1104819889E+00
  0.2151720777E-01  0.4811852884E+01  0.1115182204E+00
  0.2173455330E-01  0.4803825262E+01  0.1125631828E+00
  0.2195409424E-01  0.4795720678E+01  0.1136169295E+00
  0.2217585277E-01  0.4787552556E+01  0.1146795157E+00
  0.2239985128E-01  0.4779306130E+01  0.1157509968E+00
  0.2262611241E-01  0.4770946102E+01  0.1168314222E+00
  0.2285465900E-01  0.4762507919E+01  0.1179208414E+00
  0.2308551414E-01  0.4753991761E+01  0.1190193078E+00
  0.2331870115E-01  0.4745397850E+01  0.1201268750E+00
  0.2355424359E-01  0.4736726437E+01  0.1212435963E+00
  0.2379216524E-01  0.4727977814E+01  0.1223695253E+00
  0.2403249014E-01  0.4719152304E+01  0.1235047157E+00
  0.2427524257E-01  0.4710250265E+01  0.1246492208E+00
  0.2452044704E-01  0.4701272087E+01  0.1258030945E+00
  0.2476812832E-01  0.4692218192E+01  0.1269663904E+00
  0.2501831143E-01  0.4683037361E+01  0.1281391557E+00
  0.2527102165E-01  0.4673805439E+01  0.1293214406E+00
  0.2552628449E-01  0.4664600863E+01  0.1305133146E+00
  0.2578412575E-01  0.4655345339E+01  0.1317148480E+00
  0.2604457147E-01  0.4646022935E+01  0.1329260987E+00
  0.2630764795E-01  0.4636631982E+01  0.1341471228E+00
  0.2657338176E-01  0.4627130437E+01  0.1353779703E+00
  0.2684179976E-01  0.4617554786E+01  0.1366186902E+00
  0.2711292905E-01  0.4607911081E+01  0.1378693372E+00
  0.2738679702E-01  0.4598199899E+01  0.1391299667E+00
  0.2766343134E-01  0.4588421810E+01  0.1404006341E+00
  0.2794285993E-01  0.4578577379E+01  0.1416813950E+00
  0.2822511105E-01  0.4568667160E+01  0.1429723049E+00
  0.2851021318E-01  0.4558691691E+01  0.1442734197E+00
  0.2879819513E-01  0.4548651492E+01  0.1455847949E+00
  0.2908908599E-01  0.4538547060E+01  0.1469064864E+00
  0.2938291514E-01  0.4528378864E+01  0.1482385500E+00
  0.2967971226E-01  0.4518218795E+01  0.1495810521E+00
  0.2997950734E-01  0.4508076868E+01  0.1509340715E+00
  0.3028233064E-01  0.4497875921E+01  0.1522976777E+00
  0.3058821277E-01  0.4487616384E+01  0.1536719285E+00
  0.3089718462E-01  0.4477298643E+01  0.1550568817E+00
  0.3120927739E-01  0.4466923041E+01  0.1564525951E+00
  0.3152452262E-01  0.4456489870E+01  0.1578591268E+00
  0.3184295214E-01  0.4445999369E+01  0.1592765345E+00
  0.3216459812E-01  0.4435374780E+01  0.1607048636E+00
  0.3248949305E-01  0.4424651341E+01  0.1621441524E+00
  0.3281766975E-01  0.4413871701E+01  0.1635944511E+00
  0.3314916136E-01  0.4403036127E+01  0.1650558166E+00
  0.3348400137E-01  0.4392144838E+01  0.1665283058E+00
  0.3382222361E-01  0.4381076002E+01  0.1680119550E+00
  0.3416386223E-01  0.4369593904E+01  0.1695067384E+00
  0.3450895175E-01  0.4358027192E+01  0.1710126437E+00
  0.3485752702E-01  0.4346398384E+01  0.1725297175E+00
  0.3520962325E-01  0.4334758451E+01  0.1740580188E+00
  0.3556527601E-01  0.4323124695E+01  0.1755976188E+00
  0.3592452122E-01  0.4311390416E+01  0.1771485729E+00
  0.3628739518E-01  0.4299600442E+01  0.1787109250E+00
  0.3665393452E-01  0.4287755651E+01  0.1802847270E+00
  0.3702417628E-01  0.4276035252E+01  0.1818700635E+00
  0.3739815786E-01  0.4264319409E+01  0.1834670312E+00
  0.3777591703E-01  0.4252563076E+01  0.1850756964E+00
  0.3815749195E-01  0.4240766400E+01  0.1866961171E+00
  0.3854292116E-01  0.4228929505E+01  0.1883283512E+00
  0.3893224360E-01  0.4217052502E+01  0.1899724564E+00
  0.3932549859E-01  0.4205135510E+01  0.1916284901E+00
  0.3972272585E-01  0.4193178671E+01  0.1932965098E+00
  0.4012396550E-01  0.4181254073E+01  0.1949765870E+00
  0.4052925808E-01  0.4169548749E+01  0.1966688462E+00
  0.4093864453E-01  0.4157815570E+01  0.1983734013E+00
  0.4135216619E-01  0.4146055225E+01  0.2000903165E+00
  0.4176986484E-01  0.4133943367E+01  0.2018195886E+00
  0.4219178266E-01  0.4121749196E+01  0.2035612005E+00
  0.4261796229E-01  0.4109516603E+01  0.2053151994E+00
  0.4304844675E-01  0.4097178658E+01  0.2070816268E+00
  0.4348327955E-01  0.4084704514E+01  0.2088605024E+00
  0.4392250460E-01  0.4072191376E+01  0.2106518589E+00
  0.4436616626E-01  0.4059205591E+01  0.2124556534E+00
  0.4481430935E-01  0.4046128975E+01  0.2142718283E+00
  0.4526697914E-01  0.4032831996E+01  0.2161003791E+00
  0.4572422136E-01  0.4019537673E+01  0.2179413207E+00
  0.4618608218E-01  0.4006380014E+01  0.2197947492E+00
  0.4665260826E-01  0.3993104342E+01  0.2216607333E+00
  0.4712384673E-01  0.3979688354E+01  0.2235392766E+00
  0.4759984518E-01  0.3966157838E+01  0.2254303818E+00
  0.4808065170E-01  0.3952489943E+01  0.2273340505E+00
  0.4856631485E-01  0.3938812477E+01  0.2292503079E+00
  0.4905688368E-01  0.3925358230E+01  0.2311792665E+00
  0.4955240776E-01  0.3911803534E+01  0.2331210176E+00
  0.5005293713E-01  0.3898305730E+01  0.2350756122E+00
  0.5055852235E-01  0.3884915033E+01  0.2370431529E+00
  0.5106921450E-01  0.3871398888E+01  0.2390236972E+00
  0.5158506515E-01  0.3857782468E+01  0.2410172488E+00
  0.5210612641E-01  0.3844319026E+01  0.2430238822E+00
  0.5263245092E-01  0.3831259339E+01  0.2450438047E+00
  0.5316409184E-01  0.3818226220E+01  0.2470771944E+00
  0.5370110287E-01  0.3805193784E+01  0.2491241248E+00
  0.5424353825E-01  0.3792250439E+01  0.2511846860E+00
  0.5479145278E-01  0.3779401039E+01  0.2532589950E+00
  0.5534490180E-01  0.3766192757E+01  0.2553470457E+00
  0.5590394121E-01  0.3752866330E+01  0.2574487709E+00
  0.5646862749E-01  0.3739659441E+01  0.2595642341E+00
  0.5703901766E-01  0.3727110996E+01  0.2616937204E+00
  0.5761516936E-01  0.3714877954E+01  0.2638375776E+00
  0.5819714076E-01  0.3703562755E+01  0.2659962378E+00
  0.5878499067E-01  0.3692364112E+01  0.2681700853E+00
  0.5937877846E-01  0.3681257897E+01  0.2703592686E+00
  0.5997856410E-01  0.3670235630E+01  0.2725639288E+00
  0.6058440818E-01  0.3659287402E+01  0.2747842028E+00
  0.6119637190E-01  0.3648401861E+01  0.2770202232E+00
  0.6181451707E-01  0.3637843324E+01  0.2792722018E+00
  0.6243890613E-01  0.3626974493E+01  0.2815402382E+00
  0.6306960215E-01  0.3616061875E+01  0.2838243153E+00
  0.6370666884E-01  0.3605246211E+01  0.2861245427E+00
  0.6435017054E-01  0.3593705882E+01  0.2884408117E+00
  0.6500017227E-01  0.3581886390E+01  0.2907728854E+00
  0.6565673966E-01  0.3569940900E+01  0.2931207137E+00
  0.6631993905E-01  0.3557771160E+01  0.2954842608E+00
  0.6698983743E-01  0.3546317167E+01  0.2978637694E+00
  0.6766650245E-01  0.3535134372E+01  0.3002596547E+00
  0.6835000248E-01  0.3523698275E+01  0.3026720109E+00
  0.6904040654E-01  0.3512124559E+01  0.3051007912E+00
  0.6973778439E-01  0.3500391076E+01  0.3075459777E+00
  0.7044220645E-01  0.3488535012E+01  0.3100075546E+00
  0.7115374389E-01  0.3476157223E+01  0.3124853742E+00
  0.7187246858E-01  0.3463050898E+01  0.3149790643E+00
  0.7259845311E-01  0.3449974443E+01  0.3174884391E+00
  0.7333177082E-01  0.3436752605E+01  0.3200135185E+00
  0.7407249577E-01  0.3422482369E+01  0.3225539218E+00
  0.7482070280E-01  0.3408057175E+01  0.3251092506E+00
  0.7557646748E-01  0.3393188582E+01  0.3276793213E+00
  0.7633986614E-01  0.3377704176E+01  0.3302637665E+00
  0.7711097590E-01  0.3361839606E+01  0.3328622305E+00
  0.7788987464E-01  0.3346636875E+01  0.3354748425E+00
  0.7867664105E-01  0.3331847469E+01  0.3381020460E+00
  0.7947135460E-01  0.3316502294E+01  0.3407438128E+00
  0.8027409556E-01  0.3300155518E+01  0.3433995439E+00
  0.8108494501E-01  0.3281857882E+01  0.3460680549E+00
  0.8190398485E-01  0.3261423886E+01  0.3487476592E+00
  0.8273129783E-01  0.3240404791E+01  0.3514371828E+00
  0.8356696751E-01  0.3218673501E+01  0.3541360107E+00
  0.8441107829E-01  0.3197282178E+01  0.3568438994E+00
  0.8526371544E-01  0.3175685247E+01  0.3595608138E+00
  0.8612496510E-01  0.3153503913E+01  0.3622863198E+00
  0.8699491424E-01  0.3130343771E+01  0.3650196337E+00
  0.8787365075E-01  0.3106205450E+01  0.3677597755E+00
  0.8876126338E-01  0.3081183560E+01  0.3705057778E+00
  0.8965784180E-01  0.3055605933E+01  0.3732568343E+00
  0.9056347656E-01  0.3029336071E+01  0.3760122018E+00
  0.9147825915E-01  0.3002290857E+01  0.3787710155E+00
  0.9240228197E-01  0.2973977765E+01  0.3815321198E+00
  0.9333563836E-01  0.2945623731E+01  0.3842946687E+00
  0.9427842258E-01  0.2916805798E+01  0.3870581717E+00
  0.9523072988E-01  0.2887423127E+01  0.3898218765E+00
  0.9619265645E-01  0.2857527215E+01  0.3925849867E+00
  0.9716429944E-01  0.2827344954E+01  0.3953468198E+00
  0.9814575701E-01  0.2796943797E+01  0.3981068202E+00
  0.9913712829E-01  0.2766262770E+01  0.4008644218E+00
  0.1001385134E+00  0.2734847332E+01  0.4036187868E+00
  0.1011500136E+00  0.2704282229E+01  0.4063696269E+00
  0.1021717309E+00  0.2674629889E+01  0.4091174907E+00
  0.1032037686E+00  0.2646412011E+01  0.4118632486E+00
  0.1042462309E+00  0.2618222967E+01  0.4146073404E+00
  0.1052992231E+00  0.2590648627E+01  0.4173497910E+00
  0.1063628516E+00  0.2563435272E+01  0.4200908063E+00
  0.1074372239E+00  0.2536176049E+01  0.4228302467E+00
  0.1085224483E+00  0.2508990189E+01  0.4255678157E+00
  0.1096186347E+00  0.2481567730E+01  0.4283031064E+00
  0.1107258936E+00  0.2453975728E+01  0.4310355687E+00
  0.1118443370E+00  0.2427333539E+01  0.4337653027E+00
  0.1129740778E+00  0.2401543279E+01  0.4364929922E+00
  0.1141152301E+00  0.2376518458E+01  0.4392192403E+00
  0.1152679092E+00  0.2351908606E+01  0.4419444198E+00
  0.1164322315E+00  0.2327666824E+01  0.4446686869E+00
  0.1176083146E+00  0.2303874104E+01  0.4473922255E+00
  0.1187962774E+00  0.2282685199E+01  0.4501165563E+00
  0.1199962398E+00  0.2261781528E+01  0.4528431509E+00
  0.1212083230E+00  0.2240509954E+01  0.4555717269E+00
  0.1224326495E+00  0.2219377216E+01  0.4583019059E+00
  0.1236693429E+00  0.2198085483E+01  0.4610334295E+00
  0.1249185282E+00  0.2176695398E+01  0.4637658854E+00
  0.1261803315E+00  0.2155113134E+01  0.4664988306E+00
  0.1274548803E+00  0.2133247256E+01  0.4692316929E+00
  0.1287423034E+00  0.2111010989E+01  0.4719637708E+00
  0.1300427307E+00  0.2088324798E+01  0.4746942363E+00
  0.1313562936E+00  0.2067274334E+01  0.4774235568E+00
  0.1326831249E+00  0.2046160546E+01  0.4801524738E+00
  0.1340233585E+00  0.2026177012E+01  0.4828814156E+00
  0.1353771298E+00  0.2005864505E+01  0.4856106466E+00
  0.1367445755E+00  0.1985252841E+01  0.4883394648E+00
  0.1381258338E+00  0.1963935563E+01  0.4910668895E+00
  0.1395210443E+00  0.1942799518E+01  0.4937922483E+00
  0.1409303478E+00  0.1921348012E+01  0.4965151266E+00
  0.1423538866E+00  0.1898636393E+01  0.4992340747E+00
  0.1437918047E+00  0.1876456217E+01  0.5019482116E+00
  0.1452442472E+00  0.1855142278E+01  0.5046581777E+00
  0.1467113608E+00  0.1833374029E+01  0.5073639139E+00
  0.1481932937E+00  0.1810710727E+01  0.5100640586E+00
  0.1496901957E+00  0.1788337206E+01  0.5127577695E+00
  0.1512022178E+00  0.1765579392E+01  0.5154445699E+00
  0.1527295130E+00  0.1743095408E+01  0.5181239608E+00
  0.1542722353E+00  0.1720999297E+01  0.5207960290E+00
  0.1558305407E+00  0.1701115683E+01  0.5234623791E+00
  0.1574045866E+00  0.1684957054E+01  0.5261272960E+00
  0.1589945319E+00  0.1673456195E+01  0.5287971427E+00
  0.1606005373E+00  0.1662472472E+01  0.5314759024E+00
  0.1622227649E+00  0.1651885896E+01  0.5341642243E+00
  0.1638613787E+00  0.1639611199E+01  0.5368609706E+00
  0.1655165442E+00  0.1623712662E+01  0.5395616410E+00
  0.1671884284E+00  0.1607572377E+01  0.5422628084E+00
  0.1688772004E+00  0.1590599384E+01  0.5449632998E+00
  0.1705830308E+00  0.1575475649E+01  0.5476636932E+00
  0.1723060917E+00  0.1556265114E+01  0.5503617832E+00
  0.1740465572E+00  0.1535297544E+01  0.5530521624E+00
  0.1758046033E+00  0.1513595102E+01  0.5557322092E+00
  0.1775804074E+00  0.1490298898E+01  0.5583993728E+00
  0.1793741488E+00  0.1465134047E+01  0.5610500142E+00
  0.1811860089E+00  0.1440603197E+01  0.5636824089E+00
  0.1830161706E+00  0.1415544208E+01  0.5662960147E+00
  0.1848648188E+00  0.1389472518E+01  0.5688887592E+00
  0.1867321402E+00  0.1361185941E+01  0.5714569409E+00
  0.1886183235E+00  0.1332661817E+01  0.5739974862E+00
  0.1905235591E+00  0.1302019790E+01  0.5765073307E+00
  0.1924480394E+00  0.1270292372E+01  0.5789825129E+00
  0.1943919590E+00  0.1234248368E+01  0.5814168258E+00
  0.1963555142E+00  0.1194996896E+01  0.5838018043E+00
  0.1983389032E+00  0.1151008974E+01  0.5861283255E+00
  0.2003423265E+00  0.1103727710E+01  0.5883869214E+00
  0.2023659863E+00  0.1056560492E+01  0.5905727657E+00
  0.2044100872E+00  0.1011093073E+01  0.5926860119E+00
  0.2064748356E+00  0.9690646898E+00  0.5947302757E+00
  0.2085604400E+00  0.9307591258E+00  0.5967114161E+00
  0.2106671111E+00  0.8994061219E+00  0.5986391943E+00
  0.2127950617E+00  0.8718420422E+00  0.6005237586E+00
  0.2149445068E+00  0.8472527008E+00  0.6023713084E+00
  0.2171156634E+00  0.8232478500E+00  0.6041847676E+00
  0.2193087509E+00  0.7965565287E+00  0.6059609540E+00
  0.2215239908E+00  0.7645488030E+00  0.6076900654E+00
  0.2237616069E+00  0.7312925245E+00  0.6093636247E+00
  0.2260218251E+00  0.6979847106E+00  0.6109788639E+00
  0.2283048739E+00  0.6652676014E+00  0.6125350497E+00
  0.2306109837E+00  0.6350636315E+00  0.6140344030E+00
  0.2329403876E+00  0.6074663689E+00  0.6154815801E+00
  0.2352933208E+00  0.5780007835E+00  0.6168762426E+00
  0.2376700210E+00  0.5458556696E+00  0.6182117775E+00
  0.2400707283E+00  0.5157046914E+00  0.6194860254E+00
  0.2424956851E+00  0.4829435379E+00  0.6206968648E+00
  0.2449451365E+00  0.4556147307E+00  0.6218463412E+00
  0.2474193298E+00  0.4313734597E+00  0.6229436314E+00
  0.2499185149E+00  0.4075767806E+00  0.6239919773E+00
  0.2524429444E+00  0.3914210815E+00  0.6250004842E+00
  0.2549928731E+00  0.3773836253E+00  0.6259806828E+00
  0.2575685587E+00  0.3655505159E+00  0.6269374652E+00
  0.2601702613E+00  0.3543924271E+00  0.6278740039E+00
  0.2627982438E+00  0.3417171257E+00  0.6287886858E+00
  0.2654527715E+00  0.3311677615E+00  0.6296817815E+00
  0.2681341126E+00  0.3211734460E+00  0.6305563562E+00
  0.2708425380E+00  0.3078375903E+00  0.6314081709E+00
  0.2735783212E+00  0.2931251815E+00  0.6322302229E+00
  0.2763417386E+00  0.2739634551E+00  0.6330137742E+00
  0.2791330693E+00  0.2487010896E+00  0.6337432389E+00
  0.2819525952E+00  0.2270816898E+00  0.6344139799E+00
  0.2848006012E+00  0.2044306167E+00  0.6350284547E+00
  0.2876773750E+00  0.1794125641E+00  0.6355805697E+00
  0.2905832071E+00  0.1535723300E+00  0.6360643688E+00
  0.2935183910E+00  0.1294799347E+00  0.6364797740E+00
  0.2964832232E+00  0.1094972844E+00  0.6368340377E+00
  0.2994780032E+00  0.9278771639E-01  0.6371369372E+00
  0.3025030336E+00  0.7145924805E-01  0.6373853633E+00
  0.3055586198E+00  0.4935483315E-01  0.6375699422E+00
  0.3086450705E+00  0.2639920044E-01  0.6376868477E+00
  0.3117626974E+00  0.4082980716E-02  0.6377343638E+00
  0.3149118156E+00 -0.1535725390E-01  0.6377166118E+00
  0.3180927430E+00 -0.3272677775E-01  0.6376401359E+00
  0.3213058010E+00 -0.4792367027E-01  0.6375105686E+00
  0.3245513142E+00 -0.5701196930E-01  0.6373402836E+00
  0.3278296103E+00 -0.6727959635E-01  0.6371365513E+00
  0.3311410205E+00 -0.7358748549E-01  0.6369033170E+00
  0.3344858793E+00 -0.8910371836E-01  0.6366312274E+00
  0.3378645245E+00 -0.1122470512E+00  0.6362910810E+00
  0.3412772975E+00 -0.1365542548E+00  0.6358665298E+00
  0.3447245429E+00 -0.1615093544E+00  0.6353527806E+00
  0.3482066090E+00 -0.1890205463E+00  0.6347424965E+00
  0.3517238475E+00 -0.2197228599E+00  0.6340236724E+00
  0.3552766136E+00 -0.2504658671E+00  0.6331884371E+00
  0.3588652663E+00 -0.2772917085E+00  0.6322414678E+00
  0.3624901680E+00 -0.2965199885E+00  0.6312014623E+00
  0.3661516848E+00 -0.3077579717E+00  0.6300951754E+00
  0.3698501867E+00 -0.3123271877E+00  0.6289484823E+00
  0.3735860472E+00 -0.3106956584E+00  0.6277847191E+00
  0.3773596436E+00 -0.3078096386E+00  0.6266177244E+00
  0.3811713572E+00 -0.3121329914E+00  0.6254362025E+00
  0.3850215729E+00 -0.3210294219E+00  0.6242172966E+00
  0.3889106797E+00 -0.3290809881E+00  0.6229531222E+00
  0.3928390704E+00 -0.3303857164E+00  0.6216578008E+00
  0.3968071418E+00 -0.3280497004E+00  0.6203514414E+00
  0.4008152948E+00 -0.3236076281E+00  0.6190454703E+00
  0.4048639341E+00 -0.3138781749E+00  0.6177549952E+00
  0.4089534688E+00 -0.3036673171E+00  0.6164922583E+00
  0.4130843119E+00 -0.2922856915E+00  0.6152613642E+00
  0.4172568807E+00 -0.2808267568E+00  0.6140656886E+00
  0.4214715967E+00 -0.2757459127E+00  0.6128927907E+00
  0.4257288855E+00 -0.2702109397E+00  0.6117306427E+00
  0.4300291773E+00 -0.2604508016E+00  0.6105896426E+00
  0.4343729064E+00 -0.2483601037E+00  0.6094845742E+00
  0.4387605115E+00 -0.2327203373E+00  0.6084291787E+00
  0.4431924359E+00 -0.2161409995E+00  0.6074345190E+00
  0.4476691271E+00 -0.2086750926E+00  0.6064836337E+00
  0.4521910375E+00 -0.2079048656E+00  0.6055417651E+00
  0.4567586237E+00 -0.2035623276E+00  0.6046020591E+00
  0.4613723472E+00 -0.1936553993E+00  0.6036857328E+00
  0.4660326740E+00 -0.1791148363E+00  0.6028171172E+00
  0.4707400747E+00 -0.1638847924E+00  0.6020097989E+00
  0.4754950250E+00 -0.1466392727E+00  0.6012715356E+00
  0.4802980050E+00 -0.1248259210E+00  0.6006196147E+00
  0.4851495000E+00 -0.1044989358E+00  0.6000633305E+00
  0.4900500000E+00 -0.7844150467E-01  0.5996150807E+00
  0.4950000000E+00 -0.5645045026E-01  0.5992812231E+00
  0.5000000000E+00 -0.4258770700E-01  0.5991046952E+00
  0.5050000000E+00 -0.3029065186E-01  0.5989224993E+00
  0.5099500000E+00 -0.1524898136E-01  0.5988097887E+00
  0.5148505000E+00  0.2654677165E-02  0.5987789295E+00
  0.5197019950E+00  0.2255240469E-01  0.5988400755E+00
  0.5245049750E+00  0.4138316952E-01  0.5989936161E+00
  0.5292599253E+00  0.6702099498E-01  0.5992513443E+00
  0.5339673260E+00  0.9814483223E-01  0.5996400952E+00
  0.5386276528E+00  0.1265888406E+00  0.6001637614E+00
  0.5432413763E+00  0.1433650877E+00  0.6007865078E+00
  0.5478089625E+00  0.1605380993E+00  0.6014805598E+00
  0.5523308729E+00  0.1764236574E+00  0.6022424152E+00
  0.5568075641E+00  0.1918285234E+00  0.6030666909E+00
  0.5612394885E+00  0.2056702188E+00  0.6039475331E+00
  0.5656270936E+00  0.2078367113E+00  0.6048546856E+00
  0.5699708227E+00  0.2075188517E+00  0.6057567816E+00
  0.5742711145E+00  0.2006949793E+00  0.6066345009E+00
  0.5785284033E+00  0.1934522074E+00  0.6074735001E+00
  0.5827431193E+00  0.1960560868E+00  0.6082943335E+00
  0.5869156881E+00  0.1991710786E+00  0.6091188898E+00
  0.5910465312E+00  0.1981962102E+00  0.6099396208E+00
  0.5951360659E+00  0.1904884696E+00  0.6107343905E+00
  0.5991847052E+00  0.1818501973E+00  0.6114881230E+00
  0.6031928582E+00  0.1674147659E+00  0.6121880767E+00
  0.6071609296E+00  0.1487777960E+00  0.6128154140E+00
  0.6110893203E+00  0.1399951860E+00  0.6133826206E+00
  0.6149784271E+00  0.1349156045E+00  0.6139171993E+00
  0.6188286428E+00  0.1318178601E+00  0.6144306900E+00
  0.6226403564E+00  0.1315320507E+00  0.6149325972E+00
  0.6264139528E+00  0.1300574546E+00  0.6154261638E+00
  0.6301498133E+00  0.1275491411E+00  0.6159073550E+00
  0.6338483152E+00  0.1324734578E+00  0.6163882020E+00
  0.6375098320E+00  0.1398847492E+00  0.6168868241E+00
  0.6411347337E+00  0.1444637461E+00  0.6174021918E+00
  0.6447233864E+00  0.1491151600E+00  0.6179289681E+00
  0.6482761525E+00  0.1594379526E+00  0.6184770766E+00
  0.6517933910E+00  0.1677135021E+00  0.6190524115E+00
  0.6552754571E+00  0.1798351134E+00  0.6196575051E+00
  0.6587227025E+00  0.2008048637E+00  0.6203135848E+00
  0.6621354755E+00  0.2214429966E+00  0.6210341029E+00
  0.6655141207E+00  0.2373721715E+00  0.6218091897E+00
  0.6688589795E+00  0.2454712984E+00  0.6226167113E+00
  0.6721703897E+00  0.2457106948E+00  0.6234299639E+00
  0.6754486858E+00  0.2412214678E+00  0.6242281178E+00
  0.6786941990E+00  0.2307978157E+00  0.6249940901E+00
  0.6819072570E+00  0.2152455904E+00  0.6257106718E+00
  0.6850881844E+00  0.1988761040E+00  0.6263693173E+00
  0.6882373026E+00  0.1821501453E+00  0.6269692657E+00
  0.6913549295E+00  0.1680966953E+00  0.6275152352E+00
  0.6944413802E+00  0.1580059625E+00  0.6280184851E+00
  0.6974969664E+00  0.1542218303E+00  0.6284955045E+00
  0.7005219968E+00  0.1441757199E+00  0.6289468354E+00
  0.7035167768E+00  0.1315125625E+00  0.6293596482E+00
  0.7064816090E+00  0.1164942045E+00  0.6297272975E+00
  0.7094167929E+00  0.9585850760E-01  0.6300389446E+00
  0.7123226250E+00  0.7607005348E-01  0.6302887424E+00
  0.7151993988E+00  0.6046037988E-01  0.6304851260E+00
  0.7180474048E+00  0.4995977536E-01  0.6306423646E+00
  0.7208669307E+00  0.3958798849E-01  0.6307686057E+00
  0.7236582614E+00  0.2983109417E-01  0.6308654915E+00
  0.7264216788E+00  0.2543593218E-01  0.6309418544E+00
  0.7291574620E+00  0.1982448034E-01  0.6310037658E+00
  0.7318658874E+00  0.1762454492E-01  0.6310544797E+00
  0.7345472285E+00  0.1593695244E-01  0.6310994746E+00
  0.7372017562E+00  0.6282390951E-02  0.6311289656E+00
  0.7398297387E+00 -0.7540030295E-02  0.6311273130E+00
  0.7424314413E+00 -0.2291915338E-01  0.6310876902E+00
  0.7450071269E+00 -0.3736605697E-01  0.6310100523E+00
  0.7475570556E+00 -0.5343338559E-01  0.6308942862E+00
  0.7500814851E+00 -0.7316424137E-01  0.6307344929E+00
  0.7525806702E+00 -0.9106722210E-01  0.6305292704E+00
  0.7550548635E+00 -0.1098378721E+00  0.6302807314E+00
  0.7575043149E+00 -0.1268270075E+00  0.6299908819E+00
  0.7599292717E+00 -0.1449759525E+00  0.6296613266E+00
  0.7623299790E+00 -0.1628591859E+00  0.6292918156E+00
  0.7647066792E+00 -0.1821851716E+00  0.6288817821E+00
  0.7670596124E+00 -0.2040716553E+00  0.6284273639E+00
  0.7693890163E+00 -0.2276763784E+00  0.6279245061E+00
  0.7716951261E+00 -0.2540218775E+00  0.6273690815E+00
  0.7739781749E+00 -0.2805481265E+00  0.6267588569E+00
  0.7762383931E+00 -0.3079979801E+00  0.6260937355E+00
  0.7784760092E+00 -0.3385557353E+00  0.6253703660E+00
  0.7806912491E+00 -0.3718740836E+00  0.6245834798E+00
  0.7828843366E+00 -0.4065899397E+00  0.6237298599E+00
  0.7850554932E+00 -0.4416927289E+00  0.6228089827E+00
  0.7872049383E+00 -0.4726335697E+00  0.6218263356E+00
  0.7893328889E+00 -0.5070527792E+00  0.6207839735E+00
  0.7914395600E+00 -0.5428493517E+00  0.6196780743E+00
  0.7935251644E+00 -0.5788812566E+00  0.6185083311E+00
  0.7955899128E+00 -0.6153337469E+00  0.6172754544E+00
  0.7976340137E+00 -0.6517341090E+00  0.6159804471E+00
  0.7996576735E+00 -0.6864267506E+00  0.6146264559E+00
  0.8016610968E+00 -0.7205284920E+00  0.6132170925E+00
  0.8036444858E+00 -0.7567013629E+00  0.6117521317E+00
  0.8056080410E+00 -0.7979297780E+00  0.6102258297E+00
  0.8075519606E+00 -0.8414855257E+00  0.6086323840E+00
  0.8094764409E+00 -0.8870825025E+00  0.6069690863E+00
  0.8113816765E+00 -0.9346701354E+00  0.6052336524E+00
  0.8132678598E+00 -0.9810583223E+00  0.6034269449E+00
  0.8151351812E+00 -0.1025446832E+01  0.6015535499E+00
  0.8169838294E+00 -0.1064123118E+01  0.5996221101E+00
  0.8188139911E+00 -0.1098198902E+01  0.5976434106E+00
  0.8206258512E+00 -0.1129994566E+01  0.5956248232E+00
  0.8224195926E+00 -0.1160274897E+01  0.5935707475E+00
  0.8241953967E+00 -0.1189576912E+01  0.5914843093E+00
  0.8259534428E+00 -0.1218752686E+01  0.5893673321E+00
  0.8276939083E+00 -0.1247847057E+01  0.5872208162E+00
  0.8294169692E+00 -0.1275905516E+01  0.5850465265E+00
  0.8311227996E+00 -0.1303863713E+01  0.5828462022E+00
  0.8328115716E+00 -0.1333508016E+01  0.5806192424E+00
  0.8344834558E+00 -0.1362549845E+01  0.5783654940E+00
  0.8361386213E+00 -0.1389748574E+01  0.5760877394E+00
  0.8377772351E+00 -0.1415513022E+01  0.5737893693E+00
  0.8393994627E+00 -0.1443247857E+01  0.5714705888E+00
  0.8410054681E+00 -0.1472215285E+01  0.5691294640E+00
  0.8425954134E+00 -0.1502173765E+01  0.5667649061E+00
  0.8441694593E+00 -0.1538815696E+01  0.5643715776E+00
  0.8457277647E+00 -0.1580161394E+01  0.5619414182E+00
  0.8472704870E+00 -0.1624137174E+01  0.5594697467E+00
  0.8487977822E+00 -0.1667342931E+01  0.5569562159E+00
  0.8503098043E+00 -0.1708705582E+01  0.5544038858E+00
  0.8518067063E+00 -0.1749484739E+01  0.5518155999E+00
  0.8532886392E+00 -0.1789714593E+01  0.5491931718E+00
  0.8547557528E+00 -0.1829256685E+01  0.5465384508E+00
  0.8562081953E+00 -0.1866049206E+01  0.5438548412E+00
  0.8576461134E+00 -0.1901052979E+01  0.5411464491E+00
  0.8590696522E+00 -0.1936289442E+01  0.5384151461E+00
  0.8604789557E+00 -0.1972430873E+01  0.5356608595E+00
  0.8618741662E+00 -0.2009667471E+01  0.5328829269E+00
  0.8632554245E+00 -0.2047196879E+01  0.5300811381E+00
  0.8646228702E+00 -0.2085070438E+01  0.5272558124E+00
  0.8659766415E+00 -0.2123813100E+01  0.5244068795E+00
  0.8673168751E+00 -0.2162284588E+01  0.5215346935E+00
  0.8686437064E+00 -0.2199144501E+01  0.5186412533E+00
  0.8699572693E+00 -0.2237321436E+01  0.5157274647E+00
  0.8712576966E+00 -0.2274988670E+01  0.5127934990E+00
  0.8725451197E+00 -0.2312930584E+01  0.5098402025E+00
  0.8738196685E+00 -0.2350252248E+01  0.5068684755E+00
  0.8750814718E+00 -0.2386220273E+01  0.5038802271E+00
  0.8763306571E+00 -0.2421333129E+01  0.5008774647E+00
  0.8775673505E+00 -0.2455731017E+01  0.4978617481E+00
  0.8787916770E+00 -0.2489302753E+01  0.4948345801E+00
  0.8800037602E+00 -0.2521313528E+01  0.4917979381E+00
  0.8812037226E+00 -0.2551614515E+01  0.4887542767E+00
  0.8823916854E+00 -0.2581006281E+01  0.4857055955E+00
  0.8835677685E+00 -0.2608871358E+01  0.4826537317E+00
  0.8847320908E+00 -0.2635160651E+01  0.4796008599E+00
  0.8858847699E+00 -0.2660979280E+01  0.4765484850E+00
  0.8870259222E+00 -0.2687091988E+01  0.4734970031E+00
  0.8881556630E+00 -0.2715109744E+01  0.4704454593E+00
  0.8892741064E+00 -0.2744177753E+01  0.4673925074E+00
  0.8903813653E+00 -0.2772985696E+01  0.4643380431E+00
  0.8914775517E+00 -0.2800455393E+01  0.4612832781E+00
  0.8925627761E+00 -0.2827625663E+01  0.4582294124E+00
  0.8936371484E+00 -0.2854947276E+01  0.4551768131E+00
  0.8947007769E+00 -0.2881370010E+01  0.4521261578E+00
  0.8957537691E+00 -0.2907960032E+01  0.4490780980E+00
  0.8967962314E+00 -0.2935701330E+01  0.4460321997E+00
  0.8978282691E+00 -0.2963247422E+01  0.4429882310E+00
  0.8988499864E+00 -0.2990802301E+01  0.4399465531E+00
  0.8998614866E+00 -0.3018831839E+01  0.4369071802E+00
  0.9008628717E+00 -0.3047090266E+01  0.4338700181E+00
  0.9018542430E+00 -0.3074996879E+01  0.4308353874E+00
  0.9028357006E+00 -0.3102808001E+01  0.4278037608E+00
  0.9038073436E+00 -0.3130224043E+01  0.4247756198E+00
  0.9047692701E+00 -0.3157296669E+01  0.4217515532E+00
  0.9057215774E+00 -0.3184057515E+01  0.4187320943E+00
  0.9066643616E+00 -0.3210540635E+01  0.4157177311E+00
  0.9075977180E+00 -0.3237043272E+01  0.4127087843E+00
  0.9085217408E+00 -0.3263437557E+01  0.4097054880E+00
  0.9094365234E+00 -0.3289840733E+01  0.4067080756E+00
  0.9103421582E+00 -0.3316389718E+01  0.4037166596E+00
  0.9112387366E+00 -0.3342852342E+01  0.4007313932E+00
  0.9121263493E+00 -0.3369147129E+01  0.3977525655E+00
  0.9130050858E+00 -0.3395395825E+01  0.3947804400E+00
  0.9138750349E+00 -0.3421552695E+01  0.3918152408E+00
  0.9147362846E+00 -0.3447627474E+01  0.3888572013E+00
  0.9155889217E+00 -0.3474303073E+01  0.3859062537E+00
  0.9164330325E+00 -0.3501292645E+01  0.3829621659E+00
  0.9172687022E+00 -0.3528129016E+01  0.3800250287E+00
  0.9180960151E+00 -0.3554799115E+01  0.3770951295E+00
  0.9189150550E+00 -0.3581286079E+01  0.3741727604E+00
  0.9197259044E+00 -0.3607380319E+01  0.3712582973E+00
  0.9205286454E+00 -0.3633779736E+01  0.3683519094E+00
  0.9213233589E+00 -0.3660119531E+01  0.3654536292E+00
  0.9221101254E+00 -0.3686601915E+01  0.3625635523E+00
  0.9228890241E+00 -0.3712978753E+01  0.3596817903E+00
  0.9236601339E+00 -0.3738836097E+01  0.3568087067E+00
  0.9244235325E+00 -0.3763456711E+01  0.3539450866E+00
  0.9251792972E+00 -0.3787965632E+01  0.3510915374E+00
  0.9259275042E+00 -0.3812197552E+01  0.3482482897E+00
  0.9266682292E+00 -0.3835364516E+01  0.3454159196E+00
  0.9274015469E+00 -0.3857856233E+01  0.3425951321E+00
  0.9281275314E+00 -0.3879911978E+01  0.3397863821E+00
  0.9288462561E+00 -0.3901616202E+01  0.3369899939E+00
  0.9295577935E+00 -0.3923016522E+01  0.3342062343E+00
  0.9302622156E+00 -0.3943951927E+01  0.3314354013E+00
  0.9309595935E+00 -0.3964397936E+01  0.3286778473E+00
  0.9316499975E+00 -0.3984419079E+01  0.3259338995E+00
  0.9323334975E+00 -0.4003960676E+01  0.3232038706E+00
  0.9330101626E+00 -0.4023527526E+01  0.3204879104E+00
  0.9336800609E+00 -0.4042752049E+01  0.3177861166E+00
  0.9343432603E+00 -0.4061983496E+01  0.3150985887E+00
  0.9349998277E+00 -0.4080919692E+01  0.3124254064E+00
  0.9356498295E+00 -0.4099382047E+01  0.3097668013E+00
  0.9362933312E+00 -0.4117613802E+01  0.3071229758E+00
  0.9369303978E+00 -0.4135275123E+01  0.3044941555E+00
  0.9375610939E+00 -0.4153128426E+01  0.3018804239E+00
  0.9381854829E+00 -0.4170674396E+01  0.2992817782E+00
  0.9388036281E+00 -0.4187778119E+01  0.2966984097E+00
  0.9394155918E+00 -0.4204518449E+01  0.2941305192E+00
  0.9400214359E+00 -0.4220894453E+01  0.2915782759E+00
  0.9406212215E+00 -0.4236845466E+01  0.2890418604E+00
  0.9412150093E+00 -0.4252571928E+01  0.2865214043E+00
  0.9418028592E+00 -0.4268363009E+01  0.2840168889E+00
  0.9423848306E+00 -0.4284311491E+01  0.2815281829E+00
  0.9429609823E+00 -0.4300325297E+01  0.2790551563E+00
  0.9435313725E+00 -0.4316530006E+01  0.2765976715E+00
  0.9440960588E+00 -0.4332595914E+01  0.2741556502E+00
  0.9446550982E+00 -0.4348324518E+01  0.2717291619E+00
  0.9452085472E+00 -0.4363616600E+01  0.2693183542E+00
  0.9457564617E+00 -0.4378369015E+01  0.2669234238E+00
  0.9462988971E+00 -0.4392717162E+01  0.2645445500E+00
  0.9468359082E+00 -0.4407097227E+01  0.2621817513E+00
  0.9473675491E+00 -0.4421462750E+01  0.2598349395E+00
  0.9478938736E+00 -0.4435237831E+01  0.2575041902E+00
  0.9484149348E+00 -0.4448863913E+01  0.2551896095E+00
  0.9489307855E+00 -0.4462611864E+01  0.2528911142E+00
  0.9494414776E+00 -0.4476257123E+01  0.2506086092E+00
  0.9499470629E+00 -0.4489515170E+01  0.2483421282E+00
  0.9504475922E+00 -0.4502395891E+01  0.2460917704E+00
  0.9509431163E+00 -0.4514962505E+01  0.2438576113E+00
  0.9514336852E+00 -0.4526847909E+01  0.2416397961E+00
  0.9519193483E+00 -0.4538269097E+01  0.2394384994E+00
  0.9524001548E+00 -0.4549374800E+01  0.2372538002E+00
  0.9528761533E+00 -0.4559921339E+01  0.2350857948E+00
  0.9533473917E+00 -0.4569769422E+01  0.2329346640E+00
  0.9538139178E+00 -0.4579320816E+01  0.2308005194E+00
  0.9542757786E+00 -0.4588580506E+01  0.2286833722E+00
  0.9547330209E+00 -0.4597569818E+01  0.2265832244E+00
  0.9551856906E+00 -0.4606306105E+01  0.2245000661E+00
  0.9556338337E+00 -0.4614844388E+01  0.2224338686E+00
  0.9560774954E+00 -0.4623046851E+01  0.2203846195E+00
  0.9565167205E+00 -0.4631090269E+01  0.2183522951E+00
  0.9569515532E+00 -0.4638879711E+01  0.2163368516E+00
  0.9573820377E+00 -0.4646409162E+01  0.2143382653E+00
  0.9578082173E+00 -0.4653815195E+01  0.2123564823E+00
  0.9582301352E+00 -0.4661187115E+01  0.2103913995E+00
  0.9586478338E+00 -0.4668335180E+01  0.2084429351E+00
  0.9590613555E+00 -0.4675480448E+01  0.2065110000E+00
  0.9594707419E+00 -0.4682411986E+01  0.2045955028E+00
  0.9598760345E+00 -0.4689139998E+01  0.2026963926E+00
  0.9602772742E+00 -0.4695674742E+01  0.2008136127E+00
  0.9606745014E+00 -0.4702026471E+01  0.1989471011E+00
  0.9610677564E+00 -0.4708205382E+01  0.1970967908E+00
  0.9614570788E+00 -0.4714552010E+01  0.1952625454E+00
  0.9618425080E+00 -0.4720778629E+01  0.1934442194E+00
  0.9622240830E+00 -0.4726744696E+01  0.1916417504E+00
  0.9626018421E+00 -0.4732509012E+01  0.1898550905E+00
  0.9629758237E+00 -0.4738160731E+01  0.1880841625E+00
  0.9633460655E+00 -0.4743686138E+01  0.1863288746E+00
  0.9637126048E+00 -0.4749040852E+01  0.1845891457E+00
  0.9640754788E+00 -0.4754176183E+01  0.1828649107E+00
  0.9644347240E+00 -0.4759214934E+01  0.1811560906E+00
  0.9647903767E+00 -0.4764164151E+01  0.1794625826E+00
  0.9651424730E+00 -0.4769023257E+01  0.1777842829E+00
  0.9654910483E+00 -0.4773748085E+01  0.1761210958E+00
  0.9658361378E+00 -0.4778303280E+01  0.1744729394E+00
  0.9661777764E+00 -0.4782787333E+01  0.1728397205E+00
  0.9665159986E+00 -0.4787218306E+01  0.1712213262E+00
  0.9668508386E+00 -0.4791601771E+01  0.1696176400E+00
  0.9671823303E+00 -0.4795955014E+01  0.1680285427E+00
  0.9675105070E+00 -0.4800447756E+01  0.1664538848E+00
  0.9678354019E+00 -0.4804937807E+01  0.1648935143E+00
  0.9681570479E+00 -0.4809411960E+01  0.1633473058E+00
  0.9684754774E+00 -0.4813903217E+01  0.1618151320E+00
  0.9687907226E+00 -0.4818366164E+01  0.1602968685E+00
  0.9691028154E+00 -0.4822702062E+01  0.1587924146E+00
  0.9694117872E+00 -0.4826988247E+01  0.1573016733E+00
  0.9697176694E+00 -0.4831283963E+01  0.1558245269E+00
  0.9700204927E+00 -0.4835725366E+01  0.1543608290E+00
  0.9703202877E+00 -0.4840499114E+01  0.1529103868E+00
  0.9706170849E+00 -0.4845291088E+01  0.1514730295E+00
  0.9709109140E+00 -0.4850071334E+01  0.1500486394E+00
  0.9712018049E+00 -0.4854880993E+01  0.1486370985E+00
  0.9714897868E+00 -0.4859677395E+01  0.1472382897E+00
  0.9717748890E+00 -0.4864436495E+01  0.1458521069E+00
  0.9720571401E+00 -0.4869176598E+01  0.1444784454E+00
  0.9723365687E+00 -0.4873898966E+01  0.1431171984E+00
  0.9726132030E+00 -0.4878490298E+01  0.1417682756E+00
  0.9728870709E+00 -0.4883025130E+01  0.1404315924E+00
  0.9731582002E+00 -0.4887548704E+01  0.1391070481E+00
  0.9734266182E+00 -0.4892031857E+01  0.1377945403E+00
  0.9736923521E+00 -0.4896458816E+01  0.1364939738E+00
  0.9739554285E+00 -0.4900875699E+01  0.1352052497E+00
  0.9742158742E+00 -0.4905312366E+01  0.1339282599E+00
  0.9744737155E+00 -0.4909734495E+01  0.1326628979E+00
  0.9747289784E+00 -0.4914149851E+01  0.1314090615E+00
  0.9749816886E+00 -0.4918508567E+01  0.1301666549E+00
  0.9752318717E+00 -0.4922818577E+01  0.1289355880E+00
  0.9754795530E+00 -0.4927126357E+01  0.1277157645E+00
  0.9757247574E+00 -0.4931431836E+01  0.1265070832E+00
  0.9759675099E+00 -0.4935734881E+01  0.1253094439E+00
  0.9762078348E+00 -0.4940035303E+01  0.1241227471E+00
  0.9764457564E+00 -0.4944233870E+01  0.1229469063E+00
  0.9766812989E+00 -0.4948429151E+01  0.1217818353E+00
  0.9769144859E+00 -0.4952623378E+01  0.1206274369E+00
  0.9771453410E+00 -0.4956816229E+01  0.1194836144E+00
  0.9773738876E+00 -0.4961007775E+01  0.1183502719E+00
  0.9776001487E+00 -0.4965226570E+01  0.1172273115E+00
  0.9778241472E+00 -0.4969442030E+01  0.1161146360E+00
  0.9780459058E+00 -0.4973653699E+01  0.1150121528E+00
  0.9782654467E+00 -0.4977844119E+01  0.1139197722E+00
  0.9784827922E+00 -0.4982013022E+01  0.1128374070E+00
  0.9786979643E+00 -0.4986188587E+01  0.1117649677E+00
  0.9789109847E+00 -0.4990390930E+01  0.1107023604E+00
  0.9791218748E+00 -0.4994589533E+01  0.1096494934E+00
  0.9793306561E+00 -0.4998783717E+01  0.1086062789E+00
  0.9795373495E+00 -0.5002930194E+01  0.1075726346E+00
  0.9797419760E+00 -0.5007062760E+01  0.1065484796E+00
  0.9799445563E+00 -0.5011189736E+01  0.1055337296E+00
  0.9801451107E+00 -0.5015310443E+01  0.1045283001E+00
  0.9803436596E+00 -0.5019424205E+01  0.1035321074E+00
  0.9805402230E+00 -0.5023530346E+01  0.1025450687E+00
  0.9807348208E+00 -0.5027628199E+01  0.1015671022E+00
  0.9809274726E+00 -0.5031717101E+01  0.1005981267E+00
  0.9811181978E+00 -0.5035796398E+01  0.9963806209E-01
  0.9813070158E+00 -0.5039882409E+01  0.9868682722E-01
  0.9814939457E+00 -0.5043971266E+01  0.9774434063E-01
  0.9816790062E+00 -0.5047997551E+01  0.9681052802E-01
  0.9818622162E+00 -0.5052013016E+01  0.9588531686E-01
  0.9820435940E+00 -0.5056039420E+01  0.9496862851E-01
  0.9822231581E+00 -0.5060041425E+01  0.9406038624E-01
  0.9824009265E+00 -0.5064005794E+01  0.9316051830E-01
  0.9825769172E+00 -0.5067958034E+01  0.9226895242E-01
  0.9827511481E+00 -0.5071897499E+01  0.9138561471E-01
  0.9829236366E+00 -0.5075828626E+01  0.9051043158E-01
  0.9830944002E+00 -0.5079752968E+01  0.8964332957E-01
  0.9832634562E+00 -0.5083661437E+01  0.8878423649E-01
  0.9834308216E+00 -0.5087575199E+01  0.8793307975E-01
  0.9835965134E+00 -0.5091491929E+01  0.8708978586E-01
  0.9837605483E+00 -0.5095388446E+01  0.8625428408E-01
  0.9839229428E+00 -0.5099265939E+01  0.8542650610E-01
  0.9840837134E+00 -0.5103135286E+01  0.8460638316E-01
  0.9842428762E+00 -0.5107009948E+01  0.8379384517E-01
  0.9844004475E+00 -0.5110863064E+01  0.8298882372E-01
  0.9845564430E+00 -0.5114694312E+01  0.8219125312E-01
  0.9847108786E+00 -0.5118503388E+01  0.8140106826E-01
  0.9848637698E+00 -0.5122254625E+01  0.8061820730E-01
  0.9850151321E+00 -0.5125942390E+01  0.7984261195E-01
  0.9851649808E+00 -0.5129609022E+01  0.7907422154E-01
  0.9853133310E+00 -0.5133254273E+01  0.7831297267E-01
  0.9854601977E+00 -0.5136877909E+01  0.7755880250E-01
  0.9856055957E+00 -0.5140479709E+01  0.7681164876E-01
  0.9857495397E+00 -0.5144059465E+01  0.7607144969E-01
  0.9858920443E+00 -0.5147616983E+01  0.7533814405E-01
  0.9860331239E+00 -0.5151152082E+01  0.7461167117E-01
  0.9861727926E+00 -0.5154678622E+01  0.7389196986E-01
  0.9863110647E+00 -0.5158194629E+01  0.7317897868E-01
  0.9864479541E+00 -0.5161687232E+01  0.7247263770E-01
  0.9865834745E+00 -0.5165156291E+01  0.7177288842E-01
  0.9867176398E+00 -0.5168601681E+01  0.7107967278E-01
  0.9868504634E+00 -0.5172023286E+01  0.7039293325E-01
  0.9869819588E+00 -0.5175421003E+01  0.6971261276E-01
  0.9871121392E+00 -0.5178794740E+01  0.6903865473E-01
  0.9872410178E+00 -0.5182144414E+01  0.6837100302E-01
  0.9873686076E+00 -0.5185469954E+01  0.6770960198E-01
  0.9874949215E+00 -0.5188771300E+01  0.6705439642E-01
  0.9876199723E+00 -0.5192050274E+01  0.6640533148E-01
  0.9877437726E+00 -0.5195347974E+01  0.6576235009E-01
  0.9878663349E+00 -0.5198624578E+01  0.6512539563E-01
  0.9879876715E+00 -0.5201856478E+01  0.6449441586E-01
  0.9881077948E+00 -0.5205056101E+01  0.6386935960E-01
  0.9882267168E+00 -0.5208234115E+01  0.6325017467E-01
  0.9883444497E+00 -0.5211403660E+01  0.6263680794E-01
  0.9884610052E+00 -0.5214547897E+01  0.6202920693E-01
  0.9885763951E+00 -0.5217666843E+01  0.6142732057E-01
  0.9886906312E+00 -0.5220760523E+01  0.6083109822E-01
  0.9888037249E+00 -0.5223828971E+01  0.6024048965E-01
  0.9889156876E+00 -0.5226872227E+01  0.5965544502E-01
  0.9890265307E+00 -0.5229868497E+01  0.5907591611E-01
  0.9891362654E+00 -0.5232832256E+01  0.5850185549E-01
  0.9892449028E+00 -0.5235771992E+01  0.5793321480E-01
  0.9893524538E+00 -0.5238687747E+01  0.5736994564E-01
  0.9894589292E+00 -0.5241579571E+01  0.5681199998E-01
  0.9895643399E+00 -0.5244447521E+01  0.5625933021E-01
  0.9896686965E+00 -0.5247291657E+01  0.5571188909E-01
  0.9897720096E+00 -0.5250112046E+01  0.5516962978E-01
  0.9898742895E+00 -0.5252908762E+01  0.5463250579E-01
  0.9899755466E+00 -0.5255679893E+01  0.5410047116E-01
  0.9900757911E+00 -0.5258424043E+01  0.5357348043E-01
  0.9901750332E+00 -0.5261144957E+01  0.5305148843E-01
  0.9902732829E+00 -0.5263842722E+01  0.5253445016E-01
  0.9903705500E+00 -0.5266517429E+01  0.5202232099E-01
  0.9904668445E+00 -0.5269169173E+01  0.5151505665E-01
  0.9905621761E+00 -0.5271795327E+01  0.5101261338E-01
  0.9906565543E+00 -0.5274388955E+01  0.5051494823E-01
  0.9907499888E+00 -0.5276960346E+01  0.5002201844E-01
  0.9908424889E+00 -0.5279509602E+01  0.4953378111E-01
  0.9909340640E+00 -0.5282014720E+01  0.4905019473E-01
  0.9910247234E+00 -0.5284490620E+01  0.4857121842E-01
  0.9911144761E+00 -0.5286946675E+01  0.4809681055E-01
  0.9912033314E+00 -0.5289398435E+01  0.4762692872E-01
  0.9912912981E+00 -0.5291832107E+01  0.4716153082E-01
  0.9913783851E+00 -0.5294244567E+01  0.4670057589E-01
  0.9914646012E+00 -0.5296635922E+01  0.4624402342E-01
  0.9915499552E+00 -0.5298997678E+01  0.4579183363E-01
  0.9916344557E+00 -0.5301336395E+01  0.4534396714E-01
  0.9917181111E+00 -0.5303658032E+01  0.4490038439E-01
  0.9918009300E+00 -0.5305959276E+01  0.4446104603E-01
  0.9918829207E+00 -0.5308240239E+01  0.4402591321E-01
  0.9919640915E+00 -0.5310500797E+01  0.4359494739E-01
  0.9920444506E+00 -0.5312741191E+01  0.4316811039E-01
  0.9921240061E+00 -0.5314954491E+01  0.4274536459E-01
  0.9922027660E+00 -0.5317140763E+01  0.4232667301E-01
  0.9922807383E+00 -0.5319307911E+01  0.4191199861E-01
  0.9923579310E+00 -0.5321456041E+01  0.4150130440E-01
  0.9924343516E+00 -0.5323585259E+01  0.4109455370E-01
  0.9925100081E+00 -0.5325695677E+01  0.4069171013E-01
  0.9925849081E+00 -0.5327787403E+01  0.4029273762E-01
  0.9926590590E+00 -0.5329860549E+01  0.3989760042E-01
  0.9927324684E+00 -0.5331915230E+01  0.3950626308E-01
  0.9928051437E+00 -0.5333951558E+01  0.3911869046E-01
  0.9928770923E+00 -0.5335964739E+01  0.3873484789E-01
  0.9929483213E+00 -0.5337951747E+01  0.3835470128E-01
  0.9930188381E+00 -0.5339921212E+01  0.3797821664E-01
  0.9930886497E+00 -0.5341873242E+01  0.3760535995E-01
  0.9931577632E+00 -0.5343807943E+01  0.3723609753E-01
  0.9932261856E+00 -0.5345725423E+01  0.3687039594E-01
  0.9932939238E+00 -0.5347625791E+01  0.3650822206E-01
  0.9933609845E+00 -0.5349509157E+01  0.3614954304E-01
  0.9934273747E+00 -0.5351375632E+01  0.3579432634E-01
  0.9934931009E+00 -0.5353216621E+01  0.3544253997E-01
  0.9935581699E+00 -0.5355036584E+01  0.3509415236E-01
  0.9936225882E+00 -0.5356840475E+01  0.3474913190E-01
  0.9936863623E+00 -0.5358628394E+01  0.3440744711E-01
  0.9937494987E+00 -0.5360400440E+01  0.3406906679E-01
  0.9938120037E+00 -0.5362156714E+01  0.3373396001E-01
  0.9938738837E+00 -0.5363896687E+01  0.3340209611E-01
  0.9939351449E+00 -0.5365619152E+01  0.3307344480E-01
  0.9939957934E+00 -0.5367326237E+01  0.3274797601E-01
  0.9940558355E+00 -0.5369018043E+01  0.3242565986E-01
  0.9941152771E+00 -0.5370694672E+01  0.3210646677E-01
  0.9941741243E+00 -0.5372356226E+01  0.3179036738E-01
  0.9942323831E+00 -0.5374002805E+01  0.3147733262E-01
  0.9942900593E+00 -0.5375634513E+01  0.3116733367E-01
  0.9943471587E+00 -0.5377251453E+01  0.3086034196E-01
  0.9944036871E+00 -0.5378853726E+01  0.3055632918E-01
  0.9944596502E+00 -0.5380441437E+01  0.3025526727E-01
  0.9945150537E+00 -0.5382014689E+01  0.2995712841E-01
  0.9945699032E+00 -0.5383573586E+01  0.2966188505E-01
  0.9946242041E+00 -0.5385118230E+01  0.2936950985E-01
  0.9946779621E+00 -0.5386648727E+01  0.2907997575E-01
  0.9947311825E+00 -0.5388165179E+01  0.2879325591E-01
  0.9947838707E+00 -0.5389667691E+01  0.2850932374E-01
  0.9948360320E+00 -0.5391156366E+01  0.2822815288E-01
  0.9948876716E+00 -0.5392631309E+01  0.2794971720E-01
  0.9949387949E+00 -0.5394092623E+01  0.2767399083E-01
  0.9949894070E+00 -0.5395540413E+01  0.2740094810E-01
  0.9950395129E+00 -0.5396974780E+01  0.2713056359E-01
  0.9950891178E+00 -0.5398395830E+01  0.2686281211E-01
  0.9951382266E+00 -0.5399803666E+01  0.2659766868E-01
  0.9951868443E+00 -0.5401198390E+01  0.2633510856E-01
  0.9952349759E+00 -0.5402580106E+01  0.2607510722E-01
  0.9952826261E+00 -0.5403948915E+01  0.2581764036E-01
  0.9953297999E+00 -0.5405304922E+01  0.2556268390E-01
  0.9953765019E+00 -0.5406648228E+01  0.2531021398E-01
  0.9954227368E+00 -0.5407978935E+01  0.2506020693E-01
  0.9954685095E+00 -0.5409297145E+01  0.2481263934E-01
  0.9955138244E+00 -0.5410602958E+01  0.2456748796E-01
  0.9955586861E+00 -0.5411896477E+01  0.2432472980E-01
  0.9956030993E+00 -0.5413177801E+01  0.2408434204E-01
  0.9956470683E+00 -0.5414447032E+01  0.2384630208E-01
  0.9956905976E+00 -0.5415704268E+01  0.2361058753E-01
  0.9957336916E+00 -0.5416950849E+01  0.2337717618E-01
  0.9957763547E+00 -0.5418186128E+01  0.2314604601E-01
  0.9958185912E+00 -0.5419409643E+01  0.2291717520E-01
  0.9958604053E+00 -0.5420621495E+01  0.2269054219E-01
  0.9959018012E+00 -0.5421821784E+01  0.2246612559E-01
  0.9959427832E+00 -0.5423011682E+01  0.2224390417E-01
  0.9959833554E+00 -0.5424190912E+01  0.2202385691E-01
  0.9960235218E+00 -0.5425359041E+01  0.2180596297E-01
  0.9960632866E+00 -0.5426516609E+01  0.2159020174E-01
  0.9961026537E+00 -0.5427663006E+01  0.2137655277E-01
  0.9961416272E+00 -0.5428798330E+01  0.2116499582E-01
  0.9961802109E+00 -0.5429922681E+01  0.2095551085E-01
  0.9962184088E+00 -0.5431036158E+01  0.2074807799E-01
  0.9962562247E+00 -0.5432138649E+01  0.2054267756E-01
  0.9962936625E+00 -0.5433230127E+01  0.2033929006E-01
  0.9963307258E+00 -0.5434311043E+01  0.2013789618E-01
  0.9963674186E+00 -0.5435381492E+01  0.1993847677E-01
  0.9964037444E+00 -0.5436441567E+01  0.1974101286E-01
  0.9964397070E+00 -0.5437491365E+01  0.1954548565E-01
  0.9964753099E+00 -0.5438530976E+01  0.1935187652E-01
  0.9965105568E+00 -0.5439560495E+01  0.1916016701E-01
  0.9965454512E+00 -0.5440580013E+01  0.1897033885E-01
  0.9965799967E+00 -0.5441589621E+01  0.1878237392E-01
  0.9966141967E+00 -0.5442589410E+01  0.1859625428E-01
  0.9966480548E+00 -0.5443579470E+01  0.1841196215E-01
  0.9966815742E+00 -0.5444559890E+01  0.1822947991E-01
  0.9967147585E+00 -0.5445531340E+01  0.1804879011E-01
  0.9967476109E+00 -0.5446493591E+01  0.1786987545E-01
  0.9967801348E+00 -0.5447446434E+01  0.1769271879E-01
  0.9968123334E+00 -0.5448389954E+01  0.1751730317E-01
  0.9968442101E+00 -0.5449324241E+01  0.1734361177E-01
  0.9968757680E+00 -0.5450249379E+01  0.1717162795E-01
  0.9969070103E+00 -0.5451165455E+01  0.1700133521E-01
  0.9969379402E+00 -0.5452072554E+01  0.1683271719E-01
  0.9969685608E+00 -0.5452970761E+01  0.1666575772E-01
  0.9969988752E+00 -0.5453860157E+01  0.1650044075E-01
  0.9970288865E+00 -0.5454740236E+01  0.1633675039E-01
  0.9970585976E+00 -0.5455611317E+01  0.1617467093E-01
  0.9970880116E+00 -0.5456473872E+01  0.1601418676E-01
  0.9971171315E+00 -0.5457327982E+01  0.1585528244E-01
  0.9971459602E+00 -0.5458173726E+01  0.1569794266E-01
  0.9971745006E+00 -0.5459011181E+01  0.1554215225E-01
  0.9972027556E+00 -0.5459840427E+01  0.1538789621E-01
  0.9972307280E+00 -0.5460661539E+01  0.1523515964E-01
  0.9972584207E+00 -0.5461474596E+01  0.1508392782E-01
  0.9972858365E+00 -0.5462279672E+01  0.1493418613E-01
  0.9973129782E+00 -0.5463076843E+01  0.1478592011E-01
  0.9973398484E+00 -0.5463866184E+01  0.1463911544E-01
  0.9973664499E+00 -0.5464647769E+01  0.1449375792E-01
  0.9973927854E+00 -0.5465421671E+01  0.1434983349E-01
  0.9974188575E+00 -0.5466187964E+01  0.1420732823E-01
  0.9974446690E+00 -0.5466946719E+01  0.1406622834E-01
  0.9974702223E+00 -0.5467698009E+01  0.1392652015E-01
  0.9974955201E+00 -0.5468441904E+01  0.1378819014E-01
  0.9975205649E+00 -0.5469178475E+01  0.1365122488E-01
  0.9975453592E+00 -0.5469907791E+01  0.1351561111E-01
  0.9975699056E+00 -0.5470629922E+01  0.1338133566E-01
  0.9975942066E+00 -0.5471344936E+01  0.1324838550E-01
  0.9976182645E+00 -0.5472052903E+01  0.1311674773E-01
  0.9976420819E+00 -0.5472753888E+01  0.1298640955E-01
  0.9976656610E+00 -0.5473447959E+01  0.1285735831E-01
  0.9976890044E+00 -0.5474135182E+01  0.1272958146E-01
  0.9977121144E+00 -0.5474815623E+01  0.1260306658E-01
  0.9977349932E+00 -0.5475489348E+01  0.1247780135E-01
  0.9977576433E+00 -0.5476156420E+01  0.1235377359E-01
  0.9977800669E+00 -0.5476816904E+01  0.1223097123E-01
  0.9978022662E+00 -0.5477470863E+01  0.1210938230E-01
  0.9978242435E+00 -0.5478118359E+01  0.1198899495E-01
  0.9978460011E+00 -0.5478759457E+01  0.1186979746E-01
  0.9978675411E+00 -0.5479394216E+01  0.1175177821E-01
  0.9978888657E+00 -0.5480022699E+01  0.1163492568E-01
  0.9979099770E+00 -0.5480644965E+01  0.1151922847E-01
  0.9979308773E+00 -0.5481261076E+01  0.1140467529E-01
  0.9979515685E+00 -0.5481871091E+01  0.1129125496E-01
  0.9979720528E+00 -0.5482475068E+01  0.1117895640E-01
  0.9979923323E+00 -0.5483073066E+01  0.1106776864E-01
  0.9980124089E+00 -0.5483665144E+01  0.1095768081E-01
  0.9980322849E+00 -0.5484251358E+01  0.1084868214E-01
  0.9980519620E+00 -0.5484831766E+01  0.1074076199E-01
  0.9980714424E+00 -0.5485406424E+01  0.1063390978E-01
  0.9980907280E+00 -0.5485975387E+01  0.1052811508E-01
  0.9981098207E+00 -0.5486538713E+01  0.1042336750E-01
  0.9981287225E+00 -0.5487096454E+01  0.1031965681E-01
  0.9981474353E+00 -0.5487648666E+01  0.1021697284E-01
  0.9981659609E+00 -0.5488195402E+01  0.1011530553E-01
  0.9981843013E+00 -0.5488736716E+01  0.1001464492E-01
  0.9982024583E+00 -0.5489272660E+01  0.9914981134E-02
  0.9982204337E+00 -0.5489803288E+01  0.9816304399E-02
  0.9982382294E+00 -0.5490328651E+01  0.9718605035E-02
  0.9982558471E+00 -0.5490848800E+01  0.9621873454E-02
  0.9982732886E+00 -0.5491363787E+01  0.9526100163E-02
  0.9982905557E+00 -0.5491873661E+01  0.9431275756E-02
  0.9983076502E+00 -0.5492378473E+01  0.9337390921E-02
  0.9983245737E+00 -0.5492878272E+01  0.9244436433E-02
  0.9983413279E+00 -0.5493373108E+01  0.9152403158E-02
  0.9983579146E+00 -0.5493863029E+01  0.9061282048E-02
  0.9983743355E+00 -0.5494348084E+01  0.8971064145E-02
  0.9983905921E+00 -0.5494828319E+01  0.8881740575E-02
  0.9984066862E+00 -0.5495303782E+01  0.8793302549E-02
  0.9984226194E+00 -0.5495774521E+01  0.8705741366E-02
  0.9984383932E+00 -0.5496240580E+01  0.8619048407E-02
  0.9984540092E+00 -0.5496702007E+01  0.8533215135E-02
  0.9984694691E+00 -0.5497158847E+01  0.8448233098E-02
  0.9984847744E+00 -0.5497611145E+01  0.8364093923E-02
  0.9984999267E+00 -0.5498058945E+01  0.8280789322E-02
  0.9985149274E+00 -0.5498502292E+01  0.8198311082E-02
  0.9985297782E+00 -0.5498941229E+01  0.8116651074E-02
  0.9985444804E+00 -0.5499375801E+01  0.8035801244E-02
  0.9985590356E+00 -0.5499806049E+01  0.7955753619E-02
  0.9985734452E+00 -0.5500232016E+01  0.7876500301E-02
  0.9985877108E+00 -0.5500653746E+01  0.7798033470E-02
  0.9986018337E+00 -0.5501071278E+01  0.7720345381E-02
  0.9986158153E+00 -0.5501484656E+01  0.7643428363E-02
  0.9986296572E+00 -0.5501893919E+01  0.7567274823E-02
  0.9986433606E+00 -0.5502299108E+01  0.7491877238E-02
  0.9986569270E+00 -0.5502700263E+01  0.7417228159E-02
  0.9986703577E+00 -0.5503097425E+01  0.7343320210E-02
  0.9986836541E+00 -0.5503490633E+01  0.7270146085E-02
  0.9986968176E+00 -0.5503879925E+01  0.7197698552E-02
  0.9987098494E+00 -0.5504265340E+01  0.7125970446E-02
  0.9987227509E+00 -0.5504646917E+01  0.7054954674E-02
  0.9987355234E+00 -0.5505024693E+01  0.6984644210E-02
  0.9987481682E+00 -0.5505398707E+01  0.6915032097E-02
  0.9987606865E+00 -0.5505768995E+01  0.6846111447E-02
  0.9987730796E+00 -0.5506135594E+01  0.6777875437E-02
  0.9987853488E+00 -0.5506498540E+01  0.6710317312E-02
  0.9987974954E+00 -0.5506857870E+01  0.6643430381E-02
  0.9988095204E+00 -0.5507213619E+01  0.6577208021E-02
  0.9988214252E+00 -0.5507565824E+01  0.6511643669E-02
  0.9988332109E+00 -0.5507914518E+01  0.6446730832E-02
  0.9988448788E+00 -0.5508259737E+01  0.6382463074E-02
  0.9988564300E+00 -0.5508601515E+01  0.6318834026E-02
  0.9988678657E+00 -0.5508939887E+01  0.6255837379E-02
  0.9988791871E+00 -0.5509274885E+01  0.6193466888E-02
  0.9988903952E+00 -0.5509606544E+01  0.6131716365E-02
  0.9989014913E+00 -0.5509934896E+01  0.6070579685E-02
  0.9989124764E+00 -0.5510259974E+01  0.6010050784E-02
  0.9989233516E+00 -0.5510581811E+01  0.5950123653E-02
  0.9989341181E+00 -0.5510900438E+01  0.5890792347E-02
  0.9989447769E+00 -0.5511215889E+01  0.5832050974E-02
  0.9989553291E+00 -0.5511528193E+01  0.5773893703E-02
  0.9989657758E+00 -0.5511837383E+01  0.5716314758E-02
  0.9989761181E+00 -0.5512143489E+01  0.5659308421E-02
  0.9989863569E+00 -0.5512446541E+01  0.5602869028E-02
  0.9989964933E+00 -0.5512746571E+01  0.5546990973E-02
  0.9990065284E+00 -0.5513043608E+01  0.5491668703E-02
  0.9990164631E+00 -0.5513337682E+01  0.5436896719E-02
  0.9990262985E+00 -0.5513628822E+01  0.5382669577E-02
  0.9990360355E+00 -0.5513917057E+01  0.5328981886E-02
  0.9990456751E+00 -0.5514202417E+01  0.5275828308E-02
  0.9990552184E+00 -0.5514484929E+01  0.5223203555E-02
  0.9990646662E+00 -0.5514764623E+01  0.5171102394E-02
  0.9990740195E+00 -0.5515041525E+01  0.5119519642E-02
  0.9990832793E+00 -0.5515315665E+01  0.5068450165E-02
  0.9990924466E+00 -0.5515587068E+01  0.5017888883E-02
  0.9991015221E+00 -0.5515855763E+01  0.4967830764E-02
  0.9991105069E+00 -0.5516121776E+01  0.4918270823E-02
  0.9991194018E+00 -0.5516385135E+01  0.4869204127E-02
  0.9991282078E+00 -0.5516645865E+01  0.4820625790E-02
  0.9991369257E+00 -0.5516903992E+01  0.4772530976E-02
  0.9991455564E+00 -0.5517159543E+01  0.4724914892E-02
  0.9991541009E+00 -0.5517412543E+01  0.4677772797E-02
  0.9991625599E+00 -0.5517663017E+01  0.4631099994E-02
  0.9991709343E+00 -0.5517910991E+01  0.4584891831E-02
  0.9991792249E+00 -0.5518156489E+01  0.4539143704E-02
  0.9991874327E+00 -0.5518399537E+01  0.4493851054E-02
  0.9991955584E+00 -0.5518640158E+01  0.4449009365E-02
  0.9992036028E+00 -0.5518878376E+01  0.4404614167E-02
  0.9992115667E+00 -0.5519114216E+01  0.4360661034E-02
  0.9992194511E+00 -0.5519347701E+01  0.4317145581E-02
  0.9992272566E+00 -0.5519578855E+01  0.4274063470E-02
  0.9992349840E+00 -0.5519807701E+01  0.4231410402E-02
  0.9992426342E+00 -0.5520034262E+01  0.4189182123E-02
  0.9992502078E+00 -0.5520258560E+01  0.4147374420E-02
  0.9992577057E+00 -0.5520480618E+01  0.4105983120E-02
  0.9992651287E+00 -0.5520700458E+01  0.4065004093E-02
  0.9992724774E+00 -0.5520918104E+01  0.4024433249E-02
  0.9992797526E+00 -0.5521133575E+01  0.3984266538E-02
  0.9992869551E+00 -0.5521346895E+01  0.3944499950E-02
  0.9992940855E+00 -0.5521558084E+01  0.3905129514E-02
  0.9993011447E+00 -0.5521767163E+01  0.3866151300E-02
  0.9993081332E+00 -0.5521974155E+01  0.3827561413E-02
  0.9993150519E+00 -0.5522179079E+01  0.3789356001E-02
  0.9993219014E+00 -0.5522381956E+01  0.3751531246E-02
  0.9993286824E+00 -0.5522582806E+01  0.3714083369E-02
  0.9993353956E+00 -0.5522781651E+01  0.3677008630E-02
  0.9993420416E+00 -0.5522978509E+01  0.3640303323E-02
  0.9993486212E+00 -0.5523173400E+01  0.3603963781E-02
  0.9993551350E+00 -0.5523366345E+01  0.3567986371E-02
  0.9993615836E+00 -0.5523557362E+01  0.3532367497E-02
  0.9993679678E+00 -0.5523746471E+01  0.3497103598E-02
  0.9993742881E+00 -0.5523933690E+01  0.3462191149E-02
  0.9993805452E+00 -0.5524119039E+01  0.3427626659E-02
  0.9993867398E+00 -0.5524302537E+01  0.3393406671E-02
  0.9993928724E+00 -0.5524484201E+01  0.3359527764E-02
  0.9993989436E+00 -0.5524664050E+01  0.3325986548E-02
  0.9994049542E+00 -0.5524842103E+01  0.3292779669E-02
  0.9994109047E+00 -0.5525018376E+01  0.3259903804E-02
  0.9994167956E+00 -0.5525192888E+01  0.3227355665E-02
  0.9994226277E+00 -0.5525365656E+01  0.3195131995E-02
  0.9994284014E+00 -0.5525536699E+01  0.3163229568E-02
  0.9994341174E+00 -0.5525706032E+01  0.3131645193E-02
  0.9994397762E+00 -0.5525873673E+01  0.3100375709E-02
  0.9994453784E+00 -0.5526039639E+01  0.3069417985E-02
  0.9994509247E+00 -0.5526203946E+01  0.3038768922E-02
  0.9994564154E+00 -0.5526366612E+01  0.3008425452E-02
  0.9994618513E+00 -0.5526527652E+01  0.2978384537E-02
  0.9994672327E+00 -0.5526687083E+01  0.2948643169E-02
  0.9994725604E+00 -0.5526844921E+01  0.2919198369E-02
  0.9994778348E+00 -0.5527001181E+01  0.2890047190E-02
  0.9994830565E+00 -0.5527155880E+01  0.2861186710E-02
  0.9994882259E+00 -0.5527309033E+01  0.2832614039E-02
  0.9994933436E+00 -0.5527460656E+01  0.2804326315E-02
  0.9994984102E+00 -0.5527610763E+01  0.2776320703E-02
  0.9995034261E+00 -0.5527759370E+01  0.2748594399E-02
  0.9995083918E+00 -0.5527906492E+01  0.2721144624E-02
  0.9995133079E+00 -0.5528052143E+01  0.2693968626E-02
  0.9995181748E+00 -0.5528196339E+01  0.2667063684E-02
  0.9995229931E+00 -0.5528339093E+01  0.2640427099E-02
  0.9995277632E+00 -0.5528480421E+01  0.2614056203E-02
  0.9995324855E+00 -0.5528620337E+01  0.2587948351E-02
  0.9995371607E+00 -0.5528758854E+01  0.2562100928E-02
  0.9995417891E+00 -0.5528895986E+01  0.2536511340E-02
  0.9995463712E+00 -0.5529031748E+01  0.2511177024E-02
  0.9995509075E+00 -0.5529166153E+01  0.2486095437E-02
  0.9995553984E+00 -0.5529299215E+01  0.2461264066E-02
  0.9995598444E+00 -0.5529430947E+01  0.2436680420E-02
  0.9995642460E+00 -0.5529561361E+01  0.2412342034E-02
  0.9995686035E+00 -0.5529690473E+01  0.2388246466E-02
  0.9995729175E+00 -0.5529818294E+01  0.2364391299E-02
  0.9995771883E+00 -0.5529944837E+01  0.2340774141E-02
  0.9995814164E+00 -0.5530070115E+01  0.2317392622E-02
  0.9995856022E+00 -0.5530194141E+01  0.2294244397E-02
  0.9995897462E+00 -0.5530316928E+01  0.2271327142E-02
  0.9995938488E+00 -0.5530438487E+01  0.2248638559E-02
  0.9995979103E+00 -0.5530558831E+01  0.2226176370E-02
  0.9996019312E+00 -0.5530677972E+01  0.2203938322E-02
  0.9996059119E+00 -0.5530795922E+01  0.2181922182E-02
  0.9996098527E+00 -0.5530912693E+01  0.2160125741E-02
  0.9996137542E+00 -0.5531028296E+01  0.2138546812E-02
  0.9996176167E+00 -0.5531142745E+01  0.2117183227E-02
  0.9996214405E+00 -0.5531256049E+01  0.2096032843E-02
  0.9996252261E+00 -0.5531368220E+01  0.2075093536E-02
  0.9996289738E+00 -0.5531479270E+01  0.2054363203E-02
  0.9996326841E+00 -0.5531589210E+01  0.2033839764E-02
  0.9996363573E+00 -0.5531698051E+01  0.2013521158E-02
  0.9996399937E+00 -0.5531805804E+01  0.1993405344E-02
  0.9996435938E+00 -0.5531912479E+01  0.1973490302E-02
  0.9996471578E+00 -0.5532018088E+01  0.1953774032E-02
  0.9996506862E+00 -0.5532122642E+01  0.1934254554E-02
  0.9996541794E+00 -0.5532226150E+01  0.1914929907E-02
  0.9996576376E+00 -0.5532328623E+01  0.1895798151E-02
  0.9996610612E+00 -0.5532430072E+01  0.1876857363E-02
  0.9996644506E+00 -0.5532530507E+01  0.1858105641E-02
  0.9996678400E+00 -0.5532630942E+01  0.1839353578E-02
  0.9996712294E+00 -0.5532731378E+01  0.1820601175E-02
  0.9996746188E+00 -0.5532831813E+01  0.1801848432E-02
  0.9996780081E+00 -0.5532932249E+01  0.1783095348E-02
  0.9996813975E+00 -0.5533032685E+01  0.1764341924E-02
  0.9996847869E+00 -0.5533133122E+01  0.1745588160E-02
  0.9996881763E+00 -0.5533233559E+01  0.1726834055E-02
  0.9996915657E+00 -0.5533333996E+01  0.1708079609E-02
  0.9996949551E+00 -0.5533434433E+01  0.1689324823E-02
  0.9996983445E+00 -0.5533534870E+01  0.1670569697E-02
  0.9997017339E+00 -0.5533635308E+01  0.1651814231E-02
  0.9997051232E+00 -0.5533735746E+01  0.1633058423E-02
  0.9997085126E+00 -0.5533836184E+01  0.1614302276E-02
  0.9997119020E+00 -0.5533936623E+01  0.1595545788E-02
  0.9997152914E+00 -0.5534037061E+01  0.1576788960E-02
  0.9997186808E+00 -0.5534137500E+01  0.1558031791E-02
  0.9997220702E+00 -0.5534237940E+01  0.1539274282E-02
  0.9997254596E+00 -0.5534338379E+01  0.1520516432E-02
  0.9997288490E+00 -0.5534438819E+01  0.1501758242E-02
  0.9997322384E+00 -0.5534539259E+01  0.1482999711E-02
  0.9997356277E+00 -0.5534639699E+01  0.1464240840E-02
  0.9997390171E+00 -0.5534740139E+01  0.1445481629E-02
  0.9997424065E+00 -0.5534840580E+01  0.1426722077E-02
  0.9997457959E+00 -0.5534941020E+01  0.1407962185E-02
  0.9997491853E+00 -0.5535041461E+01  0.1389201952E-02
  0.9997525747E+00 -0.5535141903E+01  0.1370441379E-02
  0.9997559641E+00 -0.5535242344E+01  0.1351680466E-02
  0.9997593535E+00 -0.5535342786E+01  0.1332919212E-02
  0.9997627428E+00 -0.5535443227E+01  0.1314157617E-02
  0.9997661322E+00 -0.5535543669E+01  0.1295395683E-02
  0.9997695216E+00 -0.5535644112E+01  0.1276633407E-02
  0.9997729110E+00 -0.5535744554E+01  0.1257870792E-02
  0.9997763004E+00 -0.5535844997E+01  0.1239107835E-02
  0.9997796898E+00 -0.5535945439E+01  0.1220344539E-02
  0.9997830792E+00 -0.5536045882E+01  0.1201580902E-02
  0.9997864686E+00 -0.5536146325E+01  0.1182816924E-02
  0.9997898579E+00 -0.5536246769E+01  0.1164052606E-02
  0.9997932473E+00 -0.5536347212E+01  0.1145287948E-02
  0.9997966367E+00 -0.5536447656E+01  0.1126522949E-02
  0.9998000261E+00 -0.5536548100E+01  0.1107757610E-02
  0.9998034155E+00 -0.5536648544E+01  0.1088991930E-02
  0.9998068049E+00 -0.5536748988E+01  0.1070225910E-02
  0.9998101943E+00 -0.5536849432E+01  0.1051459550E-02
  0.9998135837E+00 -0.5536949877E+01  0.1032692849E-02
  0.9998169731E+00 -0.5537050321E+01  0.1013925807E-02
  0.9998203624E+00 -0.5537150766E+01  0.9951584253E-03
  0.9998237518E+00 -0.5537251211E+01  0.9763907030E-03
  0.9998271412E+00 -0.5537351656E+01  0.9576226402E-03
  0.9998305306E+00 -0.5537452101E+01  0.9388542369E-03
  0.9998339200E+00 -0.5537552547E+01  0.9200854932E-03
  0.9998373094E+00 -0.5537652992E+01  0.9013164091E-03
  0.9998406988E+00 -0.5537753438E+01  0.8825469845E-03
  0.9998440882E+00 -0.5537853884E+01  0.8637772194E-03
  0.9998474775E+00 -0.5537954330E+01  0.8450071140E-03
  0.9998508669E+00 -0.5538054776E+01  0.8262366680E-03
  0.9998542563E+00 -0.5538155222E+01  0.8074658816E-03
  0.9998576457E+00 -0.5538255668E+01  0.7886947548E-03
  0.9998610351E+00 -0.5538356115E+01  0.7699232875E-03
  0.9998644245E+00 -0.5538456561E+01  0.7511514797E-03
  0.9998678139E+00 -0.5538557008E+01  0.7323793315E-03
  0.9998712033E+00 -0.5538657455E+01  0.7136068429E-03
  0.9998745926E+00 -0.5538757902E+01  0.6948340138E-03
  0.9998779820E+00 -0.5538858349E+01  0.6760608442E-03
  0.9998813714E+00 -0.5538958796E+01  0.6572873342E-03
  0.9998847608E+00 -0.5539059243E+01  0.6385134837E-03
  0.9998881502E+00 -0.5539159690E+01  0.6197392928E-03
  0.9998915396E+00 -0.5539260137E+01  0.6009647614E-03
  0.9998949290E+00 -0.5539360585E+01  0.5821898896E-03
  0.9998983184E+00 -0.5539461032E+01  0.5634146773E-03
  0.9999017077E+00 -0.5539561480E+01  0.5446391245E-03
  0.9999050971E+00 -0.5539661928E+01  0.5258632313E-03
  0.9999084865E+00 -0.5539762376E+01  0.5070869977E-03
  0.9999118759E+00 -0.5539862823E+01  0.4883104236E-03
  0.9999152653E+00 -0.5539963271E+01  0.4695335090E-03
  0.9999186547E+00 -0.5540063719E+01  0.4507562540E-03
  0.9999220441E+00 -0.5540164168E+01  0.4319786585E-03
  0.9999254335E+00 -0.5540264616E+01  0.4132007225E-03
  0.9999288229E+00 -0.5540365064E+01  0.3944224461E-03
  0.9999322122E+00 -0.5540465512E+01  0.3756438293E-03
  0.9999356016E+00 -0.5540565960E+01  0.3568648719E-03
  0.9999389910E+00 -0.5540666409E+01  0.3380855742E-03
  0.9999423804E+00 -0.5540766857E+01  0.3193059359E-03
  0.9999457698E+00 -0.5540867306E+01  0.3005259572E-03
  0.9999491592E+00 -0.5540967754E+01  0.2817456381E-03
  0.9999525486E+00 -0.5541068203E+01  0.2629649785E-03
  0.9999559380E+00 -0.5541168651E+01  0.2441839784E-03
  0.9999593273E+00 -0.5541269100E+01  0.2254026379E-03
  0.9999627167E+00 -0.5541369549E+01  0.2066209569E-03
  0.9999661061E+00 -0.5541469998E+01  0.1878389354E-03
  0.9999694955E+00 -0.5541570446E+01  0.1690565735E-03
  0.9999728849E+00 -0.5541670895E+01  0.1502738711E-03
  0.9999762743E+00 -0.5541771344E+01  0.1314908283E-03
  0.9999796637E+00 -0.5541871793E+01  0.1127074450E-03
  0.9999830531E+00 -0.5541972241E+01  0.9392372128E-04
  0.9999864424E+00 -0.5542072690E+01  0.7513965707E-04
  0.9999898318E+00 -0.5542173139E+01  0.5635525240E-04
  0.9999932212E+00 -0.5542273588E+01  0.3757050727E-04
  0.9999966106E+00 -0.5542374037E+01  0.1878542168E-04
  0.1000000000E+01 -0.5542471907E+01  0.3877786116E-17
  0.1000000000E+01 -0.5542471907E+01  0.0000000000E+00
