  0.0000000000E+00  0.5542473970E+01  0.0000000000E+00
  0.6996492144E-18  0.5542473970E+01  0.3877787559E-17
  0.3389387958E-05  0.5542435721E+01  0.1878552971E-04
  0.6778775916E-05  0.5542397473E+01  0.3757092979E-04
  0.1016816387E-04  0.5542359225E+01  0.5635620022E-04
  0.1355755183E-04  0.5542320977E+01  0.7514134102E-04
  0.1694693979E-04  0.5542282729E+01  0.9392635219E-04
  0.2033632775E-04  0.5542244481E+01  0.1127112337E-03
  0.2372571571E-04  0.5542206233E+01  0.1314959856E-03
  0.2711510367E-04  0.5542167985E+01  0.1502806078E-03
  0.3050449162E-04  0.5542129737E+01  0.1690651005E-03
  0.3389387958E-04  0.5542091488E+01  0.1878494634E-03
  0.3728326754E-04  0.5542053240E+01  0.2066336968E-03
  0.4067265550E-04  0.5542014992E+01  0.2254178005E-03
  0.4406204346E-04  0.5541976743E+01  0.2442017745E-03
  0.4745143141E-04  0.5541938495E+01  0.2629856189E-03
  0.5084081937E-04  0.5541900246E+01  0.2817693337E-03
  0.5423020733E-04  0.5541861997E+01  0.3005529189E-03
  0.5761959529E-04  0.5541823749E+01  0.3193363743E-03
  0.6100898325E-04  0.5541785500E+01  0.3381197002E-03
  0.6439837120E-04  0.5541747251E+01  0.3569028964E-03
  0.6778775916E-04  0.5541709002E+01  0.3756859630E-03
  0.7117714712E-04  0.5541670753E+01  0.3944688999E-03
  0.7456653508E-04  0.5541632503E+01  0.4132517072E-03
  0.7795592304E-04  0.5541594254E+01  0.4320343849E-03
  0.8134531100E-04  0.5541556004E+01  0.4508169329E-03
  0.8473469895E-04  0.5541517755E+01  0.4695993513E-03
  0.8812408691E-04  0.5541479505E+01  0.4883816400E-03
  0.9151347487E-04  0.5541441255E+01  0.5071637991E-03
  0.9490286283E-04  0.5541403005E+01  0.5259458285E-03
  0.9829225079E-04  0.5541364755E+01  0.5447277283E-03
  0.1016816387E-03  0.5541326505E+01  0.5635094985E-03
  0.1050710267E-03  0.5541288254E+01  0.5822911390E-03
  0.1084604147E-03  0.5541250004E+01  0.6010726498E-03
  0.1118498026E-03  0.5541211753E+01  0.6198540310E-03
  0.1152391906E-03  0.5541173502E+01  0.6386352826E-03
  0.1186285785E-03  0.5541135251E+01  0.6574164045E-03
  0.1220179665E-03  0.5541096999E+01  0.6761973968E-03
  0.1254073545E-03  0.5541058748E+01  0.6949782594E-03
  0.1287967424E-03  0.5541020496E+01  0.7137589924E-03
  0.1321861304E-03  0.5540982244E+01  0.7325395957E-03
  0.1355755183E-03  0.5540943992E+01  0.7513200694E-03
  0.1389649063E-03  0.5540905739E+01  0.7701004134E-03
  0.1423542942E-03  0.5540867487E+01  0.7888806277E-03
  0.1457436822E-03  0.5540829234E+01  0.8076607125E-03
  0.1491330702E-03  0.5540790981E+01  0.8264406675E-03
  0.1525224581E-03  0.5540752728E+01  0.8452204929E-03
  0.1559118461E-03  0.5540714474E+01  0.8640001887E-03
  0.1593012340E-03  0.5540676220E+01  0.8827797548E-03
  0.1626906220E-03  0.5540637966E+01  0.9015591912E-03
  0.1660800099E-03  0.5540599712E+01  0.9203384980E-03
  0.1694693979E-03  0.5540561458E+01  0.9391176751E-03
  0.1728587859E-03  0.5540523203E+01  0.9578967225E-03
  0.1762481738E-03  0.5540484948E+01  0.9766756403E-03
  0.1796375618E-03  0.5540446693E+01  0.9954544285E-03
  0.1830269497E-03  0.5540408437E+01  0.1014233087E-02
  0.1864163377E-03  0.5540370181E+01  0.1033011616E-02
  0.1898057257E-03  0.5540331925E+01  0.1051790015E-02
  0.1931951136E-03  0.5540293669E+01  0.1070568284E-02
  0.1965845016E-03  0.5540255412E+01  0.1089346424E-02
  0.1999738895E-03  0.5540217155E+01  0.1108124434E-02
  0.2033632775E-03  0.5540178897E+01  0.1126902315E-02
  0.2067526654E-03  0.5540140640E+01  0.1145680066E-02
  0.2101420534E-03  0.5540102382E+01  0.1164457687E-02
  0.2135314414E-03  0.5540064123E+01  0.1183235178E-02
  0.2169208293E-03  0.5540025865E+01  0.1202012540E-02
  0.2203102173E-03  0.5539987606E+01  0.1220789772E-02
  0.2236996052E-03  0.5539949346E+01  0.1239566875E-02
  0.2270889932E-03  0.5539911086E+01  0.1258343847E-02
  0.2304783812E-03  0.5539872826E+01  0.1277120690E-02
  0.2338677691E-03  0.5539834566E+01  0.1295897404E-02
  0.2372571571E-03  0.5539796305E+01  0.1314673988E-02
  0.2406465450E-03  0.5539758044E+01  0.1333450442E-02
  0.2440359330E-03  0.5539719783E+01  0.1352226766E-02
  0.2474253209E-03  0.5539681521E+01  0.1371002961E-02
  0.2508147089E-03  0.5539643258E+01  0.1389779026E-02
  0.2542040969E-03  0.5539604996E+01  0.1408554961E-02
  0.2575934848E-03  0.5539566733E+01  0.1427330767E-02
  0.2609828728E-03  0.5539528469E+01  0.1446106442E-02
  0.2643722607E-03  0.5539490205E+01  0.1464881989E-02
  0.2677616487E-03  0.5539451941E+01  0.1483657405E-02
  0.2711510367E-03  0.5539413676E+01  0.1502432692E-02
  0.2745404246E-03  0.5539375411E+01  0.1521207849E-02
  0.2779298126E-03  0.5539337146E+01  0.1539982877E-02
  0.2813192005E-03  0.5539298880E+01  0.1558757775E-02
  0.2847085885E-03  0.5539260613E+01  0.1577532543E-02
  0.2880979764E-03  0.5539222346E+01  0.1596307181E-02
  0.2914873644E-03  0.5539184079E+01  0.1615081690E-02
  0.2948767524E-03  0.5539145811E+01  0.1633856069E-02
  0.2982661403E-03  0.5539107543E+01  0.1652630318E-02
  0.3016555283E-03  0.5539069274E+01  0.1671404437E-02
  0.3050449162E-03  0.5539031005E+01  0.1690178427E-02
  0.3084343042E-03  0.5538992735E+01  0.1708952287E-02
  0.3118236921E-03  0.5538954465E+01  0.1727726018E-02
  0.3152130801E-03  0.5538916195E+01  0.1746499619E-02
  0.3186024681E-03  0.5538877924E+01  0.1765273089E-02
  0.3219918560E-03  0.5538839652E+01  0.1784046431E-02
  0.3253812440E-03  0.5538801380E+01  0.1802819642E-02
  0.3287706319E-03  0.5538763107E+01  0.1821592724E-02
  0.3321600199E-03  0.5538724834E+01  0.1840365676E-02
  0.3355494079E-03  0.5538686561E+01  0.1859138499E-02
  0.3389387958E-03  0.5538648286E+01  0.1877911191E-02
  0.3423624200E-03  0.5538609625E+01  0.1896873375E-02
  0.3458206263E-03  0.5538570573E+01  0.1916026962E-02
  0.3493137639E-03  0.5538531125E+01  0.1935373883E-02
  0.3528421858E-03  0.5538491279E+01  0.1954916087E-02
  0.3564062483E-03  0.5538451029E+01  0.1974655544E-02
  0.3600063114E-03  0.5538410373E+01  0.1994594244E-02
  0.3636427388E-03  0.5538369305E+01  0.2014734197E-02
  0.3673158977E-03  0.5538327821E+01  0.2035077431E-02
  0.3710261593E-03  0.5538285918E+01  0.2055625999E-02
  0.3747738983E-03  0.5538243591E+01  0.2076381969E-02
  0.3785594932E-03  0.5538200835E+01  0.2097347435E-02
  0.3823833265E-03  0.5538157647E+01  0.2118524509E-02
  0.3862457844E-03  0.5538114022E+01  0.2139915326E-02
  0.3901472569E-03  0.5538069955E+01  0.2161522040E-02
  0.3940881383E-03  0.5538025443E+01  0.2183346829E-02
  0.3980688266E-03  0.5537980480E+01  0.2205391892E-02
  0.4020897238E-03  0.5537935062E+01  0.2227659451E-02
  0.4061512362E-03  0.5537889184E+01  0.2250151750E-02
  0.4102537739E-03  0.5537842842E+01  0.2272871054E-02
  0.4143977514E-03  0.5537796031E+01  0.2295819653E-02
  0.4185835873E-03  0.5537748746E+01  0.2318999860E-02
  0.4228117043E-03  0.5537700983E+01  0.2342414008E-02
  0.4270825296E-03  0.5537652736E+01  0.2366064459E-02
  0.4313964946E-03  0.5537604001E+01  0.2389953594E-02
  0.4357540349E-03  0.5537554772E+01  0.2414083819E-02
  0.4401555908E-03  0.5537505045E+01  0.2438457567E-02
  0.4446016069E-03  0.5537454814E+01  0.2463077291E-02
  0.4490925322E-03  0.5537404075E+01  0.2487945473E-02
  0.4536288204E-03  0.5537352822E+01  0.2513064618E-02
  0.4582109297E-03  0.5537301050E+01  0.2538437255E-02
  0.4628393230E-03  0.5537248754E+01  0.2564065941E-02
  0.4675144676E-03  0.5537195928E+01  0.2589953256E-02
  0.4722368360E-03  0.5537142567E+01  0.2616101809E-02
  0.4770069051E-03  0.5537088666E+01  0.2642514233E-02
  0.4818251566E-03  0.5537034218E+01  0.2669193188E-02
  0.4866920774E-03  0.5536979220E+01  0.2696141361E-02
  0.4916081590E-03  0.5536923664E+01  0.2723361466E-02
  0.4965738980E-03  0.5536867545E+01  0.2750856245E-02
  0.5015897959E-03  0.5536810858E+01  0.2778628465E-02
  0.5066563595E-03  0.5536753596E+01  0.2806680924E-02
  0.5117741005E-03  0.5536695754E+01  0.2835016447E-02
  0.5169435359E-03  0.5536637327E+01  0.2863637887E-02
  0.5221651878E-03  0.5536578307E+01  0.2892548126E-02
  0.5274395836E-03  0.5536518689E+01  0.2921750074E-02
  0.5327672562E-03  0.5536458466E+01  0.2951246672E-02
  0.5381487436E-03  0.5536397634E+01  0.2981040890E-02
  0.5435845895E-03  0.5536336184E+01  0.3011135727E-02
  0.5490753429E-03  0.5536274112E+01  0.3041534214E-02
  0.5546215585E-03  0.5536211411E+01  0.3072239410E-02
  0.5602237965E-03  0.5536148074E+01  0.3103254406E-02
  0.5658826227E-03  0.5536084094E+01  0.3134582325E-02
  0.5715986088E-03  0.5536019466E+01  0.3166226320E-02
  0.5773723321E-03  0.5535954183E+01  0.3198189576E-02
  0.5832043759E-03  0.5535888237E+01  0.3230475311E-02
  0.5890953291E-03  0.5535821623E+01  0.3263086774E-02
  0.5950457870E-03  0.5535754333E+01  0.3296027247E-02
  0.6010563505E-03  0.5535686360E+01  0.3329300046E-02
  0.6071276268E-03  0.5535617698E+01  0.3362908518E-02
  0.6132602291E-03  0.5535548340E+01  0.3396856048E-02
  0.6194547769E-03  0.5535478277E+01  0.3431146049E-02
  0.6257118958E-03  0.5535407503E+01  0.3465781974E-02
  0.6320322180E-03  0.5535336012E+01  0.3500767307E-02
  0.6384163818E-03  0.5535263794E+01  0.3536105568E-02
  0.6448650321E-03  0.5535190844E+01  0.3571800313E-02
  0.6513788203E-03  0.5535117153E+01  0.3607855134E-02
  0.6579584044E-03  0.5535042714E+01  0.3644273658E-02
  0.6646044489E-03  0.5534967519E+01  0.3681059548E-02
  0.6713176251E-03  0.5534891560E+01  0.3718216506E-02
  0.6780986112E-03  0.5534814830E+01  0.3755748268E-02
  0.6849480921E-03  0.5534737321E+01  0.3793658611E-02
  0.6918667597E-03  0.5534659024E+01  0.3831951348E-02
  0.6988553129E-03  0.5534579932E+01  0.3870630331E-02
  0.7059144575E-03  0.5534500037E+01  0.3909699449E-02
  0.7130449065E-03  0.5534419329E+01  0.3949162631E-02
  0.7202473803E-03  0.5534337802E+01  0.3989023848E-02
  0.7275226064E-03  0.5534255445E+01  0.4029287107E-02
  0.7348713196E-03  0.5534172252E+01  0.4069956457E-02
  0.7422942622E-03  0.5534088213E+01  0.4111035989E-02
  0.7497921840E-03  0.5534003319E+01  0.4152529831E-02
  0.7573658425E-03  0.5533917562E+01  0.4194442157E-02
  0.7650160025E-03  0.5533830933E+01  0.4236777181E-02
  0.7727434369E-03  0.5533743422E+01  0.4279539158E-02
  0.7805489261E-03  0.5533655021E+01  0.4322732388E-02
  0.7884332587E-03  0.5533565721E+01  0.4366361213E-02
  0.7963972310E-03  0.5533475512E+01  0.4410430018E-02
  0.8044416475E-03  0.5533384385E+01  0.4454943233E-02
  0.8125673207E-03  0.5533292331E+01  0.4499905332E-02
  0.8207750714E-03  0.5533199339E+01  0.4545320834E-02
  0.8290657287E-03  0.5533105400E+01  0.4591194304E-02
  0.8374401300E-03  0.5533010505E+01  0.4637530352E-02
  0.8458991212E-03  0.5532914643E+01  0.4684333634E-02
  0.8544435568E-03  0.5532817804E+01  0.4731608853E-02
  0.8630742998E-03  0.5532719979E+01  0.4779360759E-02
  0.8717922220E-03  0.5532621157E+01  0.4827594151E-02
  0.8805982040E-03  0.5532521327E+01  0.4876313874E-02
  0.8894931354E-03  0.5532420480E+01  0.4925524823E-02
  0.8984779145E-03  0.5532318604E+01  0.4975231941E-02
  0.9075534490E-03  0.5532215690E+01  0.5025440222E-02
  0.9167206556E-03  0.5532111725E+01  0.5076154710E-02
  0.9259804602E-03  0.5532006700E+01  0.5127380497E-02
  0.9353337982E-03  0.5531900603E+01  0.5179122729E-02
  0.9447816143E-03  0.5531793424E+01  0.5231386603E-02
  0.9543248629E-03  0.5531685150E+01  0.5284177366E-02
  0.9639645080E-03  0.5531575771E+01  0.5337500321E-02
  0.9737015233E-03  0.5531465274E+01  0.5391360820E-02
  0.9835368922E-03  0.5531353649E+01  0.5445764273E-02
  0.9934716083E-03  0.5531240883E+01  0.5500716141E-02
  0.1003506675E-02  0.5531126965E+01  0.5556221941E-02
  0.1013643106E-02  0.5531011882E+01  0.5612287245E-02
  0.1023881925E-02  0.5530895622E+01  0.5668917680E-02
  0.1034224167E-02  0.5530778174E+01  0.5726118932E-02
  0.1044670876E-02  0.5530659524E+01  0.5783896741E-02
  0.1055223107E-02  0.5530539660E+01  0.5842256906E-02
  0.1065881926E-02  0.5530418569E+01  0.5901205283E-02
  0.1076648410E-02  0.5530296238E+01  0.5960747788E-02
  0.1087523647E-02  0.5530172655E+01  0.6020890396E-02
  0.1098508734E-02  0.5530047805E+01  0.6081639140E-02
  0.1109604782E-02  0.5529921677E+01  0.6143000115E-02
  0.1120812911E-02  0.5529794256E+01  0.6204979477E-02
  0.1132134253E-02  0.5529665528E+01  0.6267583443E-02
  0.1143569953E-02  0.5529535481E+01  0.6330818293E-02
  0.1155121165E-02  0.5529404099E+01  0.6394690369E-02
  0.1166789055E-02  0.5529271369E+01  0.6459206076E-02
  0.1178574803E-02  0.5529137277E+01  0.6524371885E-02
  0.1190479599E-02  0.5529001808E+01  0.6590194330E-02
  0.1202504646E-02  0.5528864947E+01  0.6656680011E-02
  0.1214651157E-02  0.5528726681E+01  0.6723835593E-02
  0.1226920361E-02  0.5528586993E+01  0.6791667810E-02
  0.1239313496E-02  0.5528445869E+01  0.6860183460E-02
  0.1251831814E-02  0.5528303294E+01  0.6929389412E-02
  0.1264476580E-02  0.5528159252E+01  0.6999292601E-02
  0.1277249070E-02  0.5528013727E+01  0.7069900035E-02
  0.1290150576E-02  0.5527866703E+01  0.7141218787E-02
  0.1303182400E-02  0.5527718166E+01  0.7213256005E-02
  0.1316345859E-02  0.5527568098E+01  0.7286018907E-02
  0.1329642282E-02  0.5527416483E+01  0.7359514781E-02
  0.1343073012E-02  0.5527263304E+01  0.7433750992E-02
  0.1356639406E-02  0.5527108545E+01  0.7508734974E-02
  0.1370342834E-02  0.5526952189E+01  0.7584474239E-02
  0.1384184681E-02  0.5526794219E+01  0.7660976371E-02
  0.1398166344E-02  0.5526634616E+01  0.7738249032E-02
  0.1412289237E-02  0.5526473365E+01  0.7816299959E-02
  0.1426554785E-02  0.5526310446E+01  0.7895136967E-02
  0.1440964429E-02  0.5526145842E+01  0.7974767949E-02
  0.1455519625E-02  0.5525979535E+01  0.8055200876E-02
  0.1470221844E-02  0.5525811506E+01  0.8136443799E-02
  0.1485072569E-02  0.5525641736E+01  0.8218504849E-02
  0.1500073302E-02  0.5525470207E+01  0.8301392239E-02
  0.1515225558E-02  0.5525296900E+01  0.8385114263E-02
  0.1530530867E-02  0.5525121794E+01  0.8469679297E-02
  0.1545990774E-02  0.5524944871E+01  0.8555095803E-02
  0.1561606843E-02  0.5524766111E+01  0.8641372324E-02
  0.1577380649E-02  0.5524585494E+01  0.8728517491E-02
  0.1593313787E-02  0.5524402999E+01  0.8816540020E-02
  0.1609407866E-02  0.5524218605E+01  0.8905448712E-02
  0.1625664511E-02  0.5524032293E+01  0.8995252459E-02
  0.1642085364E-02  0.5523844040E+01  0.9085960240E-02
  0.1658672085E-02  0.5523653826E+01  0.9177581121E-02
  0.1675426349E-02  0.5523461628E+01  0.9270124263E-02
  0.1692349847E-02  0.5523267425E+01  0.9363598914E-02
  0.1709444290E-02  0.5523071195E+01  0.9458014416E-02
  0.1726711404E-02  0.5522872915E+01  0.9553380205E-02
  0.1744152934E-02  0.5522672563E+01  0.9649705807E-02
  0.1761770640E-02  0.5522470115E+01  0.9747000848E-02
  0.1779566303E-02  0.5522265548E+01  0.9845275045E-02
  0.1797541720E-02  0.5522058839E+01  0.9944538214E-02
  0.1815698707E-02  0.5521849868E+01  0.1004480027E-01
  0.1834039098E-02  0.5521638558E+01  0.1014607122E-01
  0.1852564746E-02  0.5521425024E+01  0.1024836117E-01
  0.1871277521E-02  0.5521209240E+01  0.1035168033E-01
  0.1890179314E-02  0.5520991179E+01  0.1045603903E-01
  0.1909272034E-02  0.5520770817E+01  0.1056144766E-01
  0.1928557610E-02  0.5520548127E+01  0.1066791676E-01
  0.1948037990E-02  0.5520323082E+01  0.1077545695E-01
  0.1967715142E-02  0.5520095655E+01  0.1088407894E-01
  0.1987591052E-02  0.5519865820E+01  0.1099379358E-01
  0.2007667730E-02  0.5519633548E+01  0.1110461182E-01
  0.2027947202E-02  0.5519398812E+01  0.1121654469E-01
  0.2048431517E-02  0.5519161582E+01  0.1132960337E-01
  0.2069122744E-02  0.5518921830E+01  0.1144379911E-01
  0.2090022974E-02  0.5518679527E+01  0.1155914332E-01
  0.2111134317E-02  0.5518434643E+01  0.1167564747E-01
  0.2132458906E-02  0.5518187148E+01  0.1179332318E-01
  0.2153998895E-02  0.5517937012E+01  0.1191218218E-01
  0.2175756460E-02  0.5517684203E+01  0.1203223630E-01
  0.2197733798E-02  0.5517428690E+01  0.1215349750E-01
  0.2219933129E-02  0.5517170442E+01  0.1227597786E-01
  0.2242356696E-02  0.5516909425E+01  0.1239968958E-01
  0.2265006764E-02  0.5516645608E+01  0.1252464496E-01
  0.2287885620E-02  0.5516378957E+01  0.1265085645E-01
  0.2310995576E-02  0.5516109439E+01  0.1277833661E-01
  0.2334338965E-02  0.5515837018E+01  0.1290709812E-01
  0.2357918147E-02  0.5515561661E+01  0.1303715380E-01
  0.2381735502E-02  0.5515283333E+01  0.1316851657E-01
  0.2405793436E-02  0.5515001988E+01  0.1330119951E-01
  0.2430094380E-02  0.5514717590E+01  0.1343521581E-01
  0.2454640788E-02  0.5514430111E+01  0.1357057879E-01
  0.2479435139E-02  0.5514139514E+01  0.1370730191E-01
  0.2504479939E-02  0.5513845760E+01  0.1384539875E-01
  0.2529777716E-02  0.5513548811E+01  0.1398488303E-01
  0.2555331026E-02  0.5513248628E+01  0.1412576862E-01
  0.2581142450E-02  0.5512945171E+01  0.1426806950E-01
  0.2607214596E-02  0.5512638401E+01  0.1441179982E-01
  0.2633550097E-02  0.5512328275E+01  0.1455697383E-01
  0.2660151614E-02  0.5512014753E+01  0.1470360595E-01
  0.2687021832E-02  0.5511697793E+01  0.1485171073E-01
  0.2714163467E-02  0.5511377157E+01  0.1500130286E-01
  0.2741579259E-02  0.5511052685E+01  0.1515239719E-01
  0.2769271979E-02  0.5510724624E+01  0.1530500868E-01
  0.2797244423E-02  0.5510392928E+01  0.1545915248E-01
  0.2825499417E-02  0.5510057552E+01  0.1561484386E-01
  0.2854039815E-02  0.5509718448E+01  0.1577209826E-01
  0.2882868500E-02  0.5509375568E+01  0.1593093126E-01
  0.2911988384E-02  0.5509028864E+01  0.1609135858E-01
  0.2941402408E-02  0.5508678287E+01  0.1625339614E-01
  0.2971113544E-02  0.5508323787E+01  0.1641705996E-01
  0.3001124792E-02  0.5507965312E+01  0.1658236625E-01
  0.3031439184E-02  0.5507602812E+01  0.1674933137E-01
  0.3062059781E-02  0.5507236232E+01  0.1691797185E-01
  0.3092989678E-02  0.5506865521E+01  0.1708830437E-01
  0.3124231998E-02  0.5506490623E+01  0.1726034576E-01
  0.3155789897E-02  0.5506111483E+01  0.1743411306E-01
  0.3187666563E-02  0.5505728044E+01  0.1760962342E-01
  0.3219865215E-02  0.5505340251E+01  0.1778689420E-01
  0.3252389106E-02  0.5504948044E+01  0.1796594291E-01
  0.3285241521E-02  0.5504551365E+01  0.1814678723E-01
  0.3318425779E-02  0.5504150153E+01  0.1832944502E-01
  0.3351945231E-02  0.5503744347E+01  0.1851393432E-01
  0.3385803264E-02  0.5503333885E+01  0.1870027333E-01
  0.3420003297E-02  0.5502918704E+01  0.1888848043E-01
  0.3454548785E-02  0.5502498739E+01  0.1907857419E-01
  0.3489443217E-02  0.5502073924E+01  0.1927057334E-01
  0.3524690118E-02  0.5501644194E+01  0.1946449683E-01
  0.3560293049E-02  0.5501209479E+01  0.1966036374E-01
  0.3596255605E-02  0.5500769712E+01  0.1985819339E-01
  0.3632581419E-02  0.5500324822E+01  0.2005800525E-01
  0.3669274160E-02  0.5499874737E+01  0.2025981899E-01
  0.3706337536E-02  0.5499419384E+01  0.2046365447E-01
  0.3743775289E-02  0.5498958690E+01  0.2066953175E-01
  0.3781591201E-02  0.5498492579E+01  0.2087747108E-01
  0.3819789092E-02  0.5498020975E+01  0.2108749289E-01
  0.3858372820E-02  0.5497543799E+01  0.2129961783E-01
  0.3897346283E-02  0.5497061911E+01  0.2151386676E-01
  0.3936713417E-02  0.5496575910E+01  0.2173026077E-01
  0.3976478199E-02  0.5496084193E+01  0.2194882113E-01
  0.4016644645E-02  0.5495586681E+01  0.2216956931E-01
  0.4057216813E-02  0.5495082939E+01  0.2239252696E-01
  0.4098198801E-02  0.5494572206E+01  0.2261771592E-01
  0.4139594749E-02  0.5494055372E+01  0.2284515824E-01
  0.4181408837E-02  0.5493532349E+01  0.2307487623E-01
  0.4223645290E-02  0.5493003047E+01  0.2330689237E-01
  0.4266308374E-02  0.5492467374E+01  0.2354122939E-01
  0.4309402398E-02  0.5491925765E+01  0.2377791024E-01
  0.4352931715E-02  0.5491378375E+01  0.2401695811E-01
  0.4396900722E-02  0.5490824380E+01  0.2425839638E-01
  0.4441313861E-02  0.5490263683E+01  0.2450224867E-01
  0.4486175617E-02  0.5489696185E+01  0.2474853882E-01
  0.4531490522E-02  0.5489121786E+01  0.2499729086E-01
  0.4577263154E-02  0.5488540382E+01  0.2524852911E-01
  0.4623498135E-02  0.5487951869E+01  0.2550227806E-01
  0.4670200136E-02  0.5487356141E+01  0.2575856249E-01
  0.4717373875E-02  0.5486753089E+01  0.2601740737E-01
  0.4765024116E-02  0.5486142604E+01  0.2627883793E-01
  0.4813155673E-02  0.5485524572E+01  0.2654287964E-01
  0.4861773407E-02  0.5484898880E+01  0.2680955821E-01
  0.4910882230E-02  0.5484265410E+01  0.2707889958E-01
  0.4960487101E-02  0.5483624043E+01  0.2735092995E-01
  0.5010593031E-02  0.5482974659E+01  0.2762567576E-01
  0.5061205082E-02  0.5482317135E+01  0.2790316372E-01
  0.5112328365E-02  0.5481651282E+01  0.2818342075E-01
  0.5163968046E-02  0.5480976953E+01  0.2846647406E-01
  0.5216129339E-02  0.5480294094E+01  0.2875235110E-01
  0.5268817514E-02  0.5479602573E+01  0.2904107958E-01
  0.5322037893E-02  0.5478902252E+01  0.2933268746E-01
  0.5375795852E-02  0.5478192995E+01  0.2962720300E-01
  0.5430096820E-02  0.5477474662E+01  0.2992465468E-01
  0.5484946283E-02  0.5476747107E+01  0.3022507127E-01
  0.5540349781E-02  0.5476010187E+01  0.3052848180E-01
  0.5596312910E-02  0.5475263753E+01  0.3083491558E-01
  0.5652841323E-02  0.5474507652E+01  0.3114440218E-01
  0.5709940730E-02  0.5473741731E+01  0.3145697146E-01
  0.5767616899E-02  0.5472965833E+01  0.3177265354E-01
  0.5825875656E-02  0.5472179797E+01  0.3209147882E-01
  0.5884722885E-02  0.5471383461E+01  0.3241347801E-01
  0.5944164530E-02  0.5470576659E+01  0.3273868207E-01
  0.6004206596E-02  0.5469759222E+01  0.3306712225E-01
  0.6064855147E-02  0.5468930977E+01  0.3339883011E-01
  0.6126116310E-02  0.5468091749E+01  0.3373383747E-01
  0.6187996273E-02  0.5467241360E+01  0.3407217648E-01
  0.6250501286E-02  0.5466379628E+01  0.3441387954E-01
  0.6313637663E-02  0.5465506367E+01  0.3475897937E-01
  0.6377411780E-02  0.5464621390E+01  0.3510750900E-01
  0.6441830081E-02  0.5463724503E+01  0.3545950174E-01
  0.6506899072E-02  0.5462815512E+01  0.3581499120E-01
  0.6572625325E-02  0.5461894217E+01  0.3617401132E-01
  0.6639015480E-02  0.5460960417E+01  0.3653659633E-01
  0.6706076242E-02  0.5460013905E+01  0.3690278076E-01
  0.6773814386E-02  0.5459054471E+01  0.3727259947E-01
  0.6842236754E-02  0.5458081901E+01  0.3764608763E-01
  0.6911350256E-02  0.5457095979E+01  0.3802328072E-01
  0.6981161875E-02  0.5456096483E+01  0.3840421453E-01
  0.7051678662E-02  0.5455083188E+01  0.3878892520E-01
  0.7122907739E-02  0.5454055866E+01  0.3917744915E-01
  0.7194856302E-02  0.5453015219E+01  0.3956982320E-01
  0.7267531618E-02  0.5451963907E+01  0.3996608460E-01
  0.7340941029E-02  0.5450898022E+01  0.4036627093E-01
  0.7415091948E-02  0.5449817322E+01  0.4077041997E-01
  0.7489991867E-02  0.5448721563E+01  0.4117856980E-01
  0.7565648350E-02  0.5447610495E+01  0.4159075889E-01
  0.7642069041E-02  0.5446483867E+01  0.4200702599E-01
  0.7719261657E-02  0.5445341973E+01  0.4242741026E-01
  0.7797233997E-02  0.5444193567E+01  0.4285195155E-01
  0.7875993937E-02  0.5443029173E+01  0.4328069005E-01
  0.7955549431E-02  0.5441848531E+01  0.4371366596E-01
  0.8035908516E-02  0.5440647142E+01  0.4415091966E-01
  0.8117079309E-02  0.5439407474E+01  0.4459249099E-01
  0.8199070009E-02  0.5438149813E+01  0.4503842026E-01
  0.8281888898E-02  0.5436873339E+01  0.4548874893E-01
  0.8365544342E-02  0.5435575018E+01  0.4594351867E-01
  0.8450044790E-02  0.5434258806E+01  0.4640277158E-01
  0.8535398777E-02  0.5432934273E+01  0.4686655072E-01
  0.8621614927E-02  0.5431598170E+01  0.4733489979E-01
  0.8708701946E-02  0.5430251163E+01  0.4780786283E-01
  0.8796668632E-02  0.5428884804E+01  0.4828548394E-01
  0.8885523871E-02  0.5427498780E+01  0.4876780721E-01
  0.8975276638E-02  0.5426092771E+01  0.4925487715E-01
  0.9065935997E-02  0.5424666454E+01  0.4974673859E-01
  0.9157511109E-02  0.5423219502E+01  0.5024343677E-01
  0.9250011221E-02  0.5421758102E+01  0.5074501759E-01
  0.9343445678E-02  0.5420281115E+01  0.5125152762E-01
  0.9437823917E-02  0.5418782938E+01  0.5176301351E-01
  0.9533155471E-02  0.5417263239E+01  0.5227952207E-01
  0.9629449971E-02  0.5415721683E+01  0.5280110050E-01
  0.9726717143E-02  0.5414157932E+01  0.5332779638E-01
  0.9824966811E-02  0.5412571644E+01  0.5385965767E-01
  0.9924208900E-02  0.5410958406E+01  0.5439673254E-01
  0.1002445343E-01  0.5409313598E+01  0.5493906910E-01
  0.1012571054E-01  0.5407644785E+01  0.5548671605E-01
  0.1022799044E-01  0.5405951602E+01  0.5603972286E-01
  0.1033130348E-01  0.5404233683E+01  0.5659813938E-01
  0.1043566008E-01  0.5402490655E+01  0.5716201589E-01
  0.1054107079E-01  0.5400722147E+01  0.5773140304E-01
  0.1064754625E-01  0.5398927782E+01  0.5830635190E-01
  0.1075509722E-01  0.5397107183E+01  0.5888691393E-01
  0.1086373457E-01  0.5395269424E+01  0.5947314151E-01
  0.1097346926E-01  0.5393424319E+01  0.6006508850E-01
  0.1108431238E-01  0.5391552674E+01  0.6066280877E-01
  0.1119627514E-01  0.5389683871E+01  0.6126635722E-01
  0.1130936882E-01  0.5387792732E+01  0.6187578951E-01
  0.1142360487E-01  0.5385874966E+01  0.6249116013E-01
  0.1153899482E-01  0.5383930215E+01  0.6311252376E-01
  0.1165555032E-01  0.5381958115E+01  0.6373993553E-01
  0.1177328316E-01  0.5379958306E+01  0.6437345097E-01
  0.1189220521E-01  0.5377943434E+01  0.6501312685E-01
  0.1201232849E-01  0.5375928251E+01  0.6565902204E-01
  0.1213366514E-01  0.5373896157E+01  0.6631119589E-01
  0.1225622742E-01  0.5371835045E+01  0.6696970652E-01
  0.1238002770E-01  0.5369740532E+01  0.6763461153E-01
  0.1250507848E-01  0.5367609583E+01  0.6830596856E-01
  0.1263139240E-01  0.5365449211E+01  0.6898383595E-01
  0.1275898223E-01  0.5363295542E+01  0.6966827527E-01
  0.1288786083E-01  0.5361133433E+01  0.7035935001E-01
  0.1301804125E-01  0.5358942862E+01  0.7105712199E-01
  0.1314953661E-01  0.5356723516E+01  0.7176165222E-01
  0.1328236022E-01  0.5354475083E+01  0.7247300221E-01
  0.1341652547E-01  0.5352197256E+01  0.7319123392E-01
  0.1355204593E-01  0.5349889731E+01  0.7391640980E-01
  0.1368893528E-01  0.5347552206E+01  0.7464859275E-01
  0.1382720736E-01  0.5345184386E+01  0.7538784618E-01
  0.1396687612E-01  0.5342785979E+01  0.7613423397E-01
  0.1410795567E-01  0.5340356698E+01  0.7688782049E-01
  0.1425046028E-01  0.5337896265E+01  0.7764867058E-01
  0.1439440432E-01  0.5335415055E+01  0.7841685038E-01
  0.1453980234E-01  0.5332914813E+01  0.7919242741E-01
  0.1468666903E-01  0.5330377008E+01  0.7997546860E-01
  0.1483501923E-01  0.5327807274E+01  0.8076604045E-01
  0.1498486790E-01  0.5325206932E+01  0.8156421050E-01
  0.1513623021E-01  0.5322586852E+01  0.8237004779E-01
  0.1528912142E-01  0.5319918558E+01  0.8318362058E-01
  0.1544355699E-01  0.5317186532E+01  0.8400499427E-01
  0.1559955252E-01  0.5314397627E+01  0.8483423405E-01
  0.1575712375E-01  0.5311572506E+01  0.8567140768E-01
  0.1591628662E-01  0.5308691974E+01  0.8651658355E-01
  0.1607705719E-01  0.5305764477E+01  0.8736982966E-01
  0.1623945171E-01  0.5302800345E+01  0.8823121604E-01
  0.1640348657E-01  0.5299799379E+01  0.8910081406E-01
  0.1656917836E-01  0.5296761397E+01  0.8997869558E-01
  0.1673654380E-01  0.5293686234E+01  0.9086493304E-01
  0.1690559979E-01  0.5290573737E+01  0.9175959935E-01
  0.1707636343E-01  0.5287423774E+01  0.9266276800E-01
  0.1724885195E-01  0.5284247378E+01  0.9357451395E-01
  0.1742308278E-01  0.5281042851E+01  0.9449491358E-01
  0.1759907351E-01  0.5277768337E+01  0.9542404006E-01
  0.1777684193E-01  0.5274456220E+01  0.9636196620E-01
  0.1795640599E-01  0.5271106492E+01  0.9730876822E-01
  0.1813778383E-01  0.5267764629E+01  0.9826452705E-01
  0.1832099377E-01  0.5264416650E+01  0.9922932719E-01
  0.1850605431E-01  0.5261031777E+01  0.1002032498E+00
  0.1869298415E-01  0.5257518065E+01  0.1011863652E+00
  0.1888180217E-01  0.5254000387E+01  0.1021787473E+00
  0.1907252745E-01  0.5250460246E+01  0.1031804803E+00
  0.1926517924E-01  0.5246892583E+01  0.1041916473E+00
  0.1945977701E-01  0.5243345102E+01  0.1052123357E+00
  0.1965634041E-01  0.5239701465E+01  0.1062426274E+00
  0.1985488931E-01  0.5235981397E+01  0.1072825950E+00
  0.2005544374E-01  0.5232223862E+01  0.1083323175E+00
  0.2025802398E-01  0.5228429087E+01  0.1093918783E+00
  0.2046265049E-01  0.5224597325E+01  0.1104613614E+00
  0.2066934393E-01  0.5220728852E+01  0.1115408516E+00
  0.2087812518E-01  0.5216823976E+01  0.1126304343E+00
  0.2108901533E-01  0.5212883027E+01  0.1137301955E+00
  0.2130203569E-01  0.5208859504E+01  0.1148402172E+00
  0.2151720777E-01  0.5204637053E+01  0.1159605640E+00
  0.2173455330E-01  0.5200374407E+01  0.1170913054E+00
  0.2195409424E-01  0.5196182107E+01  0.1182325403E+00
  0.2217585277E-01  0.5191992120E+01  0.1193843734E+00
  0.2239985128E-01  0.5187740161E+01  0.1205468957E+00
  0.2262611241E-01  0.5183450618E+01  0.1217201944E+00
  0.2285465900E-01  0.5179123820E+01  0.1229043599E+00
  0.2308551414E-01  0.5174760105E+01  0.1240994836E+00
  0.2331870115E-01  0.5170359827E+01  0.1253056574E+00
  0.2355424359E-01  0.5165923346E+01  0.1265229740E+00
  0.2379216524E-01  0.5161469553E+01  0.1277515292E+00
  0.2403249014E-01  0.5156966199E+01  0.1289914177E+00
  0.2427524257E-01  0.5152428343E+01  0.1302427330E+00
  0.2452044704E-01  0.5147856379E+01  0.1315055709E+00
  0.2476812832E-01  0.5143250695E+01  0.1327800282E+00
  0.2501831143E-01  0.5138611680E+01  0.1340662024E+00
  0.2527102165E-01  0.5133939713E+01  0.1353641918E+00
  0.2552628449E-01  0.5129235165E+01  0.1366740954E+00
  0.2578412575E-01  0.5124498396E+01  0.1379960131E+00
  0.2604457147E-01  0.5119729750E+01  0.1393300458E+00
  0.2630764795E-01  0.5114929553E+01  0.1406762949E+00
  0.2657338176E-01  0.5110103055E+01  0.1420348633E+00
  0.2684179976E-01  0.5105162453E+01  0.1434058439E+00
  0.2711292905E-01  0.5100201278E+01  0.1447893304E+00
  0.2738679702E-01  0.5095299289E+01  0.1461854409E+00
  0.2766343134E-01  0.5090389903E+01  0.1475942965E+00
  0.2794285993E-01  0.5085452461E+01  0.1490160072E+00
  0.2822511105E-01  0.5080487024E+01  0.1504506811E+00
  0.2851021318E-01  0.5075493601E+01  0.1518984269E+00
  0.2879819513E-01  0.5070472146E+01  0.1533593544E+00
  0.2908908599E-01  0.5065422552E+01  0.1548335740E+00
  0.2938291514E-01  0.5060344652E+01  0.1563211968E+00
  0.2967971226E-01  0.5055238215E+01  0.1578223347E+00
  0.2997950734E-01  0.5050058512E+01  0.1593370938E+00
  0.3028233064E-01  0.5044825115E+01  0.1608655768E+00
  0.3058821277E-01  0.5039174778E+01  0.1624078345E+00
  0.3089718462E-01  0.5033398121E+01  0.1639639052E+00
  0.3120927739E-01  0.5027558554E+01  0.1655338812E+00
  0.3152452262E-01  0.5021742916E+01  0.1671178783E+00
  0.3184295214E-01  0.5016001057E+01  0.1687160353E+00
  0.3216459812E-01  0.5010346157E+01  0.1703285025E+00
  0.3248949305E-01  0.5004661695E+01  0.1719554151E+00
  0.3281766975E-01  0.4998947546E+01  0.1735968908E+00
  0.3314916136E-01  0.4993097546E+01  0.1752530304E+00
  0.3348400137E-01  0.4987189351E+01  0.1769239301E+00
  0.3382222361E-01  0.4981124654E+01  0.1786096828E+00
  0.3416386223E-01  0.4974617601E+01  0.1803103159E+00
  0.3450895175E-01  0.4967894682E+01  0.1820258442E+00
  0.3485752702E-01  0.4961219987E+01  0.1837563662E+00
  0.3520962325E-01  0.4954498517E+01  0.1855020097E+00
  0.3556527601E-01  0.4947760853E+01  0.1872628927E+00
  0.3592452122E-01  0.4941262923E+01  0.1890391849E+00
  0.3628739518E-01  0.4934719001E+01  0.1908310532E+00
  0.3665393452E-01  0.4928128263E+01  0.1926386140E+00
  0.3702417628E-01  0.4921526144E+01  0.1944619907E+00
  0.3739815786E-01  0.4914884665E+01  0.1963013089E+00
  0.3777591703E-01  0.4908196527E+01  0.1981566884E+00
  0.3815749195E-01  0.4901542791E+01  0.2000282636E+00
  0.3854292116E-01  0.4895004556E+01  0.2019162014E+00
  0.3893224360E-01  0.4888425774E+01  0.2038206559E+00
  0.3932549859E-01  0.4881781087E+01  0.2057417471E+00
  0.3972272585E-01  0.4875024615E+01  0.2076795817E+00
  0.4012396550E-01  0.4868200430E+01  0.2096342659E+00
  0.4052925808E-01  0.4861327516E+01  0.2116059186E+00
  0.4093864453E-01  0.4854364355E+01  0.2135946549E+00
  0.4135216619E-01  0.4847362721E+01  0.2156005920E+00
  0.4176986484E-01  0.4840324418E+01  0.2176238590E+00
  0.4219178266E-01  0.4833238492E+01  0.2196645833E+00
  0.4261796229E-01  0.4826240699E+01  0.2217229199E+00
  0.4304844675E-01  0.4819320571E+01  0.2237990520E+00
  0.4348327955E-01  0.4812485080E+01  0.2258931645E+00
  0.4392250460E-01  0.4805643916E+01  0.2280054261E+00
  0.4436616626E-01  0.4798805345E+01  0.2301359891E+00
  0.4481430935E-01  0.4791812266E+01  0.2322849736E+00
  0.4526697914E-01  0.4784902665E+01  0.2344525184E+00
  0.4572422136E-01  0.4777995492E+01  0.2366387987E+00
  0.4618608218E-01  0.4770966644E+01  0.2388439445E+00
  0.4665260826E-01  0.4763374716E+01  0.2410679539E+00
  0.4712384673E-01  0.4755767678E+01  0.2433108470E+00
  0.4759984518E-01  0.4748268441E+01  0.2455728002E+00
  0.4808065170E-01  0.4740824039E+01  0.2478540090E+00
  0.4856631485E-01  0.4733380317E+01  0.2501546449E+00
  0.4905688368E-01  0.4726284986E+01  0.2524749534E+00
  0.4955240776E-01  0.4719178566E+01  0.2548151807E+00
  0.5005293713E-01  0.4711986396E+01  0.2571754683E+00
  0.5055852235E-01  0.4704968645E+01  0.2595560049E+00
  0.5106921450E-01  0.4698157442E+01  0.2619570562E+00
  0.5158506515E-01  0.4691604502E+01  0.2643789136E+00
  0.5210612641E-01  0.4684772480E+01  0.2668217471E+00
  0.5263245092E-01  0.4677732253E+01  0.2692856049E+00
  0.5316409184E-01  0.4670777131E+01  0.2717706300E+00
  0.5370110287E-01  0.4663988061E+01  0.2742770659E+00
  0.5424353825E-01  0.4657033128E+01  0.2768050917E+00
  0.5479145278E-01  0.4649646956E+01  0.2793547244E+00
  0.5534490180E-01  0.4642600256E+01  0.2819261169E+00
  0.5590394121E-01  0.4635236964E+01  0.2845194552E+00
  0.5646862749E-01  0.4627930849E+01  0.2871348471E+00
  0.5703901766E-01  0.4620591646E+01  0.2897724803E+00
  0.5761516936E-01  0.4612777239E+01  0.2924323909E+00
  0.5819714076E-01  0.4604643766E+01  0.2951145286E+00
  0.5878499067E-01  0.4596144465E+01  0.2978188698E+00
  0.5937877846E-01  0.4587475943E+01  0.3005454306E+00
  0.5997856410E-01  0.4578710971E+01  0.3032943043E+00
  0.6058440818E-01  0.4569826175E+01  0.3060655978E+00
  0.6119637190E-01  0.4560570940E+01  0.3088593337E+00
  0.6181451707E-01  0.4551061772E+01  0.3116754896E+00
  0.6243890613E-01  0.4540966238E+01  0.3145139710E+00
  0.6306960215E-01  0.4530536503E+01  0.3173746514E+00
  0.6370666884E-01  0.4519933760E+01  0.3202575279E+00
  0.6435017054E-01  0.4509152486E+01  0.3231626441E+00
  0.6500017227E-01  0.4498512811E+01  0.3260901431E+00
  0.6565673966E-01  0.4487508037E+01  0.3290401073E+00
  0.6631993905E-01  0.4476638581E+01  0.3320126155E+00
  0.6698983743E-01  0.4465444060E+01  0.3350077589E+00
  0.6766650245E-01  0.4453937593E+01  0.3380254757E+00
  0.6835000248E-01  0.4442385160E+01  0.3410657941E+00
  0.6904040654E-01  0.4430994404E+01  0.3441289027E+00
  0.6973778439E-01  0.4419264329E+01  0.3472148899E+00
  0.7044220645E-01  0.4407334509E+01  0.3503237154E+00
  0.7115374389E-01  0.4395013987E+01  0.3534553157E+00
  0.7187246858E-01  0.4382592155E+01  0.3566096568E+00
  0.7259845311E-01  0.4370138334E+01  0.3597868302E+00
  0.7333177082E-01  0.4357474052E+01  0.3629868866E+00
  0.7407249577E-01  0.4344601076E+01  0.3662098087E+00
  0.7482070280E-01  0.4331523125E+01  0.3694555773E+00
  0.7557646748E-01  0.4318328793E+01  0.3727242035E+00
  0.7633986614E-01  0.4304934855E+01  0.3760156975E+00
  0.7711097590E-01  0.4291344619E+01  0.3793300350E+00
  0.7788987464E-01  0.4277362095E+01  0.3826671124E+00
  0.7867664105E-01  0.4262875737E+01  0.3860266986E+00
  0.7947135460E-01  0.4247991915E+01  0.3894085495E+00
  0.8027409556E-01  0.4233102061E+01  0.3928126102E+00
  0.8108494501E-01  0.4218048419E+01  0.3962389156E+00
  0.8190398485E-01  0.4202868669E+01  0.3996874489E+00
  0.8273129783E-01  0.4187570844E+01  0.4031582087E+00
  0.8356696751E-01  0.4172060470E+01  0.4066511538E+00
  0.8441107829E-01  0.4156625817E+01  0.4101663208E+00
  0.8526371544E-01  0.4141049964E+01  0.4137037741E+00
  0.8612496510E-01  0.4124450203E+01  0.4172631037E+00
  0.8699491424E-01  0.4107611959E+01  0.4208438414E+00
  0.8787365075E-01  0.4090628598E+01  0.4244458880E+00
  0.8876126338E-01  0.4073183974E+01  0.4280690396E+00
  0.8965784180E-01  0.4056101533E+01  0.4317133106E+00
  0.9056347656E-01  0.4039508062E+01  0.4353791433E+00
  0.9147825915E-01  0.4022591612E+01  0.4390666776E+00
  0.9240228197E-01  0.4004740863E+01  0.4427753968E+00
  0.9333563836E-01  0.3987323836E+01  0.4465051191E+00
  0.9427842258E-01  0.3970591772E+01  0.4502564177E+00
  0.9523072988E-01  0.3952924030E+01  0.4540292287E+00
  0.9619265645E-01  0.3934576489E+01  0.4578228268E+00
  0.9716429944E-01  0.3916507067E+01  0.4616370520E+00
  0.9814575701E-01  0.3898956414E+01  0.4654723249E+00
  0.9913712829E-01  0.3881214159E+01  0.4693288437E+00
  0.1001385134E+00  0.3863138611E+01  0.4732063836E+00
  0.1011500136E+00  0.3844733373E+01  0.4771046404E+00
  0.1021717309E+00  0.3825331354E+01  0.4810229593E+00
  0.1032037686E+00  0.3805497525E+01  0.4849606108E+00
  0.1042462309E+00  0.3784530337E+01  0.4889167698E+00
  0.1052992231E+00  0.3763165759E+01  0.4928906025E+00
  0.1063628516E+00  0.3742197850E+01  0.4968820618E+00
  0.1074372239E+00  0.3721191250E+01  0.5008912909E+00
  0.1085224483E+00  0.3699953650E+01  0.5049180949E+00
  0.1096186347E+00  0.3678510642E+01  0.5089621809E+00
  0.1107258936E+00  0.3656899000E+01  0.5130232798E+00
  0.1118443370E+00  0.3635166379E+01  0.5171011609E+00
  0.1129740778E+00  0.3613689827E+01  0.5211958251E+00
  0.1141152301E+00  0.3592740465E+01  0.5253076424E+00
  0.1152679092E+00  0.3571748442E+01  0.5294368206E+00
  0.1164322315E+00  0.3550980205E+01  0.5335833966E+00
  0.1176083146E+00  0.3531539791E+01  0.5377482128E+00
  0.1187962774E+00  0.3512343389E+01  0.5419321483E+00
  0.1199962398E+00  0.3492646630E+01  0.5461350106E+00
  0.1212083230E+00  0.3473090149E+01  0.5503565370E+00
  0.1224326495E+00  0.3453860276E+01  0.5545969614E+00
  0.1236693429E+00  0.3434939680E+01  0.5588566283E+00
  0.1249185282E+00  0.3416544081E+01  0.5631360146E+00
  0.1261803315E+00  0.3398529898E+01  0.5674356561E+00
  0.1274548803E+00  0.3380155203E+01  0.5717555386E+00
  0.1287423034E+00  0.3361594957E+01  0.5760952808E+00
  0.1300427307E+00  0.3340508532E+01  0.5804530800E+00
  0.1313562936E+00  0.3318895321E+01  0.5848268530E+00
  0.1326831249E+00  0.3297983300E+01  0.5892165937E+00
  0.1340233585E+00  0.3277711701E+01  0.5936230773E+00
  0.1353771298E+00  0.3257590752E+01  0.5980467298E+00
  0.1367445755E+00  0.3237215361E+01  0.6024873773E+00
  0.1381258338E+00  0.3215794441E+01  0.6069440141E+00
  0.1395210443E+00  0.3193342195E+01  0.6114150613E+00
  0.1409303478E+00  0.3170759616E+01  0.6158995367E+00
  0.1423538866E+00  0.3147360638E+01  0.6203965815E+00
  0.1437918047E+00  0.3124262417E+01  0.6249056215E+00
  0.1452442472E+00  0.3102396876E+01  0.6294275537E+00
  0.1467113608E+00  0.3081511884E+01  0.6339638021E+00
  0.1481932937E+00  0.3061594848E+01  0.6385156382E+00
  0.1496901957E+00  0.3042453645E+01  0.6430842193E+00
  0.1512022178E+00  0.3024382372E+01  0.6476708146E+00
  0.1527295130E+00  0.3009737633E+01  0.6522787556E+00
  0.1542722353E+00  0.2998540754E+01  0.6569133083E+00
  0.1558305407E+00  0.2988976769E+01  0.6615784988E+00
  0.1574045866E+00  0.2980044240E+01  0.6662762552E+00
  0.1589945319E+00  0.2971253756E+01  0.6710073744E+00
  0.1606005373E+00  0.2962808526E+01  0.6757724423E+00
  0.1622227649E+00  0.2954163161E+01  0.6805717799E+00
  0.1638613787E+00  0.2944744165E+01  0.6854047953E+00
  0.1655165442E+00  0.2934491070E+01  0.6902703488E+00
  0.1671884284E+00  0.2923443859E+01  0.6951672435E+00
  0.1688772004E+00  0.2911023442E+01  0.7000937860E+00
  0.1705830308E+00  0.2897123540E+01  0.7050476426E+00
  0.1723060917E+00  0.2880981446E+01  0.7100256560E+00
  0.1740465572E+00  0.2863979933E+01  0.7150251097E+00
  0.1758046033E+00  0.2841925580E+01  0.7200407320E+00
  0.1775804074E+00  0.2819524987E+01  0.7250675455E+00
  0.1793741488E+00  0.2796190292E+01  0.7301041163E+00
  0.1811860089E+00  0.2771810194E+01  0.7351483352E+00
  0.1830161706E+00  0.2747174159E+01  0.7401986521E+00
  0.1848648188E+00  0.2723107324E+01  0.7452549651E+00
  0.1867321402E+00  0.2700268487E+01  0.7503185579E+00
  0.1886183235E+00  0.2677475485E+01  0.7553902632E+00
  0.1905235591E+00  0.2655259440E+01  0.7604703214E+00
  0.1924480394E+00  0.2632076339E+01  0.7655580084E+00
  0.1943919590E+00  0.2605537406E+01  0.7706487584E+00
  0.1963555142E+00  0.2575114473E+01  0.7757350062E+00
  0.1983389032E+00  0.2542362187E+01  0.7808099797E+00
  0.2003423265E+00  0.2506969397E+01  0.7858679539E+00
  0.2023659863E+00  0.2467522849E+01  0.7909012941E+00
  0.2044100872E+00  0.2424574437E+01  0.7959012642E+00
  0.2064748356E+00  0.2380264577E+01  0.8008616560E+00
  0.2085604400E+00  0.2334230407E+01  0.8057779417E+00
  0.2106671111E+00  0.2285177030E+01  0.8106437278E+00
  0.2127950617E+00  0.2230811506E+01  0.8154486281E+00
  0.2149445068E+00  0.2176035095E+01  0.8201847654E+00
  0.2171156634E+00  0.2122924403E+01  0.8248516227E+00
  0.2193087509E+00  0.2073870334E+01  0.8294535917E+00
  0.2215239908E+00  0.2024663716E+01  0.8339932098E+00
  0.2237616069E+00  0.1975828843E+01  0.8384689930E+00
  0.2260218251E+00  0.1935668297E+01  0.8428894116E+00
  0.2283048739E+00  0.1901718320E+01  0.8472698820E+00
  0.2306109837E+00  0.1872684059E+01  0.8516219752E+00
  0.2329403876E+00  0.1843180634E+01  0.8559498500E+00
  0.2352933208E+00  0.1808037309E+01  0.8602453860E+00
  0.2376700210E+00  0.1764793639E+01  0.8644911600E+00
  0.2400707283E+00  0.1719206901E+01  0.8686731928E+00
  0.2424956851E+00  0.1673451354E+01  0.8727867177E+00
  0.2449451365E+00  0.1629933948E+01  0.8768324585E+00
  0.2474193298E+00  0.1587908394E+01  0.8808132405E+00
  0.2499185149E+00  0.1545393752E+01  0.8847285916E+00
  0.2524429444E+00  0.1505862424E+01  0.8885799321E+00
  0.2549928731E+00  0.1469118971E+01  0.8923729273E+00
  0.2575685587E+00  0.1434968965E+01  0.8961129360E+00
  0.2601702613E+00  0.1401221801E+01  0.8998023985E+00
  0.2627982438E+00  0.1366406966E+01  0.9034390384E+00
  0.2654527715E+00  0.1329291649E+01  0.9070169417E+00
  0.2681341126E+00  0.1290413696E+01  0.9105291036E+00
  0.2708425380E+00  0.1253946658E+01  0.9139747087E+00
  0.2735783212E+00  0.1223404868E+01  0.9173634570E+00
  0.2763417386E+00  0.1198316655E+01  0.9207095707E+00
  0.2791330693E+00  0.1181669174E+01  0.9240312344E+00
  0.2819525952E+00  0.1170854605E+01  0.9273477354E+00
  0.2848006012E+00  0.1161335063E+01  0.9306687805E+00
  0.2876773750E+00  0.1156824003E+01  0.9340031900E+00
  0.2905832071E+00  0.1147110737E+01  0.9373506138E+00
  0.2935183910E+00  0.1137076337E+01  0.9407028683E+00
  0.2964832232E+00  0.1128176456E+01  0.9440609156E+00
  0.2994780032E+00  0.1121405274E+01  0.9474294168E+00
  0.3025030336E+00  0.1115899186E+01  0.9508133737E+00
  0.3055586198E+00  0.1108233827E+01  0.9542113888E+00
  0.3086450705E+00  0.1107225509E+01  0.9576303418E+00
  0.3117626974E+00  0.1110503214E+01  0.9610873673E+00
  0.3149118156E+00  0.1114668387E+01  0.9645910314E+00
  0.3180927430E+00  0.1115432167E+01  0.9681379254E+00
  0.3213058010E+00  0.1114817211E+01  0.9717208857E+00
  0.3245513142E+00  0.1113712948E+01  0.9753372477E+00
  0.3278296103E+00  0.1110636514E+01  0.9789832858E+00
  0.3311410205E+00  0.1112008722E+01  0.9826633309E+00
  0.3344858793E+00  0.1114927220E+01  0.9863877240E+00
  0.3378645245E+00  0.1117566893E+01  0.9901591268E+00
  0.3412772975E+00  0.1116968262E+01  0.9939721074E+00
  0.3447245429E+00  0.1116517105E+01  0.9978217935E+00
  0.3482066090E+00  0.1118143387E+01  0.1001712411E+01
  0.3517238475E+00  0.1120469641E+01  0.1005649279E+01
  0.3552766136E+00  0.1122018877E+01  0.1009632798E+01
  0.3588652663E+00  0.1125875064E+01  0.1013666253E+01
  0.3624901680E+00  0.1134183968E+01  0.1017762499E+01
  0.3661516848E+00  0.1145102392E+01  0.1021935322E+01
  0.3698501867E+00  0.1152269762E+01  0.1026183739E+01
  0.3735860472E+00  0.1158725779E+01  0.1030500518E+01
  0.3773596436E+00  0.1161922086E+01  0.1034879112E+01
  0.3811713572E+00  0.1159135317E+01  0.1039302715E+01
  0.3850215729E+00  0.1157131526E+01  0.1043761779E+01
  0.3889106797E+00  0.1154132704E+01  0.1048256155E+01
  0.3928390704E+00  0.1146362422E+01  0.1052774777E+01
  0.3968071418E+00  0.1131098138E+01  0.1057293340E+01
  0.4008152948E+00  0.1113872069E+01  0.1061792432E+01
  0.4048639341E+00  0.1100355466E+01  0.1066274736E+01
  0.4089534688E+00  0.1084107889E+01  0.1070741456E+01
  0.4130843119E+00  0.1068581280E+01  0.1075187666E+01
  0.4172568807E+00  0.1052800008E+01  0.1079613471E+01
  0.4214715967E+00  0.1033344387E+01  0.1084009724E+01
  0.4257288855E+00  0.1011029277E+01  0.1088361469E+01
  0.4300291773E+00  0.9895278309E+00  0.1092662958E+01
  0.4343729064E+00  0.9724856251E+00  0.1096924186E+01
  0.4387605115E+00  0.9571427712E+00  0.1101157410E+01
  0.4431924359E+00  0.9352972045E+00  0.1105350985E+01
  0.4476691271E+00  0.9088769252E+00  0.1109478884E+01
  0.4521910375E+00  0.8757729801E+00  0.1113513898E+01
  0.4567586237E+00  0.8447234065E+00  0.1117443155E+01
  0.4613723472E+00  0.8120113281E+00  0.1121265013E+01
  0.4660326740E+00  0.7780034400E+00  0.1124970008E+01
  0.4707400747E+00  0.7410111595E+00  0.1128545313E+01
  0.4754950250E+00  0.6998533203E+00  0.1131970932E+01
  0.4802980050E+00  0.6560965863E+00  0.1135227232E+01
  0.4851495000E+00  0.6087906151E+00  0.1138295529E+01
  0.4900500000E+00  0.5623157726E+00  0.1141165033E+01
  0.4950000000E+00  0.5213991070E+00  0.1143847227E+01
  0.5000000000E+00  0.4804229975E+00  0.1146317959E+01
  0.5050000000E+00  0.4318149634E+00  0.1148598554E+01
  0.5099500000E+00  0.3765833155E+00  0.1150599340E+01
  0.5148505000E+00  0.3243660989E+00  0.1152316841E+01
  0.5197019950E+00  0.2789444875E+00  0.1153780320E+01
  0.5245049750E+00  0.2351588007E+00  0.1155014934E+01
  0.5292599253E+00  0.1893234492E+00  0.1156024130E+01
  0.5339673260E+00  0.1396276244E+00  0.1156798382E+01
  0.5386276528E+00  0.8954969944E-01  0.1157332403E+01
  0.5432413763E+00  0.3861739153E-01  0.1157628067E+01
  0.5478089625E+00 -0.1686063983E-01  0.1157677755E+01
  0.5523308729E+00 -0.7687175141E-01  0.1157465830E+01
  0.5568075641E+00 -0.1287592264E+00  0.1157005557E+01
  0.5612394885E+00 -0.1703925363E+00  0.1156342648E+01
  0.5656270936E+00 -0.2065566590E+00  0.1155515696E+01
  0.5699708227E+00 -0.2372154497E+00  0.1154551883E+01
  0.5742711145E+00 -0.2642029736E+00  0.1153473760E+01
  0.5785284033E+00 -0.2955204744E+00  0.1152282308E+01
  0.5827431193E+00 -0.3256506975E+00  0.1150973278E+01
  0.5869156881E+00 -0.3515232962E+00  0.1149560500E+01
  0.5910465312E+00 -0.3789840236E+00  0.1148051695E+01
  0.5951360659E+00 -0.4100464500E+00  0.1146438311E+01
  0.5991847052E+00 -0.4403049548E+00  0.1144716928E+01
  0.6031928582E+00 -0.4698663842E+00  0.1142892875E+01
  0.6071609296E+00 -0.5049042424E+00  0.1140958895E+01
  0.6110893203E+00 -0.5370075987E+00  0.1138912377E+01
  0.6149784271E+00 -0.5690453281E+00  0.1136761598E+01
  0.6188286428E+00 -0.6020753913E+00  0.1134507064E+01
  0.6226403564E+00 -0.6284869892E+00  0.1132161788E+01
  0.6264139528E+00 -0.6559794494E+00  0.1129738259E+01
  0.6301498133E+00 -0.6940060011E+00  0.1127216581E+01
  0.6338483152E+00 -0.7428296902E+00  0.1124559511E+01
  0.6375098320E+00 -0.7955436124E+00  0.1121743121E+01
  0.6411347337E+00 -0.8471695679E+00  0.1118765784E+01
  0.6447233864E+00 -0.8961795674E+00  0.1115637647E+01
  0.6482761525E+00 -0.9458407381E+00  0.1112365513E+01
  0.6517933910E+00 -0.9881877976E+00  0.1108964294E+01
  0.6552754571E+00 -0.1027720351E+01  0.1105454531E+01
  0.6587227025E+00 -0.1067335069E+01  0.1101843446E+01
  0.6621354755E+00 -0.1107022465E+01  0.1098133151E+01
  0.6655141207E+00 -0.1147021445E+01  0.1094325344E+01
  0.6688589795E+00 -0.1182732970E+01  0.1090428994E+01
  0.6721703897E+00 -0.1214375896E+01  0.1086460089E+01
  0.6754486858E+00 -0.1240010526E+01  0.1082436986E+01
  0.6786941990E+00 -0.1260455971E+01  0.1078379338E+01
  0.6819072570E+00 -0.1279332452E+01  0.1074299094E+01
  0.6850881844E+00 -0.1296229808E+01  0.1070202756E+01
  0.6882373026E+00 -0.1312452221E+01  0.1066095232E+01
  0.6913549295E+00 -0.1328973990E+01  0.1061977741E+01
  0.6944413802E+00 -0.1337001876E+01  0.1057863539E+01
  0.6974969664E+00 -0.1344253547E+01  0.1053767136E+01
  0.7005219968E+00 -0.1359821601E+01  0.1049677181E+01
  0.7035167768E+00 -0.1375142280E+01  0.1045581874E+01
  0.7064816090E+00 -0.1387094246E+01  0.1041487090E+01
  0.7094167929E+00 -0.1398427251E+01  0.1037399081E+01
  0.7123226250E+00 -0.1408943033E+01  0.1033320207E+01
  0.7151993988E+00 -0.1423795997E+01  0.1029245633E+01
  0.7180474048E+00 -0.1437992587E+01  0.1025170437E+01
  0.7208669307E+00 -0.1451457125E+01  0.1021096998E+01
  0.7236582614E+00 -0.1466997199E+01  0.1017023812E+01
  0.7264216788E+00 -0.1486717840E+01  0.1012942639E+01
  0.7291574620E+00 -0.1509819753E+01  0.1008843700E+01
  0.7318658874E+00 -0.1538859824E+01  0.1004715139E+01
  0.7345472285E+00 -0.1574860169E+01  0.1000540667E+01
  0.7372017562E+00 -0.1609822954E+01  0.9963137519E+00
  0.7398297387E+00 -0.1642272220E+01  0.9920405274E+00
  0.7424314413E+00 -0.1672754307E+01  0.9877281708E+00
  0.7450071269E+00 -0.1697271115E+01  0.9833881078E+00
  0.7475570556E+00 -0.1722024233E+01  0.9790286281E+00
  0.7500814851E+00 -0.1747850648E+01  0.9746489010E+00
  0.7525806702E+00 -0.1769195489E+01  0.9702540262E+00
  0.7550548635E+00 -0.1790131092E+01  0.9658507952E+00
  0.7575043149E+00 -0.1814464034E+01  0.9614361550E+00
  0.7599292717E+00 -0.1836258968E+01  0.9570097321E+00
  0.7623299790E+00 -0.1860858523E+01  0.9525718837E+00
  0.7647066792E+00 -0.1890060409E+01  0.9481144788E+00
  0.7670596124E+00 -0.1921665352E+01  0.9436301107E+00
  0.7693890163E+00 -0.1952765990E+01  0.9391175530E+00
  0.7716951261E+00 -0.1984741766E+01  0.9345773903E+00
  0.7739781749E+00 -0.2015856577E+01  0.9300106098E+00
  0.7762383931E+00 -0.2048682848E+01  0.9254172367E+00
  0.7784760092E+00 -0.2083926452E+01  0.9207936403E+00
  0.7806912491E+00 -0.2120681340E+01  0.9161365328E+00
  0.7828843366E+00 -0.2158392582E+01  0.9114443410E+00
  0.7850554932E+00 -0.2193814651E+01  0.9067196792E+00
  0.7872049383E+00 -0.2228438676E+01  0.9019669839E+00
  0.7893328889E+00 -0.2263530548E+01  0.8971876395E+00
  0.7914395600E+00 -0.2297488385E+01  0.8923833561E+00
  0.7935251644E+00 -0.2330023890E+01  0.8875577761E+00
  0.7955899128E+00 -0.2360934549E+01  0.8827149518E+00
  0.7976340137E+00 -0.2393039398E+01  0.8778561506E+00
  0.7996576735E+00 -0.2430037314E+01  0.8729760173E+00
  0.8016610968E+00 -0.2464078407E+01  0.8680735246E+00
  0.8036444858E+00 -0.2497378375E+01  0.8631532751E+00
  0.8056080410E+00 -0.2534678992E+01  0.8582129141E+00
  0.8075519606E+00 -0.2574836870E+01  0.8532466701E+00
  0.8094764409E+00 -0.2615560646E+01  0.8482522609E+00
  0.8113816765E+00 -0.2654036252E+01  0.8432323492E+00
  0.8132678598E+00 -0.2692790163E+01  0.8381898020E+00
  0.8151351812E+00 -0.2735039756E+01  0.8331220505E+00
  0.8169838294E+00 -0.2774976463E+01  0.8280290098E+00
  0.8188139911E+00 -0.2815924514E+01  0.8229128833E+00
  0.8206258512E+00 -0.2859054765E+01  0.8177717491E+00
  0.8224195926E+00 -0.2901957888E+01  0.8126048654E+00
  0.8241953967E+00 -0.2942950891E+01  0.8074151590E+00
  0.8259534428E+00 -0.2982809849E+01  0.8022062789E+00
  0.8276939083E+00 -0.3021114277E+01  0.7969814673E+00
  0.8294169692E+00 -0.3059236980E+01  0.7917430595E+00
  0.8311227996E+00 -0.3097120191E+01  0.7864922091E+00
  0.8328115716E+00 -0.3135678510E+01  0.7812293212E+00
  0.8344834558E+00 -0.3175142852E+01  0.7759538396E+00
  0.8361386213E+00 -0.3213987486E+01  0.7706663058E+00
  0.8377772351E+00 -0.3251201611E+01  0.7653693318E+00
  0.8393994627E+00 -0.3286296183E+01  0.7600666769E+00
  0.8410054681E+00 -0.3320112670E+01  0.7547617129E+00
  0.8425954134E+00 -0.3352954260E+01  0.7494568071E+00
  0.8441694593E+00 -0.3384535941E+01  0.7441542478E+00
  0.8457277647E+00 -0.3415652253E+01  0.7388558628E+00
  0.8472704870E+00 -0.3445191455E+01  0.7335636743E+00
  0.8487977822E+00 -0.3473603215E+01  0.7282801536E+00
  0.8503098043E+00 -0.3502679472E+01  0.7230060066E+00
  0.8518067063E+00 -0.3531429845E+01  0.7177413206E+00
  0.8532886392E+00 -0.3562822125E+01  0.7124847177E+00
  0.8547557528E+00 -0.3591977327E+01  0.7072362659E+00
  0.8562081953E+00 -0.3621053506E+01  0.7019980097E+00
  0.8576461134E+00 -0.3651422359E+01  0.6967693976E+00
  0.8590696522E+00 -0.3681463660E+01  0.6915500735E+00
  0.8604789557E+00 -0.3713449909E+01  0.6863392348E+00
  0.8618741662E+00 -0.3748018300E+01  0.6811340756E+00
  0.8632554245E+00 -0.3784395207E+01  0.6759319711E+00
  0.8646228702E+00 -0.3822205689E+01  0.6707311640E+00
  0.8659766415E+00 -0.3861780498E+01  0.6655299841E+00
  0.8673168751E+00 -0.3902036970E+01  0.6603273196E+00
  0.8686437064E+00 -0.3941075573E+01  0.6551240762E+00
  0.8699572693E+00 -0.3980729336E+01  0.6499211816E+00
  0.8712576966E+00 -0.4019316117E+01  0.6447194428E+00
  0.8725451197E+00 -0.4059425140E+01  0.6395190640E+00
  0.8738196685E+00 -0.4097357675E+01  0.6343209551E+00
  0.8750814718E+00 -0.4133832535E+01  0.6291278835E+00
  0.8763306571E+00 -0.4170149050E+01  0.6239412778E+00
  0.8775673505E+00 -0.4205777594E+01  0.6187620510E+00
  0.8787916770E+00 -0.4240498511E+01  0.6135915512E+00
  0.8800037602E+00 -0.4273175024E+01  0.6084319108E+00
  0.8812037226E+00 -0.4306416904E+01  0.6032843169E+00
  0.8823916854E+00 -0.4339301427E+01  0.5981489211E+00
  0.8835677685E+00 -0.4370873009E+01  0.5930269765E+00
  0.8847320908E+00 -0.4402491298E+01  0.5879194645E+00
  0.8858847699E+00 -0.4432446532E+01  0.5828275405E+00
  0.8870259222E+00 -0.4461203260E+01  0.5777530360E+00
  0.8881556630E+00 -0.4489677875E+01  0.5726969483E+00
  0.8892741064E+00 -0.4517251921E+01  0.5676600779E+00
  0.8903813653E+00 -0.4543885240E+01  0.5626435653E+00
  0.8914775517E+00 -0.4569292159E+01  0.5576486950E+00
  0.8925627761E+00 -0.4593531436E+01  0.5526768347E+00
  0.8936371484E+00 -0.4616657733E+01  0.5477292490E+00
  0.8947007769E+00 -0.4638757409E+01  0.5428070872E+00
  0.8957537691E+00 -0.4659119629E+01  0.5379117911E+00
  0.8967962314E+00 -0.4676812775E+01  0.5330456123E+00
  0.8978282691E+00 -0.4692747776E+01  0.5282107425E+00
  0.8988499864E+00 -0.4707741068E+01  0.5234084214E+00
  0.8998614866E+00 -0.4721860862E+01  0.5186393996E+00
  0.9008628717E+00 -0.4735385406E+01  0.5139042267E+00
  0.9018542430E+00 -0.4748080457E+01  0.5092034088E+00
  0.9028357006E+00 -0.4759264929E+01  0.5045378808E+00
  0.9038073436E+00 -0.4769856691E+01  0.4999084286E+00
  0.9047692701E+00 -0.4780954751E+01  0.4953148390E+00
  0.9057215774E+00 -0.4791896851E+01  0.4907566908E+00
  0.9066643616E+00 -0.4802783343E+01  0.4862338342E+00
  0.9075977180E+00 -0.4812883389E+01  0.4817464122E+00
  0.9085217408E+00 -0.4822563503E+01  0.4772947258E+00
  0.9094365234E+00 -0.4833258976E+01  0.4728782367E+00
  0.9103421582E+00 -0.4843410645E+01  0.4684964725E+00
  0.9112387366E+00 -0.4853215024E+01  0.4641495798E+00
  0.9121263493E+00 -0.4862857723E+01  0.4598375254E+00
  0.9130050858E+00 -0.4871786809E+01  0.4555604316E+00
  0.9138750349E+00 -0.4880473947E+01  0.4513184462E+00
  0.9147362846E+00 -0.4888646420E+01  0.4471116204E+00
  0.9155889217E+00 -0.4897091297E+01  0.4429397786E+00
  0.9164330325E+00 -0.4905689185E+01  0.4388024623E+00
  0.9172687022E+00 -0.4914322044E+01  0.4346993195E+00
  0.9180960151E+00 -0.4922515895E+01  0.4306302476E+00
  0.9189150550E+00 -0.4930112616E+01  0.4265953999E+00
  0.9197259044E+00 -0.4937518797E+01  0.4225948182E+00
  0.9205286454E+00 -0.4944616549E+01  0.4186284208E+00
  0.9213233589E+00 -0.4951605463E+01  0.4146960900E+00
  0.9221101254E+00 -0.4958480632E+01  0.4107976285E+00
  0.9228890241E+00 -0.4965238907E+01  0.4069328422E+00
  0.9236601339E+00 -0.4971811944E+01  0.4031015637E+00
  0.9244235325E+00 -0.4978404220E+01  0.3993035729E+00
  0.9251792972E+00 -0.4984991170E+01  0.3955385817E+00
  0.9259275042E+00 -0.4991349451E+01  0.3918063977E+00
  0.9266682292E+00 -0.4997682811E+01  0.3881068349E+00
  0.9274015469E+00 -0.5004102378E+01  0.3844395918E+00
  0.9281275314E+00 -0.5010847803E+01  0.3808042424E+00
  0.9288462561E+00 -0.5017790716E+01  0.3772003273E+00
  0.9295577935E+00 -0.5024695117E+01  0.3736275250E+00
  0.9302622156E+00 -0.5031159439E+01  0.3700857421E+00
  0.9309595935E+00 -0.5037365841E+01  0.3665749589E+00
  0.9316499975E+00 -0.5043732790E+01  0.3630949431E+00
  0.9323334975E+00 -0.5049331597E+01  0.3596456382E+00
  0.9330101626E+00 -0.5054704725E+01  0.3562271143E+00
  0.9336800609E+00 -0.5060066576E+01  0.3528391798E+00
  0.9343432603E+00 -0.5065464465E+01  0.3494815568E+00
  0.9349998277E+00 -0.5070673149E+01  0.3461540281E+00
  0.9356498295E+00 -0.5075360788E+01  0.3428565583E+00
  0.9362933312E+00 -0.5080069157E+01  0.3395890401E+00
  0.9369303978E+00 -0.5084881506E+01  0.3363511643E+00
  0.9375610939E+00 -0.5089748438E+01  0.3331426150E+00
  0.9381854829E+00 -0.5094653777E+01  0.3299631004E+00
  0.9388036281E+00 -0.5099667169E+01  0.3268123152E+00
  0.9394155918E+00 -0.5105198229E+01  0.3236898115E+00
  0.9400214359E+00 -0.5110623365E+01  0.3205952140E+00
  0.9406212215E+00 -0.5116009867E+01  0.3175283201E+00
  0.9412150093E+00 -0.5121139627E+01  0.3144889730E+00
  0.9418028592E+00 -0.5125908550E+01  0.3114771098E+00
  0.9423848306E+00 -0.5131436293E+01  0.3084923691E+00
  0.9429609823E+00 -0.5137014020E+01  0.3055342766E+00
  0.9435313725E+00 -0.5142751302E+01  0.3026025380E+00
  0.9440960588E+00 -0.5148430831E+01  0.2996968933E+00
  0.9446550982E+00 -0.5154033274E+01  0.2968171516E+00
  0.9452085472E+00 -0.5159580001E+01  0.2939631220E+00
  0.9457564617E+00 -0.5165089340E+01  0.2911346039E+00
  0.9462988971E+00 -0.5170516017E+01  0.2883314049E+00
  0.9468359082E+00 -0.5175720252E+01  0.2855533834E+00
  0.9473675491E+00 -0.5180302865E+01  0.2828005405E+00
  0.9478938736E+00 -0.5184676399E+01  0.2800728692E+00
  0.9484149348E+00 -0.5188943841E+01  0.2773702234E+00
  0.9489307855E+00 -0.5193097244E+01  0.2746924321E+00
  0.9494414776E+00 -0.5197052461E+01  0.2720393481E+00
  0.9499470629E+00 -0.5200717025E+01  0.2694108688E+00
  0.9504475922E+00 -0.5204606065E+01  0.2668067839E+00
  0.9509431163E+00 -0.5208360321E+01  0.2642268461E+00
  0.9514336852E+00 -0.5211699980E+01  0.2616709677E+00
  0.9519193483E+00 -0.5214967188E+01  0.2591390437E+00
  0.9524001548E+00 -0.5218097177E+01  0.2566309010E+00
  0.9528761533E+00 -0.5220937298E+01  0.2541464189E+00
  0.9533473917E+00 -0.5223917650E+01  0.2516854102E+00
  0.9538139178E+00 -0.5227053074E+01  0.2492475850E+00
  0.9542757786E+00 -0.5230153179E+01  0.2468326980E+00
  0.9547330209E+00 -0.5233384443E+01  0.2444405125E+00
  0.9551856906E+00 -0.5236695124E+01  0.2420707681E+00
  0.9556338337E+00 -0.5239864994E+01  0.2397232691E+00
  0.9560774954E+00 -0.5242790416E+01  0.2373978929E+00
  0.9565167205E+00 -0.5245698651E+01  0.2350944894E+00
  0.9569515532E+00 -0.5248594600E+01  0.2328128580E+00
  0.9573820377E+00 -0.5251427312E+01  0.2305528098E+00
  0.9578082173E+00 -0.5254635638E+01  0.2283140748E+00
  0.9582301352E+00 -0.5257761382E+01  0.2260963910E+00
  0.9586478338E+00 -0.5260899269E+01  0.2238995758E+00
  0.9590613555E+00 -0.5264108426E+01  0.2217234165E+00
  0.9594707419E+00 -0.5267075245E+01  0.2195677545E+00
  0.9598760345E+00 -0.5269839602E+01  0.2174324878E+00
  0.9602772742E+00 -0.5272531325E+01  0.2153174792E+00
  0.9606745014E+00 -0.5275024536E+01  0.2132225908E+00
  0.9610677564E+00 -0.5277447347E+01  0.2111476847E+00
  0.9614570788E+00 -0.5279679728E+01  0.2090926215E+00
  0.9618425080E+00 -0.5281882790E+01  0.2070572542E+00
  0.9622240830E+00 -0.5284119310E+01  0.2050413935E+00
  0.9626018421E+00 -0.5286390210E+01  0.2030448400E+00
  0.9629758237E+00 -0.5288696064E+01  0.2010673963E+00
  0.9633460655E+00 -0.5291037116E+01  0.1991088668E+00
  0.9637126048E+00 -0.5293413307E+01  0.1971690580E+00
  0.9640754788E+00 -0.5295824294E+01  0.1952477787E+00
  0.9644347240E+00 -0.5298269478E+01  0.1933448400E+00
  0.9647903767E+00 -0.5300678032E+01  0.1914600675E+00
  0.9651424730E+00 -0.5302982594E+01  0.1895933131E+00
  0.9654910483E+00 -0.5305315285E+01  0.1877444179E+00
  0.9658361378E+00 -0.5307690536E+01  0.1859131994E+00
  0.9661777764E+00 -0.5310043646E+01  0.1840994853E+00
  0.9665159986E+00 -0.5312328462E+01  0.1823031241E+00
  0.9668508386E+00 -0.5314602812E+01  0.1805239632E+00
  0.9671823303E+00 -0.5316880924E+01  0.1787618394E+00
  0.9675105070E+00 -0.5319129508E+01  0.1770165940E+00
  0.9678354019E+00 -0.5321370159E+01  0.1752880718E+00
  0.9681570479E+00 -0.5323541573E+01  0.1735761252E+00
  0.9684754774E+00 -0.5325706679E+01  0.1718806077E+00
  0.9687907226E+00 -0.5327882270E+01  0.1702013612E+00
  0.9691028154E+00 -0.5330041097E+01  0.1685382308E+00
  0.9694117872E+00 -0.5332236274E+01  0.1668910590E+00
  0.9697176694E+00 -0.5334464745E+01  0.1652596824E+00
  0.9700204927E+00 -0.5336813278E+01  0.1636439266E+00
  0.9703202877E+00 -0.5339200044E+01  0.1620436185E+00
  0.9706170849E+00 -0.5341615288E+01  0.1604586008E+00
  0.9709109140E+00 -0.5344056416E+01  0.1588887199E+00
  0.9712018049E+00 -0.5346557288E+01  0.1573338190E+00
  0.9714897868E+00 -0.5349072060E+01  0.1557937449E+00
  0.9717748890E+00 -0.5351555664E+01  0.1542683590E+00
  0.9720571401E+00 -0.5354052223E+01  0.1527575241E+00
  0.9723365687E+00 -0.5356562589E+01  0.1512610981E+00
  0.9726132030E+00 -0.5359086488E+01  0.1497789400E+00
  0.9728870709E+00 -0.5361586124E+01  0.1483109156E+00
  0.9731582002E+00 -0.5363948620E+01  0.1468569123E+00
  0.9734266182E+00 -0.5366181075E+01  0.1454168323E+00
  0.9736923521E+00 -0.5368436264E+01  0.1439905569E+00
  0.9739554285E+00 -0.5370710109E+01  0.1425779485E+00
  0.9742158742E+00 -0.5372917734E+01  0.1411788825E+00
  0.9744737155E+00 -0.5375123455E+01  0.1397932383E+00
  0.9747289784E+00 -0.5377337427E+01  0.1384208864E+00
  0.9749816886E+00 -0.5379540037E+01  0.1370617000E+00
  0.9752318717E+00 -0.5381741583E+01  0.1357155545E+00
  0.9754795530E+00 -0.5383841327E+01  0.1343823378E+00
  0.9757247574E+00 -0.5385914765E+01  0.1330619417E+00
  0.9759675099E+00 -0.5387969163E+01  0.1317542484E+00
  0.9762078348E+00 -0.5390020759E+01  0.1304591388E+00
  0.9764457564E+00 -0.5392015570E+01  0.1291764988E+00
  0.9766812989E+00 -0.5393961323E+01  0.1279062212E+00
  0.9769144859E+00 -0.5395904256E+01  0.1266481929E+00
  0.9771453410E+00 -0.5397843206E+01  0.1254022969E+00
  0.9773738876E+00 -0.5399777060E+01  0.1241684172E+00
  0.9776001487E+00 -0.5401769866E+01  0.1229464322E+00
  0.9778241472E+00 -0.5403741730E+01  0.1217362229E+00
  0.9780459058E+00 -0.5405691566E+01  0.1205376809E+00
  0.9782654467E+00 -0.5407631548E+01  0.1193506973E+00
  0.9784827922E+00 -0.5409561208E+01  0.1181751631E+00
  0.9786979643E+00 -0.5411594168E+01  0.1170109578E+00
  0.9789109847E+00 -0.5413721778E+01  0.1158579515E+00
  0.9791218748E+00 -0.5415879176E+01  0.1147160234E+00
  0.9793306561E+00 -0.5418046204E+01  0.1135850631E+00
  0.9795373495E+00 -0.5420187993E+01  0.1124649672E+00
  0.9797419760E+00 -0.5422304129E+01  0.1113556365E+00
  0.9799445563E+00 -0.5424394240E+01  0.1102569732E+00
  0.9801451107E+00 -0.5426484112E+01  0.1091688773E+00
  0.9803436596E+00 -0.5428559289E+01  0.1080912488E+00
  0.9805402230E+00 -0.5430607040E+01  0.1070239915E+00
  0.9807348208E+00 -0.5432627137E+01  0.1059670109E+00
  0.9809274726E+00 -0.5434619386E+01  0.1049202136E+00
  0.9811181978E+00 -0.5436583627E+01  0.1038835071E+00
  0.9813070158E+00 -0.5438488637E+01  0.1028568022E+00
  0.9814939457E+00 -0.5440359016E+01  0.1018400116E+00
  0.9816790062E+00 -0.5442200973E+01  0.1008330454E+00
  0.9818622162E+00 -0.5444014507E+01  0.9983581395E-01
  0.9820435940E+00 -0.5445791684E+01  0.9884822920E-01
  0.9822231581E+00 -0.5447530815E+01  0.9787020459E-01
  0.9824009265E+00 -0.5449241421E+01  0.9690165360E-01
  0.9825769172E+00 -0.5450926497E+01  0.9594248932E-01
  0.9827511481E+00 -0.5452615555E+01  0.9499262274E-01
  0.9829236366E+00 -0.5454184306E+01  0.9405197386E-01
  0.9830944002E+00 -0.5455704858E+01  0.9312046770E-01
  0.9832634562E+00 -0.5457174409E+01  0.9219802385E-01
  0.9834308216E+00 -0.5458617048E+01  0.9128456074E-01
  0.9835965134E+00 -0.5460033584E+01  0.9037999539E-01
  0.9837605483E+00 -0.5461407120E+01  0.8948424686E-01
  0.9839229428E+00 -0.5462745352E+01  0.8859723563E-01
  0.9840837134E+00 -0.5464038399E+01  0.8771888299E-01
  0.9842428762E+00 -0.5465307918E+01  0.8684910995E-01
  0.9844004475E+00 -0.5466565113E+01  0.8598783557E-01
  0.9845564430E+00 -0.5467887090E+01  0.8513497276E-01
  0.9847108786E+00 -0.5469185644E+01  0.8429043623E-01
  0.9848637698E+00 -0.5470457727E+01  0.8345414855E-01
  0.9850151321E+00 -0.5471646699E+01  0.8262603750E-01
  0.9851649808E+00 -0.5472815042E+01  0.8180603093E-01
  0.9853133310E+00 -0.5473963134E+01  0.8099405261E-01
  0.9854601977E+00 -0.5475142073E+01  0.8019002318E-01
  0.9856055957E+00 -0.5476293391E+01  0.7939386465E-01
  0.9857495397E+00 -0.5477421011E+01  0.7860550368E-01
  0.9858920443E+00 -0.5478528457E+01  0.7782486707E-01
  0.9860331239E+00 -0.5479616001E+01  0.7705188198E-01
  0.9861727926E+00 -0.5480683914E+01  0.7628647623E-01
  0.9863110647E+00 -0.5481732472E+01  0.7552857821E-01
  0.9864479541E+00 -0.5482761950E+01  0.7477811693E-01
  0.9865834745E+00 -0.5483772625E+01  0.7403502203E-01
  0.9867176398E+00 -0.5484764773E+01  0.7329922373E-01
  0.9868504634E+00 -0.5485738674E+01  0.7257065283E-01
  0.9869819588E+00 -0.5486694606E+01  0.7184924077E-01
  0.9871121392E+00 -0.5487632847E+01  0.7113491953E-01
  0.9872410178E+00 -0.5488553676E+01  0.7042762171E-01
  0.9873686076E+00 -0.5489457369E+01  0.6972728047E-01
  0.9874949215E+00 -0.5490344205E+01  0.6903382956E-01
  0.9876199723E+00 -0.5491214458E+01  0.6834720329E-01
  0.9877437726E+00 -0.5492074769E+01  0.6766733617E-01
  0.9878663349E+00 -0.5492922914E+01  0.6699416302E-01
  0.9879876715E+00 -0.5493754906E+01  0.6632761967E-01
  0.9881077948E+00 -0.5494571024E+01  0.6566764277E-01
  0.9882267168E+00 -0.5495371549E+01  0.6501416951E-01
  0.9883444497E+00 -0.5496156757E+01  0.6436713763E-01
  0.9884610052E+00 -0.5496926924E+01  0.6372648543E-01
  0.9885763951E+00 -0.5497682320E+01  0.6309215174E-01
  0.9886906312E+00 -0.5498423215E+01  0.6246407591E-01
  0.9888037249E+00 -0.5499149877E+01  0.6184219786E-01
  0.9889156876E+00 -0.5499862569E+01  0.6122645801E-01
  0.9890265307E+00 -0.5500561551E+01  0.6061679733E-01
  0.9891362654E+00 -0.5501239915E+01  0.6001315767E-01
  0.9892449028E+00 -0.5501878214E+01  0.5941548290E-01
  0.9893524538E+00 -0.5502504629E+01  0.5882371686E-01
  0.9894589292E+00 -0.5503119391E+01  0.5823780241E-01
  0.9895643399E+00 -0.5503722723E+01  0.5765768290E-01
  0.9896686965E+00 -0.5504305113E+01  0.5708330272E-01
  0.9897720096E+00 -0.5504865560E+01  0.5651460730E-01
  0.9898742895E+00 -0.5505415911E+01  0.5595154203E-01
  0.9899755466E+00 -0.5505956362E+01  0.5539405219E-01
  0.9900757911E+00 -0.5506487107E+01  0.5484208356E-01
  0.9901750332E+00 -0.5507008338E+01  0.5429558241E-01
  0.9902732829E+00 -0.5507520307E+01  0.5375449552E-01
  0.9903705500E+00 -0.5508018634E+01  0.5321877036E-01
  0.9904668445E+00 -0.5508491700E+01  0.5268835569E-01
  0.9905621761E+00 -0.5508956637E+01  0.5216320045E-01
  0.9906565543E+00 -0.5509413609E+01  0.5164325326E-01
  0.9907499888E+00 -0.5509862775E+01  0.5112846320E-01
  0.9908424889E+00 -0.5510290562E+01  0.5061878049E-01
  0.9909340640E+00 -0.5510706123E+01  0.5011415600E-01
  0.9910247234E+00 -0.5511114965E+01  0.4961454037E-01
  0.9911144761E+00 -0.5511517223E+01  0.4911988451E-01
  0.9912033314E+00 -0.5511913025E+01  0.4863013974E-01
  0.9912912981E+00 -0.5512302498E+01  0.4814525789E-01
  0.9913783851E+00 -0.5512685766E+01  0.4766519121E-01
  0.9914646012E+00 -0.5513062952E+01  0.4718989241E-01
  0.9915499552E+00 -0.5513434175E+01  0.4671931466E-01
  0.9916344557E+00 -0.5513799551E+01  0.4625341156E-01
  0.9917181111E+00 -0.5514153656E+01  0.4579213740E-01
  0.9918009300E+00 -0.5514492737E+01  0.4533544728E-01
  0.9918829207E+00 -0.5514820027E+01  0.4488329675E-01
  0.9919640915E+00 -0.5515142774E+01  0.4443564133E-01
  0.9920444506E+00 -0.5515464974E+01  0.4399243656E-01
  0.9921240061E+00 -0.5515782379E+01  0.4355363839E-01
  0.9922027660E+00 -0.5516094444E+01  0.4311920342E-01
  0.9922807383E+00 -0.5516402090E+01  0.4268908863E-01
  0.9923579310E+00 -0.5516715820E+01  0.4226325101E-01
  0.9924343516E+00 -0.5517028544E+01  0.4184164783E-01
  0.9925100081E+00 -0.5517336573E+01  0.4142423720E-01
  0.9925849081E+00 -0.5517639999E+01  0.4101097777E-01
  0.9926590590E+00 -0.5517937248E+01  0.4060182867E-01
  0.9927324684E+00 -0.5518229038E+01  0.4019674944E-01
  0.9928051437E+00 -0.5518516591E+01  0.3979569996E-01
  0.9928770923E+00 -0.5518799985E+01  0.3939864042E-01
  0.9929483213E+00 -0.5519079298E+01  0.3900553144E-01
  0.9930188381E+00 -0.5519354603E+01  0.3861633400E-01
  0.9930886497E+00 -0.5519625976E+01  0.3823100945E-01
  0.9931577632E+00 -0.5519893488E+01  0.3784951952E-01
  0.9932261856E+00 -0.5520161010E+01  0.3747182619E-01
  0.9932939238E+00 -0.5520425166E+01  0.3709789178E-01
  0.9933609845E+00 -0.5520685520E+01  0.3672767913E-01
  0.9934273747E+00 -0.5520942139E+01  0.3636115144E-01
  0.9934931009E+00 -0.5521195093E+01  0.3599827229E-01
  0.9935581699E+00 -0.5521444449E+01  0.3563900558E-01
  0.9936225882E+00 -0.5521690270E+01  0.3528331560E-01
  0.9936863623E+00 -0.5521932623E+01  0.3493116694E-01
  0.9937494987E+00 -0.5522171569E+01  0.3458252458E-01
  0.9938120037E+00 -0.5522407169E+01  0.3423735381E-01
  0.9938738837E+00 -0.5522639483E+01  0.3389562028E-01
  0.9939351449E+00 -0.5522868571E+01  0.3355728994E-01
  0.9939957934E+00 -0.5523093698E+01  0.3322232914E-01
  0.9940558355E+00 -0.5523315708E+01  0.3289070452E-01
  0.9941152771E+00 -0.5523534682E+01  0.3256238303E-01
  0.9941741243E+00 -0.5523750675E+01  0.3223733197E-01
  0.9942323831E+00 -0.5523963739E+01  0.3191551892E-01
  0.9942900593E+00 -0.5524173924E+01  0.3159691179E-01
  0.9943471587E+00 -0.5524381281E+01  0.3128147881E-01
  0.9944036871E+00 -0.5524585858E+01  0.3096918852E-01
  0.9944596502E+00 -0.5524787704E+01  0.3066000976E-01
  0.9945150537E+00 -0.5524986865E+01  0.3035391168E-01
  0.9945699032E+00 -0.5525183387E+01  0.3005086373E-01
  0.9946242041E+00 -0.5525377315E+01  0.2975083566E-01
  0.9946779621E+00 -0.5525568693E+01  0.2945379751E-01
  0.9947311825E+00 -0.5525757564E+01  0.2915971962E-01
  0.9947838707E+00 -0.5525943970E+01  0.2886857263E-01
  0.9948360320E+00 -0.5526127952E+01  0.2858032745E-01
  0.9948876716E+00 -0.5526309550E+01  0.2829495528E-01
  0.9949387949E+00 -0.5526488804E+01  0.2801242761E-01
  0.9949894070E+00 -0.5526665753E+01  0.2773271620E-01
  0.9950395129E+00 -0.5526840434E+01  0.2745579309E-01
  0.9950891178E+00 -0.5527012883E+01  0.2718163061E-01
  0.9951382266E+00 -0.5527183139E+01  0.2691020133E-01
  0.9951868443E+00 -0.5527351235E+01  0.2664147813E-01
  0.9952349759E+00 -0.5527517207E+01  0.2637543411E-01
  0.9952826261E+00 -0.5527681088E+01  0.2611204268E-01
  0.9953297999E+00 -0.5527842913E+01  0.2585127748E-01
  0.9953765019E+00 -0.5528002713E+01  0.2559311242E-01
  0.9954227368E+00 -0.5528160521E+01  0.2533752167E-01
  0.9954685095E+00 -0.5528316759E+01  0.2508447964E-01
  0.9955138244E+00 -0.5528472474E+01  0.2483396096E-01
  0.9955586861E+00 -0.5528626218E+01  0.2458594053E-01
  0.9956030993E+00 -0.5528778023E+01  0.2434039351E-01
  0.9956470683E+00 -0.5528927921E+01  0.2409729534E-01
  0.9956905976E+00 -0.5529075941E+01  0.2385662166E-01
  0.9957336916E+00 -0.5529222113E+01  0.2361834838E-01
  0.9957763547E+00 -0.5529366466E+01  0.2338245163E-01
  0.9958185912E+00 -0.5529509029E+01  0.2314890780E-01
  0.9958604053E+00 -0.5529649831E+01  0.2291769347E-01
  0.9959018012E+00 -0.5529788897E+01  0.2268878550E-01
  0.9959427832E+00 -0.5529926255E+01  0.2246216094E-01
  0.9959833554E+00 -0.5530061932E+01  0.2223779709E-01
  0.9960235218E+00 -0.5530195953E+01  0.2201567147E-01
  0.9960632866E+00 -0.5530328343E+01  0.2179576180E-01
  0.9961026537E+00 -0.5530460205E+01  0.2157804602E-01
  0.9961416272E+00 -0.5530591827E+01  0.2136250227E-01
  0.9961802109E+00 -0.5530721798E+01  0.2114910892E-01
  0.9962184088E+00 -0.5530850145E+01  0.2093784456E-01
  0.9962562247E+00 -0.5530976893E+01  0.2072868802E-01
  0.9962936625E+00 -0.5531102067E+01  0.2052161833E-01
  0.9963307258E+00 -0.5531225692E+01  0.2031661472E-01
  0.9963674186E+00 -0.5531347792E+01  0.2011365665E-01
  0.9964037444E+00 -0.5531468389E+01  0.1991272375E-01
  0.9964397070E+00 -0.5531587508E+01  0.1971379586E-01
  0.9964753099E+00 -0.5531705172E+01  0.1951685304E-01
  0.9965105568E+00 -0.5531821401E+01  0.1932187553E-01
  0.9965454512E+00 -0.5531936218E+01  0.1912884376E-01
  0.9965799967E+00 -0.5532049645E+01  0.1893773836E-01
  0.9966141967E+00 -0.5532161702E+01  0.1874854017E-01
  0.9966480548E+00 -0.5532272410E+01  0.1856123018E-01
  0.9966815742E+00 -0.5532381789E+01  0.1837578961E-01
  0.9967147585E+00 -0.5532489858E+01  0.1819219983E-01
  0.9967476109E+00 -0.5532596638E+01  0.1801044242E-01
  0.9967801348E+00 -0.5532702146E+01  0.1783049914E-01
  0.9968123334E+00 -0.5532806402E+01  0.1765235191E-01
  0.9968442101E+00 -0.5532909423E+01  0.1747598285E-01
  0.9968757680E+00 -0.5533011229E+01  0.1730137424E-01
  0.9969070103E+00 -0.5533111835E+01  0.1712850856E-01
  0.9969379402E+00 -0.5533211261E+01  0.1695736845E-01
  0.9969685608E+00 -0.5533309521E+01  0.1678793671E-01
  0.9969988752E+00 -0.5533406634E+01  0.1662019632E-01
  0.9970288865E+00 -0.5533502615E+01  0.1645413044E-01
  0.9970585976E+00 -0.5533597480E+01  0.1628972239E-01
  0.9970880116E+00 -0.5533691245E+01  0.1612695564E-01
  0.9971171315E+00 -0.5533783926E+01  0.1596581384E-01
  0.9971459602E+00 -0.5533875537E+01  0.1580628081E-01
  0.9971745006E+00 -0.5533966094E+01  0.1564834051E-01
  0.9972027556E+00 -0.5534055610E+01  0.1549197706E-01
  0.9972307280E+00 -0.5534144101E+01  0.1533717476E-01
  0.9972584207E+00 -0.5534231580E+01  0.1518391805E-01
  0.9972858365E+00 -0.5534318062E+01  0.1503219152E-01
  0.9973129782E+00 -0.5534403559E+01  0.1488197992E-01
  0.9973398484E+00 -0.5534488086E+01  0.1473326815E-01
  0.9973664499E+00 -0.5534571654E+01  0.1458604127E-01
  0.9973927854E+00 -0.5534653621E+01  0.1444028447E-01
  0.9974188575E+00 -0.5534733649E+01  0.1429598313E-01
  0.9974446690E+00 -0.5534812822E+01  0.1415312275E-01
  0.9974702223E+00 -0.5534891151E+01  0.1401168896E-01
  0.9974955201E+00 -0.5534968646E+01  0.1387166754E-01
  0.9975205649E+00 -0.5535045316E+01  0.1373304440E-01
  0.9975453592E+00 -0.5535121171E+01  0.1359580560E-01
  0.9975699056E+00 -0.5535196220E+01  0.1345993733E-01
  0.9975942066E+00 -0.5535270474E+01  0.1332542594E-01
  0.9976182645E+00 -0.5535343942E+01  0.1319225788E-01
  0.9976420819E+00 -0.5535416632E+01  0.1306041976E-01
  0.9976656610E+00 -0.5535488554E+01  0.1292989832E-01
  0.9976890044E+00 -0.5535559716E+01  0.1280068043E-01
  0.9977121144E+00 -0.5535630128E+01  0.1267275307E-01
  0.9977349932E+00 -0.5535699798E+01  0.1254610339E-01
  0.9977576433E+00 -0.5535768735E+01  0.1242071863E-01
  0.9977800669E+00 -0.5535836947E+01  0.1229658619E-01
  0.9978022662E+00 -0.5535904441E+01  0.1217369356E-01
  0.9978242435E+00 -0.5535971228E+01  0.1205202838E-01
  0.9978460011E+00 -0.5536037314E+01  0.1193157841E-01
  0.9978675411E+00 -0.5536102708E+01  0.1181233153E-01
  0.9978888657E+00 -0.5536167417E+01  0.1169427572E-01
  0.9979099770E+00 -0.5536231450E+01  0.1157739912E-01
  0.9979308773E+00 -0.5536294813E+01  0.1146168994E-01
  0.9979515685E+00 -0.5536357515E+01  0.1134713656E-01
  0.9979720528E+00 -0.5536419562E+01  0.1123372743E-01
  0.9979923323E+00 -0.5536480963E+01  0.1112145114E-01
  0.9980124089E+00 -0.5536541724E+01  0.1101029639E-01
  0.9980322849E+00 -0.5536601853E+01  0.1090025199E-01
  0.9980519620E+00 -0.5536661357E+01  0.1079130685E-01
  0.9980714424E+00 -0.5536720242E+01  0.1068345001E-01
  0.9980907280E+00 -0.5536778516E+01  0.1057667061E-01
  0.9981098207E+00 -0.5536836185E+01  0.1047095789E-01
  0.9981287225E+00 -0.5536893256E+01  0.1036630122E-01
  0.9981474353E+00 -0.5536949735E+01  0.1026269005E-01
  0.9981659609E+00 -0.5537005630E+01  0.1016011396E-01
  0.9981843013E+00 -0.5537060946E+01  0.1005856260E-01
  0.9982024583E+00 -0.5537115691E+01  0.9958025761E-02
  0.9982204337E+00 -0.5537169869E+01  0.9858493310E-02
  0.9982382294E+00 -0.5537223488E+01  0.9759955223E-02
  0.9982558471E+00 -0.5537276554E+01  0.9662401578E-02
  0.9982732886E+00 -0.5537329072E+01  0.9565822549E-02
  0.9982905557E+00 -0.5537381049E+01  0.9470208408E-02
  0.9983076502E+00 -0.5537432490E+01  0.9375549524E-02
  0.9983245737E+00 -0.5537483402E+01  0.9281836363E-02
  0.9983413279E+00 -0.5537533789E+01  0.9189059485E-02
  0.9983579146E+00 -0.5537583659E+01  0.9097209544E-02
  0.9983743355E+00 -0.5537633015E+01  0.9006277288E-02
  0.9983905921E+00 -0.5537681865E+01  0.8916253556E-02
  0.9984066862E+00 -0.5537730213E+01  0.8827129279E-02
  0.9984226194E+00 -0.5537778065E+01  0.8738895479E-02
  0.9984383932E+00 -0.5537825425E+01  0.8651543266E-02
  0.9984540092E+00 -0.5537872301E+01  0.8565063839E-02
  0.9984694691E+00 -0.5537918695E+01  0.8479448486E-02
  0.9984847744E+00 -0.5537964615E+01  0.8394688579E-02
  0.9984999267E+00 -0.5538010064E+01  0.8310775580E-02
  0.9985149274E+00 -0.5538055049E+01  0.8227701032E-02
  0.9985297782E+00 -0.5538099573E+01  0.8145456565E-02
  0.9985444804E+00 -0.5538143641E+01  0.8064033891E-02
  0.9985590356E+00 -0.5538187260E+01  0.7983424806E-02
  0.9985734452E+00 -0.5538230433E+01  0.7903621187E-02
  0.9985877108E+00 -0.5538273165E+01  0.7824614991E-02
  0.9986018337E+00 -0.5538315460E+01  0.7746398257E-02
  0.9986158153E+00 -0.5538357324E+01  0.7668963101E-02
  0.9986296572E+00 -0.5538398762E+01  0.7592301721E-02
  0.9986433606E+00 -0.5538439776E+01  0.7516406389E-02
  0.9986569270E+00 -0.5538480373E+01  0.7441269457E-02
  0.9986703577E+00 -0.5538520556E+01  0.7366883352E-02
  0.9986836541E+00 -0.5538560330E+01  0.7293240577E-02
  0.9986968176E+00 -0.5538599699E+01  0.7220333708E-02
  0.9987098494E+00 -0.5538638667E+01  0.7148155398E-02
  0.9987227509E+00 -0.5538677239E+01  0.7076698370E-02
  0.9987355234E+00 -0.5538715418E+01  0.7005955423E-02
  0.9987481682E+00 -0.5538753210E+01  0.6935919425E-02
  0.9987606865E+00 -0.5538790617E+01  0.6866583316E-02
  0.9987730796E+00 -0.5538827644E+01  0.6797940107E-02
  0.9987853488E+00 -0.5538864295E+01  0.6729982878E-02
  0.9987974954E+00 -0.5538900574E+01  0.6662704778E-02
  0.9988095204E+00 -0.5538936485E+01  0.6596099025E-02
  0.9988214252E+00 -0.5538972031E+01  0.6530158905E-02
  0.9988332109E+00 -0.5539007216E+01  0.6464877769E-02
  0.9988448788E+00 -0.5539042045E+01  0.6400249036E-02
  0.9988564300E+00 -0.5539076521E+01  0.6336266190E-02
  0.9988678657E+00 -0.5539110647E+01  0.6272922780E-02
  0.9988791871E+00 -0.5539144427E+01  0.6210212420E-02
  0.9988903952E+00 -0.5539177865E+01  0.6148128786E-02
  0.9989014913E+00 -0.5539210965E+01  0.6086665620E-02
  0.9989124764E+00 -0.5539243729E+01  0.6025816724E-02
  0.9989233516E+00 -0.5539276161E+01  0.5965575962E-02
  0.9989341181E+00 -0.5539308265E+01  0.5905937261E-02
  0.9989447769E+00 -0.5539340045E+01  0.5846894606E-02
  0.9989553291E+00 -0.5539371503E+01  0.5788442044E-02
  0.9989657758E+00 -0.5539402642E+01  0.5730573680E-02
  0.9989761181E+00 -0.5539433467E+01  0.5673283680E-02
  0.9989863569E+00 -0.5539463981E+01  0.5616566266E-02
  0.9989964933E+00 -0.5539494185E+01  0.5560415718E-02
  0.9990065284E+00 -0.5539524085E+01  0.5504826374E-02
  0.9990164631E+00 -0.5539553682E+01  0.5449792628E-02
  0.9990262985E+00 -0.5539582981E+01  0.5395308930E-02
  0.9990360355E+00 -0.5539611983E+01  0.5341369785E-02
  0.9990456751E+00 -0.5539640693E+01  0.5287969753E-02
  0.9990552184E+00 -0.5539669113E+01  0.5235103449E-02
  0.9990646662E+00 -0.5539697246E+01  0.5182765541E-02
  0.9990740195E+00 -0.5539725095E+01  0.5130950750E-02
  0.9990832793E+00 -0.5539752664E+01  0.5079653850E-02
  0.9990924466E+00 -0.5539779954E+01  0.5028869668E-02
  0.9991015221E+00 -0.5539806968E+01  0.4978593081E-02
  0.9991105069E+00 -0.5539833711E+01  0.4928819019E-02
  0.9991194018E+00 -0.5539860184E+01  0.4879542461E-02
  0.9991282078E+00 -0.5539886389E+01  0.4830758436E-02
  0.9991369257E+00 -0.5539912331E+01  0.4782462024E-02
  0.9991455564E+00 -0.5539938011E+01  0.4734648354E-02
  0.9991541009E+00 -0.5539963433E+01  0.4687312602E-02
  0.9991625599E+00 -0.5539988598E+01  0.4640449994E-02
  0.9991709343E+00 -0.5540013510E+01  0.4594055802E-02
  0.9991792249E+00 -0.5540038171E+01  0.4548125346E-02
  0.9991874327E+00 -0.5540062584E+01  0.4502653994E-02
  0.9991955584E+00 -0.5540086751E+01  0.4457637157E-02
  0.9992036028E+00 -0.5540110674E+01  0.4413070296E-02
  0.9992115667E+00 -0.5540134357E+01  0.4368948914E-02
  0.9992194511E+00 -0.5540157801E+01  0.4325268559E-02
  0.9992272566E+00 -0.5540181009E+01  0.4282024827E-02
  0.9992349840E+00 -0.5540203984E+01  0.4239213353E-02
  0.9992426342E+00 -0.5540226728E+01  0.4196829819E-02
  0.9992502078E+00 -0.5540249243E+01  0.4154869949E-02
  0.9992577057E+00 -0.5540271531E+01  0.4113329509E-02
  0.9992651287E+00 -0.5540293595E+01  0.4072204310E-02
  0.9992724774E+00 -0.5540315438E+01  0.4031490201E-02
  0.9992797526E+00 -0.5540337060E+01  0.3991183075E-02
  0.9992869551E+00 -0.5540358466E+01  0.3951278865E-02
  0.9992940855E+00 -0.5540379656E+01  0.3911773546E-02
  0.9993011447E+00 -0.5540400633E+01  0.3872663131E-02
  0.9993081332E+00 -0.5540421399E+01  0.3833943674E-02
  0.9993150519E+00 -0.5540441956E+01  0.3795611269E-02
  0.9993219014E+00 -0.5540462307E+01  0.3757662048E-02
  0.9993286824E+00 -0.5540482454E+01  0.3720092181E-02
  0.9993353956E+00 -0.5540502398E+01  0.3682897879E-02
  0.9993420416E+00 -0.5540522141E+01  0.3646075388E-02
  0.9993486212E+00 -0.5540541687E+01  0.3609620993E-02
  0.9993551350E+00 -0.5540561036E+01  0.3573531015E-02
  0.9993615836E+00 -0.5540580190E+01  0.3537801812E-02
  0.9993679678E+00 -0.5540599153E+01  0.3502429780E-02
  0.9993742881E+00 -0.5540617925E+01  0.3467411349E-02
  0.9993805452E+00 -0.5540636508E+01  0.3432742986E-02
  0.9993867398E+00 -0.5540654905E+01  0.3398421191E-02
  0.9993928724E+00 -0.5540673117E+01  0.3364442502E-02
  0.9993989436E+00 -0.5540691146E+01  0.3330803490E-02
  0.9994049542E+00 -0.5540708995E+01  0.3297500761E-02
  0.9994109047E+00 -0.5540726664E+01  0.3264530953E-02
  0.9994167956E+00 -0.5540744156E+01  0.3231890739E-02
  0.9994226277E+00 -0.5540761472E+01  0.3199576826E-02
  0.9994284014E+00 -0.5540778614E+01  0.3167585953E-02
  0.9994341174E+00 -0.5540795585E+01  0.3135914891E-02
  0.9994397762E+00 -0.5540812385E+01  0.3104560444E-02
  0.9994453784E+00 -0.5540829017E+01  0.3073519448E-02
  0.9994509247E+00 -0.5540845482E+01  0.3042788770E-02
  0.9994564154E+00 -0.5540861781E+01  0.3012365309E-02
  0.9994618513E+00 -0.5540877917E+01  0.2982245994E-02
  0.9994672327E+00 -0.5540893892E+01  0.2952427787E-02
  0.9994725604E+00 -0.5540909706E+01  0.2922907676E-02
  0.9994778348E+00 -0.5540925361E+01  0.2893682684E-02
  0.9994830565E+00 -0.5540940860E+01  0.2864749860E-02
  0.9994882259E+00 -0.5540956203E+01  0.2836106285E-02
  0.9994933436E+00 -0.5540971392E+01  0.2807749067E-02
  0.9994984102E+00 -0.5540986429E+01  0.2779675345E-02
  0.9995034261E+00 -0.5541001315E+01  0.2751882285E-02
  0.9995083918E+00 -0.5541016052E+01  0.2724367082E-02
  0.9995133079E+00 -0.5541030641E+01  0.2697126960E-02
  0.9995181748E+00 -0.5541045084E+01  0.2670159167E-02
  0.9995229931E+00 -0.5541059382E+01  0.2643460984E-02
  0.9995277632E+00 -0.5541073537E+01  0.2617029714E-02
  0.9995324855E+00 -0.5541087550E+01  0.2590862691E-02
  0.9995371607E+00 -0.5541101422E+01  0.2564957272E-02
  0.9995417891E+00 -0.5541115155E+01  0.2539310844E-02
  0.9995463712E+00 -0.5541128751E+01  0.2513920818E-02
  0.9995509075E+00 -0.5541142211E+01  0.2488784630E-02
  0.9995553984E+00 -0.5541155535E+01  0.2463899744E-02
  0.9995598444E+00 -0.5541168727E+01  0.2439263649E-02
  0.9995642460E+00 -0.5541181785E+01  0.2414873856E-02
  0.9995686035E+00 -0.5541194714E+01  0.2390727904E-02
  0.9995729175E+00 -0.5541207512E+01  0.2366823357E-02
  0.9995771883E+00 -0.5541220182E+01  0.2343157801E-02
  0.9995814164E+00 -0.5541232726E+01  0.2319728847E-02
  0.9995856022E+00 -0.5541245144E+01  0.2296534130E-02
  0.9995897462E+00 -0.5541257437E+01  0.2273571309E-02
  0.9995938488E+00 -0.5541269607E+01  0.2250838067E-02
  0.9995979103E+00 -0.5541281655E+01  0.2228332107E-02
  0.9996019312E+00 -0.5541293583E+01  0.2206051159E-02
  0.9996059119E+00 -0.5541305391E+01  0.2183992973E-02
  0.9996098527E+00 -0.5541317081E+01  0.2162155323E-02
  0.9996137542E+00 -0.5541328654E+01  0.2140536004E-02
  0.9996176167E+00 -0.5541340110E+01  0.2119132833E-02
  0.9996214405E+00 -0.5541351452E+01  0.2097943651E-02
  0.9996252261E+00 -0.5541362681E+01  0.2076966318E-02
  0.9996289738E+00 -0.5541373797E+01  0.2056198716E-02
  0.9996326841E+00 -0.5541384802E+01  0.2035638749E-02
  0.9996363573E+00 -0.5541395696E+01  0.2015284342E-02
  0.9996399937E+00 -0.5541406482E+01  0.1995133439E-02
  0.9996435938E+00 -0.5541417159E+01  0.1975184007E-02
  0.9996471578E+00 -0.5541427730E+01  0.1955434031E-02
  0.9996506862E+00 -0.5541438194E+01  0.1935881518E-02
  0.9996541794E+00 -0.5541448554E+01  0.1916524493E-02
  0.9996576376E+00 -0.5541458810E+01  0.1897361004E-02
  0.9996610612E+00 -0.5541468964E+01  0.1878389114E-02
  0.9996644506E+00 -0.5541479016E+01  0.1859606909E-02
  0.9996678400E+00 -0.5541489067E+01  0.1840824669E-02
  0.9996712294E+00 -0.5541499119E+01  0.1822042396E-02
  0.9996746188E+00 -0.5541509170E+01  0.1803260088E-02
  0.9996780081E+00 -0.5541519222E+01  0.1784477747E-02
  0.9996813975E+00 -0.5541529273E+01  0.1765695371E-02
  0.9996847869E+00 -0.5541539324E+01  0.1746912962E-02
  0.9996881763E+00 -0.5541549375E+01  0.1728130518E-02
  0.9996915657E+00 -0.5541559426E+01  0.1709348040E-02
  0.9996949551E+00 -0.5541569476E+01  0.1690565529E-02
  0.9996983445E+00 -0.5541579527E+01  0.1671782983E-02
  0.9997017339E+00 -0.5541589578E+01  0.1653000403E-02
  0.9997051232E+00 -0.5541599628E+01  0.1634217789E-02
  0.9997085126E+00 -0.5541609678E+01  0.1615435141E-02
  0.9997119020E+00 -0.5541619729E+01  0.1596652459E-02
  0.9997152914E+00 -0.5541629779E+01  0.1577869742E-02
  0.9997186808E+00 -0.5541639829E+01  0.1559086992E-02
  0.9997220702E+00 -0.5541649879E+01  0.1540304208E-02
  0.9997254596E+00 -0.5541659928E+01  0.1521521389E-02
  0.9997288490E+00 -0.5541669978E+01  0.1502738537E-02
  0.9997322384E+00 -0.5541680028E+01  0.1483955650E-02
  0.9997356277E+00 -0.5541690077E+01  0.1465172730E-02
  0.9997390171E+00 -0.5541700127E+01  0.1446389775E-02
  0.9997424065E+00 -0.5541710176E+01  0.1427606786E-02
  0.9997457959E+00 -0.5541720225E+01  0.1408823764E-02
  0.9997491853E+00 -0.5541730275E+01  0.1390040707E-02
  0.9997525747E+00 -0.5541740324E+01  0.1371257616E-02
  0.9997559641E+00 -0.5541750373E+01  0.1352474491E-02
  0.9997593535E+00 -0.5541760421E+01  0.1333691332E-02
  0.9997627428E+00 -0.5541770470E+01  0.1314908139E-02
  0.9997661322E+00 -0.5541780519E+01  0.1296124912E-02
  0.9997695216E+00 -0.5541790568E+01  0.1277341651E-02
  0.9997729110E+00 -0.5541800616E+01  0.1258558355E-02
  0.9997763004E+00 -0.5541810665E+01  0.1239775026E-02
  0.9997796898E+00 -0.5541820713E+01  0.1220991663E-02
  0.9997830792E+00 -0.5541830761E+01  0.1202208265E-02
  0.9997864686E+00 -0.5541840809E+01  0.1183424834E-02
  0.9997898579E+00 -0.5541850858E+01  0.1164641368E-02
  0.9997932473E+00 -0.5541860906E+01  0.1145857869E-02
  0.9997966367E+00 -0.5541870954E+01  0.1127074335E-02
  0.9998000261E+00 -0.5541881002E+01  0.1108290767E-02
  0.9998034155E+00 -0.5541891049E+01  0.1089507165E-02
  0.9998068049E+00 -0.5541901097E+01  0.1070723530E-02
  0.9998101943E+00 -0.5541911145E+01  0.1051939860E-02
  0.9998135837E+00 -0.5541921193E+01  0.1033156156E-02
  0.9998169731E+00 -0.5541931240E+01  0.1014372418E-02
  0.9998203624E+00 -0.5541941288E+01  0.9955886458E-03
  0.9998237518E+00 -0.5541951335E+01  0.9768048398E-03
  0.9998271412E+00 -0.5541961383E+01  0.9580209996E-03
  0.9998305306E+00 -0.5541971430E+01  0.9392371254E-03
  0.9998339200E+00 -0.5541981477E+01  0.9204532172E-03
  0.9998373094E+00 -0.5541991524E+01  0.9016692748E-03
  0.9998406988E+00 -0.5542001571E+01  0.8828852985E-03
  0.9998440882E+00 -0.5542011619E+01  0.8641012881E-03
  0.9998474775E+00 -0.5542021666E+01  0.8453172436E-03
  0.9998508669E+00 -0.5542031713E+01  0.8265331651E-03
  0.9998542563E+00 -0.5542041759E+01  0.8077490525E-03
  0.9998576457E+00 -0.5542051806E+01  0.7889649059E-03
  0.9998610351E+00 -0.5542061853E+01  0.7701807252E-03
  0.9998644245E+00 -0.5542071900E+01  0.7513965104E-03
  0.9998678139E+00 -0.5542081947E+01  0.7326122617E-03
  0.9998712033E+00 -0.5542091993E+01  0.7138279788E-03
  0.9998745926E+00 -0.5542102040E+01  0.6950436619E-03
  0.9998779820E+00 -0.5542112086E+01  0.6762593110E-03
  0.9998813714E+00 -0.5542122133E+01  0.6574749260E-03
  0.9998847608E+00 -0.5542132180E+01  0.6386905069E-03
  0.9998881502E+00 -0.5542142226E+01  0.6199060538E-03
  0.9998915396E+00 -0.5542152272E+01  0.6011215667E-03
  0.9998949290E+00 -0.5542162319E+01  0.5823370455E-03
  0.9998983184E+00 -0.5542172365E+01  0.5635524902E-03
  0.9999017077E+00 -0.5542182411E+01  0.5447679009E-03
  0.9999050971E+00 -0.5542192458E+01  0.5259832776E-03
  0.9999084865E+00 -0.5542202504E+01  0.5071986202E-03
  0.9999118759E+00 -0.5542212550E+01  0.4884139287E-03
  0.9999152653E+00 -0.5542222596E+01  0.4696292032E-03
  0.9999186547E+00 -0.5542232642E+01  0.4508444437E-03
  0.9999220441E+00 -0.5542242688E+01  0.4320596501E-03
  0.9999254335E+00 -0.5542252735E+01  0.4132748224E-03
  0.9999288229E+00 -0.5542262781E+01  0.3944899607E-03
  0.9999322122E+00 -0.5542272827E+01  0.3757050650E-03
  0.9999356016E+00 -0.5542282873E+01  0.3569201352E-03
  0.9999389910E+00 -0.5542292919E+01  0.3381351713E-03
  0.9999423804E+00 -0.5542302965E+01  0.3193501734E-03
  0.9999457698E+00 -0.5542313010E+01  0.3005651414E-03
  0.9999491592E+00 -0.5542323056E+01  0.2817800754E-03
  0.9999525486E+00 -0.5542333102E+01  0.2629949754E-03
  0.9999559380E+00 -0.5542343148E+01  0.2442098413E-03
  0.9999593273E+00 -0.5542353194E+01  0.2254246731E-03
  0.9999627167E+00 -0.5542363240E+01  0.2066394709E-03
  0.9999661061E+00 -0.5542373286E+01  0.1878542347E-03
  0.9999694955E+00 -0.5542383332E+01  0.1690689644E-03
  0.9999728849E+00 -0.5542393377E+01  0.1502836600E-03
  0.9999762743E+00 -0.5542403423E+01  0.1314983216E-03
  0.9999796637E+00 -0.5542413469E+01  0.1127129492E-03
  0.9999830531E+00 -0.5542423515E+01  0.9392754271E-04
  0.9999864424E+00 -0.5542433560E+01  0.7514210216E-04
  0.9999898318E+00 -0.5542443606E+01  0.5635662757E-04
  0.9999932212E+00 -0.5542453652E+01  0.3757111893E-04
  0.9999966106E+00 -0.5542463698E+01  0.1878557623E-04
  0.1000000000E+01 -0.5542473445E+01  0.3877787192E-17
  0.1000000000E+01 -0.5542473445E+01  0.0000000000E+00
