  0.0000000000E+00  0.5542473970E+01  0.0000000000E+00
  0.6996492144E-18  0.5542473970E+01  0.3877787559E-17
  0.3389387958E-05  0.5542351909E+01  0.1878538767E-04
  0.6778775916E-05  0.5542229848E+01  0.3757036164E-04
  0.1016816387E-04  0.5542107787E+01  0.5635492189E-04
  0.1355755183E-04  0.5541985726E+01  0.7513906843E-04
  0.1694693979E-04  0.5541863665E+01  0.9392280126E-04
  0.2033632775E-04  0.5541741605E+01  0.1127061204E-03
  0.2372571571E-04  0.5541619544E+01  0.1314890258E-03
  0.2711510367E-04  0.5541497483E+01  0.1502715175E-03
  0.3050449162E-04  0.5541375422E+01  0.1690535955E-03
  0.3389387958E-04  0.5541253361E+01  0.1878352597E-03
  0.3728326754E-04  0.5541131301E+01  0.2066165103E-03
  0.4067265550E-04  0.5541009240E+01  0.2253973471E-03
  0.4406204346E-04  0.5540887179E+01  0.2441777703E-03
  0.4745143141E-04  0.5540765119E+01  0.2629577797E-03
  0.5084081937E-04  0.5540643058E+01  0.2817373754E-03
  0.5423020733E-04  0.5540520998E+01  0.3005165574E-03
  0.5761959529E-04  0.5540398937E+01  0.3192953257E-03
  0.6100898325E-04  0.5540276877E+01  0.3380736803E-03
  0.6439837120E-04  0.5540154816E+01  0.3568516212E-03
  0.6778775916E-04  0.5540032756E+01  0.3756291484E-03
  0.7117714712E-04  0.5539910696E+01  0.3944062618E-03
  0.7456653508E-04  0.5539788636E+01  0.4131829616E-03
  0.7795592304E-04  0.5539666575E+01  0.4319592476E-03
  0.8134531100E-04  0.5539544515E+01  0.4507351199E-03
  0.8473469895E-04  0.5539422455E+01  0.4695105785E-03
  0.8812408691E-04  0.5539300395E+01  0.4882856235E-03
  0.9151347487E-04  0.5539178335E+01  0.5070602547E-03
  0.9490286283E-04  0.5539056275E+01  0.5258344722E-03
  0.9829225079E-04  0.5538934216E+01  0.5446082759E-03
  0.1016816387E-03  0.5538812156E+01  0.5633816660E-03
  0.1050710267E-03  0.5538690096E+01  0.5821546424E-03
  0.1084604147E-03  0.5538568037E+01  0.6009272051E-03
  0.1118498026E-03  0.5538445977E+01  0.6196993540E-03
  0.1152391906E-03  0.5538323918E+01  0.6384710893E-03
  0.1186285785E-03  0.5538201859E+01  0.6572424108E-03
  0.1220179665E-03  0.5538079800E+01  0.6760133186E-03
  0.1254073545E-03  0.5537957741E+01  0.6947838128E-03
  0.1287967424E-03  0.5537835682E+01  0.7135538932E-03
  0.1321861304E-03  0.5537713623E+01  0.7323235599E-03
  0.1355755183E-03  0.5537591564E+01  0.7510928129E-03
  0.1389649063E-03  0.5537469505E+01  0.7698616522E-03
  0.1423542942E-03  0.5537347447E+01  0.7886300779E-03
  0.1457436822E-03  0.5537225388E+01  0.8073980898E-03
  0.1491330702E-03  0.5537103330E+01  0.8261656880E-03
  0.1525224581E-03  0.5536981272E+01  0.8449328725E-03
  0.1559118461E-03  0.5536859214E+01  0.8636996433E-03
  0.1593012340E-03  0.5536737156E+01  0.8824660003E-03
  0.1626906220E-03  0.5536615098E+01  0.9012319437E-03
  0.1660800099E-03  0.5536493040E+01  0.9199974734E-03
  0.1694693979E-03  0.5536370982E+01  0.9387625894E-03
  0.1728587859E-03  0.5536248925E+01  0.9575272917E-03
  0.1762481738E-03  0.5536126868E+01  0.9762915803E-03
  0.1796375618E-03  0.5536004811E+01  0.9950554552E-03
  0.1830269497E-03  0.5535882753E+01  0.1013818916E-02
  0.1864163377E-03  0.5535760697E+01  0.1032581964E-02
  0.1898057257E-03  0.5535638640E+01  0.1051344598E-02
  0.1931951136E-03  0.5535516583E+01  0.1070106818E-02
  0.1965845016E-03  0.5535394527E+01  0.1088868624E-02
  0.1999738895E-03  0.5535272470E+01  0.1107630017E-02
  0.2033632775E-03  0.5535150414E+01  0.1126390996E-02
  0.2067526654E-03  0.5535028358E+01  0.1145151561E-02
  0.2101420534E-03  0.5534906303E+01  0.1163911713E-02
  0.2135314414E-03  0.5534784247E+01  0.1182671451E-02
  0.2169208293E-03  0.5534662191E+01  0.1201430775E-02
  0.2203102173E-03  0.5534540136E+01  0.1220189686E-02
  0.2236996052E-03  0.5534418081E+01  0.1238948182E-02
  0.2270889932E-03  0.5534296026E+01  0.1257706266E-02
  0.2304783812E-03  0.5534173971E+01  0.1276463935E-02
  0.2338677691E-03  0.5534051917E+01  0.1295221191E-02
  0.2372571571E-03  0.5533929862E+01  0.1313978033E-02
  0.2406465450E-03  0.5533807808E+01  0.1332734461E-02
  0.2440359330E-03  0.5533685754E+01  0.1351490476E-02
  0.2474253209E-03  0.5533563700E+01  0.1370246077E-02
  0.2508147089E-03  0.5533441646E+01  0.1389001264E-02
  0.2542040969E-03  0.5533319593E+01  0.1407756038E-02
  0.2575934848E-03  0.5533197540E+01  0.1426510398E-02
  0.2609828728E-03  0.5533075487E+01  0.1445264344E-02
  0.2643722607E-03  0.5532953434E+01  0.1464017877E-02
  0.2677616487E-03  0.5532831381E+01  0.1482770996E-02
  0.2711510367E-03  0.5532709329E+01  0.1501523701E-02
  0.2745404246E-03  0.5532587276E+01  0.1520275992E-02
  0.2779298126E-03  0.5532465224E+01  0.1539027870E-02
  0.2813192005E-03  0.5532343172E+01  0.1557779334E-02
  0.2847085885E-03  0.5532221121E+01  0.1576530385E-02
  0.2880979764E-03  0.5532099070E+01  0.1595281022E-02
  0.2914873644E-03  0.5531977018E+01  0.1614031245E-02
  0.2948767524E-03  0.5531854968E+01  0.1632781054E-02
  0.2982661403E-03  0.5531732917E+01  0.1651530450E-02
  0.3016555283E-03  0.5531610866E+01  0.1670279432E-02
  0.3050449162E-03  0.5531488816E+01  0.1689028001E-02
  0.3084343042E-03  0.5531366766E+01  0.1707776155E-02
  0.3118236921E-03  0.5531244717E+01  0.1726523896E-02
  0.3152130801E-03  0.5531122667E+01  0.1745271224E-02
  0.3186024681E-03  0.5531000618E+01  0.1764018137E-02
  0.3219918560E-03  0.5530878569E+01  0.1782764638E-02
  0.3253812440E-03  0.5530756520E+01  0.1801510724E-02
  0.3287706319E-03  0.5530634472E+01  0.1820256397E-02
  0.3321600199E-03  0.5530512423E+01  0.1839001656E-02
  0.3355494079E-03  0.5530390376E+01  0.1857746501E-02
  0.3389387958E-03  0.5530268328E+01  0.1876490933E-02
  0.3423624200E-03  0.5530145048E+01  0.1895424282E-02
  0.3458206263E-03  0.5530020522E+01  0.1914548449E-02
  0.3493137639E-03  0.5529894740E+01  0.1933865352E-02
  0.3528421858E-03  0.5529767687E+01  0.1953376930E-02
  0.3564062483E-03  0.5529639351E+01  0.1973085138E-02
  0.3600063114E-03  0.5529509719E+01  0.1992991956E-02
  0.3636427388E-03  0.5529378777E+01  0.2013099378E-02
  0.3673158977E-03  0.5529246514E+01  0.2033409423E-02
  0.3710261593E-03  0.5529112915E+01  0.2053924126E-02
  0.3747738983E-03  0.5528977967E+01  0.2074645545E-02
  0.3785594932E-03  0.5528841656E+01  0.2095575758E-02
  0.3823833265E-03  0.5528703968E+01  0.2116716863E-02
  0.3862457844E-03  0.5528564890E+01  0.2138070981E-02
  0.3901472569E-03  0.5528424408E+01  0.2159640251E-02
  0.3940881383E-03  0.5528282507E+01  0.2181426836E-02
  0.3980688266E-03  0.5528139173E+01  0.2203432920E-02
  0.4020897238E-03  0.5527994392E+01  0.2225660709E-02
  0.4061512362E-03  0.5527848149E+01  0.2248112429E-02
  0.4102537739E-03  0.5527700429E+01  0.2270790332E-02
  0.4143977514E-03  0.5527551218E+01  0.2293696689E-02
  0.4185835873E-03  0.5527400499E+01  0.2316833796E-02
  0.4228117043E-03  0.5527248259E+01  0.2340203970E-02
  0.4270825296E-03  0.5527094482E+01  0.2363809553E-02
  0.4313964946E-03  0.5526939152E+01  0.2387652910E-02
  0.4357540349E-03  0.5526782253E+01  0.2411736429E-02
  0.4401555908E-03  0.5526623770E+01  0.2436062521E-02
  0.4446016069E-03  0.5526463687E+01  0.2460633623E-02
  0.4490925322E-03  0.5526301987E+01  0.2485452196E-02
  0.4536288204E-03  0.5526138655E+01  0.2510520724E-02
  0.4582109297E-03  0.5525973674E+01  0.2535841717E-02
  0.4628393230E-03  0.5525807027E+01  0.2561417711E-02
  0.4675144676E-03  0.5525638697E+01  0.2587251265E-02
  0.4722368360E-03  0.5525468667E+01  0.2613344964E-02
  0.4770069051E-03  0.5525296921E+01  0.2639701422E-02
  0.4818251566E-03  0.5525123441E+01  0.2666323275E-02
  0.4866920774E-03  0.5524948209E+01  0.2693213186E-02
  0.4916081590E-03  0.5524771208E+01  0.2720373847E-02
  0.4965738980E-03  0.5524592420E+01  0.2747807975E-02
  0.5015897959E-03  0.5524411827E+01  0.2775518314E-02
  0.5066563595E-03  0.5524229411E+01  0.2803507636E-02
  0.5117741005E-03  0.5524045153E+01  0.2831778740E-02
  0.5169435359E-03  0.5523859034E+01  0.2860334453E-02
  0.5221651878E-03  0.5523671037E+01  0.2889177631E-02
  0.5274395836E-03  0.5523481141E+01  0.2918311158E-02
  0.5327672562E-03  0.5523289329E+01  0.2947737946E-02
  0.5381487436E-03  0.5523095580E+01  0.2977460936E-02
  0.5435845895E-03  0.5522899875E+01  0.3007483101E-02
  0.5490753429E-03  0.5522702194E+01  0.3037807440E-02
  0.5546215585E-03  0.5522502518E+01  0.3068436983E-02
  0.5602237965E-03  0.5522300826E+01  0.3099374791E-02
  0.5658826227E-03  0.5522097098E+01  0.3130623956E-02
  0.5715986088E-03  0.5521891313E+01  0.3162187598E-02
  0.5773723321E-03  0.5521683451E+01  0.3194068870E-02
  0.5832043759E-03  0.5521473491E+01  0.3226270957E-02
  0.5890953291E-03  0.5521261411E+01  0.3258797075E-02
  0.5950457870E-03  0.5521047191E+01  0.3291650471E-02
  0.6010563505E-03  0.5520830808E+01  0.3324834426E-02
  0.6071276268E-03  0.5520612241E+01  0.3358352251E-02
  0.6132602291E-03  0.5520391467E+01  0.3392207294E-02
  0.6194547769E-03  0.5520168466E+01  0.3426402932E-02
  0.6257118958E-03  0.5519943213E+01  0.3460942578E-02
  0.6320322180E-03  0.5519715687E+01  0.3495829678E-02
  0.6384163818E-03  0.5519485864E+01  0.3531067714E-02
  0.6448650321E-03  0.5519253722E+01  0.3566660199E-02
  0.6513788203E-03  0.5519019236E+01  0.3602610686E-02
  0.6579584044E-03  0.5518782384E+01  0.3638922757E-02
  0.6646044489E-03  0.5518543142E+01  0.3675600036E-02
  0.6713176251E-03  0.5518301485E+01  0.3712646177E-02
  0.6780986112E-03  0.5518057389E+01  0.3750064875E-02
  0.6849480921E-03  0.5517810829E+01  0.3787859860E-02
  0.6918667597E-03  0.5517561782E+01  0.3826034897E-02
  0.6988553129E-03  0.5517310221E+01  0.3864593792E-02
  0.7059144575E-03  0.5517056121E+01  0.3903540385E-02
  0.7130449065E-03  0.5516799457E+01  0.3942878558E-02
  0.7202473803E-03  0.5516540203E+01  0.3982612228E-02
  0.7275226064E-03  0.5516278333E+01  0.4022745352E-02
  0.7348713196E-03  0.5516013821E+01  0.4063281928E-02
  0.7422942622E-03  0.5515746639E+01  0.4104225990E-02
  0.7497921840E-03  0.5515476762E+01  0.4145581616E-02
  0.7573658425E-03  0.5515204161E+01  0.4187352921E-02
  0.7650160025E-03  0.5514928810E+01  0.4229544062E-02
  0.7727434369E-03  0.5514650680E+01  0.4272159238E-02
  0.7805489261E-03  0.5514369745E+01  0.4315202688E-02
  0.7884332587E-03  0.5514085974E+01  0.4358678694E-02
  0.7963972310E-03  0.5513799341E+01  0.4402591581E-02
  0.8044416475E-03  0.5513509817E+01  0.4446945715E-02
  0.8125673207E-03  0.5513217371E+01  0.4491745505E-02
  0.8207750714E-03  0.5512921975E+01  0.4536995407E-02
  0.8290657287E-03  0.5512623599E+01  0.4582699917E-02
  0.8374401300E-03  0.5512322213E+01  0.4628863577E-02
  0.8458991212E-03  0.5512017787E+01  0.4675490975E-02
  0.8544435568E-03  0.5511710290E+01  0.4722586742E-02
  0.8630742998E-03  0.5511399691E+01  0.4770155556E-02
  0.8717922220E-03  0.5511085959E+01  0.4818202143E-02
  0.8805982040E-03  0.5510769063E+01  0.4866731271E-02
  0.8894931354E-03  0.5510448971E+01  0.4915747760E-02
  0.8984779145E-03  0.5510125650E+01  0.4965256475E-02
  0.9075534490E-03  0.5509799069E+01  0.5015262328E-02
  0.9167206556E-03  0.5509469194E+01  0.5065770282E-02
  0.9259804602E-03  0.5509135992E+01  0.5116785348E-02
  0.9353337982E-03  0.5508799430E+01  0.5168312585E-02
  0.9447816143E-03  0.5508459474E+01  0.5220357103E-02
  0.9543248629E-03  0.5508116090E+01  0.5272924063E-02
  0.9639645080E-03  0.5507769243E+01  0.5326018675E-02
  0.9737015233E-03  0.5507418900E+01  0.5379646203E-02
  0.9835368922E-03  0.5507065023E+01  0.5433811959E-02
  0.9934716083E-03  0.5506707579E+01  0.5488521311E-02
  0.1003506675E-02  0.5506346531E+01  0.5543779678E-02
  0.1013643106E-02  0.5505981843E+01  0.5599592531E-02
  0.1023881925E-02  0.5505613479E+01  0.5655965398E-02
  0.1034224167E-02  0.5505241401E+01  0.5712903859E-02
  0.1044670876E-02  0.5504865573E+01  0.5770413550E-02
  0.1055223107E-02  0.5504485956E+01  0.5828500161E-02
  0.1065881926E-02  0.5504102512E+01  0.5887169438E-02
  0.1076648410E-02  0.5503715204E+01  0.5946427185E-02
  0.1087523647E-02  0.5503323993E+01  0.6006279262E-02
  0.1098508734E-02  0.5502928838E+01  0.6066731587E-02
  0.1109604782E-02  0.5502529702E+01  0.6127790134E-02
  0.1120812911E-02  0.5502126543E+01  0.6189460938E-02
  0.1132134253E-02  0.5501719322E+01  0.6251750092E-02
  0.1143569953E-02  0.5501307990E+01  0.6314663749E-02
  0.1155121165E-02  0.5500892512E+01  0.6378208122E-02
  0.1166789055E-02  0.5500472848E+01  0.6442389486E-02
  0.1178574803E-02  0.5500048956E+01  0.6507214175E-02
  0.1190479599E-02  0.5499620792E+01  0.6572688587E-02
  0.1202504646E-02  0.5499188315E+01  0.6638819182E-02
  0.1214651157E-02  0.5498751482E+01  0.6705612484E-02
  0.1226920361E-02  0.5498310248E+01  0.6773075078E-02
  0.1239313496E-02  0.5497864570E+01  0.6841213618E-02
  0.1251831814E-02  0.5497414403E+01  0.6910034818E-02
  0.1264476580E-02  0.5496959701E+01  0.6979545461E-02
  0.1277249070E-02  0.5496500421E+01  0.7049752394E-02
  0.1290150576E-02  0.5496036515E+01  0.7120662534E-02
  0.1303182400E-02  0.5495567938E+01  0.7192282861E-02
  0.1316345859E-02  0.5495094643E+01  0.7264620427E-02
  0.1329642282E-02  0.5494616583E+01  0.7337682350E-02
  0.1343073012E-02  0.5494133709E+01  0.7411475820E-02
  0.1356639406E-02  0.5493645974E+01  0.7486008095E-02
  0.1370342834E-02  0.5493153330E+01  0.7561286503E-02
  0.1384184681E-02  0.5492655726E+01  0.7637318446E-02
  0.1398166344E-02  0.5492153114E+01  0.7714111396E-02
  0.1412289237E-02  0.5491645444E+01  0.7791672899E-02
  0.1426554785E-02  0.5491132665E+01  0.7870010572E-02
  0.1440964429E-02  0.5490614725E+01  0.7949132109E-02
  0.1455519625E-02  0.5490091575E+01  0.8029045276E-02
  0.1470221844E-02  0.5489563160E+01  0.8109757917E-02
  0.1485072569E-02  0.5489029430E+01  0.8191277951E-02
  0.1500073302E-02  0.5488490330E+01  0.8273613372E-02
  0.1515225558E-02  0.5487945808E+01  0.8356772255E-02
  0.1530530867E-02  0.5487395809E+01  0.8440762751E-02
  0.1545990774E-02  0.5486840278E+01  0.8525593090E-02
  0.1561606843E-02  0.5486279161E+01  0.8611271582E-02
  0.1577380649E-02  0.5485712402E+01  0.8697806617E-02
  0.1593313787E-02  0.5485139945E+01  0.8785206669E-02
  0.1609407866E-02  0.5484561732E+01  0.8873480290E-02
  0.1625664511E-02  0.5483977707E+01  0.8962636116E-02
  0.1642085364E-02  0.5483387811E+01  0.9052682868E-02
  0.1658672085E-02  0.5482791987E+01  0.9143629350E-02
  0.1675426349E-02  0.5482190175E+01  0.9235484450E-02
  0.1692349847E-02  0.5481582316E+01  0.9328257144E-02
  0.1709444290E-02  0.5480968350E+01  0.9421956492E-02
  0.1726711404E-02  0.5480348215E+01  0.9516591643E-02
  0.1744152934E-02  0.5479721851E+01  0.9612171835E-02
  0.1761770640E-02  0.5479089197E+01  0.9708706393E-02
  0.1779566303E-02  0.5478450188E+01  0.9806204732E-02
  0.1797541720E-02  0.5477804763E+01  0.9904676359E-02
  0.1815698707E-02  0.5477152857E+01  0.1000413087E-01
  0.1834039098E-02  0.5476494407E+01  0.1010457796E-01
  0.1852564746E-02  0.5475829347E+01  0.1020602740E-01
  0.1871277521E-02  0.5475157612E+01  0.1030848908E-01
  0.1890179314E-02  0.5474479137E+01  0.1041197297E-01
  0.1909272034E-02  0.5473793853E+01  0.1051648912E-01
  0.1928557610E-02  0.5473101694E+01  0.1062204772E-01
  0.1948037990E-02  0.5472402592E+01  0.1072865901E-01
  0.1967715142E-02  0.5471696478E+01  0.1083633335E-01
  0.1987591052E-02  0.5470983283E+01  0.1094508122E-01
  0.2007667730E-02  0.5470262936E+01  0.1105491315E-01
  0.2027947202E-02  0.5469535368E+01  0.1116583982E-01
  0.2048431517E-02  0.5468800507E+01  0.1127787198E-01
  0.2069122744E-02  0.5468058280E+01  0.1139102049E-01
  0.2090022974E-02  0.5467308616E+01  0.1150529633E-01
  0.2111134317E-02  0.5466551441E+01  0.1162071057E-01
  0.2132458906E-02  0.5465786681E+01  0.1173727438E-01
  0.2153998895E-02  0.5465014262E+01  0.1185499904E-01
  0.2175756460E-02  0.5464234107E+01  0.1197389596E-01
  0.2197733798E-02  0.5463446141E+01  0.1209397662E-01
  0.2219933129E-02  0.5462650287E+01  0.1221525264E-01
  0.2242356696E-02  0.5461846468E+01  0.1233773573E-01
  0.2265006764E-02  0.5461034605E+01  0.1246143773E-01
  0.2287885620E-02  0.5460214619E+01  0.1258637057E-01
  0.2310995576E-02  0.5459386431E+01  0.1271254632E-01
  0.2334338965E-02  0.5458549961E+01  0.1283997714E-01
  0.2357918147E-02  0.5457705127E+01  0.1296867532E-01
  0.2381735502E-02  0.5456851847E+01  0.1309865326E-01
  0.2405793436E-02  0.5455990038E+01  0.1322992348E-01
  0.2430094380E-02  0.5455119618E+01  0.1336249861E-01
  0.2454640788E-02  0.5454240503E+01  0.1349639141E-01
  0.2479435139E-02  0.5453352606E+01  0.1363161476E-01
  0.2504479939E-02  0.5452455843E+01  0.1376818165E-01
  0.2529777716E-02  0.5451550127E+01  0.1390610521E-01
  0.2555331026E-02  0.5450635371E+01  0.1404539867E-01
  0.2581142450E-02  0.5449711487E+01  0.1418607541E-01
  0.2607214596E-02  0.5448778386E+01  0.1432814892E-01
  0.2633550097E-02  0.5447835978E+01  0.1447163282E-01
  0.2660151614E-02  0.5446884174E+01  0.1461654086E-01
  0.2687021832E-02  0.5445922881E+01  0.1476288691E-01
  0.2714163467E-02  0.5444952008E+01  0.1491068498E-01
  0.2741579259E-02  0.5443971463E+01  0.1505994922E-01
  0.2769271979E-02  0.5442981151E+01  0.1521069388E-01
  0.2797244423E-02  0.5441980978E+01  0.1536293338E-01
  0.2825499417E-02  0.5440970848E+01  0.1551668225E-01
  0.2854039815E-02  0.5439950666E+01  0.1567195517E-01
  0.2882868500E-02  0.5438920335E+01  0.1582876694E-01
  0.2911988384E-02  0.5437879757E+01  0.1598713252E-01
  0.2941402408E-02  0.5436828833E+01  0.1614706699E-01
  0.2971113544E-02  0.5435767463E+01  0.1630858558E-01
  0.3001124792E-02  0.5434695548E+01  0.1647170366E-01
  0.3031439184E-02  0.5433612986E+01  0.1663643674E-01
  0.3062059781E-02  0.5432519675E+01  0.1680280048E-01
  0.3092989678E-02  0.5431415512E+01  0.1697081067E-01
  0.3124231998E-02  0.5430300394E+01  0.1714048328E-01
  0.3155789897E-02  0.5429174216E+01  0.1731183438E-01
  0.3187666563E-02  0.5428036871E+01  0.1748488022E-01
  0.3219865215E-02  0.5426888254E+01  0.1765963720E-01
  0.3252389106E-02  0.5425728258E+01  0.1783612186E-01
  0.3285241521E-02  0.5424556774E+01  0.1801435089E-01
  0.3318425779E-02  0.5423373693E+01  0.1819434115E-01
  0.3351945231E-02  0.5422178906E+01  0.1837610965E-01
  0.3385803264E-02  0.5420972300E+01  0.1855967353E-01
  0.3420003297E-02  0.5419753765E+01  0.1874505012E-01
  0.3454548785E-02  0.5418523188E+01  0.1893225691E-01
  0.3489443217E-02  0.5417280456E+01  0.1912131151E-01
  0.3524690118E-02  0.5416025453E+01  0.1931223174E-01
  0.3560293049E-02  0.5414758064E+01  0.1950503556E-01
  0.3596255605E-02  0.5413478174E+01  0.1969974109E-01
  0.3632581419E-02  0.5412185664E+01  0.1989636661E-01
  0.3669274160E-02  0.5410880418E+01  0.2009493060E-01
  0.3706337536E-02  0.5409562315E+01  0.2029545166E-01
  0.3743775289E-02  0.5408231235E+01  0.2049794860E-01
  0.3781591201E-02  0.5406887059E+01  0.2070244038E-01
  0.3819789092E-02  0.5405529664E+01  0.2090894614E-01
  0.3858372820E-02  0.5404158928E+01  0.2111748519E-01
  0.3897346283E-02  0.5402774726E+01  0.2132807700E-01
  0.3936713417E-02  0.5401376935E+01  0.2154074124E-01
  0.3976478199E-02  0.5399966628E+01  0.2175549778E-01
  0.4016644645E-02  0.5398542976E+01  0.2197236666E-01
  0.4057216813E-02  0.5397105420E+01  0.2219136809E-01
  0.4098198801E-02  0.5395653834E+01  0.2241252245E-01
  0.4139594749E-02  0.5394188092E+01  0.2263585032E-01
  0.4181408837E-02  0.5392708227E+01  0.2286137244E-01
  0.4223645290E-02  0.5391215223E+01  0.2308910977E-01
  0.4266308374E-02  0.5389707732E+01  0.2331908348E-01
  0.4309402398E-02  0.5388185627E+01  0.2355131488E-01
  0.4352931715E-02  0.5386648777E+01  0.2378582547E-01
  0.4396900722E-02  0.5385097052E+01  0.2402263696E-01
  0.4441313861E-02  0.5383530321E+01  0.2426177123E-01
  0.4486175617E-02  0.5381946811E+01  0.2450325033E-01
  0.4531490522E-02  0.5380347927E+01  0.2474709652E-01
  0.4577263154E-02  0.5378733575E+01  0.2499333225E-01
  0.4623498135E-02  0.5377103618E+01  0.2524198022E-01
  0.4670200136E-02  0.5375457920E+01  0.2549306329E-01
  0.4717373875E-02  0.5373796343E+01  0.2574660455E-01
  0.4765024116E-02  0.5372118748E+01  0.2600262727E-01
  0.4813155673E-02  0.5370424998E+01  0.2626115495E-01
  0.4861773407E-02  0.5368714952E+01  0.2652221127E-01
  0.4910882230E-02  0.5366986931E+01  0.2678582011E-01
  0.4960487101E-02  0.5365242769E+01  0.2705200554E-01
  0.5010593031E-02  0.5363481844E+01  0.2732079191E-01
  0.5061205082E-02  0.5361704014E+01  0.2759220373E-01
  0.5112328365E-02  0.5359909133E+01  0.2786626577E-01
  0.5163968046E-02  0.5358097055E+01  0.2814300298E-01
  0.5216129339E-02  0.5356267636E+01  0.2842244054E-01
  0.5268817514E-02  0.5354420727E+01  0.2870460385E-01
  0.5322037893E-02  0.5352556182E+01  0.2898951853E-01
  0.5375795852E-02  0.5350673854E+01  0.2927721043E-01
  0.5430096820E-02  0.5348773592E+01  0.2956770561E-01
  0.5484946283E-02  0.5346855248E+01  0.2986103036E-01
  0.5540349781E-02  0.5344918673E+01  0.3015721119E-01
  0.5596312910E-02  0.5342963715E+01  0.3045627486E-01
  0.5652841323E-02  0.5340990225E+01  0.3075824835E-01
  0.5709940730E-02  0.5338998049E+01  0.3106315885E-01
  0.5767616899E-02  0.5336987037E+01  0.3137103381E-01
  0.5825875656E-02  0.5334957036E+01  0.3168190090E-01
  0.5884722885E-02  0.5332907893E+01  0.3199578805E-01
  0.5944164530E-02  0.5330839455E+01  0.3231272339E-01
  0.6004206596E-02  0.5328751568E+01  0.3263273532E-01
  0.6064855147E-02  0.5326644077E+01  0.3295585248E-01
  0.6126116310E-02  0.5324516828E+01  0.3328210373E-01
  0.6187996273E-02  0.5322369667E+01  0.3361151820E-01
  0.6250501286E-02  0.5320202437E+01  0.3394412526E-01
  0.6313637663E-02  0.5318014646E+01  0.3427995450E-01
  0.6377411780E-02  0.5315805375E+01  0.3461903574E-01
  0.6441830081E-02  0.5313575510E+01  0.3496139907E-01
  0.6506899072E-02  0.5311324892E+01  0.3530707484E-01
  0.6572625325E-02  0.5309053364E+01  0.3565609368E-01
  0.6639015480E-02  0.5306760766E+01  0.3600848645E-01
  0.6706076242E-02  0.5304446940E+01  0.3636428429E-01
  0.6773814386E-02  0.5302113196E+01  0.3672351864E-01
  0.6842236754E-02  0.5299760370E+01  0.3708622128E-01
  0.6911350256E-02  0.5297385992E+01  0.3745242423E-01
  0.6981161875E-02  0.5294989910E+01  0.3782215969E-01
  0.7051678662E-02  0.5292572105E+01  0.3819546011E-01
  0.7122907739E-02  0.5290133648E+01  0.3857235830E-01
  0.7194856302E-02  0.5287673091E+01  0.3895288729E-01
  0.7267531618E-02  0.5285190283E+01  0.3933708039E-01
  0.7340941029E-02  0.5282685074E+01  0.3972497114E-01
  0.7415091948E-02  0.5280157314E+01  0.4011659337E-01
  0.7489991867E-02  0.5277606855E+01  0.4051198121E-01
  0.7565648350E-02  0.5275033547E+01  0.4091116904E-01
  0.7642069041E-02  0.5272437242E+01  0.4131419154E-01
  0.7719261657E-02  0.5269817794E+01  0.4172108367E-01
  0.7797233997E-02  0.5267175055E+01  0.4213188066E-01
  0.7875993937E-02  0.5264508880E+01  0.4254661806E-01
  0.7955549431E-02  0.5261819124E+01  0.4296533167E-01
  0.8035908516E-02  0.5259105644E+01  0.4338805762E-01
  0.8117079309E-02  0.5256368295E+01  0.4381483230E-01
  0.8199070009E-02  0.5253606938E+01  0.4424569241E-01
  0.8281888898E-02  0.5250821430E+01  0.4468067495E-01
  0.8365544342E-02  0.5248011632E+01  0.4511981722E-01
  0.8450044790E-02  0.5245177399E+01  0.4556315681E-01
  0.8535398777E-02  0.5242318386E+01  0.4601073160E-01
  0.8621614927E-02  0.5239434663E+01  0.4646257979E-01
  0.8708701946E-02  0.5236526097E+01  0.4691873989E-01
  0.8796668632E-02  0.5233592556E+01  0.4737925072E-01
  0.8885523871E-02  0.5230633907E+01  0.4784415139E-01
  0.8975276638E-02  0.5227650023E+01  0.4831348134E-01
  0.9065935997E-02  0.5224636219E+01  0.4878728013E-01
  0.9157511109E-02  0.5221584823E+01  0.4926558706E-01
  0.9250011221E-02  0.5218507205E+01  0.4974844190E-01
  0.9343445678E-02  0.5215403227E+01  0.5023588528E-01
  0.9437823917E-02  0.5212272753E+01  0.5072795813E-01
  0.9533155471E-02  0.5209115648E+01  0.5122470171E-01
  0.9629449971E-02  0.5205931778E+01  0.5172615760E-01
  0.9726717143E-02  0.5202721013E+01  0.5223236770E-01
  0.9824966811E-02  0.5199483223E+01  0.5274337426E-01
  0.9924208900E-02  0.5196218282E+01  0.5325921983E-01
  0.1002445343E-01  0.5192926064E+01  0.5377994730E-01
  0.1012571054E-01  0.5189606446E+01  0.5430559989E-01
  0.1022799044E-01  0.5186261829E+01  0.5483622130E-01
  0.1033130348E-01  0.5182893675E+01  0.5537185576E-01
  0.1043566008E-01  0.5179497802E+01  0.5591254774E-01
  0.1054107079E-01  0.5176074086E+01  0.5645834182E-01
  0.1064754625E-01  0.5172624910E+01  0.5700928307E-01
  0.1075509722E-01  0.5169160746E+01  0.5756541762E-01
  0.1086373457E-01  0.5165668347E+01  0.5812679182E-01
  0.1097346926E-01  0.5162129358E+01  0.5869345068E-01
  0.1108431238E-01  0.5158561934E+01  0.5926543951E-01
  0.1119627514E-01  0.5154964966E+01  0.5984280493E-01
  0.1130936882E-01  0.5151316424E+01  0.6042559262E-01
  0.1142360487E-01  0.5147633198E+01  0.6101384828E-01
  0.1153899482E-01  0.5143920155E+01  0.6160761918E-01
  0.1165555032E-01  0.5140177179E+01  0.6220695325E-01
  0.1177328316E-01  0.5136404156E+01  0.6281189876E-01
  0.1189220521E-01  0.5132600974E+01  0.6342250434E-01
  0.1201232849E-01  0.5128767524E+01  0.6403881899E-01
  0.1213366514E-01  0.5124903700E+01  0.6466089205E-01
  0.1225622742E-01  0.5121009397E+01  0.6528877326E-01
  0.1238002770E-01  0.5117084514E+01  0.6592251269E-01
  0.1250507848E-01  0.5113128951E+01  0.6656216080E-01
  0.1263139240E-01  0.5109142612E+01  0.6720776842E-01
  0.1275898223E-01  0.5105125402E+01  0.6785938674E-01
  0.1288786083E-01  0.5101131828E+01  0.6851707085E-01
  0.1301804125E-01  0.5097109259E+01  0.6918087647E-01
  0.1314953661E-01  0.5093048565E+01  0.6985085573E-01
  0.1328236022E-01  0.5088934980E+01  0.7052705960E-01
  0.1341652547E-01  0.5084790905E+01  0.7120953986E-01
  0.1355204593E-01  0.5080616277E+01  0.7189835019E-01
  0.1368893528E-01  0.5076411032E+01  0.7259354463E-01
  0.1382720736E-01  0.5072175110E+01  0.7329517766E-01
  0.1396687612E-01  0.5067908451E+01  0.7400330411E-01
  0.1410795567E-01  0.5063605266E+01  0.7471797885E-01
  0.1425046028E-01  0.5059269937E+01  0.7543925700E-01
  0.1439440432E-01  0.5054903468E+01  0.7616719451E-01
  0.1453980234E-01  0.5050505802E+01  0.7690184777E-01
  0.1468666903E-01  0.5046095992E+01  0.7764327502E-01
  0.1483501923E-01  0.5041682171E+01  0.7839153693E-01
  0.1498486790E-01  0.5037238133E+01  0.7914669338E-01
  0.1513623021E-01  0.5032763828E+01  0.7990880272E-01
  0.1528912142E-01  0.5028259206E+01  0.8067792373E-01
  0.1544355699E-01  0.5023724216E+01  0.8145411563E-01
  0.1559955252E-01  0.5019145170E+01  0.8223743697E-01
  0.1575712375E-01  0.5014501154E+01  0.8302794400E-01
  0.1591628662E-01  0.5009825343E+01  0.8382569427E-01
  0.1607705719E-01  0.5005117660E+01  0.8463074833E-01
  0.1623945171E-01  0.5000378025E+01  0.8544316715E-01
  0.1640348657E-01  0.4995619376E+01  0.8626301320E-01
  0.1656917836E-01  0.4990866423E+01  0.8709035252E-01
  0.1673654380E-01  0.4986121345E+01  0.8792525398E-01
  0.1690559979E-01  0.4981410094E+01  0.8876778947E-01
  0.1707636343E-01  0.4976671232E+01  0.8961802855E-01
  0.1724885195E-01  0.4971904718E+01  0.9047603612E-01
  0.1742308278E-01  0.4967110495E+01  0.9134187754E-01
  0.1759907351E-01  0.4962288498E+01  0.9221561865E-01
  0.1777684193E-01  0.4957438651E+01  0.9309732576E-01
  0.1795640599E-01  0.4952545120E+01  0.9398706422E-01
  0.1813778383E-01  0.4947613178E+01  0.9488489888E-01
  0.1832099377E-01  0.4942688992E+01  0.9579089970E-01
  0.1850605431E-01  0.4937736125E+01  0.9670513812E-01
  0.1869298415E-01  0.4932754407E+01  0.9762768273E-01
  0.1888180217E-01  0.4927743650E+01  0.9855860260E-01
  0.1907252745E-01  0.4922703649E+01  0.9949796723E-01
  0.1926517924E-01  0.4917634178E+01  0.1004458466E+00
  0.1945977701E-01  0.4912534987E+01  0.1014023111E+00
  0.1965634041E-01  0.4907405808E+01  0.1023674316E+00
  0.1985488931E-01  0.4902246344E+01  0.1033412794E+00
  0.2005544374E-01  0.4897056275E+01  0.1043239262E+00
  0.2025802398E-01  0.4891835254E+01  0.1053154442E+00
  0.2046265049E-01  0.4886577286E+01  0.1063159054E+00
  0.2066934393E-01  0.4881272586E+01  0.1073253806E+00
  0.2087812518E-01  0.4875935402E+01  0.1083439417E+00
  0.2108901533E-01  0.4870600355E+01  0.1093716659E+00
  0.2130203569E-01  0.4865337898E+01  0.1104086424E+00
  0.2151720777E-01  0.4859920310E+01  0.1114549444E+00
  0.2173455330E-01  0.4854540792E+01  0.1125106418E+00
  0.2195409424E-01  0.4849127979E+01  0.1135758181E+00
  0.2217585277E-01  0.4843693092E+01  0.1146505509E+00
  0.2239985128E-01  0.4838193797E+01  0.1157349151E+00
  0.2262611241E-01  0.4832641558E+01  0.1168289821E+00
  0.2285465900E-01  0.4827021008E+01  0.1179328236E+00
  0.2308551414E-01  0.4821287574E+01  0.1190465044E+00
  0.2331870115E-01  0.4815577258E+01  0.1201701002E+00
  0.2355424359E-01  0.4809815948E+01  0.1213036945E+00
  0.2379216524E-01  0.4803924087E+01  0.1224473530E+00
  0.2403249014E-01  0.4797935150E+01  0.1236011359E+00
  0.2427524257E-01  0.4791895287E+01  0.1247651132E+00
  0.2452044704E-01  0.4785803286E+01  0.1259393605E+00
  0.2476812832E-01  0.4779657889E+01  0.1271239533E+00
  0.2501831143E-01  0.4773457795E+01  0.1283189674E+00
  0.2527102165E-01  0.4767248166E+01  0.1295244844E+00
  0.2552628449E-01  0.4760986376E+01  0.1307405865E+00
  0.2578412575E-01  0.4754670503E+01  0.1319673510E+00
  0.2604457147E-01  0.4748306110E+01  0.1332048557E+00
  0.2630764795E-01  0.4741881897E+01  0.1344531784E+00
  0.2657338176E-01  0.4735396311E+01  0.1357123950E+00
  0.2684179976E-01  0.4728847752E+01  0.1369825817E+00
  0.2711292905E-01  0.4722216379E+01  0.1382638119E+00
  0.2738679702E-01  0.4715396434E+01  0.1395561418E+00
  0.2766343134E-01  0.4708508390E+01  0.1408596295E+00
  0.2794285993E-01  0.4701550717E+01  0.1421743494E+00
  0.2822511105E-01  0.4694521850E+01  0.1435003753E+00
  0.2851021318E-01  0.4687420183E+01  0.1448377812E+00
  0.2879819513E-01  0.4680244077E+01  0.1461866403E+00
  0.2908908599E-01  0.4672991853E+01  0.1475470257E+00
  0.2938291514E-01  0.4665765046E+01  0.1489190252E+00
  0.2967971226E-01  0.4658610448E+01  0.1503027491E+00
  0.2997950734E-01  0.4651380654E+01  0.1516982938E+00
  0.3028233064E-01  0.4644188303E+01  0.1531057513E+00
  0.3058821277E-01  0.4636978493E+01  0.1545252228E+00
  0.3089718462E-01  0.4629579178E+01  0.1559567755E+00
  0.3120927739E-01  0.4622280367E+01  0.1574004948E+00
  0.3152452262E-01  0.4614974488E+01  0.1588564951E+00
  0.3184295214E-01  0.4607584815E+01  0.1603248626E+00
  0.3216459812E-01  0.4600109061E+01  0.1618056715E+00
  0.3248949305E-01  0.4592544920E+01  0.1632989948E+00
  0.3281766975E-01  0.4584890066E+01  0.1648049050E+00
  0.3314916136E-01  0.4577142158E+01  0.1663234734E+00
  0.3348400137E-01  0.4569275604E+01  0.1678547667E+00
  0.3382222361E-01  0.4561263635E+01  0.1693988424E+00
  0.3416386223E-01  0.4553153873E+01  0.1709557609E+00
  0.3450895175E-01  0.4544944225E+01  0.1725255901E+00
  0.3485752702E-01  0.4536632609E+01  0.1741083966E+00
  0.3520962325E-01  0.4528216966E+01  0.1757042463E+00
  0.3556527601E-01  0.4519442183E+01  0.1773131588E+00
  0.3592452122E-01  0.4510487971E+01  0.1789351384E+00
  0.3628739518E-01  0.4501416663E+01  0.1805702311E+00
  0.3665393452E-01  0.4492226321E+01  0.1822184931E+00
  0.3702417628E-01  0.4482915065E+01  0.1838799792E+00
  0.3739815786E-01  0.4473481094E+01  0.1855547428E+00
  0.3777591703E-01  0.4463922689E+01  0.1872428359E+00
  0.3815749195E-01  0.4454212663E+01  0.1889443043E+00
  0.3854292116E-01  0.4444364032E+01  0.1906591900E+00
  0.3893224360E-01  0.4434551986E+01  0.1923875706E+00
  0.3932549859E-01  0.4424595424E+01  0.1941295226E+00
  0.3972272585E-01  0.4414513143E+01  0.1958850900E+00
  0.4012396550E-01  0.4404304157E+01  0.1976543196E+00
  0.4052925808E-01  0.4393917763E+01  0.1994372466E+00
  0.4093864453E-01  0.4383391767E+01  0.2012339024E+00
  0.4135216619E-01  0.4372773192E+01  0.2030443343E+00
  0.4176986484E-01  0.4362024096E+01  0.2048685909E+00
  0.4219178266E-01  0.4351137373E+01  0.2067067099E+00
  0.4261796229E-01  0.4340153359E+01  0.2085587354E+00
  0.4304844675E-01  0.4329133963E+01  0.2104247322E+00
  0.4348327955E-01  0.4317988682E+01  0.2123047585E+00
  0.4392250460E-01  0.4306361044E+01  0.2141987737E+00
  0.4436616626E-01  0.4294133349E+01  0.2161066285E+00
  0.4481430935E-01  0.4281743094E+01  0.2180282384E+00
  0.4526697914E-01  0.4269210383E+01  0.2199636175E+00
  0.4572422136E-01  0.4256299826E+01  0.2219127291E+00
  0.4618608218E-01  0.4243171376E+01  0.2238755155E+00
  0.4665260826E-01  0.4229904149E+01  0.2258519709E+00
  0.4712384673E-01  0.4216609701E+01  0.2278421320E+00
  0.4759984518E-01  0.4203467279E+01  0.2298461038E+00
  0.4808065170E-01  0.4190596736E+01  0.2318640641E+00
  0.4856631485E-01  0.4177538646E+01  0.2338961116E+00
  0.4905688368E-01  0.4164367455E+01  0.2359422512E+00
  0.4955240776E-01  0.4151086657E+01  0.2380025051E+00
  0.5005293713E-01  0.4137547312E+01  0.2400768574E+00
  0.5055852235E-01  0.4123815176E+01  0.2421652688E+00
  0.5106921450E-01  0.4110047119E+01  0.2442677532E+00
  0.5158506515E-01  0.4096438589E+01  0.2463844137E+00
  0.5210612641E-01  0.4082788340E+01  0.2485153529E+00
  0.5263245092E-01  0.4069509616E+01  0.2506607300E+00
  0.5316409184E-01  0.4056520528E+01  0.2528207951E+00
  0.5370110287E-01  0.4043510509E+01  0.2549956981E+00
  0.5424353825E-01  0.4030525131E+01  0.2571855194E+00
  0.5479145278E-01  0.4017072575E+01  0.2593902172E+00
  0.5534490180E-01  0.4003490943E+01  0.2616097037E+00
  0.5590394121E-01  0.3989842890E+01  0.2638439981E+00
  0.5646862749E-01  0.3976130671E+01  0.2660931360E+00
  0.5703901766E-01  0.3962355865E+01  0.2683571534E+00
  0.5761516936E-01  0.3948519290E+01  0.2706360855E+00
  0.5819714076E-01  0.3934683915E+01  0.2729299849E+00
  0.5878499067E-01  0.3921638464E+01  0.2752391541E+00
  0.5937877846E-01  0.3909053664E+01  0.2775640387E+00
  0.5997856410E-01  0.3896666825E+01  0.2799049183E+00
  0.6058440818E-01  0.3883697738E+01  0.2822617622E+00
  0.6119637190E-01  0.3870711248E+01  0.2846344707E+00
  0.6181451707E-01  0.3857649465E+01  0.2870230951E+00
  0.6243890613E-01  0.3845040185E+01  0.2894278327E+00
  0.6306960215E-01  0.3832405704E+01  0.2918489000E+00
  0.6370666884E-01  0.3819848987E+01  0.2942863982E+00
  0.6435017054E-01  0.3807331897E+01  0.2967404502E+00
  0.6500017227E-01  0.3794707223E+01  0.2992111195E+00
  0.6565673966E-01  0.3781774815E+01  0.3016983550E+00
  0.6631993905E-01  0.3767912418E+01  0.3042018290E+00
  0.6698983743E-01  0.3753923594E+01  0.3067212618E+00
  0.6766650245E-01  0.3739791198E+01  0.3092566292E+00
  0.6835000248E-01  0.3725521108E+01  0.3118078998E+00
  0.6904040654E-01  0.3711104489E+01  0.3143750380E+00
  0.6973778439E-01  0.3696533167E+01  0.3169579992E+00
  0.7044220645E-01  0.3681799768E+01  0.3195567295E+00
  0.7115374389E-01  0.3666897831E+01  0.3221711662E+00
  0.7187246858E-01  0.3652120370E+01  0.3248013457E+00
  0.7259845311E-01  0.3637387030E+01  0.3274473806E+00
  0.7333177082E-01  0.3622478506E+01  0.3301092745E+00
  0.7407249577E-01  0.3607388143E+01  0.3327869459E+00
  0.7482070280E-01  0.3592109827E+01  0.3354803034E+00
  0.7557646748E-01  0.3576487667E+01  0.3381891897E+00
  0.7633986614E-01  0.3560580054E+01  0.3409134037E+00
  0.7711097590E-01  0.3544916312E+01  0.3436529625E+00
  0.7788987464E-01  0.3529068233E+01  0.3464079213E+00
  0.7867664105E-01  0.3512940401E+01  0.3491781293E+00
  0.7947135460E-01  0.3496556549E+01  0.3519634004E+00
  0.8027409556E-01  0.3479365328E+01  0.3547633295E+00
  0.8108494501E-01  0.3461517387E+01  0.3575773349E+00
  0.8190398485E-01  0.3443397698E+01  0.3604050352E+00
  0.8273129783E-01  0.3423729127E+01  0.3632456668E+00
  0.8356696751E-01  0.3403714005E+01  0.3660984104E+00
  0.8441107829E-01  0.3382737292E+01  0.3689626688E+00
  0.8526371544E-01  0.3361705569E+01  0.3718379500E+00
  0.8612496510E-01  0.3340361938E+01  0.3747240267E+00
  0.8699491424E-01  0.3318696709E+01  0.3776205479E+00
  0.8787365075E-01  0.3296699527E+01  0.3805271430E+00
  0.8876126338E-01  0.3274346640E+01  0.3834434148E+00
  0.8965784180E-01  0.3251640446E+01  0.3863689443E+00
  0.9056347656E-01  0.3228577173E+01  0.3893032995E+00
  0.9147825915E-01  0.3205515332E+01  0.3922461974E+00
  0.9240228197E-01  0.3182820270E+01  0.3951976814E+00
  0.9333563836E-01  0.3159567678E+01  0.3981575355E+00
  0.9427842258E-01  0.3136263150E+01  0.4011253405E+00
  0.9523072988E-01  0.3113694357E+01  0.4041012806E+00
  0.9619265645E-01  0.3092218452E+01  0.4070860968E+00
  0.9716429944E-01  0.3071610562E+01  0.4100806174E+00
  0.9814575701E-01  0.3050948489E+01  0.4130851334E+00
  0.9913712829E-01  0.3030242969E+01  0.4160994927E+00
  0.1001385134E+00  0.3010092091E+01  0.4191238435E+00
  0.1011500136E+00  0.2991193392E+01  0.4221589941E+00
  0.1021717309E+00  0.2972572635E+01  0.4252056356E+00
  0.1032037686E+00  0.2954253570E+01  0.4282639896E+00
  0.1042462309E+00  0.2935329396E+01  0.4313338237E+00
  0.1052992231E+00  0.2916989493E+01  0.4344150469E+00
  0.1063628516E+00  0.2900563989E+01  0.4375089047E+00
  0.1074372239E+00  0.2885156242E+01  0.4406169133E+00
  0.1085224483E+00  0.2872246455E+01  0.4437409505E+00
  0.1096186347E+00  0.2860563669E+01  0.4468830646E+00
  0.1107258936E+00  0.2849938936E+01  0.4500445671E+00
  0.1118443370E+00  0.2840032409E+01  0.4532265225E+00
  0.1129740778E+00  0.2832578981E+01  0.4564308127E+00
  0.1141152301E+00  0.2826577819E+01  0.4596597926E+00
  0.1152679092E+00  0.2821454811E+01  0.4629149772E+00
  0.1164322315E+00  0.2817107347E+01  0.4661975290E+00
  0.1176083146E+00  0.2813582341E+01  0.4695086087E+00
  0.1187962774E+00  0.2811637816E+01  0.4728498847E+00
  0.1199962398E+00  0.2808944355E+01  0.4762221284E+00
  0.1212083230E+00  0.2804537288E+01  0.4796241318E+00
  0.1224326495E+00  0.2800726835E+01  0.4830554685E+00
  0.1236693429E+00  0.2796747197E+01  0.4865166482E+00
  0.1249185282E+00  0.2790011657E+01  0.4900060967E+00
  0.1261803315E+00  0.2783129572E+01  0.4935222007E+00
  0.1274548803E+00  0.2775792145E+01  0.4970647592E+00
  0.1287423034E+00  0.2768057932E+01  0.5006333994E+00
  0.1300427307E+00  0.2761263498E+01  0.5042286397E+00
  0.1313562936E+00  0.2754250746E+01  0.5078511272E+00
  0.1326831249E+00  0.2746588665E+01  0.5115004700E+00
  0.1340233585E+00  0.2739654917E+01  0.5151768940E+00
  0.1353771298E+00  0.2733719306E+01  0.5188817424E+00
  0.1367445755E+00  0.2728133354E+01  0.5226161360E+00
  0.1381258338E+00  0.2723515962E+01  0.5263812041E+00
  0.1395210443E+00  0.2718824945E+01  0.5301778095E+00
  0.1409303478E+00  0.2713490093E+01  0.5340056998E+00
  0.1423538866E+00  0.2704532979E+01  0.5378620830E+00
  0.1437918047E+00  0.2692335011E+01  0.5417422099E+00
  0.1452442472E+00  0.2679057671E+01  0.5456430293E+00
  0.1467113608E+00  0.2664834868E+01  0.5495630781E+00
  0.1481932937E+00  0.2649001372E+01  0.5535004525E+00
  0.1496901957E+00  0.2632811145E+01  0.5574536303E+00
  0.1512022178E+00  0.2615228742E+01  0.5614212066E+00
  0.1527295130E+00  0.2596034531E+01  0.5654007751E+00
  0.1542722353E+00  0.2575534906E+01  0.5693899230E+00
  0.1558305407E+00  0.2554040129E+01  0.5733866453E+00
  0.1574045866E+00  0.2531557639E+01  0.5773891274E+00
  0.1589945319E+00  0.2508808282E+01  0.5813960805E+00
  0.1606005373E+00  0.2487229700E+01  0.5854079124E+00
  0.1622227649E+00  0.2467706051E+01  0.5894269293E+00
  0.1638613787E+00  0.2449352441E+01  0.5934555092E+00
  0.1655165442E+00  0.2429006008E+01  0.5974927543E+00
  0.1671884284E+00  0.2409436180E+01  0.6015374121E+00
  0.1688772004E+00  0.2391214656E+01  0.6055910144E+00
  0.1705830308E+00  0.2373376752E+01  0.6096548067E+00
  0.1723060917E+00  0.2356856175E+01  0.6137300464E+00
  0.1740465572E+00  0.2341763494E+01  0.6178189393E+00
  0.1758046033E+00  0.2327260336E+01  0.6219231187E+00
  0.1775804074E+00  0.2310099689E+01  0.6260406401E+00
  0.1793741488E+00  0.2288579881E+01  0.6301650613E+00
  0.1811860089E+00  0.2264575201E+01  0.6342899013E+00
  0.1830161706E+00  0.2239285183E+01  0.6384112977E+00
  0.1848648188E+00  0.2212688553E+01  0.6425263643E+00
  0.1867321402E+00  0.2184125632E+01  0.6466314969E+00
  0.1886183235E+00  0.2153119145E+01  0.6507219161E+00
  0.1905235591E+00  0.2119691338E+01  0.6547922714E+00
  0.1924480394E+00  0.2086408994E+01  0.6588395502E+00
  0.1943919590E+00  0.2054013469E+01  0.6628638743E+00
  0.1963555142E+00  0.2022974611E+01  0.6668665698E+00
  0.1983389032E+00  0.1992030125E+01  0.6708482280E+00
  0.2003423265E+00  0.1959809911E+01  0.6748068321E+00
  0.2023659863E+00  0.1927042560E+01  0.6787396658E+00
  0.2044100872E+00  0.1891957319E+01  0.6826428763E+00
  0.2064748356E+00  0.1856792575E+01  0.6865129889E+00
  0.2085604400E+00  0.1821563027E+01  0.6903487862E+00
  0.2106671111E+00  0.1787163579E+01  0.6941499862E+00
  0.2127950617E+00  0.1755849102E+01  0.6979196642E+00
  0.2149445068E+00  0.1729190515E+01  0.7016651148E+00
  0.2171156634E+00  0.1705040884E+01  0.7053932420E+00
  0.2193087509E+00  0.1680251534E+01  0.7091053632E+00
  0.2215239908E+00  0.1658057036E+01  0.7128029404E+00
  0.2237616069E+00  0.1638664358E+01  0.7164913388E+00
  0.2260218251E+00  0.1619944916E+01  0.7201739229E+00
  0.2283048739E+00  0.1601785216E+01  0.7238516063E+00
  0.2306109837E+00  0.1586469668E+01  0.7275278393E+00
  0.2329403876E+00  0.1575879497E+01  0.7312110335E+00
  0.2352933208E+00  0.1560418208E+01  0.7349007830E+00
  0.2376700210E+00  0.1544412271E+01  0.7385904087E+00
  0.2400707283E+00  0.1530010003E+01  0.7422808026E+00
  0.2424956851E+00  0.1519154177E+01  0.7459778484E+00
  0.2449451365E+00  0.1510962605E+01  0.7496889103E+00
  0.2474193298E+00  0.1499984493E+01  0.7534137428E+00
  0.2499185149E+00  0.1492032922E+01  0.7571525456E+00
  0.2524429444E+00  0.1484432387E+01  0.7609094839E+00
  0.2549928731E+00  0.1475878239E+01  0.7646837745E+00
  0.2575685587E+00  0.1466263903E+01  0.7684727910E+00
  0.2601702613E+00  0.1456670364E+01  0.7722750939E+00
  0.2627982438E+00  0.1448715592E+01  0.7760927455E+00
  0.2654527715E+00  0.1447996428E+01  0.7799374467E+00
  0.2681341126E+00  0.1452407094E+01  0.7838259323E+00
  0.2708425380E+00  0.1460247798E+01  0.7877702865E+00
  0.2735783212E+00  0.1467138461E+01  0.7917746336E+00
  0.2763417386E+00  0.1471619949E+01  0.7958351416E+00
  0.2791330693E+00  0.1472167532E+01  0.7999436838E+00
  0.2819525952E+00  0.1467778666E+01  0.8040883111E+00
  0.2848006012E+00  0.1449807014E+01  0.8082429619E+00
  0.2876773750E+00  0.1427193308E+01  0.8123812014E+00
  0.2905832071E+00  0.1402937742E+01  0.8164931442E+00
  0.2935183910E+00  0.1373327890E+01  0.8205675693E+00
  0.2964832232E+00  0.1344554306E+01  0.8245966017E+00
  0.2994780032E+00  0.1319018930E+01  0.8285850096E+00
  0.3025030336E+00  0.1293973368E+01  0.8325372001E+00
  0.3055586198E+00  0.1267290665E+01  0.8364502816E+00
  0.3086450705E+00  0.1238174583E+01  0.8403167791E+00
  0.3117626974E+00  0.1204574137E+01  0.8441245688E+00
  0.3149118156E+00  0.1166084566E+01  0.8478573110E+00
  0.3180927430E+00  0.1129945172E+01  0.8515090629E+00
  0.3213058010E+00  0.1093350450E+01  0.8550808518E+00
  0.3245513142E+00  0.1055704017E+01  0.8585682441E+00
  0.3278296103E+00  0.1021490474E+01  0.8619730734E+00
  0.3311410205E+00  0.9882745570E+00  0.8653006516E+00
  0.3344858793E+00  0.9562818131E+00  0.8685527849E+00
  0.3378645245E+00  0.9242785875E+00  0.8717296581E+00
  0.3412772975E+00  0.8924314203E+00  0.8748296675E+00
  0.3447245429E+00  0.8595215619E+00  0.8778493734E+00
  0.3482066090E+00  0.8290579726E+00  0.8807892462E+00
  0.3517238475E+00  0.7996480770E+00  0.8836535200E+00
  0.3552766136E+00  0.7695727427E+00  0.8864410573E+00
  0.3588652663E+00  0.7477326647E+00  0.8891635983E+00
  0.3624901680E+00  0.7359595045E+00  0.8918527175E+00
  0.3661516848E+00  0.7300392167E+00  0.8945366070E+00
  0.3698501867E+00  0.7268348479E+00  0.8972307327E+00
  0.3735860472E+00  0.7242796362E+00  0.8999413133E+00
  0.3773596436E+00  0.7369931171E+00  0.9026984401E+00
  0.3811713572E+00  0.7492467832E+00  0.9055310005E+00
  0.3850215729E+00  0.7604012273E+00  0.9084372358E+00
  0.3889106797E+00  0.7629697953E+00  0.9113995121E+00
  0.3928390704E+00  0.7563372631E+00  0.9143837280E+00
  0.3968071418E+00  0.7458979148E+00  0.9173642162E+00
  0.4008152948E+00  0.7321496650E+00  0.9203263366E+00
  0.4048639341E+00  0.7256921165E+00  0.9232774744E+00
  0.4089534688E+00  0.7274905574E+00  0.9262488949E+00
  0.4130843119E+00  0.7408801329E+00  0.9292816993E+00
  0.4172568807E+00  0.7531894045E+00  0.9323987533E+00
  0.4214715967E+00  0.7610183342E+00  0.9355897311E+00
  0.4257288855E+00  0.7701672164E+00  0.9388490807E+00
  0.4300291773E+00  0.7836226732E+00  0.9421899556E+00
  0.4343729064E+00  0.7993620195E+00  0.9456279839E+00
  0.4387605115E+00  0.8140343569E+00  0.9491674570E+00
  0.4431924359E+00  0.8252107796E+00  0.9527999622E+00
  0.4476691271E+00  0.8335455385E+00  0.9565128322E+00
  0.4521910375E+00  0.8296006698E+00  0.9602731312E+00
  0.4567586237E+00  0.8222990626E+00  0.9640457285E+00
  0.4613723472E+00  0.8133994633E+00  0.9678190588E+00
  0.4660326740E+00  0.8100654373E+00  0.9716019973E+00
  0.4707400747E+00  0.8129622210E+00  0.9754221181E+00
  0.4754950250E+00  0.8156957345E+00  0.9792942119E+00
  0.4802980050E+00  0.8134590317E+00  0.9832066108E+00
  0.4851495000E+00  0.8009671984E+00  0.9871228012E+00
  0.4900500000E+00  0.7832049210E+00  0.9910044189E+00
  0.4950000000E+00  0.7623876624E+00  0.9948297605E+00
  0.5000000000E+00  0.7405122106E+00  0.9986159379E+00
  0.5050000000E+00  0.7196475351E+00  0.1002266337E+01
  0.5099500000E+00  0.6944512492E+00  0.1005766232E+01
  0.5148505000E+00  0.6577703143E+00  0.1009079513E+01
  0.5197019950E+00  0.6141922776E+00  0.1012164973E+01
  0.5245049750E+00  0.5700168854E+00  0.1015008839E+01
  0.5292599253E+00  0.5263399547E+00  0.1017615400E+01
  0.5339673260E+00  0.4835676643E+00  0.1019992420E+01
  0.5386276528E+00  0.4403383220E+00  0.1022145272E+01
  0.5432413763E+00  0.4053941475E+00  0.1024096260E+01
  0.5478089625E+00  0.3768742533E+00  0.1025882799E+01
  0.5523308729E+00  0.3526644907E+00  0.1027532254E+01
  0.5568075641E+00  0.3262990281E+00  0.1029052009E+01
  0.5612394885E+00  0.2973508770E+00  0.1030433993E+01
  0.5656270936E+00  0.2562680441E+00  0.1031648524E+01
  0.5699708227E+00  0.2124788835E+00  0.1032666579E+01
  0.5742711145E+00  0.1656887573E+00  0.1033479694E+01
  0.5785284033E+00  0.1228236489E+00  0.1034093835E+01
  0.5827431193E+00  0.8309606220E-01  0.1034527781E+01
  0.5869156881E+00  0.4418754949E-01  0.1034793331E+01
  0.5910465312E+00 -0.3668618310E-02  0.1034877020E+01
  0.5951360659E+00 -0.5551707977E-01  0.1034755999E+01
  0.5991847052E+00 -0.1051778685E+00  0.1034430701E+01
  0.6031928582E+00 -0.1515067518E+00  0.1033916285E+01
  0.6071609296E+00 -0.1873986786E+00  0.1033243885E+01
  0.6110893203E+00 -0.2198323987E+00  0.1032444003E+01
  0.6149784271E+00 -0.2568229872E+00  0.1031517121E+01
  0.6188286428E+00 -0.2962900959E+00  0.1030452319E+01
  0.6226403564E+00 -0.3398243651E+00  0.1029239976E+01
  0.6264139528E+00 -0.3817692200E+00  0.1027878474E+01
  0.6301498133E+00 -0.4241170255E+00  0.1026373135E+01
  0.6338483152E+00 -0.4622148686E+00  0.1024734085E+01
  0.6375098320E+00 -0.5084220384E+00  0.1022957083E+01
  0.6411347337E+00 -0.5563718352E+00  0.1021027197E+01
  0.6447233864E+00 -0.6046012848E+00  0.1018944032E+01
  0.6482761525E+00 -0.6547612655E+00  0.1016706922E+01
  0.6517933910E+00 -0.6972015667E+00  0.1014329334E+01
  0.6552754571E+00 -0.7398057027E+00  0.1011827457E+01
  0.6587227025E+00 -0.7788138231E+00  0.1009209930E+01
  0.6621354755E+00 -0.8172666599E+00  0.1006486400E+01
  0.6655141207E+00 -0.8504958541E+00  0.1003669011E+01
  0.6688589795E+00 -0.8764612033E+00  0.1000780797E+01
  0.6721703897E+00 -0.9021377124E+00  0.9978359617E+00
  0.6754486858E+00 -0.9210243426E+00  0.9948475291E+00
  0.6786941990E+00 -0.9333925839E+00  0.9918382619E+00
  0.6819072570E+00 -0.9398993087E+00  0.9888287641E+00
  0.6850881844E+00 -0.9447848510E+00  0.9858312424E+00
  0.6882373026E+00 -0.9557179501E+00  0.9828387884E+00
  0.6913549295E+00 -0.9731939276E+00  0.9798319746E+00
  0.6944413802E+00 -0.9972611699E+00  0.9767911183E+00
  0.6974969664E+00 -0.1023388208E+01  0.9737039841E+00
  0.7005219968E+00 -0.1048982536E+01  0.9705694919E+00
  0.7035167768E+00 -0.1075995717E+01  0.9673875707E+00
  0.7064816090E+00 -0.1104908190E+01  0.9641545636E+00
  0.7094167929E+00 -0.1138454901E+01  0.9608622220E+00
  0.7123226250E+00 -0.1178315238E+01  0.9574961495E+00
  0.7151993988E+00 -0.1221247345E+01  0.9540446502E+00
  0.7180474048E+00 -0.1272613917E+01  0.9504933843E+00
  0.7208669307E+00 -0.1326240292E+01  0.9468296158E+00
  0.7236582614E+00 -0.1380719429E+01  0.9430516059E+00
  0.7264216788E+00 -0.1429293411E+01  0.9391689868E+00
  0.7291574620E+00 -0.1465903764E+01  0.9352086709E+00
  0.7318658874E+00 -0.1495539217E+01  0.9311982472E+00
  0.7345472285E+00 -0.1513412207E+01  0.9271642346E+00
  0.7372017562E+00 -0.1532191082E+01  0.9231219154E+00
  0.7398297387E+00 -0.1548036472E+01  0.9190745235E+00
  0.7424314413E+00 -0.1562824997E+01  0.9150277553E+00
  0.7450071269E+00 -0.1576146582E+01  0.9109852533E+00
  0.7475570556E+00 -0.1588807560E+01  0.9069500496E+00
  0.7500814851E+00 -0.1605607978E+01  0.9029180113E+00
  0.7525806702E+00 -0.1626476089E+01  0.8988792230E+00
  0.7550548635E+00 -0.1650257402E+01  0.8948255870E+00
  0.7575043149E+00 -0.1675028578E+01  0.8907530238E+00
  0.7599292717E+00 -0.1697147940E+01  0.8866643326E+00
  0.7623299790E+00 -0.1722275191E+01  0.8825598156E+00
  0.7647066792E+00 -0.1746575488E+01  0.8784376065E+00
  0.7670596124E+00 -0.1769398193E+01  0.8743011809E+00
  0.7693890163E+00 -0.1792115938E+01  0.8701530785E+00
  0.7716951261E+00 -0.1815301486E+01  0.8659935281E+00
  0.7739781749E+00 -0.1837517121E+01  0.8618237466E+00
  0.7762383931E+00 -0.1861920474E+01  0.8576429784E+00
  0.7784760092E+00 -0.1890684712E+01  0.8534445336E+00
  0.7806912491E+00 -0.1923156345E+01  0.8492202471E+00
  0.7828843366E+00 -0.1959665546E+01  0.8449625630E+00
  0.7850554932E+00 -0.1997265745E+01  0.8406670042E+00
  0.7872049383E+00 -0.2039292616E+01  0.8363288240E+00
  0.7893328889E+00 -0.2080646528E+01  0.8319453105E+00
  0.7914395600E+00 -0.2118485300E+01  0.8275222156E+00
  0.7935251644E+00 -0.2153072787E+01  0.8230678255E+00
  0.7955899128E+00 -0.2184835616E+01  0.8185894808E+00
  0.7976340137E+00 -0.2213785586E+01  0.8140938681E+00
  0.7996576735E+00 -0.2243566469E+01  0.8095837859E+00
  0.8016610968E+00 -0.2275303523E+01  0.8050571813E+00
  0.8036444858E+00 -0.2305975241E+01  0.8005139522E+00
  0.8056080410E+00 -0.2334064820E+01  0.7959584650E+00
  0.8075519606E+00 -0.2360450226E+01  0.7913955851E+00
  0.8094764409E+00 -0.2389465583E+01  0.7868250252E+00
  0.8113816765E+00 -0.2417717750E+01  0.7822456168E+00
  0.8132678598E+00 -0.2447084120E+01  0.7776576629E+00
  0.8151351812E+00 -0.2477200673E+01  0.7730600517E+00
  0.8169838294E+00 -0.2507098614E+01  0.7684529438E+00
  0.8188139911E+00 -0.2535642557E+01  0.7638384279E+00
  0.8206258512E+00 -0.2565202603E+01  0.7592174190E+00
  0.8224195926E+00 -0.2594887393E+01  0.7545894853E+00
  0.8241953967E+00 -0.2623895800E+01  0.7499557170E+00
  0.8259534428E+00 -0.2653305221E+01  0.7453169359E+00
  0.8276939083E+00 -0.2681790016E+01  0.7406741611E+00
  0.8294169692E+00 -0.2710324331E+01  0.7360286903E+00
  0.8311227996E+00 -0.2743072943E+01  0.7313774052E+00
  0.8328115716E+00 -0.2776430745E+01  0.7267168135E+00
  0.8344834558E+00 -0.2810834984E+01  0.7220461826E+00
  0.8361386213E+00 -0.2845481571E+01  0.7173651128E+00
  0.8377772351E+00 -0.2881964894E+01  0.7126725764E+00
  0.8393994627E+00 -0.2920422361E+01  0.7079661799E+00
  0.8410054681E+00 -0.2959229860E+01  0.7032448034E+00
  0.8425954134E+00 -0.2995696862E+01  0.6985107994E+00
  0.8441694593E+00 -0.3032024463E+01  0.6937668445E+00
  0.8457277647E+00 -0.3068086170E+01  0.6890139268E+00
  0.8472704870E+00 -0.3103143365E+01  0.6842536799E+00
  0.8487977822E+00 -0.3138433686E+01  0.6794873148E+00
  0.8503098043E+00 -0.3171573927E+01  0.6747168791E+00
  0.8518067063E+00 -0.3204058994E+01  0.6699450304E+00
  0.8532886392E+00 -0.3234673552E+01  0.6651741455E+00
  0.8547557528E+00 -0.3263174787E+01  0.6604076046E+00
  0.8562081953E+00 -0.3289960860E+01  0.6556485784E+00
  0.8576461134E+00 -0.3315724764E+01  0.6508993611E+00
  0.8590696522E+00 -0.3339653078E+01  0.6461622666E+00
  0.8604789557E+00 -0.3361739620E+01  0.6414401185E+00
  0.8618741662E+00 -0.3382473271E+01  0.6367353204E+00
  0.8632554245E+00 -0.3402268213E+01  0.6320495800E+00
  0.8646228702E+00 -0.3421200909E+01  0.6273842181E+00
  0.8659766415E+00 -0.3439890604E+01  0.6227400437E+00
  0.8673168751E+00 -0.3460088873E+01  0.6181162516E+00
  0.8686437064E+00 -0.3480618339E+01  0.6135116780E+00
  0.8699572693E+00 -0.3501455755E+01  0.6089259811E+00
  0.8712576966E+00 -0.3522850040E+01  0.6043586816E+00
  0.8725451197E+00 -0.3544637176E+01  0.5998092587E+00
  0.8738196685E+00 -0.3567712976E+01  0.5952767400E+00
  0.8750814718E+00 -0.3593316282E+01  0.5907588348E+00
  0.8763306571E+00 -0.3619720534E+01  0.5862536250E+00
  0.8775673505E+00 -0.3648110044E+01  0.5817595859E+00
  0.8787916770E+00 -0.3677135502E+01  0.5772753398E+00
  0.8800037602E+00 -0.3706587063E+01  0.5728004966E+00
  0.8812037226E+00 -0.3735599625E+01  0.5683353245E+00
  0.8823916854E+00 -0.3763918773E+01  0.5638807502E+00
  0.8835677685E+00 -0.3791194903E+01  0.5594380293E+00
  0.8847320908E+00 -0.3818188679E+01  0.5550081417E+00
  0.8858847699E+00 -0.3844513549E+01  0.5505918234E+00
  0.8870259222E+00 -0.3870398355E+01  0.5461898787E+00
  0.8881556630E+00 -0.3894551861E+01  0.5418036882E+00
  0.8892741064E+00 -0.3917925841E+01  0.5374347813E+00
  0.8903813653E+00 -0.3940950170E+01  0.5330838759E+00
  0.8914775517E+00 -0.3963592075E+01  0.5287514503E+00
  0.8925627761E+00 -0.3986117479E+01  0.5244378405E+00
  0.8936371484E+00 -0.4008491682E+01  0.5201432475E+00
  0.8947007769E+00 -0.4030725529E+01  0.5158678771E+00
  0.8957537691E+00 -0.4053328612E+01  0.5116116540E+00
  0.8967962314E+00 -0.4075666590E+01  0.5073745685E+00
  0.8978282691E+00 -0.4098531354E+01  0.5031565283E+00
  0.8988499864E+00 -0.4121104655E+01  0.4989574561E+00
  0.8998614866E+00 -0.4144271383E+01  0.4947772416E+00
  0.9008628717E+00 -0.4167584936E+01  0.4906155570E+00
  0.9018542430E+00 -0.4190348685E+01  0.4864726493E+00
  0.9028357006E+00 -0.4212513415E+01  0.4823491230E+00
  0.9038073436E+00 -0.4234828063E+01  0.4782452229E+00
  0.9047692701E+00 -0.4256727120E+01  0.4741610966E+00
  0.9057215774E+00 -0.4277724910E+01  0.4700973861E+00
  0.9066643616E+00 -0.4297968747E+01  0.4660548718E+00
  0.9075977180E+00 -0.4317980269E+01  0.4620339963E+00
  0.9085217408E+00 -0.4337910798E+01  0.4580348759E+00
  0.9094365234E+00 -0.4356914556E+01  0.4540579384E+00
  0.9103421582E+00 -0.4375172452E+01  0.4501038976E+00
  0.9112387366E+00 -0.4392674347E+01  0.4461733665E+00
  0.9121263493E+00 -0.4408297511E+01  0.4422674396E+00
  0.9130050858E+00 -0.4423286833E+01  0.4383871218E+00
  0.9138750349E+00 -0.4437808684E+01  0.4345327706E+00
  0.9147362846E+00 -0.4451462593E+01  0.4307048297E+00
  0.9155889217E+00 -0.4464233822E+01  0.4269039027E+00
  0.9164330325E+00 -0.4477159937E+01  0.4231301393E+00
  0.9172687022E+00 -0.4489459245E+01  0.4193835734E+00
  0.9180960151E+00 -0.4500838611E+01  0.4156646783E+00
  0.9189150550E+00 -0.4511701323E+01  0.4119738637E+00
  0.9197259044E+00 -0.4522112313E+01  0.4083113323E+00
  0.9205286454E+00 -0.4532237059E+01  0.4046771837E+00
  0.9213233589E+00 -0.4542059202E+01  0.4010714506E+00
  0.9221101254E+00 -0.4551562473E+01  0.3974941726E+00
  0.9228890241E+00 -0.4560791899E+01  0.3939453719E+00
  0.9236601339E+00 -0.4569789209E+01  0.3904250318E+00
  0.9244235325E+00 -0.4578547889E+01  0.3869331177E+00
  0.9251792972E+00 -0.4587055149E+01  0.3834695982E+00
  0.9259275042E+00 -0.4595012067E+01  0.3800345546E+00
  0.9266682292E+00 -0.4602795439E+01  0.3766280318E+00
  0.9274015469E+00 -0.4610594248E+01  0.3732498609E+00
  0.9281275314E+00 -0.4618681132E+01  0.3698997053E+00
  0.9288462561E+00 -0.4627295828E+01  0.3665770493E+00
  0.9295577935E+00 -0.4636535735E+01  0.3632812678E+00
  0.9302622156E+00 -0.4645240359E+01  0.3600121239E+00
  0.9309595935E+00 -0.4653800189E+01  0.3567696515E+00
  0.9316499975E+00 -0.4663612761E+01  0.3535532616E+00
  0.9323334975E+00 -0.4674006669E+01  0.3503621300E+00
  0.9330101626E+00 -0.4684879247E+01  0.3471957147E+00
  0.9336800609E+00 -0.4695728135E+01  0.3440536878E+00
  0.9343432603E+00 -0.4706420458E+01  0.3409359382E+00
  0.9349998277E+00 -0.4717044707E+01  0.3378423682E+00
  0.9356498295E+00 -0.4727587441E+01  0.3347728546E+00
  0.9362933312E+00 -0.4738113041E+01  0.3317272574E+00
  0.9369303978E+00 -0.4748646277E+01  0.3287054083E+00
  0.9375610939E+00 -0.4759063786E+01  0.3257071708E+00
  0.9381854829E+00 -0.4769356711E+01  0.3227324501E+00
  0.9388036281E+00 -0.4779501152E+01  0.3197811599E+00
  0.9394155918E+00 -0.4789317149E+01  0.3168532750E+00
  0.9400214359E+00 -0.4798992567E+01  0.3139487647E+00
  0.9406212215E+00 -0.4808525481E+01  0.3110675390E+00
  0.9412150093E+00 -0.4817915978E+01  0.3082095073E+00
  0.9418028592E+00 -0.4827166048E+01  0.3053745771E+00
  0.9423848306E+00 -0.4836407412E+01  0.3025626153E+00
  0.9429609823E+00 -0.4845582153E+01  0.2997734680E+00
  0.9435313725E+00 -0.4854577139E+01  0.2970070302E+00
  0.9440960588E+00 -0.4863028600E+01  0.2942633309E+00
  0.9446550982E+00 -0.4871121442E+01  0.2915424442E+00
  0.9452085472E+00 -0.4879206987E+01  0.2888442893E+00
  0.9457564617E+00 -0.4887242880E+01  0.2861686994E+00
  0.9462988971E+00 -0.4895217388E+01  0.2835155231E+00
  0.9468359082E+00 -0.4902912950E+01  0.2808846711E+00
  0.9473675491E+00 -0.4910459289E+01  0.2782760760E+00
  0.9478938736E+00 -0.4917797481E+01  0.2756896498E+00
  0.9484149348E+00 -0.4925219497E+01  0.2731252423E+00
  0.9489307855E+00 -0.4932759262E+01  0.2705826200E+00
  0.9494414776E+00 -0.4940255566E+01  0.2680615844E+00
  0.9499470629E+00 -0.4947609140E+01  0.2655620053E+00
  0.9504475922E+00 -0.4954953015E+01  0.2630837437E+00
  0.9509431163E+00 -0.4962136876E+01  0.2606266652E+00
  0.9514336852E+00 -0.4969320769E+01  0.2581906334E+00
  0.9519193483E+00 -0.4976595263E+01  0.2557754510E+00
  0.9524001548E+00 -0.4983861984E+01  0.2533809246E+00
  0.9528761533E+00 -0.4991169103E+01  0.2510068749E+00
  0.9533473917E+00 -0.4998472822E+01  0.2486531232E+00
  0.9538139178E+00 -0.5005764934E+01  0.2463195042E+00
  0.9542757786E+00 -0.5013252504E+01  0.2440058084E+00
  0.9547330209E+00 -0.5020648250E+01  0.2417118469E+00
  0.9551856906E+00 -0.5028417880E+01  0.2394373926E+00
  0.9556338337E+00 -0.5036072487E+01  0.2371822267E+00
  0.9560774954E+00 -0.5043420367E+01  0.2349462844E+00
  0.9565167205E+00 -0.5050750957E+01  0.2327294780E+00
  0.9569515532E+00 -0.5058059403E+01  0.2305316568E+00
  0.9573820377E+00 -0.5065340589E+01  0.2283526736E+00
  0.9578082173E+00 -0.5072492551E+01  0.2261924046E+00
  0.9582301352E+00 -0.5079499164E+01  0.2240507515E+00
  0.9586478338E+00 -0.5086477672E+01  0.2219275941E+00
  0.9590613555E+00 -0.5093565637E+01  0.2198227599E+00
  0.9594707419E+00 -0.5100656475E+01  0.2177360717E+00
  0.9598760345E+00 -0.5107579630E+01  0.2156674105E+00
  0.9602772742E+00 -0.5114460721E+01  0.2136166666E+00
  0.9606745014E+00 -0.5121340516E+01  0.2115836969E+00
  0.9610677564E+00 -0.5128154772E+01  0.2095683644E+00
  0.9614570788E+00 -0.5134906264E+01  0.2075705444E+00
  0.9618425080E+00 -0.5141667984E+01  0.2055900985E+00
  0.9622240830E+00 -0.5148452317E+01  0.2036268725E+00
  0.9626018421E+00 -0.5155161232E+01  0.2016807303E+00
  0.9629758237E+00 -0.5161781749E+01  0.1997515570E+00
  0.9633460655E+00 -0.5168310224E+01  0.1978392412E+00
  0.9637126048E+00 -0.5174743431E+01  0.1959436732E+00
  0.9640754788E+00 -0.5181078561E+01  0.1940647442E+00
  0.9644347240E+00 -0.5187313224E+01  0.1922023466E+00
  0.9647903767E+00 -0.5193445439E+01  0.1903563739E+00
  0.9651424730E+00 -0.5199473623E+01  0.1885267201E+00
  0.9654910483E+00 -0.5205396580E+01  0.1867132798E+00
  0.9658361378E+00 -0.5211213486E+01  0.1849159484E+00
  0.9661777764E+00 -0.5216886188E+01  0.1831346276E+00
  0.9665159986E+00 -0.5222328909E+01  0.1813692402E+00
  0.9668508386E+00 -0.5227726497E+01  0.1796196919E+00
  0.9671823303E+00 -0.5233031475E+01  0.1778858651E+00
  0.9675105070E+00 -0.5238240209E+01  0.1761676514E+00
  0.9678354019E+00 -0.5243353388E+01  0.1744649431E+00
  0.9681570479E+00 -0.5248371904E+01  0.1727776325E+00
  0.9684754774E+00 -0.5253296834E+01  0.1711056118E+00
  0.9687907226E+00 -0.5258129424E+01  0.1694487733E+00
  0.9691028154E+00 -0.5262780334E+01  0.1678070234E+00
  0.9694117872E+00 -0.5267308693E+01  0.1661802728E+00
  0.9697176694E+00 -0.5271676560E+01  0.1645684292E+00
  0.9700204927E+00 -0.5275848719E+01  0.1629714110E+00
  0.9703202877E+00 -0.5279950688E+01  0.1613891227E+00
  0.9706170849E+00 -0.5284118258E+01  0.1598214300E+00
  0.9709109140E+00 -0.5288151299E+01  0.1582682095E+00
  0.9712018049E+00 -0.5292108853E+01  0.1567293590E+00
  0.9714897868E+00 -0.5295997535E+01  0.1552047673E+00
  0.9717748890E+00 -0.5299820373E+01  0.1536943221E+00
  0.9720571401E+00 -0.5303594970E+01  0.1521979093E+00
  0.9723365687E+00 -0.5307317553E+01  0.1507154131E+00
  0.9726132030E+00 -0.5310977454E+01  0.1492467207E+00
  0.9728870709E+00 -0.5314576636E+01  0.1477917212E+00
  0.9731582002E+00 -0.5318117017E+01  0.1463503039E+00
  0.9734266182E+00 -0.5321600462E+01  0.1449223580E+00
  0.9736923521E+00 -0.5324998978E+01  0.1435077773E+00
  0.9739554285E+00 -0.5328332488E+01  0.1421064568E+00
  0.9742158742E+00 -0.5331616442E+01  0.1407182878E+00
  0.9744737155E+00 -0.5334813755E+01  0.1393431649E+00
  0.9747289784E+00 -0.5337930162E+01  0.1379809874E+00
  0.9749816886E+00 -0.5340996485E+01  0.1366316505E+00
  0.9752318717E+00 -0.5344021778E+01  0.1352950449E+00
  0.9754795530E+00 -0.5347007380E+01  0.1339710610E+00
  0.9757247574E+00 -0.5349954550E+01  0.1326595896E+00
  0.9759675099E+00 -0.5352864466E+01  0.1313605219E+00
  0.9762078348E+00 -0.5355738226E+01  0.1300737500E+00
  0.9764457564E+00 -0.5358576853E+01  0.1287991662E+00
  0.9766812989E+00 -0.5361381294E+01  0.1275366637E+00
  0.9769144859E+00 -0.5364130051E+01  0.1262861387E+00
  0.9771453410E+00 -0.5366811773E+01  0.1250474922E+00
  0.9773738876E+00 -0.5369385635E+01  0.1238206315E+00
  0.9776001487E+00 -0.5371835392E+01  0.1226054711E+00
  0.9778241472E+00 -0.5374226600E+01  0.1214019202E+00
  0.9780459058E+00 -0.5376600151E+01  0.1202098764E+00
  0.9782654467E+00 -0.5378954201E+01  0.1190292342E+00
  0.9784827922E+00 -0.5381282676E+01  0.1178598895E+00
  0.9786979643E+00 -0.5383594225E+01  0.1167017390E+00
  0.9789109847E+00 -0.5385867739E+01  0.1155546817E+00
  0.9791218748E+00 -0.5388113437E+01  0.1144186184E+00
  0.9793306561E+00 -0.5390341574E+01  0.1132934487E+00
  0.9795373495E+00 -0.5392558490E+01  0.1121790714E+00
  0.9797419760E+00 -0.5394756150E+01  0.1110753861E+00
  0.9799445563E+00 -0.5396912112E+01  0.1099822968E+00
  0.9801451107E+00 -0.5398984098E+01  0.1088997143E+00
  0.9803436596E+00 -0.5400984924E+01  0.1078275534E+00
  0.9805402230E+00 -0.5402967273E+01  0.1067657226E+00
  0.9807348208E+00 -0.5404903815E+01  0.1057141288E+00
  0.9809274726E+00 -0.5406819033E+01  0.1046726799E+00
  0.9811181978E+00 -0.5408721806E+01  0.1036412814E+00
  0.9813070158E+00 -0.5410613223E+01  0.1026198387E+00
  0.9814939457E+00 -0.5412534450E+01  0.1016082540E+00
  0.9816790062E+00 -0.5414436821E+01  0.1006064314E+00
  0.9818622162E+00 -0.5416320196E+01  0.9961428027E-01
  0.9820435940E+00 -0.5418184431E+01  0.9863171075E-01
  0.9822231581E+00 -0.5420029391E+01  0.9765863391E-01
  0.9824009265E+00 -0.5421854940E+01  0.9669496159E-01
  0.9825769172E+00 -0.5423667115E+01  0.9574060590E-01
  0.9827511481E+00 -0.5425474678E+01  0.9479547842E-01
  0.9829236366E+00 -0.5427261167E+01  0.9385949225E-01
  0.9830944002E+00 -0.5429026520E+01  0.9293256268E-01
  0.9832634562E+00 -0.5430770682E+01  0.9201460575E-01
  0.9834308216E+00 -0.5432493607E+01  0.9110553826E-01
  0.9835965134E+00 -0.5434195254E+01  0.9020527773E-01
  0.9837605483E+00 -0.5435875595E+01  0.8931374242E-01
  0.9839229428E+00 -0.5437534608E+01  0.8843085132E-01
  0.9840837134E+00 -0.5439182055E+01  0.8755652334E-01
  0.9842428762E+00 -0.5440850215E+01  0.8669067478E-01
  0.9844004475E+00 -0.5442490584E+01  0.8583322405E-01
  0.9845564430E+00 -0.5444074260E+01  0.8498409635E-01
  0.9847108786E+00 -0.5445601849E+01  0.8414321968E-01
  0.9848637698E+00 -0.5447107938E+01  0.8331051987E-01
  0.9850151321E+00 -0.5448587544E+01  0.8248592109E-01
  0.9851649808E+00 -0.5450031398E+01  0.8166934926E-01
  0.9853133310E+00 -0.5451454081E+01  0.8086073053E-01
  0.9854601977E+00 -0.5452836806E+01  0.8005999197E-01
  0.9856055957E+00 -0.5454189217E+01  0.7926706196E-01
  0.9857495397E+00 -0.5455530187E+01  0.7848186740E-01
  0.9858920443E+00 -0.5456853177E+01  0.7770433497E-01
  0.9860331239E+00 -0.5458156133E+01  0.7693439263E-01
  0.9861727926E+00 -0.5459439237E+01  0.7617196912E-01
  0.9863110647E+00 -0.5460702673E+01  0.7541699379E-01
  0.9864479541E+00 -0.5461921618E+01  0.7466939831E-01
  0.9865834745E+00 -0.5463134011E+01  0.7392911403E-01
  0.9867176398E+00 -0.5464353340E+01  0.7319606947E-01
  0.9868504634E+00 -0.5465553123E+01  0.7247019469E-01
  0.9869819588E+00 -0.5466733584E+01  0.7175142217E-01
  0.9871121392E+00 -0.5467911172E+01  0.7103968389E-01
  0.9872410178E+00 -0.5469083219E+01  0.7033491158E-01
  0.9873686076E+00 -0.5470241095E+01  0.6963703836E-01
  0.9874949215E+00 -0.5471411698E+01  0.6894599681E-01
  0.9876199723E+00 -0.5472566159E+01  0.6826172030E-01
  0.9877437726E+00 -0.5473700697E+01  0.6758414486E-01
  0.9878663349E+00 -0.5474815580E+01  0.6691320734E-01
  0.9879876715E+00 -0.5475911075E+01  0.6624884509E-01
  0.9881077948E+00 -0.5476987450E+01  0.6559099601E-01
  0.9882267168E+00 -0.5478044976E+01  0.6493959854E-01
  0.9883444497E+00 -0.5479083921E+01  0.6429459164E-01
  0.9884610052E+00 -0.5480097870E+01  0.6365591516E-01
  0.9885763951E+00 -0.5481091241E+01  0.6302350964E-01
  0.9886906312E+00 -0.5482067034E+01  0.6239731570E-01
  0.9888037249E+00 -0.5483027519E+01  0.6177727421E-01
  0.9889156876E+00 -0.5483972250E+01  0.6116332647E-01
  0.9890265307E+00 -0.5484900254E+01  0.6055541443E-01
  0.9891362654E+00 -0.5485824491E+01  0.5995347987E-01
  0.9892449028E+00 -0.5486731984E+01  0.5935746517E-01
  0.9893524538E+00 -0.5487622952E+01  0.5876731390E-01
  0.9894589292E+00 -0.5488496785E+01  0.5818297018E-01
  0.9895643399E+00 -0.5489355004E+01  0.5760437862E-01
  0.9896686965E+00 -0.5490197633E+01  0.5703148422E-01
  0.9897720096E+00 -0.5491024892E+01  0.5646423251E-01
  0.9898742895E+00 -0.5491832222E+01  0.5590256972E-01
  0.9899755466E+00 -0.5492624852E+01  0.5534644256E-01
  0.9900757911E+00 -0.5493403040E+01  0.5479579793E-01
  0.9901750332E+00 -0.5494167039E+01  0.5425058323E-01
  0.9902732829E+00 -0.5494917104E+01  0.5371074629E-01
  0.9903705500E+00 -0.5495653483E+01  0.5317623544E-01
  0.9904668445E+00 -0.5496383430E+01  0.5264699909E-01
  0.9905621761E+00 -0.5497100254E+01  0.5212298614E-01
  0.9906565543E+00 -0.5497761261E+01  0.5160414831E-01
  0.9907499888E+00 -0.5498408727E+01  0.5109043773E-01
  0.9908424889E+00 -0.5499051644E+01  0.5058180457E-01
  0.9909340640E+00 -0.5499696647E+01  0.5007819877E-01
  0.9910247234E+00 -0.5500341733E+01  0.4957957055E-01
  0.9911144761E+00 -0.5500975067E+01  0.4908587124E-01
  0.9912033314E+00 -0.5501596872E+01  0.4859705316E-01
  0.9912912981E+00 -0.5502207370E+01  0.4811306906E-01
  0.9913783851E+00 -0.5502806780E+01  0.4763387212E-01
  0.9914646012E+00 -0.5503395317E+01  0.4715941594E-01
  0.9915499552E+00 -0.5503973191E+01  0.4668965454E-01
  0.9916344557E+00 -0.5504537457E+01  0.4622454250E-01
  0.9917181111E+00 -0.5505078717E+01  0.4576403534E-01
  0.9918009300E+00 -0.5505608557E+01  0.4530808890E-01
  0.9918829207E+00 -0.5506129144E+01  0.4485665886E-01
  0.9919640915E+00 -0.5506640656E+01  0.4440970123E-01
  0.9920444506E+00 -0.5507143271E+01  0.4396717243E-01
  0.9921240061E+00 -0.5507637162E+01  0.4352902928E-01
  0.9922027660E+00 -0.5508122500E+01  0.4309522899E-01
  0.9922807383E+00 -0.5508599454E+01  0.4266572920E-01
  0.9923579310E+00 -0.5509068186E+01  0.4224048790E-01
  0.9924343516E+00 -0.5509528860E+01  0.4181946351E-01
  0.9925100081E+00 -0.5509981634E+01  0.4140261480E-01
  0.9925849081E+00 -0.5510426663E+01  0.4098990096E-01
  0.9926590590E+00 -0.5510864101E+01  0.4058128153E-01
  0.9927324684E+00 -0.5511294097E+01  0.4017671647E-01
  0.9928051437E+00 -0.5511716798E+01  0.3977616607E-01
  0.9928770923E+00 -0.5512132348E+01  0.3937959101E-01
  0.9929483213E+00 -0.5512540890E+01  0.3898695236E-01
  0.9930188381E+00 -0.5512942561E+01  0.3859821153E-01
  0.9930886497E+00 -0.5513337497E+01  0.3821333030E-01
  0.9931577632E+00 -0.5513723347E+01  0.3783227090E-01
  0.9932261856E+00 -0.5514092244E+01  0.3745499628E-01
  0.9932939238E+00 -0.5514455263E+01  0.3708146961E-01
  0.9933609845E+00 -0.5514812516E+01  0.3671165405E-01
  0.9934273747E+00 -0.5515164115E+01  0.3634551313E-01
  0.9934931009E+00 -0.5515510169E+01  0.3598301068E-01
  0.9935581699E+00 -0.5515850784E+01  0.3562411092E-01
  0.9936225882E+00 -0.5516186064E+01  0.3526877838E-01
  0.9936863623E+00 -0.5516516112E+01  0.3491697796E-01
  0.9937494987E+00 -0.5516841029E+01  0.3456867486E-01
  0.9938120037E+00 -0.5517160912E+01  0.3422383465E-01
  0.9938738837E+00 -0.5517475857E+01  0.3388242319E-01
  0.9939351449E+00 -0.5517785958E+01  0.3354440670E-01
  0.9939957934E+00 -0.5518091308E+01  0.3320975172E-01
  0.9940558355E+00 -0.5518392130E+01  0.3287842509E-01
  0.9941152771E+00 -0.5518690118E+01  0.3255039392E-01
  0.9941741243E+00 -0.5518983551E+01  0.3222562567E-01
  0.9942323831E+00 -0.5519272515E+01  0.3190408813E-01
  0.9942900593E+00 -0.5519557096E+01  0.3158574943E-01
  0.9943471587E+00 -0.5519837375E+01  0.3127057799E-01
  0.9944036871E+00 -0.5520115515E+01  0.3095854248E-01
  0.9944596502E+00 -0.5520389718E+01  0.3064961187E-01
  0.9945150537E+00 -0.5520659774E+01  0.3034375549E-01
  0.9945699032E+00 -0.5520925761E+01  0.3004094297E-01
  0.9946242041E+00 -0.5521187758E+01  0.2974114424E-01
  0.9946779621E+00 -0.5521445838E+01  0.2944432953E-01
  0.9947311825E+00 -0.5521700076E+01  0.2915046932E-01
  0.9947838707E+00 -0.5521950544E+01  0.2885953442E-01
  0.9948360320E+00 -0.5522197312E+01  0.2857149590E-01
  0.9948876716E+00 -0.5522440449E+01  0.2828632512E-01
  0.9949387949E+00 -0.5522680023E+01  0.2800399371E-01
  0.9949894070E+00 -0.5522916099E+01  0.2772447357E-01
  0.9950395129E+00 -0.5523148743E+01  0.2744773689E-01
  0.9950891178E+00 -0.5523378018E+01  0.2717375613E-01
  0.9951382266E+00 -0.5523603986E+01  0.2690250399E-01
  0.9951868443E+00 -0.5523826706E+01  0.2663395346E-01
  0.9952349759E+00 -0.5524045847E+01  0.2636807781E-01
  0.9952826261E+00 -0.5524261050E+01  0.2610485057E-01
  0.9953297999E+00 -0.5524473226E+01  0.2584424552E-01
  0.9953765019E+00 -0.5524682429E+01  0.2558623667E-01
  0.9954227368E+00 -0.5524888712E+01  0.2533079832E-01
  0.9954685095E+00 -0.5525092128E+01  0.2507790497E-01
  0.9955138244E+00 -0.5525292727E+01  0.2482753139E-01
  0.9955586861E+00 -0.5525490558E+01  0.2457965262E-01
  0.9956030993E+00 -0.5525685671E+01  0.2433424391E-01
  0.9956470683E+00 -0.5525878113E+01  0.2409128077E-01
  0.9956905976E+00 -0.5526067931E+01  0.2385073893E-01
  0.9957336916E+00 -0.5526255169E+01  0.2361259440E-01
  0.9957763547E+00 -0.5526439874E+01  0.2337682337E-01
  0.9958185912E+00 -0.5526622088E+01  0.2314340230E-01
  0.9958604053E+00 -0.5526801855E+01  0.2291230788E-01
  0.9959018012E+00 -0.5526979216E+01  0.2268351701E-01
  0.9959427832E+00 -0.5527154212E+01  0.2245700683E-01
  0.9959833554E+00 -0.5527326883E+01  0.2223275470E-01
  0.9960235218E+00 -0.5527497270E+01  0.2201073819E-01
  0.9960632866E+00 -0.5527665409E+01  0.2179093513E-01
  0.9961026537E+00 -0.5527831340E+01  0.2157332352E-01
  0.9961416272E+00 -0.5527995098E+01  0.2135788160E-01
  0.9961802109E+00 -0.5528156721E+01  0.2114458782E-01
  0.9962184088E+00 -0.5528316242E+01  0.2093342084E-01
  0.9962562247E+00 -0.5528473910E+01  0.2072435954E-01
  0.9962936625E+00 -0.5528629689E+01  0.2051738299E-01
  0.9963307258E+00 -0.5528783457E+01  0.2031247046E-01
  0.9963674186E+00 -0.5528935245E+01  0.2010960145E-01
  0.9964037444E+00 -0.5529085086E+01  0.1990875566E-01
  0.9964397070E+00 -0.5529233012E+01  0.1970991296E-01
  0.9964753099E+00 -0.5529379054E+01  0.1951305346E-01
  0.9965105568E+00 -0.5529523241E+01  0.1931815745E-01
  0.9965454512E+00 -0.5529665604E+01  0.1912520539E-01
  0.9965799967E+00 -0.5529806172E+01  0.1893417796E-01
  0.9966141967E+00 -0.5529944973E+01  0.1874505604E-01
  0.9966480548E+00 -0.5530082035E+01  0.1855782066E-01
  0.9966815742E+00 -0.5530217386E+01  0.1837245307E-01
  0.9967147585E+00 -0.5530351052E+01  0.1818893469E-01
  0.9967476109E+00 -0.5530483059E+01  0.1800724714E-01
  0.9967801348E+00 -0.5530613434E+01  0.1782737219E-01
  0.9968123334E+00 -0.5530742201E+01  0.1764929182E-01
  0.9968442101E+00 -0.5530869386E+01  0.1747298817E-01
  0.9968757680E+00 -0.5530995012E+01  0.1729844357E-01
  0.9969070103E+00 -0.5531119104E+01  0.1712564052E-01
  0.9969379402E+00 -0.5531241684E+01  0.1695456168E-01
  0.9969685608E+00 -0.5531362776E+01  0.1678518990E-01
  0.9969988752E+00 -0.5531482402E+01  0.1661750818E-01
  0.9970288865E+00 -0.5531600584E+01  0.1645149972E-01
  0.9970585976E+00 -0.5531717343E+01  0.1628714785E-01
  0.9970880116E+00 -0.5531832701E+01  0.1612443609E-01
  0.9971171315E+00 -0.5531946678E+01  0.1596334810E-01
  0.9971459602E+00 -0.5532059295E+01  0.1580386773E-01
  0.9971745006E+00 -0.5532170785E+01  0.1564597897E-01
  0.9972027556E+00 -0.5532281499E+01  0.1548966595E-01
  0.9972307280E+00 -0.5532390882E+01  0.1533491298E-01
  0.9972584207E+00 -0.5532498954E+01  0.1518170454E-01
  0.9972858365E+00 -0.5532605734E+01  0.1503002523E-01
  0.9973129782E+00 -0.5532711240E+01  0.1487985983E-01
  0.9973398484E+00 -0.5532815493E+01  0.1473119327E-01
  0.9973664499E+00 -0.5532918509E+01  0.1458401062E-01
  0.9973927854E+00 -0.5533020307E+01  0.1443829710E-01
  0.9974188575E+00 -0.5533120905E+01  0.1429403808E-01
  0.9974446690E+00 -0.5533220320E+01  0.1415121906E-01
  0.9974702223E+00 -0.5533318568E+01  0.1400982571E-01
  0.9974955201E+00 -0.5533415667E+01  0.1386984382E-01
  0.9975205649E+00 -0.5533511632E+01  0.1373125934E-01
  0.9975453592E+00 -0.5533606481E+01  0.1359405833E-01
  0.9975699056E+00 -0.5533700228E+01  0.1345822702E-01
  0.9975942066E+00 -0.5533792888E+01  0.1332375175E-01
  0.9976182645E+00 -0.5533884478E+01  0.1319061902E-01
  0.9976420819E+00 -0.5533975012E+01  0.1305881545E-01
  0.9976656610E+00 -0.5534064504E+01  0.1292832780E-01
  0.9976890044E+00 -0.5534152970E+01  0.1279914294E-01
  0.9977121144E+00 -0.5534240423E+01  0.1267124790E-01
  0.9977349932E+00 -0.5534326876E+01  0.1254462982E-01
  0.9977576433E+00 -0.5534412344E+01  0.1241927597E-01
  0.9977800669E+00 -0.5534496841E+01  0.1229517376E-01
  0.9978022662E+00 -0.5534580378E+01  0.1217231071E-01
  0.9978242435E+00 -0.5534662969E+01  0.1205067445E-01
  0.9978460011E+00 -0.5534744627E+01  0.1193025278E-01
  0.9978675411E+00 -0.5534825364E+01  0.1181103357E-01
  0.9978888657E+00 -0.5534905193E+01  0.1169300484E-01
  0.9979099770E+00 -0.5534984124E+01  0.1157615473E-01
  0.9979308773E+00 -0.5535062172E+01  0.1146047147E-01
  0.9979515685E+00 -0.5535139346E+01  0.1134594344E-01
  0.9979720528E+00 -0.5535215658E+01  0.1123255912E-01
  0.9979923323E+00 -0.5535291120E+01  0.1112030711E-01
  0.9980124089E+00 -0.5535365743E+01  0.1100917610E-01
  0.9980322849E+00 -0.5535439537E+01  0.1089915494E-01
  0.9980519620E+00 -0.5535512513E+01  0.1079023254E-01
  0.9980714424E+00 -0.5535584682E+01  0.1068239795E-01
  0.9980907280E+00 -0.5535656054E+01  0.1057564032E-01
  0.9981098207E+00 -0.5535726640E+01  0.1046994891E-01
  0.9981287225E+00 -0.5535796448E+01  0.1036531309E-01
  0.9981474353E+00 -0.5535865490E+01  0.1026172233E-01
  0.9981659609E+00 -0.5535933774E+01  0.1015916621E-01
  0.9981843013E+00 -0.5536001311E+01  0.1005763440E-01
  0.9982024583E+00 -0.5536068109E+01  0.9957116687E-02
  0.9982204337E+00 -0.5536134178E+01  0.9857602960E-02
  0.9982382294E+00 -0.5536199528E+01  0.9759083200E-02
  0.9982558471E+00 -0.5536264166E+01  0.9661547493E-02
  0.9982732886E+00 -0.5536328102E+01  0.9564986021E-02
  0.9982905557E+00 -0.5536391344E+01  0.9469389066E-02
  0.9983076502E+00 -0.5536453901E+01  0.9374747006E-02
  0.9983245737E+00 -0.5536515781E+01  0.9281050313E-02
  0.9983413279E+00 -0.5536576993E+01  0.9188289556E-02
  0.9983579146E+00 -0.5536637545E+01  0.9096455397E-02
  0.9983743355E+00 -0.5536697445E+01  0.9005538590E-02
  0.9983905921E+00 -0.5536756700E+01  0.8915529983E-02
  0.9984066862E+00 -0.5536815318E+01  0.8826420514E-02
  0.9984226194E+00 -0.5536873308E+01  0.8738201210E-02
  0.9984383932E+00 -0.5536930676E+01  0.8650863189E-02
  0.9984540092E+00 -0.5536987430E+01  0.8564397658E-02
  0.9984694691E+00 -0.5537043578E+01  0.8478795909E-02
  0.9984847744E+00 -0.5537099126E+01  0.8394049323E-02
  0.9984999267E+00 -0.5537154082E+01  0.8310149366E-02
  0.9985149274E+00 -0.5537208453E+01  0.8227087588E-02
  0.9985297782E+00 -0.5537262245E+01  0.8144855624E-02
  0.9985444804E+00 -0.5537315466E+01  0.8063445194E-02
  0.9985590356E+00 -0.5537368121E+01  0.7982848098E-02
  0.9985734452E+00 -0.5537420219E+01  0.7903056217E-02
  0.9985877108E+00 -0.5537471765E+01  0.7824061517E-02
  0.9986018337E+00 -0.5537522765E+01  0.7745856039E-02
  0.9986158153E+00 -0.5537573227E+01  0.7668431906E-02
  0.9986296572E+00 -0.5537623155E+01  0.7591781320E-02
  0.9986433606E+00 -0.5537672557E+01  0.7515896560E-02
  0.9986569270E+00 -0.5537721439E+01  0.7440769980E-02
  0.9986703577E+00 -0.5537769806E+01  0.7366394013E-02
  0.9986836541E+00 -0.5537817664E+01  0.7292761166E-02
  0.9986968176E+00 -0.5537865020E+01  0.7219864021E-02
  0.9987098494E+00 -0.5537911879E+01  0.7147695234E-02
  0.9987227509E+00 -0.5537958246E+01  0.7076247532E-02
  0.9987355234E+00 -0.5538004127E+01  0.7005513719E-02
  0.9987481682E+00 -0.5538049528E+01  0.6935486667E-02
  0.9987606865E+00 -0.5538094454E+01  0.6866159320E-02
  0.9987730796E+00 -0.5538138911E+01  0.6797524692E-02
  0.9987853488E+00 -0.5538182904E+01  0.6729575869E-02
  0.9987974954E+00 -0.5538226437E+01  0.6662306002E-02
  0.9988095204E+00 -0.5538269517E+01  0.6595708312E-02
  0.9988214252E+00 -0.5538312148E+01  0.6529776090E-02
  0.9988332109E+00 -0.5538354335E+01  0.6464502690E-02
  0.9988448788E+00 -0.5538396083E+01  0.6399881534E-02
  0.9988564300E+00 -0.5538437398E+01  0.6335906110E-02
  0.9988678657E+00 -0.5538478283E+01  0.6272569970E-02
  0.9988791871E+00 -0.5538518744E+01  0.6209866731E-02
  0.9988903952E+00 -0.5538558786E+01  0.6147790074E-02
  0.9989014913E+00 -0.5538598412E+01  0.6086333741E-02
  0.9989124764E+00 -0.5538637629E+01  0.6025491538E-02
  0.9989233516E+00 -0.5538676439E+01  0.5965257333E-02
  0.9989341181E+00 -0.5538714848E+01  0.5905625055E-02
  0.9989447769E+00 -0.5538752860E+01  0.5846588692E-02
  0.9989553291E+00 -0.5538790479E+01  0.5788142293E-02
  0.9989657758E+00 -0.5538827710E+01  0.5730279968E-02
  0.9989761181E+00 -0.5538864557E+01  0.5672995882E-02
  0.9989863569E+00 -0.5538901024E+01  0.5616284263E-02
  0.9989964933E+00 -0.5538937115E+01  0.5560139391E-02
  0.9990065284E+00 -0.5538972834E+01  0.5504555608E-02
  0.9990164631E+00 -0.5539008186E+01  0.5449527310E-02
  0.9990262985E+00 -0.5539043174E+01  0.5395048949E-02
  0.9990360355E+00 -0.5539077803E+01  0.5341115033E-02
  0.9990456751E+00 -0.5539112075E+01  0.5287720124E-02
  0.9990552184E+00 -0.5539145996E+01  0.5234858838E-02
  0.9990646662E+00 -0.5539179568E+01  0.5182525847E-02
  0.9990740195E+00 -0.5539212796E+01  0.5130715873E-02
  0.9990832793E+00 -0.5539245683E+01  0.5079423692E-02
  0.9990924466E+00 -0.5539278233E+01  0.5028644134E-02
  0.9991015221E+00 -0.5539310450E+01  0.4978372077E-02
  0.9991105069E+00 -0.5539342336E+01  0.4928602452E-02
  0.9991194018E+00 -0.5539373896E+01  0.4879330242E-02
  0.9991282078E+00 -0.5539405134E+01  0.4830550478E-02
  0.9991369257E+00 -0.5539436052E+01  0.4782258240E-02
  0.9991455564E+00 -0.5539466654E+01  0.4734448659E-02
  0.9991541009E+00 -0.5539496943E+01  0.4687116914E-02
  0.9991625599E+00 -0.5539526923E+01  0.4640258231E-02
  0.9991709343E+00 -0.5539556596E+01  0.4593867885E-02
  0.9991792249E+00 -0.5539585967E+01  0.4547941198E-02
  0.9991874327E+00 -0.5539615038E+01  0.4502473538E-02
  0.9991955584E+00 -0.5539643813E+01  0.4457460320E-02
  0.9992036028E+00 -0.5539672295E+01  0.4412897003E-02
  0.9992115667E+00 -0.5539700486E+01  0.4368779094E-02
  0.9992194511E+00 -0.5539728390E+01  0.4325102143E-02
  0.9992272566E+00 -0.5539756010E+01  0.4281861745E-02
  0.9992349840E+00 -0.5539783349E+01  0.4239053538E-02
  0.9992426342E+00 -0.5539810410E+01  0.4196673206E-02
  0.9992502078E+00 -0.5539837195E+01  0.4154716472E-02
  0.9992577057E+00 -0.5539863709E+01  0.4113179107E-02
  0.9992651287E+00 -0.5539889952E+01  0.4072056919E-02
  0.9992724774E+00 -0.5539915929E+01  0.4031345761E-02
  0.9992797526E+00 -0.5539941642E+01  0.3991041527E-02
  0.9992869551E+00 -0.5539967094E+01  0.3951140150E-02
  0.9992940855E+00 -0.5539992288E+01  0.3911637607E-02
  0.9993011447E+00 -0.5540017225E+01  0.3872529913E-02
  0.9993081332E+00 -0.5540041910E+01  0.3833813122E-02
  0.9993150519E+00 -0.5540066345E+01  0.3795483329E-02
  0.9993219014E+00 -0.5540090531E+01  0.3757536667E-02
  0.9993286824E+00 -0.5540114473E+01  0.3719969309E-02
  0.9993353956E+00 -0.5540138171E+01  0.3682777465E-02
  0.9993420416E+00 -0.5540161630E+01  0.3645957382E-02
  0.9993486212E+00 -0.5540184851E+01  0.3609505347E-02
  0.9993551350E+00 -0.5540207837E+01  0.3573417681E-02
  0.9993615836E+00 -0.5540230590E+01  0.3537690745E-02
  0.9993679678E+00 -0.5540253113E+01  0.3502320933E-02
  0.9993742881E+00 -0.5540275407E+01  0.3467304678E-02
  0.9993805452E+00 -0.5540297477E+01  0.3432638447E-02
  0.9993867398E+00 -0.5540319323E+01  0.3398318742E-02
  0.9993928724E+00 -0.5540340948E+01  0.3364342100E-02
  0.9993989436E+00 -0.5540362354E+01  0.3330705095E-02
  0.9994049542E+00 -0.5540383544E+01  0.3297404331E-02
  0.9994109047E+00 -0.5540404520E+01  0.3264436450E-02
  0.9994167956E+00 -0.5540425284E+01  0.3231798125E-02
  0.9994226277E+00 -0.5540445838E+01  0.3199486062E-02
  0.9994284014E+00 -0.5540466185E+01  0.3167497002E-02
  0.9994341174E+00 -0.5540486326E+01  0.3135827717E-02
  0.9994397762E+00 -0.5540506264E+01  0.3104475011E-02
  0.9994453784E+00 -0.5540526000E+01  0.3073435721E-02
  0.9994509247E+00 -0.5540545538E+01  0.3042706715E-02
  0.9994564154E+00 -0.5540564878E+01  0.3012284893E-02
  0.9994618513E+00 -0.5540584023E+01  0.2982167184E-02
  0.9994672327E+00 -0.5540602975E+01  0.2952350550E-02
  0.9994725604E+00 -0.5540621736E+01  0.2922831981E-02
  0.9994778348E+00 -0.5540640307E+01  0.2893608500E-02
  0.9994830565E+00 -0.5540658692E+01  0.2864677157E-02
  0.9994882259E+00 -0.5540676891E+01  0.2836035033E-02
  0.9994933436E+00 -0.5540694906E+01  0.2807679238E-02
  0.9994984102E+00 -0.5540712740E+01  0.2779606910E-02
  0.9995034261E+00 -0.5540730395E+01  0.2751815216E-02
  0.9995083918E+00 -0.5540747871E+01  0.2724301351E-02
  0.9995133079E+00 -0.5540765172E+01  0.2697062540E-02
  0.9995181748E+00 -0.5540782298E+01  0.2670096033E-02
  0.9995229931E+00 -0.5540799252E+01  0.2643399110E-02
  0.9995277632E+00 -0.5540816035E+01  0.2616969075E-02
  0.9995324855E+00 -0.5540832649E+01  0.2590803261E-02
  0.9995371607E+00 -0.5540849096E+01  0.2564899028E-02
  0.9995417891E+00 -0.5540865377E+01  0.2539253762E-02
  0.9995463712E+00 -0.5540881495E+01  0.2513864874E-02
  0.9995509075E+00 -0.5540897450E+01  0.2488729803E-02
  0.9995553984E+00 -0.5540913245E+01  0.2463846011E-02
  0.9995598444E+00 -0.5540928881E+01  0.2439210987E-02
  0.9995642460E+00 -0.5540944360E+01  0.2414822244E-02
  0.9995686035E+00 -0.5540959683E+01  0.2390677322E-02
  0.9995729175E+00 -0.5540974851E+01  0.2366773784E-02
  0.9995771883E+00 -0.5540989868E+01  0.2343109216E-02
  0.9995814164E+00 -0.5541004733E+01  0.2319681231E-02
  0.9995856022E+00 -0.5541019449E+01  0.2296487464E-02
  0.9995897462E+00 -0.5541034017E+01  0.2273525574E-02
  0.9995938488E+00 -0.5541048439E+01  0.2250793243E-02
  0.9995979103E+00 -0.5541062715E+01  0.2228288177E-02
  0.9996019312E+00 -0.5541076849E+01  0.2206008105E-02
  0.9996059119E+00 -0.5541090840E+01  0.2183950778E-02
  0.9996098527E+00 -0.5541104691E+01  0.2162113969E-02
  0.9996137542E+00 -0.5541118402E+01  0.2140495474E-02
  0.9996176167E+00 -0.5541131976E+01  0.2119093111E-02
  0.9996214405E+00 -0.5541145413E+01  0.2097904721E-02
  0.9996252261E+00 -0.5541158716E+01  0.2076928164E-02
  0.9996289738E+00 -0.5541171885E+01  0.2056161323E-02
  0.9996326841E+00 -0.5541184921E+01  0.2035602101E-02
  0.9996363573E+00 -0.5541197827E+01  0.2015248424E-02
  0.9996399937E+00 -0.5541210603E+01  0.1995098238E-02
  0.9996435938E+00 -0.5541223251E+01  0.1975149507E-02
  0.9996471578E+00 -0.5541235772E+01  0.1955400219E-02
  0.9996506862E+00 -0.5541248167E+01  0.1935848379E-02
  0.9996541794E+00 -0.5541260438E+01  0.1916492015E-02
  0.9996576376E+00 -0.5541272586E+01  0.1897329173E-02
  0.9996610612E+00 -0.5541284611E+01  0.1878357917E-02
  0.9996644506E+00 -0.5541296517E+01  0.1859576334E-02
  0.9996678400E+00 -0.5541308421E+01  0.1840794710E-02
  0.9996712294E+00 -0.5541320326E+01  0.1822013046E-02
  0.9996746188E+00 -0.5541332230E+01  0.1803231341E-02
  0.9996780081E+00 -0.5541344133E+01  0.1784449596E-02
  0.9996813975E+00 -0.5541356036E+01  0.1765667811E-02
  0.9996847869E+00 -0.5541367939E+01  0.1746885985E-02
  0.9996881763E+00 -0.5541379841E+01  0.1728104120E-02
  0.9996915657E+00 -0.5541391743E+01  0.1709322213E-02
  0.9996949551E+00 -0.5541403645E+01  0.1690540267E-02
  0.9996983445E+00 -0.5541415546E+01  0.1671758280E-02
  0.9997017339E+00 -0.5541427447E+01  0.1652976252E-02
  0.9997051232E+00 -0.5541439347E+01  0.1634194185E-02
  0.9997085126E+00 -0.5541451247E+01  0.1615412077E-02
  0.9997119020E+00 -0.5541463147E+01  0.1596629928E-02
  0.9997152914E+00 -0.5541475046E+01  0.1577847740E-02
  0.9997186808E+00 -0.5541486945E+01  0.1559065511E-02
  0.9997220702E+00 -0.5541498844E+01  0.1540283242E-02
  0.9997254596E+00 -0.5541510742E+01  0.1521500932E-02
  0.9997288490E+00 -0.5541522640E+01  0.1502718582E-02
  0.9997322384E+00 -0.5541534538E+01  0.1483936192E-02
  0.9997356277E+00 -0.5541546435E+01  0.1465153761E-02
  0.9997390171E+00 -0.5541558332E+01  0.1446371290E-02
  0.9997424065E+00 -0.5541570229E+01  0.1427588779E-02
  0.9997457959E+00 -0.5541582126E+01  0.1408806227E-02
  0.9997491853E+00 -0.5541594022E+01  0.1390023636E-02
  0.9997525747E+00 -0.5541605917E+01  0.1371241003E-02
  0.9997559641E+00 -0.5541617813E+01  0.1352458331E-02
  0.9997593535E+00 -0.5541629708E+01  0.1333675618E-02
  0.9997627428E+00 -0.5541641603E+01  0.1314892865E-02
  0.9997661322E+00 -0.5541653497E+01  0.1296110071E-02
  0.9997695216E+00 -0.5541665392E+01  0.1277327238E-02
  0.9997729110E+00 -0.5541677286E+01  0.1258544363E-02
  0.9997763004E+00 -0.5541689180E+01  0.1239761449E-02
  0.9997796898E+00 -0.5541701073E+01  0.1220978494E-02
  0.9997830792E+00 -0.5541712966E+01  0.1202195499E-02
  0.9997864686E+00 -0.5541724859E+01  0.1183412464E-02
  0.9997898579E+00 -0.5541736752E+01  0.1164629388E-02
  0.9997932473E+00 -0.5541748644E+01  0.1145846272E-02
  0.9997966367E+00 -0.5541760536E+01  0.1127063116E-02
  0.9998000261E+00 -0.5541772428E+01  0.1108279919E-02
  0.9998034155E+00 -0.5541784320E+01  0.1089496683E-02
  0.9998068049E+00 -0.5541796211E+01  0.1070713405E-02
  0.9998101943E+00 -0.5541808102E+01  0.1051930088E-02
  0.9998135837E+00 -0.5541819993E+01  0.1033146730E-02
  0.9998169731E+00 -0.5541831884E+01  0.1014363332E-02
  0.9998203624E+00 -0.5541843775E+01  0.9955798936E-03
  0.9998237518E+00 -0.5541855665E+01  0.9767964149E-03
  0.9998271412E+00 -0.5541867555E+01  0.9580128959E-03
  0.9998305306E+00 -0.5541879445E+01  0.9392293366E-03
  0.9998339200E+00 -0.5541891334E+01  0.9204457370E-03
  0.9998373094E+00 -0.5541903224E+01  0.9016620971E-03
  0.9998406988E+00 -0.5541915113E+01  0.8828784169E-03
  0.9998440882E+00 -0.5541927002E+01  0.8640946964E-03
  0.9998474775E+00 -0.5541938891E+01  0.8453109356E-03
  0.9998508669E+00 -0.5541950780E+01  0.8265271345E-03
  0.9998542563E+00 -0.5541962668E+01  0.8077432931E-03
  0.9998576457E+00 -0.5541974556E+01  0.7889594114E-03
  0.9998610351E+00 -0.5541986445E+01  0.7701754894E-03
  0.9998644245E+00 -0.5541998333E+01  0.7513915272E-03
  0.9998678139E+00 -0.5542010220E+01  0.7326075246E-03
  0.9998712033E+00 -0.5542022108E+01  0.7138234818E-03
  0.9998745926E+00 -0.5542033995E+01  0.6950393986E-03
  0.9998779820E+00 -0.5542045883E+01  0.6762552752E-03
  0.9998813714E+00 -0.5542057770E+01  0.6574711115E-03
  0.9998847608E+00 -0.5542069657E+01  0.6386869075E-03
  0.9998881502E+00 -0.5542081544E+01  0.6199026631E-03
  0.9998915396E+00 -0.5542093431E+01  0.6011183786E-03
  0.9998949290E+00 -0.5542105317E+01  0.5823340537E-03
  0.9998983184E+00 -0.5542117204E+01  0.5635496885E-03
  0.9999017077E+00 -0.5542129090E+01  0.5447652831E-03
  0.9999050971E+00 -0.5542140976E+01  0.5259808373E-03
  0.9999084865E+00 -0.5542152862E+01  0.5071963513E-03
  0.9999118759E+00 -0.5542164748E+01  0.4884118250E-03
  0.9999152653E+00 -0.5542176634E+01  0.4696272584E-03
  0.9999186547E+00 -0.5542188520E+01  0.4508426515E-03
  0.9999220441E+00 -0.5542200406E+01  0.4320580043E-03
  0.9999254335E+00 -0.5542212291E+01  0.4132733168E-03
  0.9999288229E+00 -0.5542224177E+01  0.3944885891E-03
  0.9999322122E+00 -0.5542236062E+01  0.3757038211E-03
  0.9999356016E+00 -0.5542247948E+01  0.3569190128E-03
  0.9999389910E+00 -0.5542259833E+01  0.3381341642E-03
  0.9999423804E+00 -0.5542271718E+01  0.3193492753E-03
  0.9999457698E+00 -0.5542283603E+01  0.3005643461E-03
  0.9999491592E+00 -0.5542295488E+01  0.2817793767E-03
  0.9999525486E+00 -0.5542307373E+01  0.2629943669E-03
  0.9999559380E+00 -0.5542319258E+01  0.2442093169E-03
  0.9999593273E+00 -0.5542331143E+01  0.2254242266E-03
  0.9999627167E+00 -0.5542343028E+01  0.2066390961E-03
  0.9999661061E+00 -0.5542354912E+01  0.1878539252E-03
  0.9999694955E+00 -0.5542366797E+01  0.1690687141E-03
  0.9999728849E+00 -0.5542378682E+01  0.1502834626E-03
  0.9999762743E+00 -0.5542390567E+01  0.1314981709E-03
  0.9999796637E+00 -0.5542402451E+01  0.1127128389E-03
  0.9999830531E+00 -0.5542414336E+01  0.9392746667E-04
  0.9999864424E+00 -0.5542426220E+01  0.7514205412E-04
  0.9999898318E+00 -0.5542438105E+01  0.5635660129E-04
  0.9999932212E+00 -0.5542449990E+01  0.3757110818E-04
  0.9999966106E+00 -0.5542461874E+01  0.1878557478E-04
  0.1000000000E+01 -0.5542474412E+01  0.3877787868E-17
  0.1000000000E+01 -0.5542474412E+01  0.0000000000E+00
