  0.0000000000E+00  0.5542473970E+01  0.0000000000E+00
  0.6996492144E-18  0.5542473970E+01  0.3877787559E-17
  0.3389387958E-05  0.5542434647E+01  0.1878552789E-04
  0.6778775916E-05  0.5542395324E+01  0.3757092250E-04
  0.1016816387E-04  0.5542356001E+01  0.5635618383E-04
  0.1355755183E-04  0.5542316679E+01  0.7514131188E-04
  0.1694693979E-04  0.5542277356E+01  0.9392630665E-04
  0.2033632775E-04  0.5542238033E+01  0.1127111681E-03
  0.2372571571E-04  0.5542198710E+01  0.1314958964E-03
  0.2711510367E-04  0.5542159388E+01  0.1502804913E-03
  0.3050449162E-04  0.5542120065E+01  0.1690649529E-03
  0.3389387958E-04  0.5542080742E+01  0.1878492813E-03
  0.3728326754E-04  0.5542041420E+01  0.2066334764E-03
  0.4067265550E-04  0.5542002097E+01  0.2254175382E-03
  0.4406204346E-04  0.5541962775E+01  0.2442014667E-03
  0.4745143141E-04  0.5541923452E+01  0.2629852620E-03
  0.5084081937E-04  0.5541884130E+01  0.2817689240E-03
  0.5423020733E-04  0.5541844807E+01  0.3005524527E-03
  0.5761959529E-04  0.5541805485E+01  0.3193358481E-03
  0.6100898325E-04  0.5541766163E+01  0.3381191102E-03
  0.6439837120E-04  0.5541726840E+01  0.3569022391E-03
  0.6778775916E-04  0.5541687518E+01  0.3756852347E-03
  0.7117714712E-04  0.5541648196E+01  0.3944680970E-03
  0.7456653508E-04  0.5541608874E+01  0.4132508260E-03
  0.7795592304E-04  0.5541569552E+01  0.4320334217E-03
  0.8134531100E-04  0.5541530230E+01  0.4508158842E-03
  0.8473469895E-04  0.5541490908E+01  0.4695982134E-03
  0.8812408691E-04  0.5541451586E+01  0.4883804093E-03
  0.9151347487E-04  0.5541412264E+01  0.5071624719E-03
  0.9490286283E-04  0.5541372942E+01  0.5259444013E-03
  0.9829225079E-04  0.5541333621E+01  0.5447261974E-03
  0.1016816387E-03  0.5541294299E+01  0.5635078602E-03
  0.1050710267E-03  0.5541254978E+01  0.5822893897E-03
  0.1084604147E-03  0.5541215656E+01  0.6010707860E-03
  0.1118498026E-03  0.5541176335E+01  0.6198520490E-03
  0.1152391906E-03  0.5541137014E+01  0.6386331787E-03
  0.1186285785E-03  0.5541097693E+01  0.6574141751E-03
  0.1220179665E-03  0.5541058371E+01  0.6761950383E-03
  0.1254073545E-03  0.5541019051E+01  0.6949757681E-03
  0.1287967424E-03  0.5540979730E+01  0.7137563648E-03
  0.1321861304E-03  0.5540940409E+01  0.7325368281E-03
  0.1355755183E-03  0.5540901088E+01  0.7513171581E-03
  0.1389649063E-03  0.5540861768E+01  0.7700973549E-03
  0.1423542942E-03  0.5540822447E+01  0.7888774185E-03
  0.1457436822E-03  0.5540783127E+01  0.8076573487E-03
  0.1491330702E-03  0.5540743807E+01  0.8264371457E-03
  0.1525224581E-03  0.5540704487E+01  0.8452168094E-03
  0.1559118461E-03  0.5540665167E+01  0.8639963398E-03
  0.1593012340E-03  0.5540625847E+01  0.8827757370E-03
  0.1626906220E-03  0.5540586528E+01  0.9015550009E-03
  0.1660800099E-03  0.5540547208E+01  0.9203341315E-03
  0.1694693979E-03  0.5540507889E+01  0.9391131288E-03
  0.1728587859E-03  0.5540468569E+01  0.9578919929E-03
  0.1762481738E-03  0.5540429250E+01  0.9766707237E-03
  0.1796375618E-03  0.5540389931E+01  0.9954493213E-03
  0.1830269497E-03  0.5540350612E+01  0.1014227786E-02
  0.1864163377E-03  0.5540311294E+01  0.1033006117E-02
  0.1898057257E-03  0.5540271975E+01  0.1051784314E-02
  0.1931951136E-03  0.5540232657E+01  0.1070562379E-02
  0.1965845016E-03  0.5540193338E+01  0.1089340310E-02
  0.1999738895E-03  0.5540154020E+01  0.1108118108E-02
  0.2033632775E-03  0.5540114702E+01  0.1126895773E-02
  0.2067526654E-03  0.5540075385E+01  0.1145673304E-02
  0.2101420534E-03  0.5540036067E+01  0.1164450702E-02
  0.2135314414E-03  0.5539996750E+01  0.1183227967E-02
  0.2169208293E-03  0.5539957432E+01  0.1202005099E-02
  0.2203102173E-03  0.5539918115E+01  0.1220782097E-02
  0.2236996052E-03  0.5539878799E+01  0.1239558962E-02
  0.2270889932E-03  0.5539839482E+01  0.1258335694E-02
  0.2304783812E-03  0.5539800165E+01  0.1277112293E-02
  0.2338677691E-03  0.5539760849E+01  0.1295888758E-02
  0.2372571571E-03  0.5539721533E+01  0.1314665090E-02
  0.2406465450E-03  0.5539682217E+01  0.1333441289E-02
  0.2440359330E-03  0.5539642901E+01  0.1352217355E-02
  0.2474253209E-03  0.5539603586E+01  0.1370993287E-02
  0.2508147089E-03  0.5539564270E+01  0.1389769086E-02
  0.2542040969E-03  0.5539524955E+01  0.1408544752E-02
  0.2575934848E-03  0.5539485640E+01  0.1427320284E-02
  0.2609828728E-03  0.5539446325E+01  0.1446095684E-02
  0.2643722607E-03  0.5539407011E+01  0.1464870950E-02
  0.2677616487E-03  0.5539367696E+01  0.1483646082E-02
  0.2711510367E-03  0.5539328382E+01  0.1502421082E-02
  0.2745404246E-03  0.5539289068E+01  0.1521195948E-02
  0.2779298126E-03  0.5539249755E+01  0.1539970681E-02
  0.2813192005E-03  0.5539210441E+01  0.1558745281E-02
  0.2847085885E-03  0.5539171128E+01  0.1577519748E-02
  0.2880979764E-03  0.5539131815E+01  0.1596294081E-02
  0.2914873644E-03  0.5539092502E+01  0.1615068281E-02
  0.2948767524E-03  0.5539053190E+01  0.1633842348E-02
  0.2982661403E-03  0.5539013877E+01  0.1652616281E-02
  0.3016555283E-03  0.5538974565E+01  0.1671390082E-02
  0.3050449162E-03  0.5538935254E+01  0.1690163749E-02
  0.3084343042E-03  0.5538895942E+01  0.1708937283E-02
  0.3118236921E-03  0.5538856631E+01  0.1727710683E-02
  0.3152130801E-03  0.5538817320E+01  0.1746483951E-02
  0.3186024681E-03  0.5538778009E+01  0.1765257085E-02
  0.3219918560E-03  0.5538738698E+01  0.1784030086E-02
  0.3253812440E-03  0.5538699388E+01  0.1802802953E-02
  0.3287706319E-03  0.5538660078E+01  0.1821575688E-02
  0.3321600199E-03  0.5538620768E+01  0.1840348289E-02
  0.3355494079E-03  0.5538581459E+01  0.1859120757E-02
  0.3389387958E-03  0.5538542150E+01  0.1877893091E-02
  0.3423624200E-03  0.5538502444E+01  0.1896854910E-02
  0.3458206263E-03  0.5538462337E+01  0.1916008125E-02
  0.3493137639E-03  0.5538421825E+01  0.1935354665E-02
  0.3528421858E-03  0.5538380905E+01  0.1954896482E-02
  0.3564062483E-03  0.5538339571E+01  0.1974635544E-02
  0.3600063114E-03  0.5538297820E+01  0.1994573840E-02
  0.3636427388E-03  0.5538255648E+01  0.2014713382E-02
  0.3673158977E-03  0.5538213050E+01  0.2035056197E-02
  0.3710261593E-03  0.5538170023E+01  0.2055604336E-02
  0.3747738983E-03  0.5538126561E+01  0.2076359870E-02
  0.3785594932E-03  0.5538082660E+01  0.2097324891E-02
  0.3823833265E-03  0.5538038317E+01  0.2118501511E-02
  0.3862457844E-03  0.5537993525E+01  0.2139891864E-02
  0.3901472569E-03  0.5537948282E+01  0.2161498106E-02
  0.3940881383E-03  0.5537902582E+01  0.2183322413E-02
  0.3980688266E-03  0.5537856422E+01  0.2205366985E-02
  0.4020897238E-03  0.5537809795E+01  0.2227634043E-02
  0.4061512362E-03  0.5537762698E+01  0.2250125830E-02
  0.4102537739E-03  0.5537715125E+01  0.2272844613E-02
  0.4143977514E-03  0.5537667072E+01  0.2295792680E-02
  0.4185835873E-03  0.5537618535E+01  0.2318972344E-02
  0.4228117043E-03  0.5537569508E+01  0.2342385940E-02
  0.4270825296E-03  0.5537519986E+01  0.2366035826E-02
  0.4313964946E-03  0.5537469964E+01  0.2389924385E-02
  0.4357540349E-03  0.5537419438E+01  0.2414054024E-02
  0.4401555908E-03  0.5537368402E+01  0.2438427173E-02
  0.4446016069E-03  0.5537316851E+01  0.2463046287E-02
  0.4490925322E-03  0.5537264780E+01  0.2487913847E-02
  0.4536288204E-03  0.5537212184E+01  0.2513032356E-02
  0.4582109297E-03  0.5537159057E+01  0.2538404346E-02
  0.4628393230E-03  0.5537105394E+01  0.2564032371E-02
  0.4675144676E-03  0.5537051190E+01  0.2589919014E-02
  0.4722368360E-03  0.5536996439E+01  0.2616066880E-02
  0.4770069051E-03  0.5536941135E+01  0.2642478603E-02
  0.4818251566E-03  0.5536885274E+01  0.2669156844E-02
  0.4866920774E-03  0.5536828850E+01  0.2696104288E-02
  0.4916081590E-03  0.5536771856E+01  0.2723323651E-02
  0.4965738980E-03  0.5536714287E+01  0.2750817672E-02
  0.5015897959E-03  0.5536656138E+01  0.2778589120E-02
  0.5066563595E-03  0.5536597402E+01  0.2806640791E-02
  0.5117741005E-03  0.5536538074E+01  0.2834975511E-02
  0.5169435359E-03  0.5536478148E+01  0.2863596132E-02
  0.5221651878E-03  0.5536417617E+01  0.2892505535E-02
  0.5274395836E-03  0.5536356476E+01  0.2921706632E-02
  0.5327672562E-03  0.5536294718E+01  0.2951202362E-02
  0.5381487436E-03  0.5536232338E+01  0.2980995695E-02
  0.5435845895E-03  0.5536169328E+01  0.3011089629E-02
  0.5490753429E-03  0.5536105684E+01  0.3041487195E-02
  0.5546215585E-03  0.5536041397E+01  0.3072191453E-02
  0.5602237965E-03  0.5535976463E+01  0.3103205492E-02
  0.5658826227E-03  0.5535910874E+01  0.3134532435E-02
  0.5715986088E-03  0.5535844623E+01  0.3166175435E-02
  0.5773723321E-03  0.5535777705E+01  0.3198137677E-02
  0.5832043759E-03  0.5535710112E+01  0.3230422378E-02
  0.5890953291E-03  0.5535641838E+01  0.3263032787E-02
  0.5950457870E-03  0.5535572875E+01  0.3295972185E-02
  0.6010563505E-03  0.5535503218E+01  0.3329243888E-02
  0.6071276268E-03  0.5535432858E+01  0.3362851244E-02
  0.6132602291E-03  0.5535361789E+01  0.3396797634E-02
  0.6194547769E-03  0.5535290005E+01  0.3431086475E-02
  0.6257118958E-03  0.5535217496E+01  0.3465721216E-02
  0.6320322180E-03  0.5535144257E+01  0.3500705342E-02
  0.6384163818E-03  0.5535070280E+01  0.3536042374E-02
  0.6448650321E-03  0.5534995558E+01  0.3571735866E-02
  0.6513788203E-03  0.5534920083E+01  0.3607789409E-02
  0.6579584044E-03  0.5534843847E+01  0.3644206630E-02
  0.6646044489E-03  0.5534766843E+01  0.3680991192E-02
  0.6713176251E-03  0.5534689064E+01  0.3718146797E-02
  0.6780986112E-03  0.5534610501E+01  0.3755677180E-02
  0.6849480921E-03  0.5534531147E+01  0.3793586117E-02
  0.6918667597E-03  0.5534450993E+01  0.3831877421E-02
  0.6988553129E-03  0.5534370032E+01  0.3870554943E-02
  0.7059144575E-03  0.5534288256E+01  0.3909622573E-02
  0.7130449065E-03  0.5534205656E+01  0.3949084239E-02
  0.7202473803E-03  0.5534122225E+01  0.3988943910E-02
  0.7275226064E-03  0.5534037953E+01  0.4029205593E-02
  0.7348713196E-03  0.5533952833E+01  0.4069873338E-02
  0.7422942622E-03  0.5533866856E+01  0.4110951233E-02
  0.7497921840E-03  0.5533780014E+01  0.4152443409E-02
  0.7573658425E-03  0.5533692297E+01  0.4194354036E-02
  0.7650160025E-03  0.5533603697E+01  0.4236687329E-02
  0.7727434369E-03  0.5533514206E+01  0.4279447543E-02
  0.7805489261E-03  0.5533423814E+01  0.4322638976E-02
  0.7884332587E-03  0.5533332512E+01  0.4366265970E-02
  0.7963972310E-03  0.5533240291E+01  0.4410332909E-02
  0.8044416475E-03  0.5533147143E+01  0.4454844224E-02
  0.8125673207E-03  0.5533053057E+01  0.4499804387E-02
  0.8207750714E-03  0.5532958024E+01  0.4545217917E-02
  0.8290657287E-03  0.5532862036E+01  0.4591089378E-02
  0.8374401300E-03  0.5532765082E+01  0.4637423379E-02
  0.8458991212E-03  0.5532667153E+01  0.4684224576E-02
  0.8544435568E-03  0.5532568239E+01  0.4731497672E-02
  0.8630742998E-03  0.5532468331E+01  0.4779247415E-02
  0.8717922220E-03  0.5532367418E+01  0.4827478604E-02
  0.8805982040E-03  0.5532265490E+01  0.4876196083E-02
  0.8894931354E-03  0.5532162537E+01  0.4925404747E-02
  0.8984779145E-03  0.5532058549E+01  0.4975109538E-02
  0.9075534490E-03  0.5531953517E+01  0.5025315450E-02
  0.9167206556E-03  0.5531847428E+01  0.5076027524E-02
  0.9259804602E-03  0.5531740274E+01  0.5127250854E-02
  0.9353337982E-03  0.5531632042E+01  0.5178990585E-02
  0.9447816143E-03  0.5531522724E+01  0.5231251911E-02
  0.9543248629E-03  0.5531412306E+01  0.5284040081E-02
  0.9639645080E-03  0.5531300780E+01  0.5337360394E-02
  0.9737015233E-03  0.5531188134E+01  0.5391218206E-02
  0.9835368922E-03  0.5531074356E+01  0.5445618922E-02
  0.9934716083E-03  0.5530959436E+01  0.5500568005E-02
  0.1003506675E-02  0.5530843362E+01  0.5556070970E-02
  0.1013643106E-02  0.5530726122E+01  0.5612133388E-02
  0.1023881925E-02  0.5530607706E+01  0.5668760887E-02
  0.1034224167E-02  0.5530488101E+01  0.5725959150E-02
  0.1044670876E-02  0.5530367296E+01  0.5783733917E-02
  0.1055223107E-02  0.5530245279E+01  0.5842090987E-02
  0.1065881926E-02  0.5530122037E+01  0.5901036215E-02
  0.1076648410E-02  0.5529997559E+01  0.5960575516E-02
  0.1087523647E-02  0.5529871833E+01  0.6020714863E-02
  0.1098508734E-02  0.5529744845E+01  0.6081460291E-02
  0.1109604782E-02  0.5529616585E+01  0.6142817893E-02
  0.1120812911E-02  0.5529487038E+01  0.6204793823E-02
  0.1132134253E-02  0.5529356193E+01  0.6267394299E-02
  0.1143569953E-02  0.5529224036E+01  0.6330625600E-02
  0.1155121165E-02  0.5529090555E+01  0.6394494066E-02
  0.1166789055E-02  0.5528955737E+01  0.6459006103E-02
  0.1178574803E-02  0.5528819568E+01  0.6524168180E-02
  0.1190479599E-02  0.5528682035E+01  0.6589986830E-02
  0.1202504646E-02  0.5528543125E+01  0.6656468653E-02
  0.1214651157E-02  0.5528402823E+01  0.6723620314E-02
  0.1226920361E-02  0.5528261118E+01  0.6791448545E-02
  0.1239313496E-02  0.5528117993E+01  0.6859960144E-02
  0.1251831814E-02  0.5527973437E+01  0.6929161979E-02
  0.1264476580E-02  0.5527827434E+01  0.6999060985E-02
  0.1277249070E-02  0.5527679971E+01  0.7069664168E-02
  0.1290150576E-02  0.5527531033E+01  0.7140978602E-02
  0.1303182400E-02  0.5527380605E+01  0.7213011434E-02
  0.1316345859E-02  0.5527228674E+01  0.7285769879E-02
  0.1329642282E-02  0.5527075224E+01  0.7359261229E-02
  0.1343073012E-02  0.5526920240E+01  0.7433492843E-02
  0.1356639406E-02  0.5526763708E+01  0.7508472160E-02
  0.1370342834E-02  0.5526605612E+01  0.7584206687E-02
  0.1384184681E-02  0.5526445938E+01  0.7660704010E-02
  0.1398166344E-02  0.5526284669E+01  0.7737971790E-02
  0.1412289237E-02  0.5526121790E+01  0.7816017763E-02
  0.1426554785E-02  0.5525957286E+01  0.7894849745E-02
  0.1440964429E-02  0.5525791141E+01  0.7974475626E-02
  0.1455519625E-02  0.5525623338E+01  0.8054903380E-02
  0.1470221844E-02  0.5525453862E+01  0.8136141055E-02
  0.1485072569E-02  0.5525282696E+01  0.8218196784E-02
  0.1500073302E-02  0.5525109824E+01  0.8301078778E-02
  0.1515225558E-02  0.5524935230E+01  0.8384795331E-02
  0.1530530867E-02  0.5524758896E+01  0.8469354821E-02
  0.1545990774E-02  0.5524580806E+01  0.8554765707E-02
  0.1561606843E-02  0.5524400944E+01  0.8641036535E-02
  0.1577380649E-02  0.5524219291E+01  0.8728175933E-02
  0.1593313787E-02  0.5524035830E+01  0.8816192619E-02
  0.1609407866E-02  0.5523850544E+01  0.8905095396E-02
  0.1625664511E-02  0.5523663416E+01  0.8994893152E-02
  0.1642085364E-02  0.5523474428E+01  0.9085594869E-02
  0.1658672085E-02  0.5523283562E+01  0.9177209615E-02
  0.1675426349E-02  0.5523090799E+01  0.9269746548E-02
  0.1692349847E-02  0.5522896122E+01  0.9363214920E-02
  0.1709444290E-02  0.5522699513E+01  0.9457624072E-02
  0.1726711404E-02  0.5522500952E+01  0.9552983440E-02
  0.1744152934E-02  0.5522300421E+01  0.9649302553E-02
  0.1761770640E-02  0.5522097902E+01  0.9746591037E-02
  0.1779566303E-02  0.5521893374E+01  0.9844858610E-02
  0.1797541720E-02  0.5521686820E+01  0.9944115091E-02
  0.1815698707E-02  0.5521478220E+01  0.1004437039E-01
  0.1834039098E-02  0.5521267554E+01  0.1014563453E-01
  0.1852564746E-02  0.5521054803E+01  0.1024791762E-01
  0.1871277521E-02  0.5520839947E+01  0.1035122986E-01
  0.1890179314E-02  0.5520622966E+01  0.1045558159E-01
  0.1909272034E-02  0.5520403840E+01  0.1056098321E-01
  0.1928557610E-02  0.5520182548E+01  0.1066744524E-01
  0.1948037990E-02  0.5519959071E+01  0.1077497832E-01
  0.1967715142E-02  0.5519733387E+01  0.1088359317E-01
  0.1987591052E-02  0.5519505477E+01  0.1099330063E-01
  0.2007667730E-02  0.5519275318E+01  0.1110411165E-01
  0.2027947202E-02  0.5519042890E+01  0.1121603728E-01
  0.2048431517E-02  0.5518808171E+01  0.1132908869E-01
  0.2069122744E-02  0.5518571141E+01  0.1144327715E-01
  0.2090022974E-02  0.5518331778E+01  0.1155861406E-01
  0.2111134317E-02  0.5518090059E+01  0.1167511090E-01
  0.2132458906E-02  0.5517845963E+01  0.1179277930E-01
  0.2153998895E-02  0.5517599468E+01  0.1191163099E-01
  0.2175756460E-02  0.5517350551E+01  0.1203167781E-01
  0.2197733798E-02  0.5517099191E+01  0.1215293172E-01
  0.2219933129E-02  0.5516845364E+01  0.1227540482E-01
  0.2242356696E-02  0.5516589047E+01  0.1239910930E-01
  0.2265006764E-02  0.5516330219E+01  0.1252405748E-01
  0.2287885620E-02  0.5516068855E+01  0.1265026182E-01
  0.2310995576E-02  0.5515804933E+01  0.1277773487E-01
  0.2334338965E-02  0.5515538429E+01  0.1290648935E-01
  0.2357918147E-02  0.5515269319E+01  0.1303653806E-01
  0.2381735502E-02  0.5514997580E+01  0.1316789395E-01
  0.2405793436E-02  0.5514723188E+01  0.1330057010E-01
  0.2430094380E-02  0.5514446118E+01  0.1343457971E-01
  0.2454640788E-02  0.5514166347E+01  0.1356993612E-01
  0.2479435139E-02  0.5513883849E+01  0.1370665279E-01
  0.2504479939E-02  0.5513598601E+01  0.1384474334E-01
  0.2529777716E-02  0.5513310578E+01  0.1398422148E-01
  0.2555331026E-02  0.5513019754E+01  0.1412510110E-01
  0.2581142450E-02  0.5512726105E+01  0.1426739621E-01
  0.2607214596E-02  0.5512429606E+01  0.1441112094E-01
  0.2633550097E-02  0.5512130230E+01  0.1455628959E-01
  0.2660151614E-02  0.5511827953E+01  0.1470291659E-01
  0.2687021832E-02  0.5511522748E+01  0.1485101651E-01
  0.2714163467E-02  0.5511214590E+01  0.1500060407E-01
  0.2741579259E-02  0.5510903453E+01  0.1515169412E-01
  0.2769271979E-02  0.5510589311E+01  0.1530430168E-01
  0.2797244423E-02  0.5510272136E+01  0.1545844189E-01
  0.2825499417E-02  0.5509951903E+01  0.1561413007E-01
  0.2854039815E-02  0.5509628586E+01  0.1577138168E-01
  0.2882868500E-02  0.5509302156E+01  0.1593021232E-01
  0.2911988384E-02  0.5508972588E+01  0.1609063776E-01
  0.2941402408E-02  0.5508639854E+01  0.1625267392E-01
  0.2971113544E-02  0.5508303927E+01  0.1641633688E-01
  0.3001124792E-02  0.5507964779E+01  0.1658164286E-01
  0.3031439184E-02  0.5507622384E+01  0.1674860828E-01
  0.3062059781E-02  0.5507276713E+01  0.1691724967E-01
  0.3092989678E-02  0.5506927738E+01  0.1708758378E-01
  0.3124231998E-02  0.5506575431E+01  0.1725962747E-01
  0.3155789897E-02  0.5506219765E+01  0.1743339781E-01
  0.3187666563E-02  0.5505860712E+01  0.1760891201E-01
  0.3219865215E-02  0.5505498242E+01  0.1778618747E-01
  0.3252389106E-02  0.5505132327E+01  0.1796524175E-01
  0.3285241521E-02  0.5504762940E+01  0.1814609257E-01
  0.3318425779E-02  0.5504390050E+01  0.1832875786E-01
  0.3351945231E-02  0.5504013630E+01  0.1851325569E-01
  0.3385803264E-02  0.5503633650E+01  0.1869960433E-01
  0.3420003297E-02  0.5503250081E+01  0.1888782222E-01
  0.3454548785E-02  0.5502862894E+01  0.1907792799E-01
  0.3489443217E-02  0.5502472060E+01  0.1926994045E-01
  0.3524690118E-02  0.5502077549E+01  0.1946387859E-01
  0.3560293049E-02  0.5501679333E+01  0.1965976158E-01
  0.3596255605E-02  0.5501277380E+01  0.1985760881E-01
  0.3632581419E-02  0.5500871663E+01  0.2005743982E-01
  0.3669274160E-02  0.5500462150E+01  0.2025927437E-01
  0.3706337536E-02  0.5500048812E+01  0.2046313240E-01
  0.3743775289E-02  0.5499631619E+01  0.2066903406E-01
  0.3781591201E-02  0.5499210541E+01  0.2087699968E-01
  0.3819789092E-02  0.5498785549E+01  0.2108704981E-01
  0.3858372820E-02  0.5498356611E+01  0.2129920518E-01
  0.3897346283E-02  0.5497923698E+01  0.2151348674E-01
  0.3936713417E-02  0.5497486779E+01  0.2172991564E-01
  0.3976478199E-02  0.5497045824E+01  0.2194851324E-01
  0.4016644645E-02  0.5496600803E+01  0.2216930110E-01
  0.4057216813E-02  0.5496151686E+01  0.2239230100E-01
  0.4098198801E-02  0.5495698441E+01  0.2261753493E-01
  0.4139594749E-02  0.5495241038E+01  0.2284502511E-01
  0.4181408837E-02  0.5494779447E+01  0.2307479396E-01
  0.4223645290E-02  0.5494313638E+01  0.2330686411E-01
  0.4266308374E-02  0.5493843578E+01  0.2354125845E-01
  0.4309402398E-02  0.5493369239E+01  0.2377800005E-01
  0.4352931715E-02  0.5492890589E+01  0.2401711225E-01
  0.4396900722E-02  0.5492407598E+01  0.2425861858E-01
  0.4441313861E-02  0.5491920235E+01  0.2450254281E-01
  0.4486175617E-02  0.5491428470E+01  0.2474890897E-01
  0.4531490522E-02  0.5490932271E+01  0.2499774129E-01
  0.4577263154E-02  0.5490430660E+01  0.2524906423E-01
  0.4623498135E-02  0.5489923875E+01  0.2550290247E-01
  0.4670200136E-02  0.5489412502E+01  0.2575928096E-01
  0.4717373875E-02  0.5488896507E+01  0.2601822490E-01
  0.4765024116E-02  0.5488375859E+01  0.2627975974E-01
  0.4813155673E-02  0.5487850526E+01  0.2654391117E-01
  0.4861773407E-02  0.5487320473E+01  0.2681070514E-01
  0.4910882230E-02  0.5486785669E+01  0.2708016786E-01
  0.4960487101E-02  0.5486246082E+01  0.2735232577E-01
  0.5010593031E-02  0.5485701678E+01  0.2762720559E-01
  0.5061205082E-02  0.5485152425E+01  0.2790483431E-01
  0.5112328365E-02  0.5484598291E+01  0.2818523915E-01
  0.5163968046E-02  0.5484039242E+01  0.2846844761E-01
  0.5216129339E-02  0.5483475246E+01  0.2875448749E-01
  0.5268817514E-02  0.5482906271E+01  0.2904338680E-01
  0.5322037893E-02  0.5482332284E+01  0.2933517388E-01
  0.5375795852E-02  0.5481753253E+01  0.2962987730E-01
  0.5430096820E-02  0.5481169144E+01  0.2992752595E-01
  0.5484946283E-02  0.5480579926E+01  0.3022814898E-01
  0.5540349781E-02  0.5479985565E+01  0.3053177581E-01
  0.5596312910E-02  0.5479386825E+01  0.3083843620E-01
  0.5652841323E-02  0.5478784625E+01  0.3114816022E-01
  0.5709940730E-02  0.5478177282E+01  0.3146097823E-01
  0.5767616899E-02  0.5477564768E+01  0.3177692085E-01
  0.5825875656E-02  0.5476947053E+01  0.3209601897E-01
  0.5884722885E-02  0.5476329265E+01  0.3241830395E-01
  0.5944164530E-02  0.5475707663E+01  0.3274380749E-01
  0.6004206596E-02  0.5475081018E+01  0.3307256148E-01
  0.6064855147E-02  0.5474449308E+01  0.3340459806E-01
  0.6126116310E-02  0.5473812510E+01  0.3373994969E-01
  0.6187996273E-02  0.5473170603E+01  0.3407864914E-01
  0.6250501286E-02  0.5472523564E+01  0.3442072952E-01
  0.6313637663E-02  0.5471871373E+01  0.3476622424E-01
  0.6377411780E-02  0.5471214008E+01  0.3511516704E-01
  0.6441830081E-02  0.5470551449E+01  0.3546759201E-01
  0.6506899072E-02  0.5469883673E+01  0.3582353355E-01
  0.6572625325E-02  0.5469210660E+01  0.3618302639E-01
  0.6639015480E-02  0.5468530408E+01  0.3654610555E-01
  0.6706076242E-02  0.5467839841E+01  0.3691280622E-01
  0.6773814386E-02  0.5467143720E+01  0.3728316396E-01
  0.6842236754E-02  0.5466444443E+01  0.3765721496E-01
  0.6911350256E-02  0.5465741610E+01  0.3803499579E-01
  0.6981161875E-02  0.5465033292E+01  0.3841654333E-01
  0.7051678662E-02  0.5464319466E+01  0.3880189475E-01
  0.7122907739E-02  0.5463600107E+01  0.3919108757E-01
  0.7194856302E-02  0.5462875191E+01  0.3958415967E-01
  0.7267531618E-02  0.5462134869E+01  0.3998114895E-01
  0.7340941029E-02  0.5461374083E+01  0.4038209312E-01
  0.7415091948E-02  0.5460610577E+01  0.4078703072E-01
  0.7489991867E-02  0.5459845719E+01  0.4119600137E-01
  0.7565648350E-02  0.5459074548E+01  0.4160904492E-01
  0.7642069041E-02  0.5458297021E+01  0.4202620146E-01
  0.7719261657E-02  0.5457513094E+01  0.4244751143E-01
  0.7797233997E-02  0.5456719339E+01  0.4287301555E-01
  0.7875993937E-02  0.5455912796E+01  0.4330275468E-01
  0.7955549431E-02  0.5455099368E+01  0.4373677016E-01
  0.8035908516E-02  0.5454278996E+01  0.4417510399E-01
  0.8117079309E-02  0.5453451623E+01  0.4461779856E-01
  0.8199070009E-02  0.5452617189E+01  0.4506489667E-01
  0.8281888898E-02  0.5451775631E+01  0.4551644152E-01
  0.8365544342E-02  0.5450926888E+01  0.4597247673E-01
  0.8450044790E-02  0.5450070893E+01  0.4643304633E-01
  0.8535398777E-02  0.5449207581E+01  0.4689819477E-01
  0.8621614927E-02  0.5448336882E+01  0.4736796693E-01
  0.8708701946E-02  0.5447458728E+01  0.4784240811E-01
  0.8796668632E-02  0.5446571364E+01  0.4832156397E-01
  0.8885523871E-02  0.5445668192E+01  0.4880548025E-01
  0.8975276638E-02  0.5444756973E+01  0.4929420314E-01
  0.9065935997E-02  0.5443837618E+01  0.4978777965E-01
  0.9157511109E-02  0.5442910033E+01  0.5028625721E-01
  0.9250011221E-02  0.5441988055E+01  0.5078968436E-01
  0.9343445678E-02  0.5441074696E+01  0.5129811089E-01
  0.9437823917E-02  0.5440155587E+01  0.5181158656E-01
  0.9533155471E-02  0.5439228931E+01  0.5233016088E-01
  0.9629449971E-02  0.5438294640E+01  0.5285388373E-01
  0.9726717143E-02  0.5437352621E+01  0.5338280545E-01
  0.9824966811E-02  0.5436402778E+01  0.5391697688E-01
  0.9924208900E-02  0.5435445010E+01  0.5445644932E-01
  0.1002445343E-01  0.5434479212E+01  0.5500127457E-01
  0.1012571054E-01  0.5433505275E+01  0.5555150489E-01
  0.1022799044E-01  0.5432523083E+01  0.5610719307E-01
  0.1033130348E-01  0.5431532516E+01  0.5666839234E-01
  0.1043566008E-01  0.5430533448E+01  0.5723515648E-01
  0.1054107079E-01  0.5429525748E+01  0.5780753975E-01
  0.1064754625E-01  0.5428501793E+01  0.5838559650E-01
  0.1075509722E-01  0.5427418594E+01  0.5896937890E-01
  0.1086373457E-01  0.5426315760E+01  0.5955893934E-01
  0.1097346926E-01  0.5425201628E+01  0.6015433330E-01
  0.1108431238E-01  0.5424086602E+01  0.6075561780E-01
  0.1119627514E-01  0.5422964595E+01  0.6136285065E-01
  0.1130936882E-01  0.5421815888E+01  0.6197608876E-01
  0.1142360487E-01  0.5420655084E+01  0.6259538928E-01
  0.1153899482E-01  0.5419481955E+01  0.6322081071E-01
  0.1165555032E-01  0.5418296267E+01  0.6385241206E-01
  0.1177328316E-01  0.5417097774E+01  0.6449025287E-01
  0.1189220521E-01  0.5415886224E+01  0.6513439321E-01
  0.1201232849E-01  0.5414659261E+01  0.6578489356E-01
  0.1213366514E-01  0.5413405492E+01  0.6644181412E-01
  0.1225622742E-01  0.5412137414E+01  0.6710521570E-01
  0.1238002770E-01  0.5410854730E+01  0.6777516041E-01
  0.1250507848E-01  0.5409557132E+01  0.6845171091E-01
  0.1263139240E-01  0.5408244298E+01  0.6913493038E-01
  0.1275898223E-01  0.5406915901E+01  0.6982488257E-01
  0.1288786083E-01  0.5405579708E+01  0.7052163226E-01
  0.1301804125E-01  0.5404239444E+01  0.7122524562E-01
  0.1314953661E-01  0.5402883250E+01  0.7193578890E-01
  0.1328236022E-01  0.5401510765E+01  0.7265332816E-01
  0.1341652547E-01  0.5400119493E+01  0.7337792990E-01
  0.1355204593E-01  0.5398691215E+01  0.7410965979E-01
  0.1368893528E-01  0.5397246363E+01  0.7484858425E-01
  0.1382720736E-01  0.5395786312E+01  0.7559477175E-01
  0.1396687612E-01  0.5394307567E+01  0.7634829127E-01
  0.1410795567E-01  0.5392792053E+01  0.7710921089E-01
  0.1425046028E-01  0.5391242018E+01  0.7787759814E-01
  0.1439440432E-01  0.5389699633E+01  0.7865352430E-01
  0.1453980234E-01  0.5388136859E+01  0.7943706236E-01
  0.1468666903E-01  0.5386561381E+01  0.8022828450E-01
  0.1483501923E-01  0.5384990043E+01  0.8102726536E-01
  0.1498486790E-01  0.5383397362E+01  0.8183407967E-01
  0.1513623021E-01  0.5381755817E+01  0.8264879886E-01
  0.1528912142E-01  0.5380128042E+01  0.8347149760E-01
  0.1544355699E-01  0.5378478347E+01  0.8430225336E-01
  0.1559955252E-01  0.5376805786E+01  0.8514114146E-01
  0.1575712375E-01  0.5375147451E+01  0.8598824074E-01
  0.1591628662E-01  0.5373493045E+01  0.8684363296E-01
  0.1607705719E-01  0.5371853797E+01  0.8770740074E-01
  0.1623945171E-01  0.5370151994E+01  0.8857962216E-01
  0.1640348657E-01  0.5368423511E+01  0.8946037255E-01
  0.1656917836E-01  0.5366669178E+01  0.9034973088E-01
  0.1673654380E-01  0.5364888291E+01  0.9124777679E-01
  0.1690559979E-01  0.5363090433E+01  0.9215459136E-01
  0.1707636343E-01  0.5361277398E+01  0.9307025738E-01
  0.1724885195E-01  0.5359436052E+01  0.9399485737E-01
  0.1742308278E-01  0.5357565631E+01  0.9492847341E-01
  0.1759907351E-01  0.5355665361E+01  0.9587118811E-01
  0.1777684193E-01  0.5353779218E+01  0.9682308863E-01
  0.1795640599E-01  0.5351875782E+01  0.9778426406E-01
  0.1813778383E-01  0.5349952653E+01  0.9875480132E-01
  0.1832099377E-01  0.5348019178E+01  0.9973478869E-01
  0.1850605431E-01  0.5346139281E+01  0.1007243221E+00
  0.1869298415E-01  0.5344148006E+01  0.1017234889E+00
  0.1888180217E-01  0.5342114549E+01  0.1027323684E+00
  0.1907252745E-01  0.5340040345E+01  0.1037510469E+00
  0.1926517924E-01  0.5337943775E+01  0.1047796133E+00
  0.1945977701E-01  0.5335812570E+01  0.1058181579E+00
  0.1965634041E-01  0.5333645955E+01  0.1068667704E+00
  0.1985488931E-01  0.5331472841E+01  0.1079255442E+00
  0.2005544374E-01  0.5329290999E+01  0.1089945759E+00
  0.2025802398E-01  0.5327071873E+01  0.1100739602E+00
  0.2046265049E-01  0.5324814715E+01  0.1111637893E+00
  0.2066934393E-01  0.5322576087E+01  0.1122641623E+00
  0.2087812518E-01  0.5320279725E+01  0.1133751766E+00
  0.2108901533E-01  0.5317941553E+01  0.1144969247E+00
  0.2130203569E-01  0.5315564626E+01  0.1156295013E+00
  0.2151720777E-01  0.5313096917E+01  0.1167729969E+00
  0.2173455330E-01  0.5310553590E+01  0.1179274984E+00
  0.2195409424E-01  0.5307916861E+01  0.1190930929E+00
  0.2217585277E-01  0.5305230798E+01  0.1202698709E+00
  0.2239985128E-01  0.5302515105E+01  0.1214579306E+00
  0.2262611241E-01  0.5299851326E+01  0.1226573823E+00
  0.2285465900E-01  0.5297143009E+01  0.1238683357E+00
  0.2308551414E-01  0.5294394929E+01  0.1250908912E+00
  0.2331870115E-01  0.5291633265E+01  0.1263251533E+00
  0.2355424359E-01  0.5288912301E+01  0.1275712371E+00
  0.2379216524E-01  0.5286213146E+01  0.1288292627E+00
  0.2403249014E-01  0.5283508143E+01  0.1300993464E+00
  0.2427524257E-01  0.5280756850E+01  0.1313815968E+00
  0.2452044704E-01  0.5277984650E+01  0.1326761221E+00
  0.2476812832E-01  0.5275176598E+01  0.1339830324E+00
  0.2501831143E-01  0.5272332837E+01  0.1353024368E+00
  0.2527102165E-01  0.5269458320E+01  0.1366344459E+00
  0.2552628449E-01  0.5266614333E+01  0.1379791799E+00
  0.2578412575E-01  0.5263737690E+01  0.1393367595E+00
  0.2604457147E-01  0.5260828772E+01  0.1407072986E+00
  0.2630764795E-01  0.5257923050E+01  0.1420909167E+00
  0.2657338176E-01  0.5255052025E+01  0.1434877432E+00
  0.2684179976E-01  0.5252180947E+01  0.1448979084E+00
  0.2711292905E-01  0.5249314382E+01  0.1463215399E+00
  0.2738679702E-01  0.5246446892E+01  0.1477587663E+00
  0.2766343134E-01  0.5243637815E+01  0.1492097250E+00
  0.2794285993E-01  0.5240800536E+01  0.1506745510E+00
  0.2822511105E-01  0.5237935599E+01  0.1521533684E+00
  0.2851021318E-01  0.5235043632E+01  0.1536463028E+00
  0.2879819513E-01  0.5232125351E+01  0.1551534807E+00
  0.2908908599E-01  0.5229181561E+01  0.1566750299E+00
  0.2938291514E-01  0.5226213160E+01  0.1582110798E+00
  0.2967971226E-01  0.5223221138E+01  0.1597617608E+00
  0.2997950734E-01  0.5220206582E+01  0.1613272049E+00
  0.3028233064E-01  0.5217170672E+01  0.1629075455E+00
  0.3058821277E-01  0.5214003177E+01  0.1645029003E+00
  0.3089718462E-01  0.5210694237E+01  0.1661133693E+00
  0.3120927739E-01  0.5207360080E+01  0.1677390690E+00
  0.3152452262E-01  0.5204011061E+01  0.1693801366E+00
  0.3184295214E-01  0.5200648276E+01  0.1710367119E+00
  0.3216459812E-01  0.5197266252E+01  0.1727089356E+00
  0.3248949305E-01  0.5193810181E+01  0.1743969396E+00
  0.3281766975E-01  0.5190263743E+01  0.1761008452E+00
  0.3314916136E-01  0.5186697162E+01  0.1778207829E+00
  0.3348400137E-01  0.5183115256E+01  0.1795568970E+00
  0.3382222361E-01  0.5179631058E+01  0.1813093526E+00
  0.3416386223E-01  0.5176154722E+01  0.1830783208E+00
  0.3450895175E-01  0.5172686486E+01  0.1848639591E+00
  0.3485752702E-01  0.5169265287E+01  0.1866664334E+00
  0.3520962325E-01  0.5166125995E+01  0.1884859596E+00
  0.3556527601E-01  0.5163113442E+01  0.1903227709E+00
  0.3592452122E-01  0.5160141855E+01  0.1921770609E+00
  0.3628739518E-01  0.5157188973E+01  0.1940490062E+00
  0.3665393452E-01  0.5154237870E+01  0.1959387780E+00
  0.3702417628E-01  0.5151284705E+01  0.1978465454E+00
  0.3739815786E-01  0.5148402533E+01  0.1997724921E+00
  0.3777591703E-01  0.5145528716E+01  0.2017168056E+00
  0.3815749195E-01  0.5142485667E+01  0.2036796297E+00
  0.3854292116E-01  0.5139346723E+01  0.2056610890E+00
  0.3893224360E-01  0.5136388615E+01  0.2076613761E+00
  0.3932549859E-01  0.5133778392E+01  0.2096807733E+00
  0.3972272585E-01  0.5131691673E+01  0.2117196356E+00
  0.4012396550E-01  0.5129733746E+01  0.2137782810E+00
  0.4052925808E-01  0.5127829913E+01  0.2158569382E+00
  0.4093864453E-01  0.5125850394E+01  0.2179557971E+00
  0.4135216619E-01  0.5123916450E+01  0.2200750474E+00
  0.4176986484E-01  0.5122011591E+01  0.2222149025E+00
  0.4219178266E-01  0.5120111486E+01  0.2243755697E+00
  0.4261796229E-01  0.5118242303E+01  0.2265572585E+00
  0.4304844675E-01  0.5116397490E+01  0.2287601853E+00
  0.4348327955E-01  0.5114567690E+01  0.2309845649E+00
  0.4392250460E-01  0.5112786943E+01  0.2332306200E+00
  0.4436616626E-01  0.5110884845E+01  0.2354985456E+00
  0.4481430935E-01  0.5108639957E+01  0.2377884504E+00
  0.4526697914E-01  0.5106250633E+01  0.2401004366E+00
  0.4572422136E-01  0.5103849174E+01  0.2424346809E+00
  0.4618608218E-01  0.5101486489E+01  0.2447914032E+00
  0.4665260826E-01  0.5099047701E+01  0.2471708109E+00
  0.4712384673E-01  0.5096515144E+01  0.2495730816E+00
  0.4759984518E-01  0.5093870075E+01  0.2519983854E+00
  0.4808065170E-01  0.5090963287E+01  0.2544468525E+00
  0.4856631485E-01  0.5087930500E+01  0.2569186093E+00
  0.4905688368E-01  0.5084733417E+01  0.2594138052E+00
  0.4955240776E-01  0.5081373601E+01  0.2619325807E+00
  0.5005293713E-01  0.5077830523E+01  0.2644750707E+00
  0.5055852235E-01  0.5073969176E+01  0.2670413706E+00
  0.5106921450E-01  0.5069673451E+01  0.2696315099E+00
  0.5158506515E-01  0.5065140172E+01  0.2722455350E+00
  0.5210612641E-01  0.5060346067E+01  0.2748835344E+00
  0.5263245092E-01  0.5055227746E+01  0.2775455716E+00
  0.5316409184E-01  0.5049761730E+01  0.2802316845E+00
  0.5370110287E-01  0.5043924332E+01  0.2829418949E+00
  0.5424353825E-01  0.5037680288E+01  0.2856762044E+00
  0.5479145278E-01  0.5031024517E+01  0.2884345992E+00
  0.5534490180E-01  0.5023935112E+01  0.2912170530E+00
  0.5590394121E-01  0.5016549385E+01  0.2940235663E+00
  0.5646862749E-01  0.5008616156E+01  0.2968541030E+00
  0.5703901766E-01  0.5000369253E+01  0.2997086165E+00
  0.5761516936E-01  0.4991815246E+01  0.3025871235E+00
  0.5819714076E-01  0.4982942754E+01  0.3054896354E+00
  0.5878499067E-01  0.4973631499E+01  0.3084161211E+00
  0.5937877846E-01  0.4963818880E+01  0.3113664894E+00
  0.5997856410E-01  0.4953427174E+01  0.3143406003E+00
  0.6058440818E-01  0.4942348278E+01  0.3173382488E+00
  0.6119637190E-01  0.4930845200E+01  0.3203592669E+00
  0.6181451707E-01  0.4918832510E+01  0.3234035322E+00
  0.6243890613E-01  0.4906321681E+01  0.3264708916E+00
  0.6306960215E-01  0.4893969121E+01  0.3295613938E+00
  0.6370666884E-01  0.4881312703E+01  0.3326751471E+00
  0.6435017054E-01  0.4868440548E+01  0.3358121385E+00
  0.6500017227E-01  0.4855103284E+01  0.3389722986E+00
  0.6565673966E-01  0.4841292188E+01  0.3421554672E+00
  0.6631993905E-01  0.4826971957E+01  0.3453614606E+00
  0.6698983743E-01  0.4812405468E+01  0.3485901622E+00
  0.6766650245E-01  0.4797501329E+01  0.3518415061E+00
  0.6835000248E-01  0.4782243098E+01  0.3551153839E+00
  0.6904040654E-01  0.4766567669E+01  0.3584116528E+00
  0.6973778439E-01  0.4750476572E+01  0.3617301407E+00
  0.7044220645E-01  0.4733592314E+01  0.3650705344E+00
  0.7115374389E-01  0.4715961286E+01  0.3684323900E+00
  0.7187246858E-01  0.4697182189E+01  0.3718151193E+00
  0.7259845311E-01  0.4678020687E+01  0.3752182454E+00
  0.7333177082E-01  0.4658472487E+01  0.3786415533E+00
  0.7407249577E-01  0.4638574888E+01  0.3820848308E+00
  0.7482070280E-01  0.4618694868E+01  0.3855480080E+00
  0.7557646748E-01  0.4598203242E+01  0.3890309110E+00
  0.7633986614E-01  0.4577142090E+01  0.3925331341E+00
  0.7711097590E-01  0.4556187064E+01  0.3960545338E+00
  0.7788987464E-01  0.4534407111E+01  0.3995948600E+00
  0.7867664105E-01  0.4512770490E+01  0.4031538677E+00
  0.7947135460E-01  0.4489792755E+01  0.4067310972E+00
  0.8027409556E-01  0.4466355881E+01  0.4103258308E+00
  0.8108494501E-01  0.4442475987E+01  0.4139376915E+00
  0.8190398485E-01  0.4418326741E+01  0.4175663668E+00
  0.8273129783E-01  0.4393514977E+01  0.4212114423E+00
  0.8356696751E-01  0.4368034323E+01  0.4248723228E+00
  0.8441107829E-01  0.4342056549E+01  0.4285484636E+00
  0.8526371544E-01  0.4315556031E+01  0.4322393647E+00
  0.8612496510E-01  0.4288571528E+01  0.4359445156E+00
  0.8699491424E-01  0.4261140989E+01  0.4396634232E+00
  0.8787365075E-01  0.4233384057E+01  0.4433956478E+00
  0.8876126338E-01  0.4205144227E+01  0.4471407200E+00
  0.8965784180E-01  0.4176561056E+01  0.4508981480E+00
  0.9056347656E-01  0.4148075257E+01  0.4546676880E+00
  0.9147825915E-01  0.4119530575E+01  0.4584492190E+00
  0.9240228197E-01  0.4092135732E+01  0.4622431025E+00
  0.9333563836E-01  0.4065893979E+01  0.4660502771E+00
  0.9427842258E-01  0.4039571038E+01  0.4698711293E+00
  0.9523072988E-01  0.4013150451E+01  0.4737054621E+00
  0.9619265645E-01  0.3987051093E+01  0.4775532653E+00
  0.9716429944E-01  0.3962444682E+01  0.4814153012E+00
  0.9814575701E-01  0.3937331920E+01  0.4852919490E+00
  0.9913712829E-01  0.3911973801E+01  0.4891827371E+00
  0.1001385134E+00  0.3886641272E+01  0.4930874457E+00
  0.1011500136E+00  0.3861288097E+01  0.4970059615E+00
  0.1021717309E+00  0.3837103814E+01  0.5009387516E+00
  0.1032037686E+00  0.3813153474E+01  0.5048864286E+00
  0.1042462309E+00  0.3789465490E+01  0.5088491504E+00
  0.1052992231E+00  0.3765234916E+01  0.5128266708E+00
  0.1063628516E+00  0.3739959411E+01  0.5168180402E+00
  0.1074372239E+00  0.3713635045E+01  0.5208220077E+00
  0.1085224483E+00  0.3686166649E+01  0.5248372307E+00
  0.1096186347E+00  0.3658097431E+01  0.5288625717E+00
  0.1107258936E+00  0.3628964368E+01  0.5328969038E+00
  0.1118443370E+00  0.3598630668E+01  0.5369387317E+00
  0.1129740778E+00  0.3566885204E+01  0.5409863194E+00
  0.1141152301E+00  0.3532738827E+01  0.5450371956E+00
  0.1152679092E+00  0.3496819664E+01  0.5490886081E+00
  0.1164322315E+00  0.3459109371E+01  0.5531380798E+00
  0.1176083146E+00  0.3420358082E+01  0.5571834927E+00
  0.1187962774E+00  0.3381405058E+01  0.5612236134E+00
  0.1199962398E+00  0.3340069863E+01  0.5652563720E+00
  0.1212083230E+00  0.3297429276E+01  0.5692789727E+00
  0.1224326495E+00  0.3254014888E+01  0.5732895260E+00
  0.1236693429E+00  0.3210124163E+01  0.5772866051E+00
  0.1249185282E+00  0.3166413064E+01  0.5812693434E+00
  0.1261803315E+00  0.3123246388E+01  0.5852374999E+00
  0.1274548803E+00  0.3080657798E+01  0.5891910893E+00
  0.1287423034E+00  0.3038124443E+01  0.5931298199E+00
  0.1300427307E+00  0.2997642278E+01  0.5970543578E+00
  0.1313562936E+00  0.2960580969E+01  0.6009676084E+00
  0.1326831249E+00  0.2926566019E+01  0.6048732337E+00
  0.1340233585E+00  0.2893422434E+01  0.6087733057E+00
  0.1353771298E+00  0.2859123650E+01  0.6126671216E+00
  0.1367445755E+00  0.2825064955E+01  0.6165535314E+00
  0.1381258338E+00  0.2791632816E+01  0.6204325867E+00
  0.1395210443E+00  0.2759946014E+01  0.6243053971E+00
  0.1409303478E+00  0.2728358192E+01  0.6281727402E+00
  0.1423538866E+00  0.2697868504E+01  0.6320349625E+00
  0.1437918047E+00  0.2669504983E+01  0.6358938841E+00
  0.1452442472E+00  0.2641983891E+01  0.6397512001E+00
  0.1467113608E+00  0.2614098265E+01  0.6436068349E+00
  0.1481932937E+00  0.2584988339E+01  0.6474591838E+00
  0.1496901957E+00  0.2554266852E+01  0.6513056643E+00
  0.1512022178E+00  0.2524487906E+01  0.6551452593E+00
  0.1527295130E+00  0.2494220463E+01  0.6589777837E+00
  0.1542722353E+00  0.2463691666E+01  0.6628021246E+00
  0.1558305407E+00  0.2435416725E+01  0.6666192782E+00
  0.1574045866E+00  0.2406906874E+01  0.6704302979E+00
  0.1589945319E+00  0.2377808416E+01  0.6742340157E+00
  0.1606005373E+00  0.2348163032E+01  0.6780289835E+00
  0.1622227649E+00  0.2321002639E+01  0.6818162083E+00
  0.1638613787E+00  0.2292163867E+01  0.6855958074E+00
  0.1655165442E+00  0.2262631404E+01  0.6893652773E+00
  0.1671884284E+00  0.2234158171E+01  0.6931243332E+00
  0.1688772004E+00  0.2203795058E+01  0.6968716788E+00
  0.1705830308E+00  0.2168449761E+01  0.7006008327E+00
  0.1723060917E+00  0.2133853008E+01  0.7043073975E+00
  0.1740465572E+00  0.2101168703E+01  0.7079928523E+00
  0.1758046033E+00  0.2070006141E+01  0.7116594110E+00
  0.1775804074E+00  0.2041443859E+01  0.7153099758E+00
  0.1793741488E+00  0.2015913918E+01  0.7189489013E+00
  0.1811860089E+00  0.1990054661E+01  0.7225780286E+00
  0.1830161706E+00  0.1963075664E+01  0.7261954624E+00
  0.1848648188E+00  0.1938403811E+01  0.7298016939E+00
  0.1867321402E+00  0.1917682264E+01  0.7334019700E+00
  0.1886183235E+00  0.1896988723E+01  0.7369995542E+00
  0.1905235591E+00  0.1874055816E+01  0.7405919183E+00
  0.1924480394E+00  0.1847413231E+01  0.7441728654E+00
  0.1943919590E+00  0.1817854944E+01  0.7477353587E+00
  0.1963555142E+00  0.1787421764E+01  0.7512749385E+00
  0.1983389032E+00  0.1756686809E+01  0.7547896116E+00
  0.2003423265E+00  0.1725398513E+01  0.7582776570E+00
  0.2023659863E+00  0.1694991710E+01  0.7617385102E+00
  0.2044100872E+00  0.1668526277E+01  0.7651761952E+00
  0.2064748356E+00  0.1647004156E+01  0.7685990632E+00
  0.2085604400E+00  0.1630958873E+01  0.7720173303E+00
  0.2106671111E+00  0.1617497104E+01  0.7754390444E+00
  0.2127950617E+00  0.1604044454E+01  0.7788666851E+00
  0.2149445068E+00  0.1594079802E+01  0.7823037813E+00
  0.2171156634E+00  0.1583368390E+01  0.7857531502E+00
  0.2193087509E+00  0.1569720448E+01  0.7892106500E+00
  0.2215239908E+00  0.1554120755E+01  0.7926706789E+00
  0.2237616069E+00  0.1536345837E+01  0.7961283177E+00
  0.2260218251E+00  0.1514727941E+01  0.7995763641E+00
  0.2283048739E+00  0.1494597202E+01  0.8030115821E+00
  0.2306109837E+00  0.1480515868E+01  0.8064420508E+00
  0.2329403876E+00  0.1460000235E+01  0.8098668756E+00
  0.2352933208E+00  0.1437980872E+01  0.8132762536E+00
  0.2376700210E+00  0.1418004625E+01  0.8166701643E+00
  0.2400707283E+00  0.1400425227E+01  0.8200532768E+00
  0.2424956851E+00  0.1382500146E+01  0.8234275138E+00
  0.2449451365E+00  0.1361180973E+01  0.8267877705E+00
  0.2474193298E+00  0.1338868642E+01  0.8301279928E+00
  0.2499185149E+00  0.1316137891E+01  0.8334456693E+00
  0.2524429444E+00  0.1294553223E+01  0.8367409220E+00
  0.2549928731E+00  0.1270472570E+01  0.8400112385E+00
  0.2575685587E+00  0.1243288917E+01  0.8432485681E+00
  0.2601702613E+00  0.1215291729E+01  0.8464468160E+00
  0.2627982438E+00  0.1184393747E+01  0.8495999816E+00
  0.2654527715E+00  0.1147390145E+01  0.8526948741E+00
  0.2681341126E+00  0.1108878222E+01  0.8557197867E+00
  0.2708425380E+00  0.1069845531E+01  0.8586702421E+00
  0.2735783212E+00  0.1026570675E+01  0.8615379122E+00
  0.2763417386E+00  0.9834835982E+00  0.8643152216E+00
  0.2791330693E+00  0.9440921248E+00  0.8670054723E+00
  0.2819525952E+00  0.9056776936E+00  0.8696132093E+00
  0.2848006012E+00  0.8657694095E+00  0.8721357553E+00
  0.2876773750E+00  0.8282067708E+00  0.8745723484E+00
  0.2905832071E+00  0.7907068893E+00  0.8769244940E+00
  0.2935183910E+00  0.7545333403E+00  0.8791922761E+00
  0.2964832232E+00  0.7201964985E+00  0.8813784394E+00
  0.2994780032E+00  0.6876960900E+00  0.8834866037E+00
  0.3025030336E+00  0.6550668630E+00  0.8855175531E+00
  0.3055586198E+00  0.6293614001E+00  0.8874798937E+00
  0.3086450705E+00  0.6130330911E+00  0.8893971884E+00
  0.3117626974E+00  0.6013696374E+00  0.8912902157E+00
  0.3149118156E+00  0.5918133824E+00  0.8931689529E+00
  0.3180927430E+00  0.5795192086E+00  0.8950319149E+00
  0.3213058010E+00  0.5644181519E+00  0.8968696834E+00
  0.3245513142E+00  0.5453156419E+00  0.8986705112E+00
  0.3278296103E+00  0.5231127117E+00  0.9004218235E+00
  0.3311410205E+00  0.5057825071E+00  0.9021253705E+00
  0.3344858793E+00  0.4907820988E+00  0.9037920545E+00
  0.3378645245E+00  0.4680799160E+00  0.9054118818E+00
  0.3412772975E+00  0.4442116267E+00  0.9069686037E+00
  0.3447245429E+00  0.4260278387E+00  0.9084685682E+00
  0.3482066090E+00  0.4102710757E+00  0.9099245923E+00
  0.3517238475E+00  0.3983085946E+00  0.9113465761E+00
  0.3552766136E+00  0.3863320653E+00  0.9127403984E+00
  0.3588652663E+00  0.3779742377E+00  0.9141118134E+00
  0.3624901680E+00  0.3710195576E+00  0.9154693278E+00
  0.3661516848E+00  0.3656441031E+00  0.9168179810E+00
  0.3698501867E+00  0.3654431578E+00  0.9181699448E+00
  0.3735860472E+00  0.3732762748E+00  0.9195498212E+00
  0.3773596436E+00  0.3866861160E+00  0.9209837168E+00
  0.3811713572E+00  0.3975882031E+00  0.9224784314E+00
  0.3850215729E+00  0.4036441809E+00  0.9240208901E+00
  0.3889106797E+00  0.4014102006E+00  0.9255863614E+00
  0.3928390704E+00  0.3945587133E+00  0.9271497998E+00
  0.3968071418E+00  0.3902314284E+00  0.9287068515E+00
  0.4008152948E+00  0.3834311866E+00  0.9302573305E+00
  0.4048639341E+00  0.3768754106E+00  0.9317964341E+00
  0.4089534688E+00  0.3724032744E+00  0.9333285347E+00
  0.4130843119E+00  0.3663274083E+00  0.9348543250E+00
  0.4172568807E+00  0.3582972148E+00  0.9363660980E+00
  0.4214715967E+00  0.3442958754E+00  0.9378467132E+00
  0.4257288855E+00  0.3218011492E+00  0.9392645969E+00
  0.4300291773E+00  0.2923373123E+00  0.9405850842E+00
  0.4343729064E+00  0.2459932684E+00  0.9417542653E+00
  0.4387605115E+00  0.1930434443E+00  0.9427174252E+00
  0.4431924359E+00  0.1420979740E+00  0.9434600859E+00
  0.4476691271E+00  0.8771837465E-01  0.9439744943E+00
  0.4521910375E+00  0.4296526117E-01  0.9442699641E+00
  0.4567586237E+00  0.4637609290E-02  0.9443786792E+00
  0.4613723472E+00 -0.3210594492E-01  0.9443153136E+00
  0.4660326740E+00 -0.6929230991E-01  0.9440790391E+00
  0.4707400747E+00 -0.1115439059E+00  0.9436534048E+00
  0.4754950250E+00 -0.1585593592E+00  0.9430112410E+00
  0.4802980050E+00 -0.2060132268E+00  0.9421357236E+00
  0.4851495000E+00 -0.2449425713E+00  0.9410418187E+00
  0.4900500000E+00 -0.2811381506E+00  0.9397527894E+00
  0.4950000000E+00 -0.3168642720E+00  0.9382727334E+00
  0.5000000000E+00 -0.3463605277E+00  0.9365923689E+00
  0.5050000000E+00 -0.3682915484E+00  0.9348057387E+00
  0.5099500000E+00 -0.3835620900E+00  0.9329449009E+00
  0.5148505000E+00 -0.3893441951E+00  0.9310510873E+00
  0.5197019950E+00 -0.3893496549E+00  0.9291621726E+00
  0.5245049750E+00 -0.3857848618E+00  0.9273006948E+00
  0.5292599253E+00 -0.3765229614E+00  0.9254883269E+00
  0.5339673260E+00 -0.3688398980E+00  0.9237339661E+00
  0.5386276528E+00 -0.3551334065E+00  0.9220469900E+00
  0.5432413763E+00 -0.3291691914E+00  0.9204683986E+00
  0.5478089625E+00 -0.2984353445E+00  0.9190350796E+00
  0.5523308729E+00 -0.2568814293E+00  0.9177795333E+00
  0.5568075641E+00 -0.2168695668E+00  0.9167191148E+00
  0.5612394885E+00 -0.1793908371E+00  0.9158410167E+00
  0.5656270936E+00 -0.1578996244E+00  0.9151010681E+00
  0.5699708227E+00 -0.1453156511E+00  0.9144425256E+00
  0.5742711145E+00 -0.1397743870E+00  0.9138295404E+00
  0.5785284033E+00 -0.1405472101E+00  0.9132328354E+00
  0.5827431193E+00 -0.1467304656E+00  0.9126274385E+00
  0.5869156881E+00 -0.1518117434E+00  0.9120045945E+00
  0.5910465312E+00 -0.1720149500E+00  0.9113357559E+00
  0.5951360659E+00 -0.1963923046E+00  0.9105824488E+00
  0.5991847052E+00 -0.2215145525E+00  0.9097364717E+00
  0.6031928582E+00 -0.2377962310E+00  0.9088159778E+00
  0.6071609296E+00 -0.2488984288E+00  0.9078503582E+00
  0.6110893203E+00 -0.2650944057E+00  0.9068407758E+00
  0.6149784271E+00 -0.2849198763E+00  0.9057712437E+00
  0.6188286428E+00 -0.3076930728E+00  0.9046303999E+00
  0.6226403564E+00 -0.3318543258E+00  0.9034115141E+00
  0.6264139528E+00 -0.3602714001E+00  0.9021056125E+00
  0.6301498133E+00 -0.3899664340E+00  0.9007042206E+00
  0.6338483152E+00 -0.4211950201E+00  0.8992041795E+00
  0.6375098320E+00 -0.4544936766E+00  0.8976010051E+00
  0.6411347337E+00 -0.4891032673E+00  0.8958907820E+00
  0.6447233864E+00 -0.5260009871E+00  0.8940693537E+00
  0.6482761525E+00 -0.5625011468E+00  0.8921357569E+00
  0.6517933910E+00 -0.5991848219E+00  0.8900927936E+00
  0.6552754571E+00 -0.6337889198E+00  0.8879461456E+00
  0.6587227025E+00 -0.6700070769E+00  0.8856988932E+00
  0.6621354755E+00 -0.7083722294E+00  0.8833468454E+00
  0.6655141207E+00 -0.7508892020E+00  0.8808816820E+00
  0.6688589795E+00 -0.7887722793E+00  0.8783067069E+00
  0.6721703897E+00 -0.8270673856E+00  0.8756313529E+00
  0.6754486858E+00 -0.8636566354E+00  0.8728600060E+00
  0.6786941990E+00 -0.8974698334E+00  0.8700021264E+00
  0.6819072570E+00 -0.9327432099E+00  0.8670618361E+00
  0.6850881844E+00 -0.9741672544E+00  0.8640289642E+00
  0.6882373026E+00 -0.1017904660E+01  0.8608923292E+00
  0.6913549295E+00 -0.1065838637E+01  0.8576441621E+00
  0.6944413802E+00 -0.1110800333E+01  0.8542851176E+00
  0.6974969664E+00 -0.1150630732E+01  0.8508301189E+00
  0.7005219968E+00 -0.1189743253E+01  0.8472902677E+00
  0.7035167768E+00 -0.1221437310E+01  0.8436797900E+00
  0.7064816090E+00 -0.1246957682E+01  0.8400206015E+00
  0.7094167929E+00 -0.1267301203E+01  0.8363306954E+00
  0.7123226250E+00 -0.1282447586E+01  0.8326261245E+00
  0.7151993988E+00 -0.1294317053E+01  0.8289197400E+00
  0.7180474048E+00 -0.1305015574E+01  0.8252182826E+00
  0.7208669307E+00 -0.1315671216E+01  0.8215237354E+00
  0.7236582614E+00 -0.1325081484E+01  0.8178381283E+00
  0.7264216788E+00 -0.1340039020E+01  0.8141557082E+00
  0.7291574620E+00 -0.1350018928E+01  0.8104760005E+00
  0.7318658874E+00 -0.1360301827E+01  0.8068056497E+00
  0.7345472285E+00 -0.1372369253E+01  0.8031420380E+00
  0.7372017562E+00 -0.1378142601E+01  0.7994913831E+00
  0.7398297387E+00 -0.1380177900E+01  0.7958669742E+00
  0.7424314413E+00 -0.1384571854E+01  0.7922704458E+00
  0.7450071269E+00 -0.1391477424E+01  0.7886953308E+00
  0.7475570556E+00 -0.1400716654E+01  0.7851353828E+00
  0.7500814851E+00 -0.1410519055E+01  0.7815869997E+00
  0.7525806702E+00 -0.1417203075E+01  0.7780534991E+00
  0.7550548635E+00 -0.1425365529E+01  0.7745369670E+00
  0.7575043149E+00 -0.1434033525E+01  0.7710349876E+00
  0.7599292717E+00 -0.1441452267E+01  0.7675485231E+00
  0.7623299790E+00 -0.1444640430E+01  0.7640841912E+00
  0.7647066792E+00 -0.1445025016E+01  0.7606502570E+00
  0.7670596124E+00 -0.1443018642E+01  0.7572525701E+00
  0.7693890163E+00 -0.1437538056E+01  0.7538975801E+00
  0.7716951261E+00 -0.1432737502E+01  0.7505879948E+00
  0.7739781749E+00 -0.1429565473E+01  0.7473206062E+00
  0.7762383931E+00 -0.1429862549E+01  0.7440891405E+00
  0.7784760092E+00 -0.1430746253E+01  0.7408886683E+00
  0.7806912491E+00 -0.1432869392E+01  0.7377168705E+00
  0.7828843366E+00 -0.1439432068E+01  0.7345672663E+00
  0.7850554932E+00 -0.1450075010E+01  0.7314304801E+00
  0.7872049383E+00 -0.1465210689E+01  0.7282973568E+00
  0.7893328889E+00 -0.1482868804E+01  0.7251606730E+00
  0.7914395600E+00 -0.1501861269E+01  0.7220167507E+00
  0.7935251644E+00 -0.1520080606E+01  0.7188654631E+00
  0.7955899128E+00 -0.1538188650E+01  0.7157081849E+00
  0.7976340137E+00 -0.1553876193E+01  0.7125479387E+00
  0.7996576735E+00 -0.1569150155E+01  0.7093879671E+00
  0.8016610968E+00 -0.1585519744E+01  0.7062278976E+00
  0.8036444858E+00 -0.1600892291E+01  0.7030679503E+00
  0.8056080410E+00 -0.1614516930E+01  0.6999111336E+00
  0.8075519606E+00 -0.1632593435E+01  0.6967550729E+00
  0.8094764409E+00 -0.1651397081E+01  0.6935950852E+00
  0.8113816765E+00 -0.1670298176E+01  0.6904307792E+00
  0.8132678598E+00 -0.1691229767E+01  0.6872605504E+00
  0.8151351812E+00 -0.1716891594E+01  0.6840785214E+00
  0.8169838294E+00 -0.1745649149E+01  0.6808780115E+00
  0.8188139911E+00 -0.1774628612E+01  0.6776566728E+00
  0.8206258512E+00 -0.1801449773E+01  0.6744169959E+00
  0.8224195926E+00 -0.1830302591E+01  0.6711597835E+00
  0.8241953967E+00 -0.1863045234E+01  0.6678804524E+00
  0.8259534428E+00 -0.1896457138E+01  0.6645757633E+00
  0.8276939083E+00 -0.1932719938E+01  0.6612434879E+00
  0.8294169692E+00 -0.1971516848E+01  0.6578798690E+00
  0.8311227996E+00 -0.2010679527E+01  0.6544833933E+00
  0.8328115716E+00 -0.2048524081E+01  0.6510558586E+00
  0.8344834558E+00 -0.2086781563E+01  0.6475989824E+00
  0.8361386213E+00 -0.2123565879E+01  0.6441145716E+00
  0.8377772351E+00 -0.2161054658E+01  0.6406041524E+00
  0.8393994627E+00 -0.2198074842E+01  0.6370684022E+00
  0.8410054681E+00 -0.2234059417E+01  0.6335093865E+00
  0.8425954134E+00 -0.2271669727E+01  0.6299274550E+00
  0.8441694593E+00 -0.2310179061E+01  0.6263214349E+00
  0.8457277647E+00 -0.2348175980E+01  0.6226918650E+00
  0.8472704870E+00 -0.2384694669E+01  0.6190411124E+00
  0.8487977822E+00 -0.2417315330E+01  0.6153740691E+00
  0.8503098043E+00 -0.2447902507E+01  0.6116959105E+00
  0.8518067063E+00 -0.2475803918E+01  0.6080107576E+00
  0.8532886392E+00 -0.2503740694E+01  0.6043210820E+00
  0.8547557528E+00 -0.2530306576E+01  0.6006283224E+00
  0.8562081953E+00 -0.2556514329E+01  0.5969341650E+00
  0.8576461134E+00 -0.2582647159E+01  0.5932393185E+00
  0.8590696522E+00 -0.2608255642E+01  0.5895445925E+00
  0.8604789557E+00 -0.2633998226E+01  0.5858506292E+00
  0.8618741662E+00 -0.2660151960E+01  0.5821574024E+00
  0.8632554245E+00 -0.2686646724E+01  0.5784647473E+00
  0.8646228702E+00 -0.2715432224E+01  0.5747712223E+00
  0.8659766415E+00 -0.2744666041E+01  0.5710753602E+00
  0.8673168751E+00 -0.2773481014E+01  0.5673775572E+00
  0.8686437064E+00 -0.2801692725E+01  0.5636788998E+00
  0.8699572693E+00 -0.2829863568E+01  0.5599801980E+00
  0.8712576966E+00 -0.2857692176E+01  0.5562820716E+00
  0.8725451197E+00 -0.2886340816E+01  0.5525845714E+00
  0.8738196685E+00 -0.2916731982E+01  0.5488864217E+00
  0.8750814718E+00 -0.2946814288E+01  0.5451871006E+00
  0.8763306571E+00 -0.2976437105E+01  0.5414874814E+00
  0.8775673505E+00 -0.3007483111E+01  0.5377873440E+00
  0.8787916770E+00 -0.3037717889E+01  0.5340866941E+00
  0.8800037602E+00 -0.3067760079E+01  0.5303865203E+00
  0.8812037226E+00 -0.3098075357E+01  0.5266871350E+00
  0.8823916854E+00 -0.3128678692E+01  0.5229885590E+00
  0.8835677685E+00 -0.3158971383E+01  0.5192911594E+00
  0.8847320908E+00 -0.3189033839E+01  0.5155955973E+00
  0.8858847699E+00 -0.3218522288E+01  0.5119026693E+00
  0.8870259222E+00 -0.3248376551E+01  0.5082128111E+00
  0.8881556630E+00 -0.3277997810E+01  0.5045262554E+00
  0.8892741064E+00 -0.3307400864E+01  0.5008435577E+00
  0.8903813653E+00 -0.3336603536E+01  0.4971652411E+00
  0.8914775517E+00 -0.3365505296E+01  0.4934918610E+00
  0.8925627761E+00 -0.3393905836E+01  0.4898241217E+00
  0.8936371484E+00 -0.3421989015E+01  0.4861627176E+00
  0.8947007769E+00 -0.3449710587E+01  0.4825082498E+00
  0.8957537691E+00 -0.3477022791E+01  0.4788613516E+00
  0.8967962314E+00 -0.3503204134E+01  0.4752230399E+00
  0.8978282691E+00 -0.3529365275E+01  0.4715941015E+00
  0.8988499864E+00 -0.3554183335E+01  0.4679754094E+00
  0.8998614866E+00 -0.3578413847E+01  0.4643680979E+00
  0.9008628717E+00 -0.3602737608E+01  0.4607725488E+00
  0.9018542430E+00 -0.3626875318E+01  0.4571889334E+00
  0.9028357006E+00 -0.3650703182E+01  0.4536176162E+00
  0.9038073436E+00 -0.3673806773E+01  0.4500592118E+00
  0.9047692701E+00 -0.3696355075E+01  0.4465144346E+00
  0.9057215774E+00 -0.3717472096E+01  0.4429843137E+00
  0.9066643616E+00 -0.3737462406E+01  0.4394701164E+00
  0.9075977180E+00 -0.3756845460E+01  0.4359726863E+00
  0.9085217408E+00 -0.3775777827E+01  0.4324925284E+00
  0.9094365234E+00 -0.3795064634E+01  0.4290296910E+00
  0.9103421582E+00 -0.3813791781E+01  0.4255842685E+00
  0.9112387366E+00 -0.3831417850E+01  0.4221570035E+00
  0.9121263493E+00 -0.3849114061E+01  0.4187483350E+00
  0.9130050858E+00 -0.3867465739E+01  0.4153579148E+00
  0.9138750349E+00 -0.3886352178E+01  0.4119852012E+00
  0.9147362846E+00 -0.3905619692E+01  0.4086297846E+00
  0.9155889217E+00 -0.3924969580E+01  0.4052914590E+00
  0.9164330325E+00 -0.3944375812E+01  0.4019701593E+00
  0.9172687022E+00 -0.3962805765E+01  0.3986662634E+00
  0.9180960151E+00 -0.3981405631E+01  0.3953800888E+00
  0.9189150550E+00 -0.4000347570E+01  0.3921114018E+00
  0.9197259044E+00 -0.4018310517E+01  0.3888604396E+00
  0.9205286454E+00 -0.4035848569E+01  0.3856277379E+00
  0.9213233589E+00 -0.4053353335E+01  0.3824134387E+00
  0.9221101254E+00 -0.4070814633E+01  0.3792175275E+00
  0.9228890241E+00 -0.4088206561E+01  0.3760400018E+00
  0.9236601339E+00 -0.4105479677E+01  0.3728808861E+00
  0.9244235325E+00 -0.4122586948E+01  0.3697402386E+00
  0.9251792972E+00 -0.4139700019E+01  0.3666180662E+00
  0.9259275042E+00 -0.4156771709E+01  0.3635143270E+00
  0.9266682292E+00 -0.4173098696E+01  0.3604292556E+00
  0.9274015469E+00 -0.4189090573E+01  0.3573631848E+00
  0.9281275314E+00 -0.4204956265E+01  0.3543162108E+00
  0.9288462561E+00 -0.4220671809E+01  0.3512883573E+00
  0.9295577935E+00 -0.4235686319E+01  0.3482798496E+00
  0.9302622156E+00 -0.4250429534E+01  0.3452909460E+00
  0.9309595935E+00 -0.4265072651E+01  0.3423216847E+00
  0.9316499975E+00 -0.4279602252E+01  0.3393720456E+00
  0.9323334975E+00 -0.4293763824E+01  0.3364420976E+00
  0.9330101626E+00 -0.4307382757E+01  0.3335320501E+00
  0.9336800609E+00 -0.4320522874E+01  0.3306421401E+00
  0.9343432603E+00 -0.4333284830E+01  0.3277725401E+00
  0.9349998277E+00 -0.4346285750E+01  0.3249231786E+00
  0.9356498295E+00 -0.4359113424E+01  0.3220939163E+00
  0.9362933312E+00 -0.4372374368E+01  0.3192845527E+00
  0.9369303978E+00 -0.4386072528E+01  0.3164946953E+00
  0.9375610939E+00 -0.4400392623E+01  0.3137239010E+00
  0.9381854829E+00 -0.4414945714E+01  0.3109718006E+00
  0.9388036281E+00 -0.4429109103E+01  0.3082383457E+00
  0.9394155918E+00 -0.4442922978E+01  0.3055236648E+00
  0.9400214359E+00 -0.4456503184E+01  0.3028278325E+00
  0.9406212215E+00 -0.4469882498E+01  0.3001508735E+00
  0.9412150093E+00 -0.4482958175E+01  0.2974928298E+00
  0.9418028592E+00 -0.4495782614E+01  0.2948537538E+00
  0.9423848306E+00 -0.4508467007E+01  0.2922336459E+00
  0.9429609823E+00 -0.4520776406E+01  0.2896325390E+00
  0.9435313725E+00 -0.4532787420E+01  0.2870505070E+00
  0.9440960588E+00 -0.4544364780E+01  0.2844876354E+00
  0.9446550982E+00 -0.4556015959E+01  0.2819438997E+00
  0.9452085472E+00 -0.4567680861E+01  0.2794191491E+00
  0.9457564617E+00 -0.4579215561E+01  0.2769132904E+00
  0.9462988971E+00 -0.4590528523E+01  0.2744262936E+00
  0.9468359082E+00 -0.4601579979E+01  0.2719581618E+00
  0.9473675491E+00 -0.4612634027E+01  0.2695088352E+00
  0.9478938736E+00 -0.4623624148E+01  0.2670782007E+00
  0.9484149348E+00 -0.4634548839E+01  0.2646661630E+00
  0.9489307855E+00 -0.4645133309E+01  0.2622726979E+00
  0.9494414776E+00 -0.4655597301E+01  0.2598977929E+00
  0.9499470629E+00 -0.4666042019E+01  0.2575413514E+00
  0.9504475922E+00 -0.4677081906E+01  0.2552030974E+00
  0.9509431163E+00 -0.4688040999E+01  0.2528827755E+00
  0.9514336852E+00 -0.4698884722E+01  0.2505803088E+00
  0.9519193483E+00 -0.4709340809E+01  0.2482956946E+00
  0.9524001548E+00 -0.4719345210E+01  0.2460290078E+00
  0.9528761533E+00 -0.4729268625E+01  0.2437802450E+00
  0.9533473917E+00 -0.4739190871E+01  0.2415492938E+00
  0.9538139178E+00 -0.4749057233E+01  0.2393360362E+00
  0.9542757786E+00 -0.4758639017E+01  0.2371404200E+00
  0.9547330209E+00 -0.4768085394E+01  0.2349624097E+00
  0.9551856906E+00 -0.4777422269E+01  0.2328019283E+00
  0.9556338337E+00 -0.4786276956E+01  0.2306589754E+00
  0.9560774954E+00 -0.4794716669E+01  0.2285336156E+00
  0.9565167205E+00 -0.4803054205E+01  0.2264258249E+00
  0.9569515532E+00 -0.4811388780E+01  0.2243354874E+00
  0.9573820377E+00 -0.4819557607E+01  0.2222625009E+00
  0.9578082173E+00 -0.4827533513E+01  0.2202068041E+00
  0.9582301352E+00 -0.4835439493E+01  0.2181683138E+00
  0.9586478338E+00 -0.4843230711E+01  0.2161469301E+00
  0.9590613555E+00 -0.4850808862E+01  0.2141425824E+00
  0.9594707419E+00 -0.4858308574E+01  0.2121551919E+00
  0.9598760345E+00 -0.4865758484E+01  0.2101846458E+00
  0.9602772742E+00 -0.4873093029E+01  0.2082308391E+00
  0.9606745014E+00 -0.4880262475E+01  0.2062936897E+00
  0.9610677564E+00 -0.4887531825E+01  0.2043730728E+00
  0.9614570788E+00 -0.4894805998E+01  0.2024688310E+00
  0.9618425080E+00 -0.4902177200E+01  0.2005808093E+00
  0.9622240830E+00 -0.4909484682E+01  0.1987088672E+00
  0.9626018421E+00 -0.4916640749E+01  0.1968529127E+00
  0.9629758237E+00 -0.4923716145E+01  0.1950128566E+00
  0.9633460655E+00 -0.4930630776E+01  0.1931886112E+00
  0.9637126048E+00 -0.4937499988E+01  0.1913800821E+00
  0.9640754788E+00 -0.4944385982E+01  0.1895871426E+00
  0.9644347240E+00 -0.4951229116E+01  0.1878096665E+00
  0.9647903767E+00 -0.4958029991E+01  0.1860475388E+00
  0.9651424730E+00 -0.4964789112E+01  0.1843006452E+00
  0.9654910483E+00 -0.4971480885E+01  0.1825688762E+00
  0.9658361378E+00 -0.4977995990E+01  0.1808521461E+00
  0.9661777764E+00 -0.4984459216E+01  0.1791503664E+00
  0.9665159986E+00 -0.4990883877E+01  0.1774634249E+00
  0.9668508386E+00 -0.4997270102E+01  0.1757912081E+00
  0.9671823303E+00 -0.5003606534E+01  0.1741336048E+00
  0.9675105070E+00 -0.5009890168E+01  0.1724905066E+00
  0.9678354019E+00 -0.5016165353E+01  0.1708617993E+00
  0.9681570479E+00 -0.5022532366E+01  0.1692473459E+00
  0.9684754774E+00 -0.5028870168E+01  0.1676470143E+00
  0.9687907226E+00 -0.5035143449E+01  0.1660606982E+00
  0.9691028154E+00 -0.5041281472E+01  0.1644883084E+00
  0.9694117872E+00 -0.5047375692E+01  0.1629297529E+00
  0.9697176694E+00 -0.5053425713E+01  0.1613849256E+00
  0.9700204927E+00 -0.5059441233E+01  0.1598537197E+00
  0.9703202877E+00 -0.5065478394E+01  0.1583360192E+00
  0.9706170849E+00 -0.5071470358E+01  0.1568317106E+00
  0.9709109140E+00 -0.5077443643E+01  0.1553406872E+00
  0.9712018049E+00 -0.5083441811E+01  0.1538628328E+00
  0.9714897868E+00 -0.5089336031E+01  0.1523980446E+00
  0.9717748890E+00 -0.5095040750E+01  0.1509462509E+00
  0.9720571401E+00 -0.5100735577E+01  0.1495073663E+00
  0.9723365687E+00 -0.5106450524E+01  0.1480812764E+00
  0.9726132030E+00 -0.5112090527E+01  0.1466678769E+00
  0.9728870709E+00 -0.5117662237E+01  0.1452670761E+00
  0.9731582002E+00 -0.5123185713E+01  0.1438787791E+00
  0.9734266182E+00 -0.5128659913E+01  0.1425028892E+00
  0.9736923521E+00 -0.5134083836E+01  0.1411393102E+00
  0.9739554285E+00 -0.5139456533E+01  0.1397879468E+00
  0.9742158742E+00 -0.5144777102E+01  0.1384487045E+00
  0.9744737155E+00 -0.5150044697E+01  0.1371214896E+00
  0.9747289784E+00 -0.5155258524E+01  0.1358062091E+00
  0.9749816886E+00 -0.5160417850E+01  0.1345027707E+00
  0.9752318717E+00 -0.5165458924E+01  0.1332110906E+00
  0.9754795530E+00 -0.5170379624E+01  0.1319310938E+00
  0.9757247574E+00 -0.5175237948E+01  0.1306626979E+00
  0.9759675099E+00 -0.5180043706E+01  0.1294058131E+00
  0.9762078348E+00 -0.5184796502E+01  0.1281603485E+00
  0.9764457564E+00 -0.5189495989E+01  0.1269262141E+00
  0.9766812989E+00 -0.5194222556E+01  0.1257033109E+00
  0.9769144859E+00 -0.5198948136E+01  0.1244915347E+00
  0.9771453410E+00 -0.5203553953E+01  0.1232907991E+00
  0.9773738876E+00 -0.5207992274E+01  0.1221010374E+00
  0.9776001487E+00 -0.5212395890E+01  0.1209221731E+00
  0.9778241472E+00 -0.5216691930E+01  0.1197541230E+00
  0.9780459058E+00 -0.5220928377E+01  0.1185968073E+00
  0.9782654467E+00 -0.5225110728E+01  0.1174501407E+00
  0.9784827922E+00 -0.5229239115E+01  0.1163140376E+00
  0.9786979643E+00 -0.5233314768E+01  0.1151884128E+00
  0.9789109847E+00 -0.5237351025E+01  0.1140731804E+00
  0.9791218748E+00 -0.5241299457E+01  0.1129682583E+00
  0.9793306561E+00 -0.5245193853E+01  0.1118735667E+00
  0.9795373495E+00 -0.5249034522E+01  0.1107890226E+00
  0.9797419760E+00 -0.5252821804E+01  0.1097145435E+00
  0.9799445563E+00 -0.5256556071E+01  0.1086500474E+00
  0.9801451107E+00 -0.5260237720E+01  0.1075954525E+00
  0.9803436596E+00 -0.5263867176E+01  0.1065506778E+00
  0.9805402230E+00 -0.5267444887E+01  0.1055156426E+00
  0.9807348208E+00 -0.5271047999E+01  0.1044902590E+00
  0.9809274726E+00 -0.5274736549E+01  0.1034744268E+00
  0.9811181978E+00 -0.5278384798E+01  0.1024680533E+00
  0.9813070158E+00 -0.5282010509E+01  0.1014710568E+00
  0.9814939457E+00 -0.5285591408E+01  0.1004833568E+00
  0.9816790062E+00 -0.5289119189E+01  0.9950487593E-01
  0.9818622162E+00 -0.5292628737E+01  0.9853553524E-01
  0.9820435940E+00 -0.5296141887E+01  0.9757525108E-01
  0.9822231581E+00 -0.5299543417E+01  0.9662394894E-01
  0.9824009265E+00 -0.5302827036E+01  0.9568156563E-01
  0.9825769172E+00 -0.5306020442E+01  0.9474803619E-01
  0.9827511481E+00 -0.5309106477E+01  0.9382329502E-01
  0.9829236366E+00 -0.5312168812E+01  0.9290727099E-01
  0.9830944002E+00 -0.5315186487E+01  0.9199988809E-01
  0.9832634562E+00 -0.5318160030E+01  0.9110107258E-01
  0.9834308216E+00 -0.5321089974E+01  0.9021075121E-01
  0.9835965134E+00 -0.5323971814E+01  0.8932885158E-01
  0.9837605483E+00 -0.5326844354E+01  0.8845529898E-01
  0.9839229428E+00 -0.5329703346E+01  0.8759001652E-01
  0.9840837134E+00 -0.5332491706E+01  0.8673293292E-01
  0.9842428762E+00 -0.5335251346E+01  0.8588397864E-01
  0.9844004475E+00 -0.5337970233E+01  0.8504308227E-01
  0.9845564430E+00 -0.5340648885E+01  0.8421017388E-01
  0.9847108786E+00 -0.5343287826E+01  0.8338518395E-01
  0.9848637698E+00 -0.5345915795E+01  0.8256804129E-01
  0.9850151321E+00 -0.5348532910E+01  0.8175867310E-01
  0.9851649808E+00 -0.5351110348E+01  0.8095700940E-01
  0.9853133310E+00 -0.5353648655E+01  0.8016298287E-01
  0.9854601977E+00 -0.5356154078E+01  0.7937652623E-01
  0.9856055957E+00 -0.5358655354E+01  0.7859757017E-01
  0.9857495397E+00 -0.5361123445E+01  0.7782604602E-01
  0.9858920443E+00 -0.5363553795E+01  0.7706188808E-01
  0.9860331239E+00 -0.5365997327E+01  0.7630502793E-01
  0.9861727926E+00 -0.5368412418E+01  0.7555539707E-01
  0.9863110647E+00 -0.5370789548E+01  0.7481293121E-01
  0.9864479541E+00 -0.5373129272E+01  0.7407756716E-01
  0.9865834745E+00 -0.5375432142E+01  0.7334924217E-01
  0.9867176398E+00 -0.5377698710E+01  0.7262789390E-01
  0.9868504634E+00 -0.5379929523E+01  0.7191346044E-01
  0.9869819588E+00 -0.5382125129E+01  0.7120588028E-01
  0.9871121392E+00 -0.5384286069E+01  0.7050509235E-01
  0.9872410178E+00 -0.5386412884E+01  0.6981103601E-01
  0.9873686076E+00 -0.5388506110E+01  0.6912365101E-01
  0.9874949215E+00 -0.5390562244E+01  0.6844287780E-01
  0.9876199723E+00 -0.5392532969E+01  0.6776866054E-01
  0.9877437726E+00 -0.5394473614E+01  0.6710094334E-01
  0.9878663349E+00 -0.5396407901E+01  0.6643966585E-01
  0.9879876715E+00 -0.5398317373E+01  0.6578476794E-01
  0.9881077948E+00 -0.5400197443E+01  0.6513619140E-01
  0.9882267168E+00 -0.5402048577E+01  0.6449387877E-01
  0.9883444497E+00 -0.5403868046E+01  0.6385777319E-01
  0.9884610052E+00 -0.5405651607E+01  0.6322781869E-01
  0.9885763951E+00 -0.5407407802E+01  0.6260395950E-01
  0.9886906312E+00 -0.5409133922E+01  0.6198614001E-01
  0.9888037249E+00 -0.5410821152E+01  0.6137430570E-01
  0.9889156876E+00 -0.5412482870E+01  0.6076840225E-01
  0.9890265307E+00 -0.5414119503E+01  0.6016837504E-01
  0.9891362654E+00 -0.5415731472E+01  0.5957416985E-01
  0.9892449028E+00 -0.5417319193E+01  0.5898573292E-01
  0.9893524538E+00 -0.5418883077E+01  0.5840301087E-01
  0.9894589292E+00 -0.5420436336E+01  0.5782595010E-01
  0.9895643399E+00 -0.5421979548E+01  0.5725449673E-01
  0.9896686965E+00 -0.5423516025E+01  0.5668859721E-01
  0.9897720096E+00 -0.5425028955E+01  0.5612819915E-01
  0.9898742895E+00 -0.5426518740E+01  0.5557325152E-01
  0.9899755466E+00 -0.5427985779E+01  0.5502370367E-01
  0.9900757911E+00 -0.5429430464E+01  0.5447950535E-01
  0.9901750332E+00 -0.5430853181E+01  0.5394060673E-01
  0.9902732829E+00 -0.5432254309E+01  0.5340695838E-01
  0.9903705500E+00 -0.5433634225E+01  0.5287851126E-01
  0.9904668445E+00 -0.5434993296E+01  0.5235521673E-01
  0.9905621761E+00 -0.5436331885E+01  0.5183702657E-01
  0.9906565543E+00 -0.5437650349E+01  0.5132389292E-01
  0.9907499888E+00 -0.5438940681E+01  0.5081576873E-01
  0.9908424889E+00 -0.5440200671E+01  0.5031260783E-01
  0.9909340640E+00 -0.5441437143E+01  0.4981436424E-01
  0.9910247234E+00 -0.5442650886E+01  0.4932099201E-01
  0.9911144761E+00 -0.5443847144E+01  0.4883244535E-01
  0.9912033314E+00 -0.5445026217E+01  0.4834867863E-01
  0.9912912981E+00 -0.5446188402E+01  0.4786964660E-01
  0.9913783851E+00 -0.5447333989E+01  0.4739530441E-01
  0.9914646012E+00 -0.5448463265E+01  0.4692560756E-01
  0.9915499552E+00 -0.5449576509E+01  0.4646051199E-01
  0.9916344557E+00 -0.5450673997E+01  0.4599997396E-01
  0.9917181111E+00 -0.5451755999E+01  0.4554395015E-01
  0.9918009300E+00 -0.5452822782E+01  0.4509239760E-01
  0.9918829207E+00 -0.5453874605E+01  0.4464527373E-01
  0.9919640915E+00 -0.5454918317E+01  0.4420253604E-01
  0.9920444506E+00 -0.5455948371E+01  0.4376414241E-01
  0.9921240061E+00 -0.5456963958E+01  0.4333005134E-01
  0.9922027660E+00 -0.5457965327E+01  0.4290022176E-01
  0.9922807383E+00 -0.5458952721E+01  0.4247461293E-01
  0.9923579310E+00 -0.5459926381E+01  0.4205318451E-01
  0.9924343516E+00 -0.5460886540E+01  0.4163589648E-01
  0.9925100081E+00 -0.5461833428E+01  0.4122270919E-01
  0.9925849081E+00 -0.5462767273E+01  0.4081358333E-01
  0.9926590590E+00 -0.5463688295E+01  0.4040847997E-01
  0.9927324684E+00 -0.5464596712E+01  0.4000736049E-01
  0.9928051437E+00 -0.5465492737E+01  0.3961018664E-01
  0.9928770923E+00 -0.5466376579E+01  0.3921692049E-01
  0.9929483213E+00 -0.5467248805E+01  0.3882752447E-01
  0.9930188381E+00 -0.5468108081E+01  0.3844196136E-01
  0.9930886497E+00 -0.5468949458E+01  0.3806019451E-01
  0.9931577632E+00 -0.5469779698E+01  0.3768218757E-01
  0.9932261856E+00 -0.5470598984E+01  0.3730790426E-01
  0.9932939238E+00 -0.5471407495E+01  0.3693730866E-01
  0.9933609845E+00 -0.5472205410E+01  0.3657036515E-01
  0.9934273747E+00 -0.5472992900E+01  0.3620703844E-01
  0.9934931009E+00 -0.5473770136E+01  0.3584729358E-01
  0.9935581699E+00 -0.5474537284E+01  0.3549109592E-01
  0.9936225882E+00 -0.5475294507E+01  0.3513841114E-01
  0.9936863623E+00 -0.5476041967E+01  0.3478920523E-01
  0.9937494987E+00 -0.5476777959E+01  0.3444344455E-01
  0.9938120037E+00 -0.5477505407E+01  0.3410109574E-01
  0.9938738837E+00 -0.5478225084E+01  0.3376212564E-01
  0.9939351449E+00 -0.5478935591E+01  0.3342650144E-01
  0.9939957934E+00 -0.5479637071E+01  0.3309419066E-01
  0.9940558355E+00 -0.5480329668E+01  0.3276516114E-01
  0.9941152771E+00 -0.5481013521E+01  0.3243938100E-01
  0.9941741243E+00 -0.5481692444E+01  0.3211681857E-01
  0.9942323831E+00 -0.5482363235E+01  0.3179744244E-01
  0.9942900593E+00 -0.5483025533E+01  0.3148122163E-01
  0.9943471587E+00 -0.5483679472E+01  0.3116812546E-01
  0.9944036871E+00 -0.5484325183E+01  0.3085812351E-01
  0.9944596502E+00 -0.5484962795E+01  0.3055118567E-01
  0.9945150537E+00 -0.5485592435E+01  0.3024728210E-01
  0.9945699032E+00 -0.5486214225E+01  0.2994638325E-01
  0.9946242041E+00 -0.5486828287E+01  0.2964845983E-01
  0.9946779621E+00 -0.5487434741E+01  0.2935348284E-01
  0.9947311825E+00 -0.5488033702E+01  0.2906142355E-01
  0.9947838707E+00 -0.5488625287E+01  0.2877225348E-01
  0.9948360320E+00 -0.5489209606E+01  0.2848594445E-01
  0.9948876716E+00 -0.5489786770E+01  0.2820246852E-01
  0.9949387949E+00 -0.5490356888E+01  0.2792179802E-01
  0.9949894070E+00 -0.5490920065E+01  0.2764390555E-01
  0.9950395129E+00 -0.5491476406E+01  0.2736876395E-01
  0.9950891178E+00 -0.5492026012E+01  0.2709634634E-01
  0.9951382266E+00 -0.5492568983E+01  0.2682662608E-01
  0.9951868443E+00 -0.5493099881E+01  0.2655957691E-01
  0.9952349759E+00 -0.5493623911E+01  0.2629517285E-01
  0.9952826261E+00 -0.5494141824E+01  0.2603338801E-01
  0.9953297999E+00 -0.5494653707E+01  0.2577419673E-01
  0.9953765019E+00 -0.5495159643E+01  0.2551757359E-01
  0.9954227368E+00 -0.5495659717E+01  0.2526349342E-01
  0.9954685095E+00 -0.5496154009E+01  0.2501193130E-01
  0.9955138244E+00 -0.5496642600E+01  0.2476286253E-01
  0.9955586861E+00 -0.5497125568E+01  0.2451626266E-01
  0.9956030993E+00 -0.5497600451E+01  0.2427210752E-01
  0.9956470683E+00 -0.5498069832E+01  0.2403037316E-01
  0.9956905976E+00 -0.5498533918E+01  0.2379103584E-01
  0.9957336916E+00 -0.5498992082E+01  0.2355407201E-01
  0.9957763547E+00 -0.5499444300E+01  0.2331945841E-01
  0.9958185912E+00 -0.5499891487E+01  0.2308717194E-01
  0.9958604053E+00 -0.5500333707E+01  0.2285718975E-01
  0.9959018012E+00 -0.5500771026E+01  0.2262948917E-01
  0.9959427832E+00 -0.5501203505E+01  0.2240404778E-01
  0.9959833554E+00 -0.5501631207E+01  0.2218084335E-01
  0.9960235218E+00 -0.5502054192E+01  0.2195985388E-01
  0.9960632866E+00 -0.5502472520E+01  0.2174105757E-01
  0.9961026537E+00 -0.5502886252E+01  0.2152443286E-01
  0.9961416272E+00 -0.5503295443E+01  0.2130995835E-01
  0.9961802109E+00 -0.5503700152E+01  0.2109761289E-01
  0.9962184088E+00 -0.5504100435E+01  0.2088737550E-01
  0.9962562247E+00 -0.5504496346E+01  0.2067922544E-01
  0.9962936625E+00 -0.5504887941E+01  0.2047314214E-01
  0.9963307258E+00 -0.5505275457E+01  0.2026910523E-01
  0.9963674186E+00 -0.5505659113E+01  0.2006709454E-01
  0.9964037444E+00 -0.5506038590E+01  0.1986709010E-01
  0.9964397070E+00 -0.5506413940E+01  0.1966907212E-01
  0.9964753099E+00 -0.5506785212E+01  0.1947302104E-01
  0.9965105568E+00 -0.5507152458E+01  0.1927891746E-01
  0.9965454512E+00 -0.5507515726E+01  0.1908674216E-01
  0.9965799967E+00 -0.5507875066E+01  0.1889647614E-01
  0.9966141967E+00 -0.5508230526E+01  0.1870810055E-01
  0.9966480548E+00 -0.5508582152E+01  0.1852159675E-01
  0.9966815742E+00 -0.5508929992E+01  0.1833694626E-01
  0.9967147585E+00 -0.5509274090E+01  0.1815413080E-01
  0.9967476109E+00 -0.5509614492E+01  0.1797313225E-01
  0.9967801348E+00 -0.5509951243E+01  0.1779393267E-01
  0.9968123334E+00 -0.5510284255E+01  0.1761651430E-01
  0.9968442101E+00 -0.5510612581E+01  0.1744085958E-01
  0.9968757680E+00 -0.5510937433E+01  0.1726695110E-01
  0.9969070103E+00 -0.5511258851E+01  0.1709477161E-01
  0.9969379402E+00 -0.5511576877E+01  0.1692430402E-01
  0.9969685608E+00 -0.5511891548E+01  0.1675553143E-01
  0.9969988752E+00 -0.5512202903E+01  0.1658843707E-01
  0.9970288865E+00 -0.5512510982E+01  0.1642300436E-01
  0.9970585976E+00 -0.5512815820E+01  0.1625921687E-01
  0.9970880116E+00 -0.5513117456E+01  0.1609705834E-01
  0.9971171315E+00 -0.5513415925E+01  0.1593651265E-01
  0.9971459602E+00 -0.5513711265E+01  0.1577756386E-01
  0.9971745006E+00 -0.5514003510E+01  0.1562019618E-01
  0.9972027556E+00 -0.5514292696E+01  0.1546439395E-01
  0.9972307280E+00 -0.5514578858E+01  0.1531014171E-01
  0.9972584207E+00 -0.5514862029E+01  0.1515742410E-01
  0.9972858365E+00 -0.5515142243E+01  0.1500622594E-01
  0.9973129782E+00 -0.5515419534E+01  0.1485653221E-01
  0.9973398484E+00 -0.5515693934E+01  0.1470832799E-01
  0.9973664499E+00 -0.5515965475E+01  0.1456159856E-01
  0.9973927854E+00 -0.5516234191E+01  0.1441632931E-01
  0.9974188575E+00 -0.5516500111E+01  0.1427250578E-01
  0.9974446690E+00 -0.5516763268E+01  0.1413011365E-01
  0.9974702223E+00 -0.5517023693E+01  0.1398913876E-01
  0.9974955201E+00 -0.5517281414E+01  0.1384956707E-01
  0.9975205649E+00 -0.5517536463E+01  0.1371138467E-01
  0.9975453592E+00 -0.5517788869E+01  0.1357457780E-01
  0.9975699056E+00 -0.5518038661E+01  0.1343913284E-01
  0.9975942066E+00 -0.5518285868E+01  0.1330503629E-01
  0.9976182645E+00 -0.5518530518E+01  0.1317227479E-01
  0.9976420819E+00 -0.5518772639E+01  0.1304083510E-01
  0.9976656610E+00 -0.5519012260E+01  0.1291070414E-01
  0.9976890044E+00 -0.5519249407E+01  0.1278186891E-01
  0.9977121144E+00 -0.5519484108E+01  0.1265431659E-01
  0.9977349932E+00 -0.5519716388E+01  0.1252803445E-01
  0.9977576433E+00 -0.5519946276E+01  0.1240300990E-01
  0.9977800669E+00 -0.5520173796E+01  0.1227923046E-01
  0.9978022662E+00 -0.5520398974E+01  0.1215668380E-01
  0.9978242435E+00 -0.5520621836E+01  0.1203535767E-01
  0.9978460011E+00 -0.5520842406E+01  0.1191523999E-01
  0.9978675411E+00 -0.5521060710E+01  0.1179631875E-01
  0.9978888657E+00 -0.5521276772E+01  0.1167858210E-01
  0.9979099770E+00 -0.5521490616E+01  0.1156201827E-01
  0.9979308773E+00 -0.5521702267E+01  0.1144661564E-01
  0.9979515685E+00 -0.5521911746E+01  0.1133236267E-01
  0.9979720528E+00 -0.5522119079E+01  0.1121924797E-01
  0.9979923323E+00 -0.5522324288E+01  0.1110726023E-01
  0.9980124089E+00 -0.5522527395E+01  0.1099638827E-01
  0.9980322849E+00 -0.5522728424E+01  0.1088662101E-01
  0.9980519620E+00 -0.5522927395E+01  0.1077794749E-01
  0.9980714424E+00 -0.5523124332E+01  0.1067035685E-01
  0.9980907280E+00 -0.5523319256E+01  0.1056383833E-01
  0.9981098207E+00 -0.5523512189E+01  0.1045838130E-01
  0.9981287225E+00 -0.5523703151E+01  0.1035397521E-01
  0.9981474353E+00 -0.5523892163E+01  0.1025060963E-01
  0.9981659609E+00 -0.5524079247E+01  0.1014827421E-01
  0.9981843013E+00 -0.5524264422E+01  0.1004695874E-01
  0.9982024583E+00 -0.5524447709E+01  0.9946653082E-02
  0.9982204337E+00 -0.5524629128E+01  0.9847347199E-02
  0.9982382294E+00 -0.5524808699E+01  0.9749031163E-02
  0.9982558471E+00 -0.5524986440E+01  0.9651695139E-02
  0.9982732886E+00 -0.5525162372E+01  0.9555329392E-02
  0.9982905557E+00 -0.5525336512E+01  0.9459924280E-02
  0.9983076502E+00 -0.5525508882E+01  0.9365470257E-02
  0.9983245737E+00 -0.5525679497E+01  0.9271957872E-02
  0.9983413279E+00 -0.5525848378E+01  0.9179377767E-02
  0.9983579146E+00 -0.5526015543E+01  0.9087720676E-02
  0.9983743355E+00 -0.5526181009E+01  0.8996977425E-02
  0.9983905921E+00 -0.5526344794E+01  0.8907138931E-02
  0.9984066862E+00 -0.5526506916E+01  0.8818196198E-02
  0.9984226194E+00 -0.5526667392E+01  0.8730140323E-02
  0.9984383932E+00 -0.5526826239E+01  0.8642962488E-02
  0.9984540092E+00 -0.5526983474E+01  0.8556653964E-02
  0.9984694691E+00 -0.5527139115E+01  0.8471206106E-02
  0.9984847744E+00 -0.5527293177E+01  0.8386610357E-02
  0.9984999267E+00 -0.5527445678E+01  0.8302858243E-02
  0.9985149274E+00 -0.5527596633E+01  0.8219941374E-02
  0.9985297782E+00 -0.5527746059E+01  0.8137851443E-02
  0.9985444804E+00 -0.5527893971E+01  0.8056580225E-02
  0.9985590356E+00 -0.5528040385E+01  0.7976119578E-02
  0.9985734452E+00 -0.5528185316E+01  0.7896461439E-02
  0.9985877108E+00 -0.5528328781E+01  0.7817597823E-02
  0.9986018337E+00 -0.5528470794E+01  0.7739520828E-02
  0.9986158153E+00 -0.5528611370E+01  0.7662222627E-02
  0.9986296572E+00 -0.5528750524E+01  0.7585695473E-02
  0.9986433606E+00 -0.5528888271E+01  0.7509931692E-02
  0.9986569270E+00 -0.5529024625E+01  0.7434923690E-02
  0.9986703577E+00 -0.5529159601E+01  0.7360663946E-02
  0.9986836541E+00 -0.5529293212E+01  0.7287145014E-02
  0.9986968176E+00 -0.5529425474E+01  0.7214359521E-02
  0.9987098494E+00 -0.5529556400E+01  0.7142300169E-02
  0.9987227509E+00 -0.5529686003E+01  0.7070959729E-02
  0.9987355234E+00 -0.5529814298E+01  0.7000331046E-02
  0.9987481682E+00 -0.5529941297E+01  0.6930407037E-02
  0.9987606865E+00 -0.5530067014E+01  0.6861180686E-02
  0.9987730796E+00 -0.5530191463E+01  0.6792645048E-02
  0.9987853488E+00 -0.5530314656E+01  0.6724793247E-02
  0.9987974954E+00 -0.5530436606E+01  0.6657618475E-02
  0.9988095204E+00 -0.5530557325E+01  0.6591113992E-02
  0.9988214252E+00 -0.5530676828E+01  0.6525273124E-02
  0.9988332109E+00 -0.5530795125E+01  0.6460089264E-02
  0.9988448788E+00 -0.5530912230E+01  0.6395555868E-02
  0.9988564300E+00 -0.5531028154E+01  0.6331666461E-02
  0.9988678657E+00 -0.5531142910E+01  0.6268414629E-02
  0.9988791871E+00 -0.5531256510E+01  0.6205794022E-02
  0.9988903952E+00 -0.5531368964E+01  0.6143798355E-02
  0.9989014913E+00 -0.5531480286E+01  0.6082421403E-02
  0.9989124764E+00 -0.5531590487E+01  0.6021657003E-02
  0.9989233516E+00 -0.5531699578E+01  0.5961499056E-02
  0.9989341181E+00 -0.5531807570E+01  0.5901941519E-02
  0.9989447769E+00 -0.5531914475E+01  0.5842978412E-02
  0.9989553291E+00 -0.5532020304E+01  0.5784603814E-02
  0.9989657758E+00 -0.5532125068E+01  0.5726811861E-02
  0.9989761181E+00 -0.5532228777E+01  0.5669596751E-02
  0.9989863569E+00 -0.5532331443E+01  0.5612952735E-02
  0.9989964933E+00 -0.5532433075E+01  0.5556874123E-02
  0.9990065284E+00 -0.5532533685E+01  0.5501355283E-02
  0.9990164631E+00 -0.5532633283E+01  0.5446390637E-02
  0.9990262985E+00 -0.5532731879E+01  0.5391974663E-02
  0.9990360355E+00 -0.5532829484E+01  0.5338101893E-02
  0.9990456751E+00 -0.5532926107E+01  0.5284766915E-02
  0.9990552184E+00 -0.5533021759E+01  0.5231964369E-02
  0.9990646662E+00 -0.5533116449E+01  0.5179688949E-02
  0.9990740195E+00 -0.5533210187E+01  0.5127935403E-02
  0.9990832793E+00 -0.5533302982E+01  0.5076698528E-02
  0.9990924466E+00 -0.5533394846E+01  0.5025973176E-02
  0.9991015221E+00 -0.5533485785E+01  0.4975754247E-02
  0.9991105069E+00 -0.5533575812E+01  0.4926036695E-02
  0.9991194018E+00 -0.5533664933E+01  0.4876815522E-02
  0.9991282078E+00 -0.5533753159E+01  0.4828085779E-02
  0.9991369257E+00 -0.5533840499E+01  0.4779842569E-02
  0.9991455564E+00 -0.5533926962E+01  0.4732081041E-02
  0.9991541009E+00 -0.5534012556E+01  0.4684796392E-02
  0.9991625599E+00 -0.5534097290E+01  0.4637983871E-02
  0.9991709343E+00 -0.5534181174E+01  0.4591638768E-02
  0.9991792249E+00 -0.5534264215E+01  0.4545756424E-02
  0.9991874327E+00 -0.5534346423E+01  0.4500332226E-02
  0.9991955584E+00 -0.5534427805E+01  0.4455361605E-02
  0.9992036028E+00 -0.5534508370E+01  0.4410840038E-02
  0.9992115667E+00 -0.5534588126E+01  0.4366763049E-02
  0.9992194511E+00 -0.5534667082E+01  0.4323126204E-02
  0.9992272566E+00 -0.5534745246E+01  0.4279925115E-02
  0.9992349840E+00 -0.5534822624E+01  0.4237155435E-02
  0.9992426342E+00 -0.5534899227E+01  0.4194812864E-02
  0.9992502078E+00 -0.5534975061E+01  0.4152893140E-02
  0.9992577057E+00 -0.5535050133E+01  0.4111392048E-02
  0.9992651287E+00 -0.5535124453E+01  0.4070305413E-02
  0.9992724774E+00 -0.5535198027E+01  0.4029629101E-02
  0.9992797526E+00 -0.5535270863E+01  0.3989359019E-02
  0.9992869551E+00 -0.5535342968E+01  0.3949491116E-02
  0.9992940855E+00 -0.5535414350E+01  0.3910021380E-02
  0.9993011447E+00 -0.5535485016E+01  0.3870945840E-02
  0.9993081332E+00 -0.5535554973E+01  0.3832260565E-02
  0.9993150519E+00 -0.5535624229E+01  0.3793961660E-02
  0.9993219014E+00 -0.5535692790E+01  0.3756045273E-02
  0.9993286824E+00 -0.5535760664E+01  0.3718507587E-02
  0.9993353956E+00 -0.5535827857E+01  0.3681344824E-02
  0.9993420416E+00 -0.5535894376E+01  0.3644553245E-02
  0.9993486212E+00 -0.5535960229E+01  0.3608129146E-02
  0.9993551350E+00 -0.5536025421E+01  0.3572068862E-02
  0.9993615836E+00 -0.5536089960E+01  0.3536368761E-02
  0.9993679678E+00 -0.5536153851E+01  0.3501025252E-02
  0.9993742881E+00 -0.5536217102E+01  0.3466034776E-02
  0.9993805452E+00 -0.5536279720E+01  0.3431393811E-02
  0.9993867398E+00 -0.5536341709E+01  0.3397098870E-02
  0.9993928724E+00 -0.5536403078E+01  0.3363146500E-02
  0.9993989436E+00 -0.5536463831E+01  0.3329533283E-02
  0.9994049542E+00 -0.5536523975E+01  0.3296255835E-02
  0.9994109047E+00 -0.5536583517E+01  0.3263310805E-02
  0.9994167956E+00 -0.5536642462E+01  0.3230694877E-02
  0.9994226277E+00 -0.5536700816E+01  0.3198404765E-02
  0.9994284014E+00 -0.5536758586E+01  0.3166437220E-02
  0.9994341174E+00 -0.5536815776E+01  0.3134789021E-02
  0.9994397762E+00 -0.5536872394E+01  0.3103456983E-02
  0.9994453784E+00 -0.5536928445E+01  0.3072437949E-02
  0.9994509247E+00 -0.5536983934E+01  0.3041728796E-02
  0.9994564154E+00 -0.5537038867E+01  0.3011326432E-02
  0.9994618513E+00 -0.5537093249E+01  0.2981227794E-02
  0.9994672327E+00 -0.5537147087E+01  0.2951429852E-02
  0.9994725604E+00 -0.5537200386E+01  0.2921929603E-02
  0.9994778348E+00 -0.5537253151E+01  0.2892724077E-02
  0.9994830565E+00 -0.5537305387E+01  0.2863810333E-02
  0.9994882259E+00 -0.5537357100E+01  0.2835185457E-02
  0.9994933436E+00 -0.5537408295E+01  0.2806846566E-02
  0.9994984102E+00 -0.5537458978E+01  0.2778790807E-02
  0.9995034261E+00 -0.5537509153E+01  0.2751015352E-02
  0.9995083918E+00 -0.5537558825E+01  0.2723517403E-02
  0.9995133079E+00 -0.5537608000E+01  0.2696294191E-02
  0.9995181748E+00 -0.5537656682E+01  0.2669342973E-02
  0.9995229931E+00 -0.5537704877E+01  0.2642661034E-02
  0.9995277632E+00 -0.5537752589E+01  0.2616245686E-02
  0.9995324855E+00 -0.5537799824E+01  0.2590094267E-02
  0.9995371607E+00 -0.5537846585E+01  0.2564204142E-02
  0.9995417891E+00 -0.5537892878E+01  0.2538572703E-02
  0.9995463712E+00 -0.5537938708E+01  0.2513197368E-02
  0.9995509075E+00 -0.5537984079E+01  0.2488075579E-02
  0.9995553984E+00 -0.5538028996E+01  0.2463204805E-02
  0.9995598444E+00 -0.5538073463E+01  0.2438582540E-02
  0.9995642460E+00 -0.5538117485E+01  0.2414206303E-02
  0.9995686035E+00 -0.5538161066E+01  0.2390073638E-02
  0.9995729175E+00 -0.5538204210E+01  0.2366182112E-02
  0.9995771883E+00 -0.5538246923E+01  0.2342529319E-02
  0.9995814164E+00 -0.5538289208E+01  0.2319112873E-02
  0.9995856022E+00 -0.5538331070E+01  0.2295930416E-02
  0.9995897462E+00 -0.5538372513E+01  0.2272979610E-02
  0.9995938488E+00 -0.5538413541E+01  0.2250258144E-02
  0.9995979103E+00 -0.5538454159E+01  0.2227763726E-02
  0.9996019312E+00 -0.5538494369E+01  0.2205494091E-02
  0.9996059119E+00 -0.5538534178E+01  0.2183446992E-02
  0.9996098527E+00 -0.5538573587E+01  0.2161620208E-02
  0.9996137542E+00 -0.5538612603E+01  0.2140011539E-02
  0.9996176167E+00 -0.5538651228E+01  0.2118618807E-02
  0.9996214405E+00 -0.5538689466E+01  0.2097439855E-02
  0.9996252261E+00 -0.5538727321E+01  0.2076472548E-02
  0.9996289738E+00 -0.5538764798E+01  0.2055714774E-02
  0.9996326841E+00 -0.5538801900E+01  0.2035164439E-02
  0.9996363573E+00 -0.5538838630E+01  0.2014819471E-02
  0.9996399937E+00 -0.5538874993E+01  0.1994677821E-02
  0.9996435938E+00 -0.5538910991E+01  0.1974737456E-02
  0.9996471578E+00 -0.5538946630E+01  0.1954996368E-02
  0.9996506862E+00 -0.5538981912E+01  0.1935452565E-02
  0.9996541794E+00 -0.5539016841E+01  0.1916104078E-02
  0.9996576376E+00 -0.5539051420E+01  0.1896948956E-02
  0.9996610612E+00 -0.5539085653E+01  0.1877985266E-02
  0.9996644506E+00 -0.5539119544E+01  0.1859211099E-02
  0.9996678400E+00 -0.5539153434E+01  0.1840436816E-02
  0.9996712294E+00 -0.5539187324E+01  0.1821662419E-02
  0.9996746188E+00 -0.5539221214E+01  0.1802887907E-02
  0.9996780081E+00 -0.5539255104E+01  0.1784113280E-02
  0.9996813975E+00 -0.5539288993E+01  0.1765338538E-02
  0.9996847869E+00 -0.5539322883E+01  0.1746563681E-02
  0.9996881763E+00 -0.5539356772E+01  0.1727788709E-02
  0.9996915657E+00 -0.5539390660E+01  0.1709013622E-02
  0.9996949551E+00 -0.5539424549E+01  0.1690238421E-02
  0.9996983445E+00 -0.5539458437E+01  0.1671463105E-02
  0.9997017339E+00 -0.5539492326E+01  0.1652687674E-02
  0.9997051232E+00 -0.5539526214E+01  0.1633912128E-02
  0.9997085126E+00 -0.5539560101E+01  0.1615136467E-02
  0.9997119020E+00 -0.5539593989E+01  0.1596360691E-02
  0.9997152914E+00 -0.5539627876E+01  0.1577584800E-02
  0.9997186808E+00 -0.5539661763E+01  0.1558808795E-02
  0.9997220702E+00 -0.5539695650E+01  0.1540032675E-02
  0.9997254596E+00 -0.5539729537E+01  0.1521256439E-02
  0.9997288490E+00 -0.5539763424E+01  0.1502480089E-02
  0.9997322384E+00 -0.5539797310E+01  0.1483703625E-02
  0.9997356277E+00 -0.5539831196E+01  0.1464927045E-02
  0.9997390171E+00 -0.5539865082E+01  0.1446150350E-02
  0.9997424065E+00 -0.5539898968E+01  0.1427373541E-02
  0.9997457959E+00 -0.5539932854E+01  0.1408596617E-02
  0.9997491853E+00 -0.5539966739E+01  0.1389819577E-02
  0.9997525747E+00 -0.5540000625E+01  0.1371042424E-02
  0.9997559641E+00 -0.5540034510E+01  0.1352265155E-02
  0.9997593535E+00 -0.5540068395E+01  0.1333487771E-02
  0.9997627428E+00 -0.5540102280E+01  0.1314710272E-02
  0.9997661322E+00 -0.5540136164E+01  0.1295932659E-02
  0.9997695216E+00 -0.5540170049E+01  0.1277154931E-02
  0.9997729110E+00 -0.5540203933E+01  0.1258377088E-02
  0.9997763004E+00 -0.5540237817E+01  0.1239599130E-02
  0.9997796898E+00 -0.5540271701E+01  0.1220821057E-02
  0.9997830792E+00 -0.5540305585E+01  0.1202042869E-02
  0.9997864686E+00 -0.5540339469E+01  0.1183264567E-02
  0.9997898579E+00 -0.5540373352E+01  0.1164486150E-02
  0.9997932473E+00 -0.5540407236E+01  0.1145707618E-02
  0.9997966367E+00 -0.5540441119E+01  0.1126928971E-02
  0.9998000261E+00 -0.5540475002E+01  0.1108150209E-02
  0.9998034155E+00 -0.5540508885E+01  0.1089371332E-02
  0.9998068049E+00 -0.5540542768E+01  0.1070592341E-02
  0.9998101943E+00 -0.5540576650E+01  0.1051813234E-02
  0.9998135837E+00 -0.5540610533E+01  0.1033034013E-02
  0.9998169731E+00 -0.5540644415E+01  0.1014254677E-02
  0.9998203624E+00 -0.5540678298E+01  0.9954752261E-03
  0.9998237518E+00 -0.5540712180E+01  0.9766956604E-03
  0.9998271412E+00 -0.5540746062E+01  0.9579159798E-03
  0.9998305306E+00 -0.5540779944E+01  0.9391361844E-03
  0.9998339200E+00 -0.5540813826E+01  0.9203562742E-03
  0.9998373094E+00 -0.5540847707E+01  0.9015762491E-03
  0.9998406988E+00 -0.5540881589E+01  0.8827961092E-03
  0.9998440882E+00 -0.5540915470E+01  0.8640158544E-03
  0.9998474775E+00 -0.5540949352E+01  0.8452354848E-03
  0.9998508669E+00 -0.5540983233E+01  0.8264550004E-03
  0.9998542563E+00 -0.5541017114E+01  0.8076744011E-03
  0.9998576457E+00 -0.5541050995E+01  0.7888936870E-03
  0.9998610351E+00 -0.5541084876E+01  0.7701128581E-03
  0.9998644245E+00 -0.5541118757E+01  0.7513319143E-03
  0.9998678139E+00 -0.5541152638E+01  0.7325508557E-03
  0.9998712033E+00 -0.5541186519E+01  0.7137696823E-03
  0.9998745926E+00 -0.5541220399E+01  0.6949883940E-03
  0.9998779820E+00 -0.5541254280E+01  0.6762069909E-03
  0.9998813714E+00 -0.5541288160E+01  0.6574254729E-03
  0.9998847608E+00 -0.5541322040E+01  0.6386438402E-03
  0.9998881502E+00 -0.5541355921E+01  0.6198620925E-03
  0.9998915396E+00 -0.5541389801E+01  0.6010802301E-03
  0.9998949290E+00 -0.5541423681E+01  0.5822982528E-03
  0.9998983184E+00 -0.5541457561E+01  0.5635161607E-03
  0.9999017077E+00 -0.5541491441E+01  0.5447339538E-03
  0.9999050971E+00 -0.5541525321E+01  0.5259516320E-03
  0.9999084865E+00 -0.5541559201E+01  0.5071691954E-03
  0.9999118759E+00 -0.5541593080E+01  0.4883866439E-03
  0.9999152653E+00 -0.5541626960E+01  0.4696039777E-03
  0.9999186547E+00 -0.5541660840E+01  0.4508211966E-03
  0.9999220441E+00 -0.5541694719E+01  0.4320383006E-03
  0.9999254335E+00 -0.5541728599E+01  0.4132552899E-03
  0.9999288229E+00 -0.5541762478E+01  0.3944721643E-03
  0.9999322122E+00 -0.5541796358E+01  0.3756889238E-03
  0.9999356016E+00 -0.5541830237E+01  0.3569055686E-03
  0.9999389910E+00 -0.5541864116E+01  0.3381220985E-03
  0.9999423804E+00 -0.5541897996E+01  0.3193385136E-03
  0.9999457698E+00 -0.5541931875E+01  0.3005548138E-03
  0.9999491592E+00 -0.5541965754E+01  0.2817709993E-03
  0.9999525486E+00 -0.5541999633E+01  0.2629870699E-03
  0.9999559380E+00 -0.5542033512E+01  0.2442030256E-03
  0.9999593273E+00 -0.5542067391E+01  0.2254188666E-03
  0.9999627167E+00 -0.5542101271E+01  0.2066345927E-03
  0.9999661061E+00 -0.5542135150E+01  0.1878502039E-03
  0.9999694955E+00 -0.5542169029E+01  0.1690657004E-03
  0.9999728849E+00 -0.5542202908E+01  0.1502810820E-03
  0.9999762743E+00 -0.5542236787E+01  0.1314963488E-03
  0.9999796637E+00 -0.5542270666E+01  0.1127115008E-03
  0.9999830531E+00 -0.5542304545E+01  0.9392653788E-04
  0.9999864424E+00 -0.5542338424E+01  0.7514146019E-04
  0.9999898318E+00 -0.5542372302E+01  0.5635626766E-04
  0.9999932212E+00 -0.5542406181E+01  0.3757096030E-04
  0.9999966106E+00 -0.5542440060E+01  0.1878553812E-04
  0.1000000000E+01 -0.5542474591E+01  0.3877787994E-17
  0.1000000000E+01 -0.5542474591E+01  0.0000000000E+00
