  0.0000000000E+00  0.5542473970E+01  0.0000000000E+00
  0.6996492144E-18  0.5542473970E+01  0.3877787559E-17
  0.3389387958E-05  0.5542421595E+01  0.1878550577E-04
  0.6778775916E-05  0.5542369221E+01  0.3757083403E-04
  0.1016816387E-04  0.5542316846E+01  0.5635598477E-04
  0.1355755183E-04  0.5542264472E+01  0.7514095799E-04
  0.1694693979E-04  0.5542212098E+01  0.9392575369E-04
  0.2033632775E-04  0.5542159723E+01  0.1127103719E-03
  0.2372571571E-04  0.5542107349E+01  0.1314948125E-03
  0.2711510367E-04  0.5542054975E+01  0.1502790757E-03
  0.3050449162E-04  0.5542002600E+01  0.1690631613E-03
  0.3389387958E-04  0.5541950226E+01  0.1878470695E-03
  0.3728326754E-04  0.5541897851E+01  0.2066308001E-03
  0.4067265550E-04  0.5541845477E+01  0.2254143531E-03
  0.4406204346E-04  0.5541793102E+01  0.2441977287E-03
  0.4745143141E-04  0.5541740728E+01  0.2629809268E-03
  0.5084081937E-04  0.5541688353E+01  0.2817639473E-03
  0.5423020733E-04  0.5541635979E+01  0.3005467903E-03
  0.5761959529E-04  0.5541583604E+01  0.3193294558E-03
  0.6100898325E-04  0.5541531230E+01  0.3381119438E-03
  0.6439837120E-04  0.5541478855E+01  0.3568942542E-03
  0.6778775916E-04  0.5541426481E+01  0.3756763872E-03
  0.7117714712E-04  0.5541374106E+01  0.3944583426E-03
  0.7456653508E-04  0.5541321731E+01  0.4132401205E-03
  0.7795592304E-04  0.5541269357E+01  0.4320217209E-03
  0.8134531100E-04  0.5541216982E+01  0.4508031438E-03
  0.8473469895E-04  0.5541164607E+01  0.4695843891E-03
  0.8812408691E-04  0.5541112233E+01  0.4883654570E-03
  0.9151347487E-04  0.5541059858E+01  0.5071463473E-03
  0.9490286283E-04  0.5541007483E+01  0.5259270601E-03
  0.9829225079E-04  0.5540955108E+01  0.5447075954E-03
  0.1016816387E-03  0.5540902733E+01  0.5634879531E-03
  0.1050710267E-03  0.5540850358E+01  0.5822681334E-03
  0.1084604147E-03  0.5540797983E+01  0.6010481361E-03
  0.1118498026E-03  0.5540745608E+01  0.6198279613E-03
  0.1152391906E-03  0.5540693233E+01  0.6386076090E-03
  0.1186285785E-03  0.5540640858E+01  0.6573870791E-03
  0.1220179665E-03  0.5540588483E+01  0.6761663718E-03
  0.1254073545E-03  0.5540536108E+01  0.6949454869E-03
  0.1287967424E-03  0.5540483733E+01  0.7137244245E-03
  0.1321861304E-03  0.5540431357E+01  0.7325031846E-03
  0.1355755183E-03  0.5540378982E+01  0.7512817672E-03
  0.1389649063E-03  0.5540326607E+01  0.7700601722E-03
  0.1423542942E-03  0.5540274231E+01  0.7888383997E-03
  0.1457436822E-03  0.5540221856E+01  0.8076164497E-03
  0.1491330702E-03  0.5540169480E+01  0.8263943222E-03
  0.1525224581E-03  0.5540117105E+01  0.8451720172E-03
  0.1559118461E-03  0.5540064729E+01  0.8639495346E-03
  0.1593012340E-03  0.5540012353E+01  0.8827268745E-03
  0.1626906220E-03  0.5539959978E+01  0.9015040369E-03
  0.1660800099E-03  0.5539907602E+01  0.9202810218E-03
  0.1694693979E-03  0.5539855226E+01  0.9390578292E-03
  0.1728587859E-03  0.5539802850E+01  0.9578344590E-03
  0.1762481738E-03  0.5539750474E+01  0.9766109113E-03
  0.1796375618E-03  0.5539698098E+01  0.9953871861E-03
  0.1830269497E-03  0.5539645722E+01  0.1014163283E-02
  0.1864163377E-03  0.5539593346E+01  0.1032939203E-02
  0.1898057257E-03  0.5539540969E+01  0.1051714945E-02
  0.1931951136E-03  0.5539488593E+01  0.1070490510E-02
  0.1965845016E-03  0.5539436217E+01  0.1089265897E-02
  0.1999738895E-03  0.5539383840E+01  0.1108041107E-02
  0.2033632775E-03  0.5539331463E+01  0.1126816139E-02
  0.2067526654E-03  0.5539279087E+01  0.1145590994E-02
  0.2101420534E-03  0.5539226710E+01  0.1164365671E-02
  0.2135314414E-03  0.5539174333E+01  0.1183140170E-02
  0.2169208293E-03  0.5539121957E+01  0.1201914492E-02
  0.2203102173E-03  0.5539069580E+01  0.1220688637E-02
  0.2236996052E-03  0.5539017203E+01  0.1239462604E-02
  0.2270889932E-03  0.5538964825E+01  0.1258236393E-02
  0.2304783812E-03  0.5538912448E+01  0.1277010005E-02
  0.2338677691E-03  0.5538860071E+01  0.1295783439E-02
  0.2372571571E-03  0.5538807694E+01  0.1314556696E-02
  0.2406465450E-03  0.5538755316E+01  0.1333329776E-02
  0.2440359330E-03  0.5538702939E+01  0.1352102677E-02
  0.2474253209E-03  0.5538650561E+01  0.1370875402E-02
  0.2508147089E-03  0.5538598183E+01  0.1389647948E-02
  0.2542040969E-03  0.5538545806E+01  0.1408420318E-02
  0.2575934848E-03  0.5538493428E+01  0.1427192509E-02
  0.2609828728E-03  0.5538441050E+01  0.1445964524E-02
  0.2643722607E-03  0.5538388672E+01  0.1464736360E-02
  0.2677616487E-03  0.5538336293E+01  0.1483508019E-02
  0.2711510367E-03  0.5538283915E+01  0.1502279501E-02
  0.2745404246E-03  0.5538231537E+01  0.1521050805E-02
  0.2779298126E-03  0.5538179158E+01  0.1539821931E-02
  0.2813192005E-03  0.5538126780E+01  0.1558592880E-02
  0.2847085885E-03  0.5538074401E+01  0.1577363652E-02
  0.2880979764E-03  0.5538022022E+01  0.1596134246E-02
  0.2914873644E-03  0.5537969643E+01  0.1614904662E-02
  0.2948767524E-03  0.5537917264E+01  0.1633674901E-02
  0.2982661403E-03  0.5537864885E+01  0.1652444962E-02
  0.3016555283E-03  0.5537812506E+01  0.1671214846E-02
  0.3050449162E-03  0.5537760127E+01  0.1689984552E-02
  0.3084343042E-03  0.5537707747E+01  0.1708754081E-02
  0.3118236921E-03  0.5537655368E+01  0.1727523432E-02
  0.3152130801E-03  0.5537602988E+01  0.1746292606E-02
  0.3186024681E-03  0.5537550608E+01  0.1765061602E-02
  0.3219918560E-03  0.5537498229E+01  0.1783830421E-02
  0.3253812440E-03  0.5537445848E+01  0.1802599062E-02
  0.3287706319E-03  0.5537393468E+01  0.1821367525E-02
  0.3321600199E-03  0.5537341088E+01  0.1840135811E-02
  0.3355494079E-03  0.5537288708E+01  0.1858903920E-02
  0.3389387958E-03  0.5537236327E+01  0.1877671850E-02
  0.3423624200E-03  0.5537183418E+01  0.1896629176E-02
  0.3458206263E-03  0.5537129973E+01  0.1915777806E-02
  0.3493137639E-03  0.5537075989E+01  0.1935119669E-02
  0.3528421858E-03  0.5537021459E+01  0.1954656713E-02
  0.3564062483E-03  0.5536966379E+01  0.1974390905E-02
  0.3600063114E-03  0.5536910742E+01  0.1994324233E-02
  0.3636427388E-03  0.5536854542E+01  0.2014458705E-02
  0.3673158977E-03  0.5536797775E+01  0.2034796348E-02
  0.3710261593E-03  0.5536740434E+01  0.2055339209E-02
  0.3747738983E-03  0.5536682514E+01  0.2076089359E-02
  0.3785594932E-03  0.5536624009E+01  0.2097048885E-02
  0.3823833265E-03  0.5536564913E+01  0.2118219900E-02
  0.3862457844E-03  0.5536505219E+01  0.2139604533E-02
  0.3901472569E-03  0.5536444923E+01  0.2161204938E-02
  0.3940881383E-03  0.5536384017E+01  0.2183023291E-02
  0.3980688266E-03  0.5536322495E+01  0.2205061788E-02
  0.4020897238E-03  0.5536260352E+01  0.2227322646E-02
  0.4061512362E-03  0.5536197581E+01  0.2249808109E-02
  0.4102537739E-03  0.5536134176E+01  0.2272520438E-02
  0.4143977514E-03  0.5536070130E+01  0.2295461921E-02
  0.4185835873E-03  0.5536005437E+01  0.2318634867E-02
  0.4228117043E-03  0.5535940091E+01  0.2342041607E-02
  0.4270825296E-03  0.5535874084E+01  0.2365684500E-02
  0.4313964946E-03  0.5535807410E+01  0.2389565922E-02
  0.4357540349E-03  0.5535740062E+01  0.2413688280E-02
  0.4401555908E-03  0.5535672034E+01  0.2438054000E-02
  0.4446016069E-03  0.5535603318E+01  0.2462665534E-02
  0.4490925322E-03  0.5535533908E+01  0.2487525359E-02
  0.4536288204E-03  0.5535463797E+01  0.2512635977E-02
  0.4582109297E-03  0.5535392977E+01  0.2537999915E-02
  0.4628393230E-03  0.5535321441E+01  0.2563619725E-02
  0.4675144676E-03  0.5535249182E+01  0.2589497984E-02
  0.4722368360E-03  0.5535176194E+01  0.2615637298E-02
  0.4770069051E-03  0.5535102467E+01  0.2642040294E-02
  0.4818251566E-03  0.5535027996E+01  0.2668709631E-02
  0.4866920774E-03  0.5534952772E+01  0.2695647991E-02
  0.4916081590E-03  0.5534876788E+01  0.2722858083E-02
  0.4965738980E-03  0.5534800036E+01  0.2750342646E-02
  0.5015897959E-03  0.5534722508E+01  0.2778104444E-02
  0.5066563595E-03  0.5534644196E+01  0.2806146269E-02
  0.5117741005E-03  0.5534565094E+01  0.2834470942E-02
  0.5169435359E-03  0.5534485192E+01  0.2863081312E-02
  0.5221651878E-03  0.5534404482E+01  0.2891980257E-02
  0.5274395836E-03  0.5534322956E+01  0.2921170682E-02
  0.5327672562E-03  0.5534240607E+01  0.2950655523E-02
  0.5381487436E-03  0.5534157425E+01  0.2980437745E-02
  0.5435845895E-03  0.5534073403E+01  0.3010520344E-02
  0.5490753429E-03  0.5533988531E+01  0.3040906343E-02
  0.5546215585E-03  0.5533902802E+01  0.3071598799E-02
  0.5602237965E-03  0.5533816206E+01  0.3102600797E-02
  0.5658826227E-03  0.5533728734E+01  0.3133915454E-02
  0.5715986088E-03  0.5533640379E+01  0.3165545918E-02
  0.5773723321E-03  0.5533551131E+01  0.3197495368E-02
  0.5832043759E-03  0.5533460980E+01  0.3229767018E-02
  0.5890953291E-03  0.5533369918E+01  0.3262364110E-02
  0.5950457870E-03  0.5533277936E+01  0.3295289921E-02
  0.6010563505E-03  0.5533185024E+01  0.3328547760E-02
  0.6071276268E-03  0.5533091172E+01  0.3362140970E-02
  0.6132602291E-03  0.5532996372E+01  0.3396072927E-02
  0.6194547769E-03  0.5532900614E+01  0.3430347041E-02
  0.6257118958E-03  0.5532803888E+01  0.3464966755E-02
  0.6320322180E-03  0.5532706184E+01  0.3499935550E-02
  0.6384163818E-03  0.5532607492E+01  0.3535256937E-02
  0.6448650321E-03  0.5532507802E+01  0.3570934467E-02
  0.6513788203E-03  0.5532407105E+01  0.3606971723E-02
  0.6579584044E-03  0.5532305389E+01  0.3643372326E-02
  0.6646044489E-03  0.5532202645E+01  0.3680139932E-02
  0.6713176251E-03  0.5532098863E+01  0.3717278235E-02
  0.6780986112E-03  0.5531994031E+01  0.3754790965E-02
  0.6849480921E-03  0.5531888139E+01  0.3792681890E-02
  0.6918667597E-03  0.5531781176E+01  0.3830954816E-02
  0.6988553129E-03  0.5531673132E+01  0.3869613585E-02
  0.7059144575E-03  0.5531563996E+01  0.3908662080E-02
  0.7130449065E-03  0.5531453756E+01  0.3948104222E-02
  0.7202473803E-03  0.5531342402E+01  0.3987943972E-02
  0.7275226064E-03  0.5531229921E+01  0.4028185329E-02
  0.7348713196E-03  0.5531116303E+01  0.4068832334E-02
  0.7422942622E-03  0.5531001536E+01  0.4109889067E-02
  0.7497921840E-03  0.5530885609E+01  0.4151359650E-02
  0.7573658425E-03  0.5530768509E+01  0.4193248245E-02
  0.7650160025E-03  0.5530650225E+01  0.4235559056E-02
  0.7727434369E-03  0.5530530744E+01  0.4278296331E-02
  0.7805489261E-03  0.5530410056E+01  0.4321464359E-02
  0.7884332587E-03  0.5530288146E+01  0.4365067470E-02
  0.7963972310E-03  0.5530165004E+01  0.4409110041E-02
  0.8044416475E-03  0.5530040616E+01  0.4453596492E-02
  0.8125673207E-03  0.5529914971E+01  0.4498531284E-02
  0.8207750714E-03  0.5529788054E+01  0.4543918927E-02
  0.8290657287E-03  0.5529659853E+01  0.4589763973E-02
  0.8374401300E-03  0.5529530356E+01  0.4636071021E-02
  0.8458991212E-03  0.5529399549E+01  0.4682844717E-02
  0.8544435568E-03  0.5529267418E+01  0.4730089750E-02
  0.8630742998E-03  0.5529133951E+01  0.4777810861E-02
  0.8717922220E-03  0.5528999134E+01  0.4826012833E-02
  0.8805982040E-03  0.5528862953E+01  0.4874700500E-02
  0.8894931354E-03  0.5528725394E+01  0.4923878745E-02
  0.8984779145E-03  0.5528586443E+01  0.4973552497E-02
  0.9075534490E-03  0.5528446087E+01  0.5023726737E-02
  0.9167206556E-03  0.5528304310E+01  0.5074406495E-02
  0.9259804602E-03  0.5528161099E+01  0.5125596849E-02
  0.9353337982E-03  0.5528016438E+01  0.5177302932E-02
  0.9447816143E-03  0.5527870314E+01  0.5229529925E-02
  0.9543248629E-03  0.5527722711E+01  0.5282283061E-02
  0.9639645080E-03  0.5527573615E+01  0.5335567627E-02
  0.9737015233E-03  0.5527423009E+01  0.5389388963E-02
  0.9835368922E-03  0.5527270879E+01  0.5443752459E-02
  0.9934716083E-03  0.5527117210E+01  0.5498663563E-02
  0.1003506675E-02  0.5526961985E+01  0.5554127774E-02
  0.1013643106E-02  0.5526805189E+01  0.5610150648E-02
  0.1023881925E-02  0.5526646806E+01  0.5666737797E-02
  0.1034224167E-02  0.5526486820E+01  0.5723894887E-02
  0.1044670876E-02  0.5526325214E+01  0.5781627641E-02
  0.1055223107E-02  0.5526161972E+01  0.5839941840E-02
  0.1065881926E-02  0.5525997077E+01  0.5898843323E-02
  0.1076648410E-02  0.5525830513E+01  0.5958337986E-02
  0.1087523647E-02  0.5525662263E+01  0.6018431784E-02
  0.1098508734E-02  0.5525492309E+01  0.6079130734E-02
  0.1109604782E-02  0.5525320634E+01  0.6140440908E-02
  0.1120812911E-02  0.5525147220E+01  0.6202368443E-02
  0.1132134253E-02  0.5524972050E+01  0.6264919536E-02
  0.1143569953E-02  0.5524795107E+01  0.6328100444E-02
  0.1155121165E-02  0.5524616371E+01  0.6391917490E-02
  0.1166789055E-02  0.5524435825E+01  0.6456377056E-02
  0.1178574803E-02  0.5524253450E+01  0.6521485589E-02
  0.1190479599E-02  0.5524069228E+01  0.6587249603E-02
  0.1202504646E-02  0.5523883140E+01  0.6653675673E-02
  0.1214651157E-02  0.5523695166E+01  0.6720770442E-02
  0.1226920361E-02  0.5523505288E+01  0.6788540618E-02
  0.1239313496E-02  0.5523313486E+01  0.6856992976E-02
  0.1251831814E-02  0.5523119741E+01  0.6926134359E-02
  0.1264476580E-02  0.5522924032E+01  0.6995971677E-02
  0.1277249070E-02  0.5522726340E+01  0.7066511910E-02
  0.1290150576E-02  0.5522526645E+01  0.7137762108E-02
  0.1303182400E-02  0.5522324926E+01  0.7209729389E-02
  0.1316345859E-02  0.5522121162E+01  0.7282420943E-02
  0.1329642282E-02  0.5521915333E+01  0.7355844033E-02
  0.1343073012E-02  0.5521707417E+01  0.7430005991E-02
  0.1356639406E-02  0.5521497393E+01  0.7504914225E-02
  0.1370342834E-02  0.5521285240E+01  0.7580576215E-02
  0.1384184681E-02  0.5521070936E+01  0.7656999517E-02
  0.1398166344E-02  0.5520854459E+01  0.7734191759E-02
  0.1412289237E-02  0.5520635786E+01  0.7812160648E-02
  0.1426554785E-02  0.5520414896E+01  0.7890913966E-02
  0.1440964429E-02  0.5520191765E+01  0.7970459574E-02
  0.1455519625E-02  0.5519966371E+01  0.8050805408E-02
  0.1470221844E-02  0.5519738691E+01  0.8131959486E-02
  0.1485072569E-02  0.5519508701E+01  0.8213929903E-02
  0.1500073302E-02  0.5519276377E+01  0.8296724837E-02
  0.1515225558E-02  0.5519041696E+01  0.8380352545E-02
  0.1530530867E-02  0.5518804633E+01  0.8464821368E-02
  0.1545990774E-02  0.5518565165E+01  0.8550139727E-02
  0.1561606843E-02  0.5518323266E+01  0.8636316130E-02
  0.1577380649E-02  0.5518078912E+01  0.8723359166E-02
  0.1593313787E-02  0.5517832077E+01  0.8811277511E-02
  0.1609407866E-02  0.5517582736E+01  0.8900079928E-02
  0.1625664511E-02  0.5517330863E+01  0.8989775266E-02
  0.1642085364E-02  0.5517076433E+01  0.9080372459E-02
  0.1658672085E-02  0.5516819419E+01  0.9171880534E-02
  0.1675426349E-02  0.5516559794E+01  0.9264308606E-02
  0.1692349847E-02  0.5516297533E+01  0.9357665878E-02
  0.1709444290E-02  0.5516032607E+01  0.9451961647E-02
  0.1726711404E-02  0.5515764989E+01  0.9547205300E-02
  0.1744152934E-02  0.5515494652E+01  0.9643406319E-02
  0.1761770640E-02  0.5515221568E+01  0.9740574279E-02
  0.1779566303E-02  0.5514945708E+01  0.9838718849E-02
  0.1797541720E-02  0.5514667044E+01  0.9937849795E-02
  0.1815698707E-02  0.5514385547E+01  0.1003797698E-01
  0.1834039098E-02  0.5514101188E+01  0.1013911036E-01
  0.1852564746E-02  0.5513813938E+01  0.1024125999E-01
  0.1871277521E-02  0.5513523766E+01  0.1034443604E-01
  0.1890179314E-02  0.5513230643E+01  0.1044864875E-01
  0.1909272034E-02  0.5512934538E+01  0.1055390850E-01
  0.1928557610E-02  0.5512635421E+01  0.1066022573E-01
  0.1948037990E-02  0.5512333260E+01  0.1076761102E-01
  0.1967715142E-02  0.5512028024E+01  0.1087607503E-01
  0.1987591052E-02  0.5511719681E+01  0.1098562854E-01
  0.2007667730E-02  0.5511408199E+01  0.1109628243E-01
  0.2027947202E-02  0.5511093546E+01  0.1120804769E-01
  0.2048431517E-02  0.5510775688E+01  0.1132093541E-01
  0.2069122744E-02  0.5510454594E+01  0.1143495681E-01
  0.2090022974E-02  0.5510130229E+01  0.1155012318E-01
  0.2111134317E-02  0.5509802559E+01  0.1166644597E-01
  0.2132458906E-02  0.5509471551E+01  0.1178393672E-01
  0.2153998895E-02  0.5509137169E+01  0.1190260708E-01
  0.2175756460E-02  0.5508799379E+01  0.1202246881E-01
  0.2197733798E-02  0.5508458145E+01  0.1214353380E-01
  0.2219933129E-02  0.5508113432E+01  0.1226581407E-01
  0.2242356696E-02  0.5507765203E+01  0.1238932171E-01
  0.2265006764E-02  0.5507413423E+01  0.1251406898E-01
  0.2287885620E-02  0.5507058054E+01  0.1264006824E-01
  0.2310995576E-02  0.5506699058E+01  0.1276733196E-01
  0.2334338965E-02  0.5506336399E+01  0.1289587275E-01
  0.2357918147E-02  0.5505970038E+01  0.1302570333E-01
  0.2381735502E-02  0.5505599936E+01  0.1315683657E-01
  0.2405793436E-02  0.5505226055E+01  0.1328928543E-01
  0.2430094380E-02  0.5504848355E+01  0.1342306303E-01
  0.2454640788E-02  0.5504466797E+01  0.1355818260E-01
  0.2479435139E-02  0.5504081339E+01  0.1369465751E-01
  0.2504479939E-02  0.5503691942E+01  0.1383250124E-01
  0.2529777716E-02  0.5503298458E+01  0.1397172744E-01
  0.2555331026E-02  0.5502900842E+01  0.1411234985E-01
  0.2581142450E-02  0.5502499154E+01  0.1425438238E-01
  0.2607214596E-02  0.5502093350E+01  0.1439783905E-01
  0.2633550097E-02  0.5501683387E+01  0.1454273403E-01
  0.2660151614E-02  0.5501269222E+01  0.1468908164E-01
  0.2687021832E-02  0.5500850809E+01  0.1483689633E-01
  0.2714163467E-02  0.5500428105E+01  0.1498619268E-01
  0.2741579259E-02  0.5500001318E+01  0.1513698542E-01
  0.2769271979E-02  0.5499570161E+01  0.1528928945E-01
  0.2797244423E-02  0.5499134586E+01  0.1544311977E-01
  0.2825499417E-02  0.5498694546E+01  0.1559849157E-01
  0.2854039815E-02  0.5498249994E+01  0.1575542016E-01
  0.2882868500E-02  0.5497800884E+01  0.1591392100E-01
  0.2911988384E-02  0.5497347166E+01  0.1607400972E-01
  0.2941402408E-02  0.5496888793E+01  0.1623570208E-01
  0.2971113544E-02  0.5496425715E+01  0.1639901401E-01
  0.3001124792E-02  0.5495957883E+01  0.1656396158E-01
  0.3031439184E-02  0.5495485246E+01  0.1673056104E-01
  0.3062059781E-02  0.5495007754E+01  0.1689882877E-01
  0.3092989678E-02  0.5494525355E+01  0.1706878134E-01
  0.3124231998E-02  0.5494037998E+01  0.1724043544E-01
  0.3155789897E-02  0.5493545630E+01  0.1741380797E-01
  0.3187666563E-02  0.5493048197E+01  0.1758891596E-01
  0.3219865215E-02  0.5492545646E+01  0.1776577662E-01
  0.3252389106E-02  0.5492037924E+01  0.1794440732E-01
  0.3285241521E-02  0.5491524974E+01  0.1812482560E-01
  0.3318425779E-02  0.5491006741E+01  0.1830704918E-01
  0.3351945231E-02  0.5490483170E+01  0.1849109595E-01
  0.3385803264E-02  0.5489954203E+01  0.1867698395E-01
  0.3420003297E-02  0.5489419782E+01  0.1886473143E-01
  0.3454548785E-02  0.5488879851E+01  0.1905435678E-01
  0.3489443217E-02  0.5488334349E+01  0.1924587861E-01
  0.3524690118E-02  0.5487783218E+01  0.1943931568E-01
  0.3560293049E-02  0.5487226397E+01  0.1963468693E-01
  0.3596255605E-02  0.5486663826E+01  0.1983201150E-01
  0.3632581419E-02  0.5486095443E+01  0.2003130871E-01
  0.3669274160E-02  0.5485521185E+01  0.2023259806E-01
  0.3706337536E-02  0.5484940991E+01  0.2043589923E-01
  0.3743775289E-02  0.5484354795E+01  0.2064123213E-01
  0.3781591201E-02  0.5483762534E+01  0.2084861681E-01
  0.3819789092E-02  0.5483164143E+01  0.2105807354E-01
  0.3858372820E-02  0.5482561477E+01  0.2126962283E-01
  0.3897346283E-02  0.5481953128E+01  0.2148328538E-01
  0.3936713417E-02  0.5481338547E+01  0.2169908207E-01
  0.3976478199E-02  0.5480717669E+01  0.2191703396E-01
  0.4016644645E-02  0.5480090429E+01  0.2213716231E-01
  0.4057216813E-02  0.5479456759E+01  0.2235948861E-01
  0.4098198801E-02  0.5478816594E+01  0.2258403452E-01
  0.4139594749E-02  0.5478169864E+01  0.2281082194E-01
  0.4181408837E-02  0.5477516501E+01  0.2303987296E-01
  0.4223645290E-02  0.5476856436E+01  0.2327120989E-01
  0.4266308374E-02  0.5476189599E+01  0.2350485525E-01
  0.4309402398E-02  0.5475515918E+01  0.2374083178E-01
  0.4352931715E-02  0.5474835323E+01  0.2397916243E-01
  0.4396900722E-02  0.5474147740E+01  0.2421987039E-01
  0.4441313861E-02  0.5473453097E+01  0.2446297905E-01
  0.4486175617E-02  0.5472751320E+01  0.2470851202E-01
  0.4531490522E-02  0.5472042333E+01  0.2495649317E-01
  0.4577263154E-02  0.5471326062E+01  0.2520694655E-01
  0.4623498135E-02  0.5470602430E+01  0.2545989648E-01
  0.4670200136E-02  0.5469871360E+01  0.2571536749E-01
  0.4717373875E-02  0.5469132774E+01  0.2597338435E-01
  0.4765024116E-02  0.5468386593E+01  0.2623397207E-01
  0.4813155673E-02  0.5467632738E+01  0.2649715589E-01
  0.4861773407E-02  0.5466871128E+01  0.2676296129E-01
  0.4910882230E-02  0.5466101683E+01  0.2703141400E-01
  0.4960487101E-02  0.5465324319E+01  0.2730253999E-01
  0.5010593031E-02  0.5464538954E+01  0.2757636547E-01
  0.5061205082E-02  0.5463745504E+01  0.2785291692E-01
  0.5112328365E-02  0.5462943885E+01  0.2813222104E-01
  0.5163968046E-02  0.5462134010E+01  0.2841430480E-01
  0.5216129339E-02  0.5461315794E+01  0.2869919544E-01
  0.5268817514E-02  0.5460489150E+01  0.2898692042E-01
  0.5322037893E-02  0.5459653988E+01  0.2927750750E-01
  0.5375795852E-02  0.5458810220E+01  0.2957098467E-01
  0.5430096820E-02  0.5457957756E+01  0.2986738021E-01
  0.5484946283E-02  0.5457096505E+01  0.3016672264E-01
  0.5540349781E-02  0.5456226375E+01  0.3046904077E-01
  0.5596312910E-02  0.5455347610E+01  0.3077436368E-01
  0.5652841323E-02  0.5454460377E+01  0.3108272075E-01
  0.5709940730E-02  0.5453564021E+01  0.3139414161E-01
  0.5767616899E-02  0.5452658447E+01  0.3170865618E-01
  0.5825875656E-02  0.5451743560E+01  0.3202629463E-01
  0.5884722885E-02  0.5450819264E+01  0.3234708743E-01
  0.5944164530E-02  0.5449885462E+01  0.3267106535E-01
  0.6004206596E-02  0.5448942055E+01  0.3299825941E-01
  0.6064855147E-02  0.5447988945E+01  0.3332870095E-01
  0.6126116310E-02  0.5447026032E+01  0.3366242159E-01
  0.6187996273E-02  0.5446053216E+01  0.3399945326E-01
  0.6250501286E-02  0.5445070394E+01  0.3433982817E-01
  0.6313637663E-02  0.5444077464E+01  0.3468357884E-01
  0.6377411780E-02  0.5443074323E+01  0.3503073809E-01
  0.6441830081E-02  0.5442060866E+01  0.3538133905E-01
  0.6506899072E-02  0.5441036988E+01  0.3573541514E-01
  0.6572625325E-02  0.5440004859E+01  0.3609300020E-01
  0.6639015480E-02  0.5438964862E+01  0.3645412844E-01
  0.6706076242E-02  0.5437914308E+01  0.3681883435E-01
  0.6773814386E-02  0.5436853094E+01  0.3718715263E-01
  0.6842236754E-02  0.5435781114E+01  0.3755911831E-01
  0.6911350256E-02  0.5434698264E+01  0.3793476677E-01
  0.6981161875E-02  0.5433605769E+01  0.3831413371E-01
  0.7051678662E-02  0.5432510787E+01  0.3869725553E-01
  0.7122907739E-02  0.5431404993E+01  0.3908416887E-01
  0.7194856302E-02  0.5430288291E+01  0.3947491049E-01
  0.7267531618E-02  0.5429160581E+01  0.3986951743E-01
  0.7340941029E-02  0.5428021767E+01  0.4026802710E-01
  0.7415091948E-02  0.5426871749E+01  0.4067047727E-01
  0.7489991867E-02  0.5425710429E+01  0.4107690603E-01
  0.7565648350E-02  0.5424537706E+01  0.4148735184E-01
  0.7642069041E-02  0.5423353482E+01  0.4190185351E-01
  0.7719261657E-02  0.5422157656E+01  0.4232045020E-01
  0.7797233997E-02  0.5420950127E+01  0.4274318144E-01
  0.7875993937E-02  0.5419730794E+01  0.4317008713E-01
  0.7955549431E-02  0.5418499557E+01  0.4360120752E-01
  0.8035908516E-02  0.5417256314E+01  0.4403658323E-01
  0.8117079309E-02  0.5416010858E+01  0.4447625567E-01
  0.8199070009E-02  0.5414754435E+01  0.4492026669E-01
  0.8281888898E-02  0.5413486094E+01  0.4536865811E-01
  0.8365544342E-02  0.5412201173E+01  0.4582147195E-01
  0.8450044790E-02  0.5410878135E+01  0.4627874947E-01
  0.8535398777E-02  0.5409541860E+01  0.4674053247E-01
  0.8621614927E-02  0.5408182725E+01  0.4720686375E-01
  0.8708701946E-02  0.5406808126E+01  0.4767778641E-01
  0.8796668632E-02  0.5405419530E+01  0.4815334433E-01
  0.8885523871E-02  0.5404016809E+01  0.4863358185E-01
  0.8975276638E-02  0.5402599835E+01  0.4911854372E-01
  0.9065935997E-02  0.5401168480E+01  0.4960827508E-01
  0.9157511109E-02  0.5399722615E+01  0.5010282148E-01
  0.9250011221E-02  0.5398262113E+01  0.5060222888E-01
  0.9343445678E-02  0.5396786844E+01  0.5110654365E-01
  0.9437823917E-02  0.5395307416E+01  0.5161581308E-01
  0.9533155471E-02  0.5393818414E+01  0.5213008515E-01
  0.9629449971E-02  0.5392314901E+01  0.5264940780E-01
  0.9726717143E-02  0.5390796768E+01  0.5317382919E-01
  0.9824966811E-02  0.5389279904E+01  0.5370339866E-01
  0.9924208900E-02  0.5387750579E+01  0.5423816617E-01
  0.1002445343E-01  0.5386206902E+01  0.5477818135E-01
  0.1012571054E-01  0.5384648778E+01  0.5532349418E-01
  0.1022799044E-01  0.5383076112E+01  0.5587415512E-01
  0.1033130348E-01  0.5381488812E+01  0.5643021505E-01
  0.1043566008E-01  0.5379886783E+01  0.5699172534E-01
  0.1054107079E-01  0.5378269934E+01  0.5755873780E-01
  0.1064754625E-01  0.5376638173E+01  0.5813130471E-01
  0.1075509722E-01  0.5374991410E+01  0.5870947882E-01
  0.1086373457E-01  0.5373344643E+01  0.5929331417E-01
  0.1097346926E-01  0.5371686817E+01  0.5988286553E-01
  0.1108431238E-01  0.5370014371E+01  0.6047818738E-01
  0.1119627514E-01  0.5368327232E+01  0.6107933452E-01
  0.1130936882E-01  0.5366619458E+01  0.6168636188E-01
  0.1142360487E-01  0.5364900462E+01  0.6229932509E-01
  0.1153899482E-01  0.5363166688E+01  0.6291828065E-01
  0.1165555032E-01  0.5361418082E+01  0.6354328534E-01
  0.1177328316E-01  0.5359654588E+01  0.6417439646E-01
  0.1189220521E-01  0.5357876156E+01  0.6481167183E-01
  0.1201232849E-01  0.5356082732E+01  0.6545516980E-01
  0.1213366514E-01  0.5354274268E+01  0.6610494923E-01
  0.1225622742E-01  0.5352450713E+01  0.6676106951E-01
  0.1238002770E-01  0.5350612021E+01  0.6742359058E-01
  0.1250507848E-01  0.5348758143E+01  0.6809257289E-01
  0.1263139240E-01  0.5346894471E+01  0.6876807782E-01
  0.1275898223E-01  0.5345024975E+01  0.6945016787E-01
  0.1288786083E-01  0.5343140669E+01  0.7013890583E-01
  0.1301804125E-01  0.5341236403E+01  0.7083435413E-01
  0.1314953661E-01  0.5339305639E+01  0.7153657503E-01
  0.1328236022E-01  0.5337364113E+01  0.7224563189E-01
  0.1341652547E-01  0.5335402007E+01  0.7296158909E-01
  0.1355204593E-01  0.5333440360E+01  0.7368451230E-01
  0.1368893528E-01  0.5331464581E+01  0.7441446826E-01
  0.1382720736E-01  0.5329474035E+01  0.7515152331E-01
  0.1396687612E-01  0.5327468703E+01  0.7589574430E-01
  0.1410795567E-01  0.5325448559E+01  0.7664719873E-01
  0.1425046028E-01  0.5323413578E+01  0.7740595466E-01
  0.1439440432E-01  0.5321363729E+01  0.7817208080E-01
  0.1453980234E-01  0.5319361362E+01  0.7894565100E-01
  0.1468666903E-01  0.5317440284E+01  0.7972674693E-01
  0.1483501923E-01  0.5315511646E+01  0.8051544716E-01
  0.1498486790E-01  0.5313513189E+01  0.8131181982E-01
  0.1513623021E-01  0.5311503215E+01  0.8211593330E-01
  0.1528912142E-01  0.5309481732E+01  0.8292786094E-01
  0.1544355699E-01  0.5307448740E+01  0.8374767679E-01
  0.1559955252E-01  0.5305404230E+01  0.8457545558E-01
  0.1575712375E-01  0.5303348178E+01  0.8541127270E-01
  0.1591628662E-01  0.5301280553E+01  0.8625520425E-01
  0.1607705719E-01  0.5299201304E+01  0.8710732702E-01
  0.1623945171E-01  0.5297110369E+01  0.8796771848E-01
  0.1640348657E-01  0.5295007665E+01  0.8883645681E-01
  0.1656917836E-01  0.5292893095E+01  0.8971362089E-01
  0.1673654380E-01  0.5290766536E+01  0.9059929030E-01
  0.1690559979E-01  0.5288627846E+01  0.9149354534E-01
  0.1707636343E-01  0.5286497394E+01  0.9239646875E-01
  0.1724885195E-01  0.5284370270E+01  0.9330814540E-01
  0.1742308278E-01  0.5282230318E+01  0.9422865919E-01
  0.1759907351E-01  0.5280077224E+01  0.9515809332E-01
  0.1777684193E-01  0.5277842434E+01  0.9609652567E-01
  0.1795640599E-01  0.5275564882E+01  0.9704403200E-01
  0.1813778383E-01  0.5273271973E+01  0.9800069461E-01
  0.1832099377E-01  0.5270963295E+01  0.9896659895E-01
  0.1850605431E-01  0.5268638396E+01  0.9994183116E-01
  0.1869298415E-01  0.5266263077E+01  0.1009264749E+00
  0.1888180217E-01  0.5263848463E+01  0.1019206123E+00
  0.1907252745E-01  0.5261412565E+01  0.1029243290E+00
  0.1926517924E-01  0.5258954612E+01  0.1039377128E+00
  0.1945977701E-01  0.5256473771E+01  0.1049608522E+00
  0.1965634041E-01  0.5253969151E+01  0.1059938364E+00
  0.1985488931E-01  0.5251439793E+01  0.1070367551E+00
  0.2005544374E-01  0.5248842524E+01  0.1080896942E+00
  0.2025802398E-01  0.5246211680E+01  0.1091527395E+00
  0.2046265049E-01  0.5243550138E+01  0.1102259811E+00
  0.2066934393E-01  0.5240858841E+01  0.1113095104E+00
  0.2087812518E-01  0.5238149935E+01  0.1124034207E+00
  0.2108901533E-01  0.5235406394E+01  0.1135078057E+00
  0.2130203569E-01  0.5232626626E+01  0.1146227577E+00
  0.2151720777E-01  0.5229808947E+01  0.1157483697E+00
  0.2173455330E-01  0.5226951586E+01  0.1168847348E+00
  0.2195409424E-01  0.5224052674E+01  0.1180319465E+00
  0.2217585277E-01  0.5221110250E+01  0.1191900985E+00
  0.2239985128E-01  0.5218111927E+01  0.1203592836E+00
  0.2262611241E-01  0.5215022127E+01  0.1215395899E+00
  0.2285465900E-01  0.5211881369E+01  0.1227311065E+00
  0.2308551414E-01  0.5208687286E+01  0.1239339274E+00
  0.2331870115E-01  0.5205437408E+01  0.1251481467E+00
  0.2355424359E-01  0.5202129166E+01  0.1263738585E+00
  0.2379216524E-01  0.5198759889E+01  0.1276111569E+00
  0.2403249014E-01  0.5195221706E+01  0.1288601232E+00
  0.2427524257E-01  0.5191571965E+01  0.1301208329E+00
  0.2452044704E-01  0.5187846034E+01  0.1313933727E+00
  0.2476812832E-01  0.5183999706E+01  0.1326778287E+00
  0.2501831143E-01  0.5179993307E+01  0.1339742768E+00
  0.2527102165E-01  0.5176029155E+01  0.1352828131E+00
  0.2552628449E-01  0.5172050743E+01  0.1366035533E+00
  0.2578412575E-01  0.5168060713E+01  0.1379366069E+00
  0.2604457147E-01  0.5163984314E+01  0.1392820754E+00
  0.2630764795E-01  0.5159813360E+01  0.1406400495E+00
  0.2657338176E-01  0.5155544280E+01  0.1420106192E+00
  0.2684179976E-01  0.5151173471E+01  0.1433938735E+00
  0.2711292905E-01  0.5146697312E+01  0.1447899007E+00
  0.2738679702E-01  0.5142112174E+01  0.1461987884E+00
  0.2766343134E-01  0.5137441538E+01  0.1476206270E+00
  0.2794285993E-01  0.5132658806E+01  0.1490555069E+00
  0.2822511105E-01  0.5127769147E+01  0.1505035155E+00
  0.2851021318E-01  0.5122784685E+01  0.1519647429E+00
  0.2879819513E-01  0.5117782866E+01  0.1534392922E+00
  0.2908908599E-01  0.5112715781E+01  0.1549272714E+00
  0.2938291514E-01  0.5107459028E+01  0.1564287641E+00
  0.2967971226E-01  0.5102056399E+01  0.1579438415E+00
  0.2997950734E-01  0.5096521775E+01  0.1594725832E+00
  0.3028233064E-01  0.5090804266E+01  0.1610150631E+00
  0.3058821277E-01  0.5084846846E+01  0.1625713380E+00
  0.3089718462E-01  0.5078708614E+01  0.1641414643E+00
  0.3120927739E-01  0.5072428171E+01  0.1657255125E+00
  0.3152452262E-01  0.5066004290E+01  0.1673235587E+00
  0.3184295214E-01  0.5059419057E+01  0.1689356756E+00
  0.3216459812E-01  0.5052631180E+01  0.1705619257E+00
  0.3248949305E-01  0.5045696277E+01  0.1722023734E+00
  0.3281766975E-01  0.5038614207E+01  0.1738570913E+00
  0.3314916136E-01  0.5031385692E+01  0.1755261515E+00
  0.3348400137E-01  0.5024011932E+01  0.1772096263E+00
  0.3382222361E-01  0.5016494628E+01  0.1789075876E+00
  0.3416386223E-01  0.5008836002E+01  0.1806201076E+00
  0.3450895175E-01  0.5001038824E+01  0.1823472591E+00
  0.3485752702E-01  0.4993106426E+01  0.1840891150E+00
  0.3520962325E-01  0.4985042718E+01  0.1858457494E+00
  0.3556527601E-01  0.4976852200E+01  0.1876172371E+00
  0.3592452122E-01  0.4968539969E+01  0.1894036543E+00
  0.3628739518E-01  0.4960112425E+01  0.1912050790E+00
  0.3665393452E-01  0.4951593802E+01  0.1930215942E+00
  0.3702417628E-01  0.4942975101E+01  0.1948532855E+00
  0.3739815786E-01  0.4934263735E+01  0.1967002382E+00
  0.3777591703E-01  0.4925467668E+01  0.1985625401E+00
  0.3815749195E-01  0.4916595387E+01  0.2004402824E+00
  0.3854292116E-01  0.4907655869E+01  0.2023335591E+00
  0.3893224360E-01  0.4898796171E+01  0.2042424950E+00
  0.3932549859E-01  0.4889906156E+01  0.2061672230E+00
  0.3972272585E-01  0.4880986628E+01  0.2081078554E+00
  0.4012396550E-01  0.4872094449E+01  0.2100645169E+00
  0.4052925808E-01  0.4863367815E+01  0.2120373722E+00
  0.4093864453E-01  0.4854751447E+01  0.2140266053E+00
  0.4135216619E-01  0.4846144735E+01  0.2160323707E+00
  0.4176986484E-01  0.4837556900E+01  0.2180548052E+00
  0.4219178266E-01  0.4828884975E+01  0.2200940273E+00
  0.4261796229E-01  0.4820138961E+01  0.2221501360E+00
  0.4304844675E-01  0.4811436685E+01  0.2242232579E+00
  0.4348327955E-01  0.4802834585E+01  0.2263135581E+00
  0.4392250460E-01  0.4794125642E+01  0.2284211707E+00
  0.4436616626E-01  0.4785476397E+01  0.2305462218E+00
  0.4481430935E-01  0.4776892386E+01  0.2326888766E+00
  0.4526697914E-01  0.4768378135E+01  0.2348493044E+00
  0.4572422136E-01  0.4759937049E+01  0.2370276784E+00
  0.4618608218E-01  0.4751426499E+01  0.2392241414E+00
  0.4665260826E-01  0.4743020045E+01  0.2414388449E+00
  0.4712384673E-01  0.4734685320E+01  0.2436719746E+00
  0.4759984518E-01  0.4726420493E+01  0.2459237105E+00
  0.4808065170E-01  0.4718153217E+01  0.2481942168E+00
  0.4856631485E-01  0.4709428694E+01  0.2504835313E+00
  0.4905688368E-01  0.4700400862E+01  0.2527916159E+00
  0.4955240776E-01  0.4691211496E+01  0.2551185009E+00
  0.5005293713E-01  0.4681917585E+01  0.2574642641E+00
  0.5055852235E-01  0.4672603282E+01  0.2598290179E+00
  0.5106921450E-01  0.4662906748E+01  0.2622128037E+00
  0.5158506515E-01  0.4653170989E+01  0.2646156561E+00
  0.5210612641E-01  0.4643407037E+01  0.2670376994E+00
  0.5263245092E-01  0.4633656505E+01  0.2694790724E+00
  0.5316409184E-01  0.4624009989E+01  0.2719399495E+00
  0.5370110287E-01  0.4614528568E+01  0.2744205481E+00
  0.5424353825E-01  0.4604945162E+01  0.2769210325E+00
  0.5479145278E-01  0.4595243971E+01  0.2794414911E+00
  0.5534490180E-01  0.4585409205E+01  0.2819820029E+00
  0.5590394121E-01  0.4575010726E+01  0.2845425207E+00
  0.5646862749E-01  0.4564569572E+01  0.2871230185E+00
  0.5703901766E-01  0.4554107684E+01  0.2897236205E+00
  0.5761516936E-01  0.4543533064E+01  0.2923444310E+00
  0.5819714076E-01  0.4532761280E+01  0.2949855029E+00
  0.5878499067E-01  0.4521540956E+01  0.2976467883E+00
  0.5937877846E-01  0.4509894383E+01  0.3003281663E+00
  0.5997856410E-01  0.4498007690E+01  0.3030295715E+00
  0.6058440818E-01  0.4485581222E+01  0.3057508985E+00
  0.6119637190E-01  0.4472885780E+01  0.3084920269E+00
  0.6181451707E-01  0.4460299709E+01  0.3112530297E+00
  0.6243890613E-01  0.4447530835E+01  0.3140340056E+00
  0.6306960215E-01  0.4434765116E+01  0.3168350200E+00
  0.6370666884E-01  0.4421905614E+01  0.3196561649E+00
  0.6435017054E-01  0.4409413827E+01  0.3224976495E+00
  0.6500017227E-01  0.4397263309E+01  0.3253598272E+00
  0.6565673966E-01  0.4385272751E+01  0.3282429906E+00
  0.6631993905E-01  0.4373142102E+01  0.3311472783E+00
  0.6698983743E-01  0.4360931256E+01  0.3340727490E+00
  0.6766650245E-01  0.4348737543E+01  0.3370195132E+00
  0.6835000248E-01  0.4336971879E+01  0.3399878545E+00
  0.6904040654E-01  0.4325196924E+01  0.3429780528E+00
  0.6973778439E-01  0.4313515483E+01  0.3459902761E+00
  0.7044220645E-01  0.4301490370E+01  0.3490245762E+00
  0.7115374389E-01  0.4289493408E+01  0.3520809795E+00
  0.7187246858E-01  0.4277308849E+01  0.3551595656E+00
  0.7259845311E-01  0.4265150374E+01  0.3582604122E+00
  0.7333177082E-01  0.4253187173E+01  0.3613837361E+00
  0.7407249577E-01  0.4241967602E+01  0.3645300227E+00
  0.7482070280E-01  0.4231333468E+01  0.3676999144E+00
  0.7557646748E-01  0.4220754000E+01  0.3708938090E+00
  0.7633986614E-01  0.4210230207E+01  0.3741119100E+00
  0.7711097590E-01  0.4199921110E+01  0.3773544849E+00
  0.7788987464E-01  0.4189343904E+01  0.3806216789E+00
  0.7867664105E-01  0.4178686263E+01  0.3839135214E+00
  0.7947135460E-01  0.4167996268E+01  0.3872301322E+00
  0.8027409556E-01  0.4157132077E+01  0.3905715930E+00
  0.8108494501E-01  0.4146008403E+01  0.3939378914E+00
  0.8190398485E-01  0.4134695478E+01  0.3973290047E+00
  0.8273129783E-01  0.4123651823E+01  0.4007451236E+00
  0.8356696751E-01  0.4112742928E+01  0.4041865763E+00
  0.8441107829E-01  0.4100685515E+01  0.4076530980E+00
  0.8526371544E-01  0.4088334463E+01  0.4111442294E+00
  0.8612496510E-01  0.4075876431E+01  0.4146599413E+00
  0.8699491424E-01  0.4063447741E+01  0.4182003403E+00
  0.8787365075E-01  0.4050988403E+01  0.4217655659E+00
  0.8876126338E-01  0.4037920898E+01  0.4253554750E+00
  0.8965784180E-01  0.4024098248E+01  0.4289695912E+00
  0.9056347656E-01  0.4010656886E+01  0.4326078680E+00
  0.9147825915E-01  0.3997651904E+01  0.4362707987E+00
  0.9240228197E-01  0.3984484437E+01  0.4399586368E+00
  0.9333563836E-01  0.3971582350E+01  0.4436715596E+00
  0.9427842258E-01  0.3958797194E+01  0.4474098780E+00
  0.9523072988E-01  0.3946146357E+01  0.4511738457E+00
  0.9619265645E-01  0.3933916276E+01  0.4549638665E+00
  0.9716429944E-01  0.3922121348E+01  0.4587804985E+00
  0.9814575701E-01  0.3911641820E+01  0.4626247515E+00
  0.9913712829E-01  0.3900935140E+01  0.4664973338E+00
  0.1001385134E+00  0.3889975010E+01  0.4703981846E+00
  0.1011500136E+00  0.3879052794E+01  0.4743273709E+00
  0.1021717309E+00  0.3868851505E+01  0.4782854549E+00
  0.1032037686E+00  0.3857050172E+01  0.4822721657E+00
  0.1042462309E+00  0.3844812858E+01  0.4862866167E+00
  0.1052992231E+00  0.3832877548E+01  0.4903288909E+00
  0.1063628516E+00  0.3820107229E+01  0.4943988573E+00
  0.1074372239E+00  0.3806337894E+01  0.4984956777E+00
  0.1085224483E+00  0.3791599142E+01  0.5026184114E+00
  0.1096186347E+00  0.3775928794E+01  0.5067661218E+00
  0.1107258936E+00  0.3759146746E+01  0.5109377616E+00
  0.1118443370E+00  0.3741754856E+01  0.5151324285E+00
  0.1129740778E+00  0.3723573561E+01  0.5193493714E+00
  0.1141152301E+00  0.3704611190E+01  0.5235877165E+00
  0.1152679092E+00  0.3685408746E+01  0.5278468772E+00
  0.1164322315E+00  0.3665262125E+01  0.5321261523E+00
  0.1176083146E+00  0.3645175320E+01  0.5364249934E+00
  0.1187962774E+00  0.3626155038E+01  0.5407440283E+00
  0.1199962398E+00  0.3608869896E+01  0.5450849073E+00
  0.1212083230E+00  0.3593047336E+01  0.5494495688E+00
  0.1224326495E+00  0.3577684341E+01  0.5538392272E+00
  0.1236693429E+00  0.3563061074E+01  0.5582546837E+00
  0.1249185282E+00  0.3549567670E+01  0.5626971792E+00
  0.1261803315E+00  0.3537785368E+01  0.5671686020E+00
  0.1274548803E+00  0.3526760594E+01  0.5716706563E+00
  0.1287423034E+00  0.3515172900E+01  0.5762036300E+00
  0.1300427307E+00  0.3501853199E+01  0.5807661962E+00
  0.1313562936E+00  0.3488383226E+01  0.5853572539E+00
  0.1326831249E+00  0.3475459892E+01  0.5899771763E+00
  0.1340233585E+00  0.3461992160E+01  0.5946260794E+00
  0.1353771298E+00  0.3447930794E+01  0.5993033071E+00
  0.1367445755E+00  0.3432548200E+01  0.6040076480E+00
  0.1381258338E+00  0.3417107720E+01  0.6087382201E+00
  0.1395210443E+00  0.3399809487E+01  0.6134937372E+00
  0.1409303478E+00  0.3380855634E+01  0.6182717446E+00
  0.1423538866E+00  0.3360573117E+01  0.6230700876E+00
  0.1437918047E+00  0.3339040876E+01  0.6278868355E+00
  0.1452442472E+00  0.3316278412E+01  0.6327200697E+00
  0.1467113608E+00  0.3292689541E+01  0.6375681231E+00
  0.1481932937E+00  0.3268360899E+01  0.6424296415E+00
  0.1496901957E+00  0.3244355031E+01  0.6473040901E+00
  0.1512022178E+00  0.3219642738E+01  0.6521909441E+00
  0.1527295130E+00  0.3194555913E+01  0.6570891313E+00
  0.1542722353E+00  0.3168604993E+01  0.6619974265E+00
  0.1558305407E+00  0.3141279825E+01  0.6669137904E+00
  0.1574045866E+00  0.3113255404E+01  0.6718362530E+00
  0.1589945319E+00  0.3085745828E+01  0.6767642895E+00
  0.1606005373E+00  0.3058498952E+01  0.6816981346E+00
  0.1622227649E+00  0.3029599199E+01  0.6866362752E+00
  0.1638613787E+00  0.3000266217E+01  0.6915765855E+00
  0.1655165442E+00  0.2970893051E+01  0.6965182137E+00
  0.1671884284E+00  0.2942917727E+01  0.7014618173E+00
  0.1688772004E+00  0.2914413325E+01  0.7064076657E+00
  0.1705830308E+00  0.2885459452E+01  0.7113544651E+00
  0.1723060917E+00  0.2851800513E+01  0.7162972893E+00
  0.1740465572E+00  0.2816642502E+01  0.7212301542E+00
  0.1758046033E+00  0.2781767811E+01  0.7261512858E+00
  0.1775804074E+00  0.2746314357E+01  0.7310596812E+00
  0.1793741488E+00  0.2710220649E+01  0.7359534878E+00
  0.1811860089E+00  0.2674139328E+01  0.7408313413E+00
  0.1830161706E+00  0.2638263328E+01  0.7456926192E+00
  0.1848648188E+00  0.2599414524E+01  0.7505339311E+00
  0.1867321402E+00  0.2558458281E+01  0.7553496342E+00
  0.1886183235E+00  0.2517547781E+01  0.7601367730E+00
  0.1905235591E+00  0.2477562109E+01  0.7648952035E+00
  0.1924480394E+00  0.2435005337E+01  0.7696222734E+00
  0.1943919590E+00  0.2392637093E+01  0.7743145478E+00
  0.1963555142E+00  0.2354146157E+01  0.7789748331E+00
  0.1983389032E+00  0.2313839820E+01  0.7836040492E+00
  0.2003423265E+00  0.2272525520E+01  0.7881982647E+00
  0.2023659863E+00  0.2231152752E+01  0.7927552212E+00
  0.2044100872E+00  0.2194089151E+01  0.7972780416E+00
  0.2064748356E+00  0.2162781473E+01  0.8017759623E+00
  0.2085604400E+00  0.2134399603E+01  0.8062570722E+00
  0.2106671111E+00  0.2108227691E+01  0.8107259824E+00
  0.2127950617E+00  0.2085264683E+01  0.8151877547E+00
  0.2149445068E+00  0.2061375198E+01  0.8196442420E+00
  0.2171156634E+00  0.2036488852E+01  0.8240927944E+00
  0.2193087509E+00  0.2011607891E+01  0.8285317096E+00
  0.2215239908E+00  0.1993715087E+01  0.8329680852E+00
  0.2237616069E+00  0.1977394782E+01  0.8374109949E+00
  0.2260218251E+00  0.1958871300E+01  0.8418594051E+00
  0.2283048739E+00  0.1937455401E+01  0.8463071570E+00
  0.2306109837E+00  0.1915602812E+01  0.8507499447E+00
  0.2329403876E+00  0.1892152415E+01  0.8551848446E+00
  0.2352933208E+00  0.1865326941E+01  0.8596053936E+00
  0.2376700210E+00  0.1838678901E+01  0.8640070493E+00
  0.2400707283E+00  0.1815094256E+01  0.8683928692E+00
  0.2424956851E+00  0.1788472131E+01  0.8727621157E+00
  0.2449451365E+00  0.1763302843E+01  0.8771120657E+00
  0.2474193298E+00  0.1739862019E+01  0.8814458192E+00
  0.2499185149E+00  0.1718005616E+01  0.8857667450E+00
  0.2524429444E+00  0.1697826276E+01  0.8900782583E+00
  0.2549928731E+00  0.1680241437E+01  0.8943851742E+00
  0.2575685587E+00  0.1665999118E+01  0.8986946060E+00
  0.2601702613E+00  0.1652876681E+01  0.9030119699E+00
  0.2627982438E+00  0.1636592633E+01  0.9073343037E+00
  0.2654527715E+00  0.1617830619E+01  0.9116537821E+00
  0.2681341126E+00  0.1593493465E+01  0.9159591098E+00
  0.2708425380E+00  0.1564458245E+01  0.9202356480E+00
  0.2735783212E+00  0.1531658402E+01  0.9244708000E+00
  0.2763417386E+00  0.1495042335E+01  0.9286528187E+00
  0.2791330693E+00  0.1460536627E+01  0.9327778179E+00
  0.2819525952E+00  0.1425331985E+01  0.9368462086E+00
  0.2848006012E+00  0.1388296499E+01  0.9408528240E+00
  0.2876773750E+00  0.1349282086E+01  0.9447905211E+00
  0.2905832071E+00  0.1311450252E+01  0.9486563418E+00
  0.2935183910E+00  0.1271056968E+01  0.9524464086E+00
  0.2964832232E+00  0.1229166706E+01  0.9561527805E+00
  0.2994780032E+00  0.1183898829E+01  0.9597660807E+00
  0.3025030336E+00  0.1146253401E+01  0.9632904713E+00
  0.3055586198E+00  0.1110126964E+01  0.9667377537E+00
  0.3086450705E+00  0.1080110433E+01  0.9701177835E+00
  0.3117626974E+00  0.1058423296E+01  0.9734513588E+00
  0.3149118156E+00  0.1041204778E+01  0.9767573472E+00
  0.3180927430E+00  0.1026226777E+01  0.9800455221E+00
  0.3213058010E+00  0.1011780403E+01  0.9833196397E+00
  0.3245513142E+00  0.9995735987E+00  0.9865835776E+00
  0.3278296103E+00  0.9810338718E+00  0.9898300865E+00
  0.3311410205E+00  0.9649485134E+00  0.9930520595E+00
  0.3344858793E+00  0.9572464822E+00  0.9962667949E+00
  0.3378645245E+00  0.9508313050E+00  0.9994901539E+00
  0.3412772975E+00  0.9458230812E+00  0.1002726579E+01
  0.3447245429E+00  0.9381773463E+00  0.1005973885E+01
  0.3482066090E+00  0.9213027964E+00  0.1009211302E+01
  0.3517238475E+00  0.8969095359E+00  0.1012408845E+01
  0.3552766136E+00  0.8606827390E+00  0.1015531002E+01
  0.3588652663E+00  0.8189626564E+00  0.1018544834E+01
  0.3624901680E+00  0.7820416724E+00  0.1021446576E+01
  0.3661516848E+00  0.7488217006E+00  0.1024249217E+01
  0.3698501867E+00  0.7215943780E+00  0.1026968385E+01
  0.3735860472E+00  0.7005930109E+00  0.1029624932E+01
  0.3773596436E+00  0.6751991796E+00  0.1032220774E+01
  0.3811713572E+00  0.6456406067E+00  0.1034738105E+01
  0.3850215729E+00  0.6190549182E+00  0.1037172781E+01
  0.3889106797E+00  0.5946381282E+00  0.1039532872E+01
  0.3928390704E+00  0.5737941172E+00  0.1041827901E+01
  0.3968071418E+00  0.5587322682E+00  0.1044074874E+01
  0.4008152948E+00  0.5456897916E+00  0.1046288220E+01
  0.4048639341E+00  0.5310088995E+00  0.1048467802E+01
  0.4089534688E+00  0.5174418437E+00  0.1050611640E+01
  0.4130843119E+00  0.5131100374E+00  0.1052740164E+01
  0.4172568807E+00  0.5153993760E+00  0.1054885927E+01
  0.4214715967E+00  0.5145553010E+00  0.1057056411E+01
  0.4257288855E+00  0.5130291323E+00  0.1059243772E+01
  0.4300291773E+00  0.5083834927E+00  0.1061439959E+01
  0.4343729064E+00  0.4947049154E+00  0.1063618531E+01
  0.4387605115E+00  0.4712608241E+00  0.1065737669E+01
  0.4431924359E+00  0.4461086272E+00  0.1067770525E+01
  0.4476691271E+00  0.4190387030E+00  0.1069707024E+01
  0.4521910375E+00  0.3984113336E+00  0.1071555241E+01
  0.4567586237E+00  0.3822705708E+00  0.1073338157E+01
  0.4613723472E+00  0.3536319710E+00  0.1075035783E+01
  0.4660326740E+00  0.3052686971E+00  0.1076571129E+01
  0.4707400747E+00  0.2412445827E+00  0.1077857458E+01
  0.4754950250E+00  0.1716002638E+00  0.1078838986E+01
  0.4802980050E+00  0.1002310248E+00  0.1079491786E+01
  0.4851495000E+00  0.3153229322E-01  0.1079811411E+01
  0.4900500000E+00 -0.2830065436E-01  0.1079819329E+01
  0.4950000000E+00 -0.8444334108E-01  0.1079540287E+01
  0.5000000000E+00 -0.1369179228E+00  0.1079062158E+01
  0.5050000000E+00 -0.1956569722E+00  0.1078230721E+01
  0.5099500000E+00 -0.2542104543E+00  0.1077117299E+01
  0.5148505000E+00 -0.3073328570E+00  0.1075741377E+01
  0.5197019950E+00 -0.3504103287E+00  0.1074145858E+01
  0.5245049750E+00 -0.3825359908E+00  0.1072385695E+01
  0.5292599253E+00 -0.4145071093E+00  0.1070490745E+01
  0.5339673260E+00 -0.4489146438E+00  0.1068458509E+01
  0.5386276528E+00 -0.4805807501E+00  0.1066292633E+01
  0.5432413763E+00 -0.5151312059E+00  0.1063995663E+01
  0.5478089625E+00 -0.5486706277E+00  0.1061566160E+01
  0.5523308729E+00 -0.5797436617E+00  0.1059014865E+01
  0.5568075641E+00 -0.6039287769E+00  0.1056365397E+01
  0.5612394885E+00 -0.6196931302E+00  0.1053653898E+01
  0.5656270936E+00 -0.6347322577E+00  0.1050901936E+01
  0.5699708227E+00 -0.6463631019E+00  0.1048119570E+01
  0.5742711145E+00 -0.6572539694E+00  0.1045316604E+01
  0.5785284033E+00 -0.6843335575E+00  0.1042460841E+01
  0.5827431193E+00 -0.7182456729E+00  0.1039505104E+01
  0.5869156881E+00 -0.7544168810E+00  0.1036432711E+01
  0.5910465312E+00 -0.7915904287E+00  0.1033239554E+01
  0.5951360659E+00 -0.8209676511E+00  0.1029942248E+01
  0.5991847052E+00 -0.8521488873E+00  0.1026555326E+01
  0.6031928582E+00 -0.8846983680E+00  0.1023074551E+01
  0.6071609296E+00 -0.9175479561E+00  0.1019498830E+01
  0.6110893203E+00 -0.9464822642E+00  0.1015837510E+01
  0.6149784271E+00 -0.9690405257E+00  0.1012112674E+01
  0.6188286428E+00 -0.9882599966E+00  0.1008344659E+01
  0.6226403564E+00 -0.1001760594E+01  0.1004551965E+01
  0.6264139528E+00 -0.1023481738E+01  0.1000730741E+01
  0.6301498133E+00 -0.1051100318E+01  0.9968555669E+00
  0.6338483152E+00 -0.1075460279E+01  0.9929230227E+00
  0.6375098320E+00 -0.1098107711E+01  0.9889437448E+00
  0.6411347337E+00 -0.1115257062E+01  0.9849321300E+00
  0.6447233864E+00 -0.1127690051E+01  0.9809075509E+00
  0.6482761525E+00 -0.1137298657E+01  0.9768840633E+00
  0.6517933910E+00 -0.1145340002E+01  0.9728697711E+00
  0.6552754571E+00 -0.1149898779E+01  0.9688736845E+00
  0.6587227025E+00 -0.1159062696E+01  0.9648939061E+00
  0.6621354755E+00 -0.1168771963E+01  0.9609217204E+00
  0.6655141207E+00 -0.1173624035E+01  0.9569646579E+00
  0.6688589795E+00 -0.1177437294E+01  0.9530326738E+00
  0.6721703897E+00 -0.1174779684E+01  0.9491380962E+00
  0.6754486858E+00 -0.1163345426E+01  0.9453055630E+00
  0.6786941990E+00 -0.1153987418E+01  0.9415450959E+00
  0.6819072570E+00 -0.1148830116E+01  0.9378455527E+00
  0.6850881844E+00 -0.1147619321E+01  0.9341931332E+00
  0.6882373026E+00 -0.1148387904E+01  0.9305779342E+00
  0.6913549295E+00 -0.1150339272E+01  0.9269946472E+00
  0.6944413802E+00 -0.1150788601E+01  0.9234434884E+00
  0.6974969664E+00 -0.1148072088E+01  0.9199313049E+00
  0.7005219968E+00 -0.1139534743E+01  0.9164712648E+00
  0.7035167768E+00 -0.1133136998E+01  0.9130681889E+00
  0.7064816090E+00 -0.1129431561E+01  0.9097141208E+00
  0.7094167929E+00 -0.1130839882E+01  0.9063969646E+00
  0.7123226250E+00 -0.1136580972E+01  0.9031025925E+00
  0.7151993988E+00 -0.1143597123E+01  0.8998228142E+00
  0.7180474048E+00 -0.1154636813E+01  0.8965501222E+00
  0.7208669307E+00 -0.1172250790E+01  0.8932697622E+00
  0.7236582614E+00 -0.1191101145E+01  0.8899713138E+00
  0.7264216788E+00 -0.1212703589E+01  0.8866499559E+00
  0.7291574620E+00 -0.1238251046E+01  0.8832973156E+00
  0.7318658874E+00 -0.1267576602E+01  0.8799038920E+00
  0.7345472285E+00 -0.1298931924E+01  0.8764630496E+00
  0.7372017562E+00 -0.1330275593E+01  0.8729733975E+00
  0.7398297387E+00 -0.1361783553E+01  0.8694360554E+00
  0.7424314413E+00 -0.1392527969E+01  0.8658531057E+00
  0.7450071269E+00 -0.1422858153E+01  0.8622273309E+00
  0.7475570556E+00 -0.1451103463E+01  0.8585631323E+00
  0.7500814851E+00 -0.1478264139E+01  0.8548656414E+00
  0.7525806702E+00 -0.1507942096E+01  0.8511341002E+00
  0.7550548635E+00 -0.1537455285E+01  0.8473666493E+00
  0.7575043149E+00 -0.1565490136E+01  0.8435663924E+00
  0.7599292717E+00 -0.1591667971E+01  0.8397384063E+00
  0.7623299790E+00 -0.1619413672E+01  0.8358839728E+00
  0.7647066792E+00 -0.1648775577E+01  0.8320002197E+00
  0.7670596124E+00 -0.1678980648E+01  0.8280852257E+00
  0.7693890163E+00 -0.1709131593E+01  0.8241390848E+00
  0.7716951261E+00 -0.1737949196E+01  0.8201644113E+00
  0.7739781749E+00 -0.1767638551E+01  0.8161626975E+00
  0.7762383931E+00 -0.1800969345E+01  0.8121297811E+00
  0.7784760092E+00 -0.1838069655E+01  0.8080583951E+00
  0.7806912491E+00 -0.1880029087E+01  0.8039401547E+00
  0.7828843366E+00 -0.1925491717E+01  0.7997672346E+00
  0.7850554932E+00 -0.1974706010E+01  0.7955332645E+00
  0.7872049383E+00 -0.2025826655E+01  0.7912338019E+00
  0.7893328889E+00 -0.2077405756E+01  0.7868680640E+00
  0.7914395600E+00 -0.2130053431E+01  0.7824361976E+00
  0.7935251644E+00 -0.2182205966E+01  0.7779393640E+00
  0.7955899128E+00 -0.2233044986E+01  0.7733811730E+00
  0.7976340137E+00 -0.2283841365E+01  0.7687646873E+00
  0.7996576735E+00 -0.2331647092E+01  0.7640945979E+00
  0.8016610968E+00 -0.2379468810E+01  0.7593754183E+00
  0.8036444858E+00 -0.2423299714E+01  0.7546125391E+00
  0.8056080410E+00 -0.2463727051E+01  0.7498145658E+00
  0.8075519606E+00 -0.2503290027E+01  0.7449868249E+00
  0.8094764409E+00 -0.2541626597E+01  0.7401324034E+00
  0.8113816765E+00 -0.2576976269E+01  0.7352563312E+00
  0.8132678598E+00 -0.2610799228E+01  0.7303637836E+00
  0.8151351812E+00 -0.2643761052E+01  0.7254578072E+00
  0.8169838294E+00 -0.2676220241E+01  0.7205404203E+00
  0.8188139911E+00 -0.2706237165E+01  0.7156150366E+00
  0.8206258512E+00 -0.2730904819E+01  0.7106893663E+00
  0.8224195926E+00 -0.2754153418E+01  0.7057699780E+00
  0.8241953967E+00 -0.2778371467E+01  0.7008576379E+00
  0.8259534428E+00 -0.2801904044E+01  0.6959524473E+00
  0.8276939083E+00 -0.2823219074E+01  0.6910572807E+00
  0.8294169692E+00 -0.2843207149E+01  0.6861754820E+00
  0.8311227996E+00 -0.2864668780E+01  0.6813071481E+00
  0.8328115716E+00 -0.2887198669E+01  0.6764503517E+00
  0.8344834558E+00 -0.2909578365E+01  0.6716045815E+00
  0.8361386213E+00 -0.2931371477E+01  0.6667707123E+00
  0.8377772351E+00 -0.2955085924E+01  0.6619478972E+00
  0.8393994627E+00 -0.2980623256E+01  0.6571333614E+00
  0.8410054681E+00 -0.3005054496E+01  0.6523268461E+00
  0.8425954134E+00 -0.3027663233E+01  0.6475310005E+00
  0.8441694593E+00 -0.3049085807E+01  0.6427484596E+00
  0.8457277647E+00 -0.3066664865E+01  0.6379833559E+00
  0.8472704870E+00 -0.3085258587E+01  0.6332380010E+00
  0.8487977822E+00 -0.3104253745E+01  0.6285113950E+00
  0.8503098043E+00 -0.3124658627E+01  0.6238022682E+00
  0.8518067063E+00 -0.3144480522E+01  0.6191101249E+00
  0.8532886392E+00 -0.3162091300E+01  0.6144371666E+00
  0.8547557528E+00 -0.3179908238E+01  0.6097849497E+00
  0.8562081953E+00 -0.3197779092E+01  0.6051533377E+00
  0.8576461134E+00 -0.3215504567E+01  0.6005424496E+00
  0.8590696522E+00 -0.3232282591E+01  0.5959531118E+00
  0.8604789557E+00 -0.3247785303E+01  0.5913869206E+00
  0.8618741662E+00 -0.3262471095E+01  0.5868453318E+00
  0.8632554245E+00 -0.3277438590E+01  0.5823286794E+00
  0.8646228702E+00 -0.3291264256E+01  0.5778375070E+00
  0.8659766415E+00 -0.3304154359E+01  0.5733731628E+00
  0.8673168751E+00 -0.3316891071E+01  0.5689362891E+00
  0.8686437064E+00 -0.3327755568E+01  0.5645281267E+00
  0.8699572693E+00 -0.3337349561E+01  0.5601506091E+00
  0.8712576966E+00 -0.3345604999E+01  0.5558052608E+00
  0.8725451197E+00 -0.3353834627E+01  0.5514927544E+00
  0.8738196685E+00 -0.3361677322E+01  0.5472131305E+00
  0.8750814718E+00 -0.3369942743E+01  0.5429661403E+00
  0.8763306571E+00 -0.3377063174E+01  0.5387520100E+00
  0.8775673505E+00 -0.3384130028E+01  0.5345712484E+00
  0.8787916770E+00 -0.3390517548E+01  0.5304240582E+00
  0.8800037602E+00 -0.3396334635E+01  0.5263109433E+00
  0.8812037226E+00 -0.3401883492E+01  0.5222321402E+00
  0.8823916854E+00 -0.3407742216E+01  0.5181873493E+00
  0.8835677685E+00 -0.3413954721E+01  0.5141759079E+00
  0.8847320908E+00 -0.3421935714E+01  0.5101963180E+00
  0.8858847699E+00 -0.3430876032E+01  0.5062467716E+00
  0.8870259222E+00 -0.3440107389E+01  0.5023263523E+00
  0.8881556630E+00 -0.3450041754E+01  0.4984343111E+00
  0.8892741064E+00 -0.3459684701E+01  0.4945702422E+00
  0.8903813653E+00 -0.3469840621E+01  0.4907338528E+00
  0.8914775517E+00 -0.3480817594E+01  0.4869242445E+00
  0.8925627761E+00 -0.3491203100E+01  0.4831411407E+00
  0.8936371484E+00 -0.3501926559E+01  0.4793845286E+00
  0.8947007769E+00 -0.3513140717E+01  0.4756538158E+00
  0.8957537691E+00 -0.3525991215E+01  0.4719477401E+00
  0.8967962314E+00 -0.3540150536E+01  0.4682646469E+00
  0.8978282691E+00 -0.3554514064E+01  0.4646036663E+00
  0.8988499864E+00 -0.3568160240E+01  0.4609649865E+00
  0.8998614866E+00 -0.3581533486E+01  0.4573490284E+00
  0.9008628717E+00 -0.3595245898E+01  0.4537556683E+00
  0.9018542430E+00 -0.3609195982E+01  0.4501845299E+00
  0.9028357006E+00 -0.3623608715E+01  0.4466351844E+00
  0.9038073436E+00 -0.3639365048E+01  0.4431066757E+00
  0.9047692701E+00 -0.3655933320E+01  0.4395979050E+00
  0.9057215774E+00 -0.3672739131E+01  0.4361083309E+00
  0.9066643616E+00 -0.3690342633E+01  0.4326374322E+00
  0.9075977180E+00 -0.3709606124E+01  0.4291840375E+00
  0.9085217408E+00 -0.3728572173E+01  0.4257475143E+00
  0.9094365234E+00 -0.3747674779E+01  0.4223279440E+00
  0.9103421582E+00 -0.3767056446E+01  0.4189251431E+00
  0.9112387366E+00 -0.3786465667E+01  0.4155389806E+00
  0.9121263493E+00 -0.3806005950E+01  0.4121693937E+00
  0.9130050858E+00 -0.3825613325E+01  0.4088163025E+00
  0.9138750349E+00 -0.3844615107E+01  0.4054799482E+00
  0.9147362846E+00 -0.3863303495E+01  0.4021607271E+00
  0.9155889217E+00 -0.3882014123E+01  0.3988587543E+00
  0.9164330325E+00 -0.3900593979E+01  0.3955740626E+00
  0.9172687022E+00 -0.3919241972E+01  0.3923066627E+00
  0.9180960151E+00 -0.3937950316E+01  0.3890564841E+00
  0.9189150550E+00 -0.3956454856E+01  0.3858235679E+00
  0.9197259044E+00 -0.3974352609E+01  0.3826082225E+00
  0.9205286454E+00 -0.3991942678E+01  0.3794107867E+00
  0.9213233589E+00 -0.4009272509E+01  0.3762314497E+00
  0.9221101254E+00 -0.4026385106E+01  0.3730703569E+00
  0.9228890241E+00 -0.4043178556E+01  0.3699276704E+00
  0.9236601339E+00 -0.4059250649E+01  0.3668037393E+00
  0.9244235325E+00 -0.4075223040E+01  0.3636988161E+00
  0.9251792972E+00 -0.4091077811E+01  0.3606129153E+00
  0.9259275042E+00 -0.4106858646E+01  0.3575460385E+00
  0.9266682292E+00 -0.4122814017E+01  0.3544980765E+00
  0.9274015469E+00 -0.4138603224E+01  0.3514689547E+00
  0.9281275314E+00 -0.4154446683E+01  0.3484586417E+00
  0.9288462561E+00 -0.4170127158E+01  0.3454671034E+00
  0.9295577935E+00 -0.4185585852E+01  0.3424944021E+00
  0.9302622156E+00 -0.4201280304E+01  0.3395404553E+00
  0.9309595935E+00 -0.4216791674E+01  0.3366051668E+00
  0.9316499975E+00 -0.4231327572E+01  0.3336888589E+00
  0.9323334975E+00 -0.4245150720E+01  0.3307920223E+00
  0.9330101626E+00 -0.4259014323E+01  0.3279147868E+00
  0.9336800609E+00 -0.4272785946E+01  0.3250570672E+00
  0.9343432603E+00 -0.4286031190E+01  0.3222189661E+00
  0.9349998277E+00 -0.4298385009E+01  0.3194008422E+00
  0.9356498295E+00 -0.4310550987E+01  0.3166029306E+00
  0.9362933312E+00 -0.4322596223E+01  0.3138252081E+00
  0.9369303978E+00 -0.4334133989E+01  0.3110677509E+00
  0.9375610939E+00 -0.4345433617E+01  0.3083306665E+00
  0.9381854829E+00 -0.4356595707E+01  0.3056139405E+00
  0.9388036281E+00 -0.4367662081E+01  0.3029175116E+00
  0.9394155918E+00 -0.4378630543E+01  0.3002413047E+00
  0.9400214359E+00 -0.4389924033E+01  0.2975851163E+00
  0.9406212215E+00 -0.4401495226E+01  0.2949486328E+00
  0.9412150093E+00 -0.4413103265E+01  0.2923316323E+00
  0.9418028592E+00 -0.4424510015E+01  0.2897340373E+00
  0.9423848306E+00 -0.4435807931E+01  0.2871558114E+00
  0.9429609823E+00 -0.4447204417E+01  0.2845968301E+00
  0.9435313725E+00 -0.4458455642E+01  0.2820569796E+00
  0.9440960588E+00 -0.4469678919E+01  0.2795361821E+00
  0.9446550982E+00 -0.4480742626E+01  0.2770343629E+00
  0.9452085472E+00 -0.4491881581E+01  0.2745514178E+00
  0.9457564617E+00 -0.4502984975E+01  0.2720872088E+00
  0.9462988971E+00 -0.4513752738E+01  0.2696417100E+00
  0.9468359082E+00 -0.4524366336E+01  0.2672149252E+00
  0.9473675491E+00 -0.4534829244E+01  0.2648068057E+00
  0.9478938736E+00 -0.4545145425E+01  0.2624172991E+00
  0.9484149348E+00 -0.4555283767E+01  0.2600463585E+00
  0.9489307855E+00 -0.4565152632E+01  0.2576939670E+00
  0.9494414776E+00 -0.4574932032E+01  0.2553600823E+00
  0.9499470629E+00 -0.4584578075E+01  0.2530446258E+00
  0.9504475922E+00 -0.4594164550E+01  0.2507475106E+00
  0.9509431163E+00 -0.4603554179E+01  0.2484686651E+00
  0.9514336852E+00 -0.4612935129E+01  0.2462080039E+00
  0.9519193483E+00 -0.4622280060E+01  0.2439654020E+00
  0.9524001548E+00 -0.4631653156E+01  0.2417407263E+00
  0.9528761533E+00 -0.4641614807E+01  0.2395336957E+00
  0.9533473917E+00 -0.4650879317E+01  0.2373442054E+00
  0.9538139178E+00 -0.4659792006E+01  0.2351723699E+00
  0.9542757786E+00 -0.4668571935E+01  0.2330181670E+00
  0.9547330209E+00 -0.4677227215E+01  0.2308815200E+00
  0.9551856906E+00 -0.4685763947E+01  0.2287623484E+00
  0.9556338337E+00 -0.4693991244E+01  0.2266606121E+00
  0.9560774954E+00 -0.4702076607E+01  0.2245762746E+00
  0.9565167205E+00 -0.4710187858E+01  0.2225092234E+00
  0.9569515532E+00 -0.4718512676E+01  0.2204592693E+00
  0.9573820377E+00 -0.4726737301E+01  0.2184262526E+00
  0.9578082173E+00 -0.4734869918E+01  0.2164100805E+00
  0.9582301352E+00 -0.4742930668E+01  0.2144106540E+00
  0.9586478338E+00 -0.4750898851E+01  0.2124278742E+00
  0.9590613555E+00 -0.4758776534E+01  0.2104616458E+00
  0.9594707419E+00 -0.4766565541E+01  0.2085118728E+00
  0.9598760345E+00 -0.4774267474E+01  0.2065784584E+00
  0.9602772742E+00 -0.4781548415E+01  0.2046613722E+00
  0.9606745014E+00 -0.4788740983E+01  0.2027605823E+00
  0.9610677564E+00 -0.4795853861E+01  0.2008759875E+00
  0.9614570788E+00 -0.4802888892E+01  0.1990074845E+00
  0.9618425080E+00 -0.4809847748E+01  0.1971549698E+00
  0.9622240830E+00 -0.4816731946E+01  0.1953183391E+00
  0.9626018421E+00 -0.4823557972E+01  0.1934974851E+00
  0.9629758237E+00 -0.4830486084E+01  0.1916922678E+00
  0.9633460655E+00 -0.4837391872E+01  0.1899025417E+00
  0.9637126048E+00 -0.4844343621E+01  0.1881281732E+00
  0.9640754788E+00 -0.4851224148E+01  0.1863690387E+00
  0.9644347240E+00 -0.4858110378E+01  0.1846250228E+00
  0.9647903767E+00 -0.4864862462E+01  0.1828960217E+00
  0.9651424730E+00 -0.4871503257E+01  0.1811819529E+00
  0.9654910483E+00 -0.4878081586E+01  0.1794827208E+00
  0.9658361378E+00 -0.4884638000E+01  0.1777982147E+00
  0.9661777764E+00 -0.4891156949E+01  0.1761283201E+00
  0.9665159986E+00 -0.4897672761E+01  0.1744729202E+00
  0.9668508386E+00 -0.4904280071E+01  0.1728318772E+00
  0.9671823303E+00 -0.4910585943E+01  0.1712051043E+00
  0.9675105070E+00 -0.4916819873E+01  0.1695925415E+00
  0.9678354019E+00 -0.4922991570E+01  0.1679940891E+00
  0.9681570479E+00 -0.4929101432E+01  0.1664096460E+00
  0.9684754774E+00 -0.4935091259E+01  0.1648391209E+00
  0.9687907226E+00 -0.4941023446E+01  0.1632824219E+00
  0.9691028154E+00 -0.4946896144E+01  0.1617394478E+00
  0.9694117872E+00 -0.4952709693E+01  0.1602100980E+00
  0.9697176694E+00 -0.4958464419E+01  0.1586942725E+00
  0.9700204927E+00 -0.4964179805E+01  0.1571918686E+00
  0.9703202877E+00 -0.4969907713E+01  0.1557027733E+00
  0.9706170849E+00 -0.4975474868E+01  0.1542268928E+00
  0.9709109140E+00 -0.4980852604E+01  0.1527641632E+00
  0.9712018049E+00 -0.4986160943E+01  0.1513145066E+00
  0.9714897868E+00 -0.4991386210E+01  0.1498778299E+00
  0.9717748890E+00 -0.4996667258E+01  0.1484540222E+00
  0.9720571401E+00 -0.5001955975E+01  0.1470429610E+00
  0.9723365687E+00 -0.5007195513E+01  0.1456445394E+00
  0.9726132030E+00 -0.5012382334E+01  0.1442586599E+00
  0.9728870709E+00 -0.5017472140E+01  0.1428852319E+00
  0.9731582002E+00 -0.5022516442E+01  0.1415241644E+00
  0.9734266182E+00 -0.5027487541E+01  0.1401753635E+00
  0.9736923521E+00 -0.5032297222E+01  0.1388387510E+00
  0.9739554285E+00 -0.5037068116E+01  0.1375142444E+00
  0.9742158742E+00 -0.5041802053E+01  0.1362017451E+00
  0.9744737155E+00 -0.5046519953E+01  0.1349011523E+00
  0.9747289784E+00 -0.5051188205E+01  0.1336123674E+00
  0.9749816886E+00 -0.5055753574E+01  0.1323353037E+00
  0.9752318717E+00 -0.5060279070E+01  0.1310698734E+00
  0.9754795530E+00 -0.5064764633E+01  0.1298159815E+00
  0.9757247574E+00 -0.5069210239E+01  0.1285735335E+00
  0.9759675099E+00 -0.5073615896E+01  0.1273424357E+00
  0.9762078348E+00 -0.5077981640E+01  0.1261225949E+00
  0.9764457564E+00 -0.5082338565E+01  0.1249139148E+00
  0.9766812989E+00 -0.5086688168E+01  0.1237162961E+00
  0.9769144859E+00 -0.5090996892E+01  0.1225296442E+00
  0.9771453410E+00 -0.5095264850E+01  0.1213538687E+00
  0.9773738876E+00 -0.5099491441E+01  0.1201888803E+00
  0.9776001487E+00 -0.5103620160E+01  0.1190345966E+00
  0.9778241472E+00 -0.5107684368E+01  0.1178909380E+00
  0.9780459058E+00 -0.5111710766E+01  0.1167578190E+00
  0.9782654467E+00 -0.5115699584E+01  0.1156351514E+00
  0.9784827922E+00 -0.5119587669E+01  0.1145228544E+00
  0.9786979643E+00 -0.5123433979E+01  0.1134208483E+00
  0.9789109847E+00 -0.5127244704E+01  0.1123290467E+00
  0.9791218748E+00 -0.5131020165E+01  0.1112473631E+00
  0.9793306561E+00 -0.5134760688E+01  0.1101757118E+00
  0.9795373495E+00 -0.5138469410E+01  0.1091140072E+00
  0.9797419760E+00 -0.5142145734E+01  0.1080621640E+00
  0.9799445563E+00 -0.5145788105E+01  0.1070200980E+00
  0.9801451107E+00 -0.5149378710E+01  0.1059877273E+00
  0.9803436596E+00 -0.5152924138E+01  0.1049649719E+00
  0.9805402230E+00 -0.5156436351E+01  0.1039517504E+00
  0.9807348208E+00 -0.5159909119E+01  0.1029479815E+00
  0.9809274726E+00 -0.5163337455E+01  0.1019535855E+00
  0.9811181978E+00 -0.5166722147E+01  0.1009684838E+00
  0.9813070158E+00 -0.5170042391E+01  0.9999260006E-01
  0.9814939457E+00 -0.5173337114E+01  0.9902585691E-01
  0.9816790062E+00 -0.5176596701E+01  0.9806817472E-01
  0.9818622162E+00 -0.5179805786E+01  0.9711947680E-01
  0.9820435940E+00 -0.5183010579E+01  0.9617968418E-01
  0.9822231581E+00 -0.5186190045E+01  0.9524871630E-01
  0.9824009265E+00 -0.5189344437E+01  0.9432649512E-01
  0.9825769172E+00 -0.5192474003E+01  0.9341294319E-01
  0.9827511481E+00 -0.5195578982E+01  0.9250798365E-01
  0.9829236366E+00 -0.5198659606E+01  0.9161154024E-01
  0.9830944002E+00 -0.5201716101E+01  0.9072353726E-01
  0.9832634562E+00 -0.5204748684E+01  0.8984389962E-01
  0.9834308216E+00 -0.5207757568E+01  0.8897255278E-01
  0.9835965134E+00 -0.5210742959E+01  0.8810942282E-01
  0.9837605483E+00 -0.5213760896E+01  0.8725443177E-01
  0.9839229428E+00 -0.5216763307E+01  0.8640750180E-01
  0.9840837134E+00 -0.5219740137E+01  0.8556856049E-01
  0.9842428762E+00 -0.5222691649E+01  0.8473753680E-01
  0.9844004475E+00 -0.5225618103E+01  0.8391436025E-01
  0.9845564430E+00 -0.5228538508E+01  0.8309895943E-01
  0.9847108786E+00 -0.5231437805E+01  0.8229126323E-01
  0.9848637698E+00 -0.5234312104E+01  0.8149120262E-01
  0.9850151321E+00 -0.5237161648E+01  0.8069870943E-01
  0.9851649808E+00 -0.5239986677E+01  0.7991371602E-01
  0.9853133310E+00 -0.5242787423E+01  0.7913615524E-01
  0.9854601977E+00 -0.5245564115E+01  0.7836596050E-01
  0.9856055957E+00 -0.5248295929E+01  0.7760306725E-01
  0.9857495397E+00 -0.5251004293E+01  0.7684741138E-01
  0.9858920443E+00 -0.5253694570E+01  0.7609892741E-01
  0.9860331239E+00 -0.5256380498E+01  0.7535754905E-01
  0.9861727926E+00 -0.5259043187E+01  0.7462321095E-01
  0.9863110647E+00 -0.5261682850E+01  0.7389584965E-01
  0.9864479541E+00 -0.5264299697E+01  0.7317540218E-01
  0.9865834745E+00 -0.5266893931E+01  0.7246180608E-01
  0.9867176398E+00 -0.5269465753E+01  0.7175499939E-01
  0.9868504634E+00 -0.5272015360E+01  0.7105492064E-01
  0.9869819588E+00 -0.5274542944E+01  0.7036150887E-01
  0.9871121392E+00 -0.5277040998E+01  0.6967470409E-01
  0.9872410178E+00 -0.5279501232E+01  0.6899444786E-01
  0.9873686076E+00 -0.5281929368E+01  0.6832068233E-01
  0.9874949215E+00 -0.5284337019E+01  0.6765334905E-01
  0.9876199723E+00 -0.5286724363E+01  0.6699238929E-01
  0.9877437726E+00 -0.5289088895E+01  0.6633774498E-01
  0.9878663349E+00 -0.5291429607E+01  0.6568935878E-01
  0.9879876715E+00 -0.5293750708E+01  0.6504717361E-01
  0.9881077948E+00 -0.5296052183E+01  0.6441113265E-01
  0.9882267168E+00 -0.5298324227E+01  0.6378118016E-01
  0.9883444497E+00 -0.5300540186E+01  0.6315726300E-01
  0.9884610052E+00 -0.5302740080E+01  0.6253932767E-01
  0.9885763951E+00 -0.5304930520E+01  0.6192731839E-01
  0.9886906312E+00 -0.5307103585E+01  0.6132117997E-01
  0.9888037249E+00 -0.5309259382E+01  0.6072085814E-01
  0.9889156876E+00 -0.5311398016E+01  0.6012629913E-01
  0.9890265307E+00 -0.5313510169E+01  0.5953745013E-01
  0.9891362654E+00 -0.5315590610E+01  0.5895425957E-01
  0.9892449028E+00 -0.5317654889E+01  0.5837667579E-01
  0.9893524538E+00 -0.5319703094E+01  0.5780464669E-01
  0.9894589292E+00 -0.5321735313E+01  0.5723812065E-01
  0.9895643399E+00 -0.5323751636E+01  0.5667704650E-01
  0.9896686965E+00 -0.5325752146E+01  0.5612137349E-01
  0.9897720096E+00 -0.5327736931E+01  0.5557105135E-01
  0.9898742895E+00 -0.5329706073E+01  0.5502603022E-01
  0.9899755466E+00 -0.5331659657E+01  0.5448626070E-01
  0.9900757911E+00 -0.5333597765E+01  0.5395169382E-01
  0.9901750332E+00 -0.5335520479E+01  0.5342228103E-01
  0.9902732829E+00 -0.5337443532E+01  0.5289797344E-01
  0.9903705500E+00 -0.5339353620E+01  0.5237872251E-01
  0.9904668445E+00 -0.5341239654E+01  0.5186448132E-01
  0.9905621761E+00 -0.5343113927E+01  0.5135520330E-01
  0.9906565543E+00 -0.5344978474E+01  0.5085084163E-01
  0.9907499888E+00 -0.5346840097E+01  0.5035134950E-01
  0.9908424889E+00 -0.5348701050E+01  0.4985668012E-01
  0.9909340640E+00 -0.5350545773E+01  0.4936678777E-01
  0.9910247234E+00 -0.5352374379E+01  0.4888162782E-01
  0.9911144761E+00 -0.5354186978E+01  0.4840115607E-01
  0.9912033314E+00 -0.5355983683E+01  0.4792532869E-01
  0.9912912981E+00 -0.5357764601E+01  0.4745410222E-01
  0.9913783851E+00 -0.5359529845E+01  0.4698743360E-01
  0.9914646012E+00 -0.5361279522E+01  0.4652528015E-01
  0.9915499552E+00 -0.5363013742E+01  0.4606759955E-01
  0.9916344557E+00 -0.5364732615E+01  0.4561434987E-01
  0.9917181111E+00 -0.5366436247E+01  0.4516548952E-01
  0.9918009300E+00 -0.5368124748E+01  0.4472097732E-01
  0.9918829207E+00 -0.5369798225E+01  0.4428077240E-01
  0.9919640915E+00 -0.5371456786E+01  0.4384483431E-01
  0.9920444506E+00 -0.5373100536E+01  0.4341312291E-01
  0.9921240061E+00 -0.5374729584E+01  0.4298559844E-01
  0.9922027660E+00 -0.5376344034E+01  0.4256222149E-01
  0.9922807383E+00 -0.5377943994E+01  0.4214295299E-01
  0.9923579310E+00 -0.5379529569E+01  0.4172775422E-01
  0.9924343516E+00 -0.5381100865E+01  0.4131658682E-01
  0.9925100081E+00 -0.5382657986E+01  0.4090941275E-01
  0.9925849081E+00 -0.5384201036E+01  0.4050619432E-01
  0.9926590590E+00 -0.5385730122E+01  0.4010689417E-01
  0.9927324684E+00 -0.5387245345E+01  0.3971147528E-01
  0.9928051437E+00 -0.5388746811E+01  0.3931990096E-01
  0.9928770923E+00 -0.5390234622E+01  0.3893213485E-01
  0.9929483213E+00 -0.5391708882E+01  0.3854814090E-01
  0.9930188381E+00 -0.5393169693E+01  0.3816788341E-01
  0.9930886497E+00 -0.5394617158E+01  0.3779132698E-01
  0.9931577632E+00 -0.5396051188E+01  0.3741843654E-01
  0.9932261856E+00 -0.5397472081E+01  0.3704917733E-01
  0.9932939238E+00 -0.5398879939E+01  0.3668351491E-01
  0.9933609845E+00 -0.5400274864E+01  0.3632141513E-01
  0.9934273747E+00 -0.5401656956E+01  0.3596284417E-01
  0.9934931009E+00 -0.5403026314E+01  0.3560776849E-01
  0.9935581699E+00 -0.5404383038E+01  0.3525615488E-01
  0.9936225882E+00 -0.5405727228E+01  0.3490797042E-01
  0.9936863623E+00 -0.5407058982E+01  0.3456318247E-01
  0.9937494987E+00 -0.5408378398E+01  0.3422175870E-01
  0.9938120037E+00 -0.5409685576E+01  0.3388366709E-01
  0.9938738837E+00 -0.5410980611E+01  0.3354887588E-01
  0.9939351449E+00 -0.5412266460E+01  0.3321735352E-01
  0.9939957934E+00 -0.5413542107E+01  0.3288906872E-01
  0.9940558355E+00 -0.5414805730E+01  0.3256399053E-01
  0.9941152771E+00 -0.5416057430E+01  0.3224208837E-01
  0.9941741243E+00 -0.5417297307E+01  0.3192333192E-01
  0.9942323831E+00 -0.5418525462E+01  0.3160769114E-01
  0.9942900593E+00 -0.5419741993E+01  0.3129513626E-01
  0.9943471587E+00 -0.5420946999E+01  0.3098563781E-01
  0.9944036871E+00 -0.5422140579E+01  0.3067916654E-01
  0.9944596502E+00 -0.5423322830E+01  0.3037569350E-01
  0.9945150537E+00 -0.5424493849E+01  0.3007519001E-01
  0.9945699032E+00 -0.5425653732E+01  0.2977762763E-01
  0.9946242041E+00 -0.5426802576E+01  0.2948297818E-01
  0.9946779621E+00 -0.5427940475E+01  0.2919121377E-01
  0.9947311825E+00 -0.5429067525E+01  0.2890230673E-01
  0.9947838707E+00 -0.5430183820E+01  0.2861622966E-01
  0.9948360320E+00 -0.5431289453E+01  0.2833295542E-01
  0.9948876716E+00 -0.5432384517E+01  0.2805245709E-01
  0.9949387949E+00 -0.5433469104E+01  0.2777470803E-01
  0.9949894070E+00 -0.5434543307E+01  0.2749968183E-01
  0.9950395129E+00 -0.5435607217E+01  0.2722735233E-01
  0.9950891178E+00 -0.5436660924E+01  0.2695769360E-01
  0.9951382266E+00 -0.5437704519E+01  0.2669067996E-01
  0.9951868443E+00 -0.5438738090E+01  0.2642628596E-01
  0.9952349759E+00 -0.5439761728E+01  0.2616448640E-01
  0.9952826261E+00 -0.5440775519E+01  0.2590525629E-01
  0.9953297999E+00 -0.5441779552E+01  0.2564857088E-01
  0.9953765019E+00 -0.5442773914E+01  0.2539440567E-01
  0.9954227368E+00 -0.5443758691E+01  0.2514273635E-01
  0.9954685095E+00 -0.5444733969E+01  0.2489353887E-01
  0.9955138244E+00 -0.5445699834E+01  0.2464678938E-01
  0.9955586861E+00 -0.5446656370E+01  0.2440246427E-01
  0.9956030993E+00 -0.5447603661E+01  0.2416054013E-01
  0.9956470683E+00 -0.5448541792E+01  0.2392099378E-01
  0.9956905976E+00 -0.5449470843E+01  0.2368380225E-01
  0.9957336916E+00 -0.5450390899E+01  0.2344894280E-01
  0.9957763547E+00 -0.5451302041E+01  0.2321639288E-01
  0.9958185912E+00 -0.5452204350E+01  0.2298613017E-01
  0.9958604053E+00 -0.5453097906E+01  0.2275813253E-01
  0.9959018012E+00 -0.5453982789E+01  0.2253237806E-01
  0.9959427832E+00 -0.5454859079E+01  0.2230884505E-01
  0.9959833554E+00 -0.5455726854E+01  0.2208751198E-01
  0.9960235218E+00 -0.5456586193E+01  0.2186835756E-01
  0.9960632866E+00 -0.5457437173E+01  0.2165136068E-01
  0.9961026537E+00 -0.5458279872E+01  0.2143650044E-01
  0.9961416272E+00 -0.5459114364E+01  0.2122375611E-01
  0.9961802109E+00 -0.5459940727E+01  0.2101310718E-01
  0.9962184088E+00 -0.5460759035E+01  0.2080453333E-01
  0.9962562247E+00 -0.5461569364E+01  0.2059801443E-01
  0.9962936625E+00 -0.5462371786E+01  0.2039353052E-01
  0.9963307258E+00 -0.5463166376E+01  0.2019106186E-01
  0.9963674186E+00 -0.5463953207E+01  0.1999058887E-01
  0.9964037444E+00 -0.5464732350E+01  0.1979209217E-01
  0.9964397070E+00 -0.5465503878E+01  0.1959555256E-01
  0.9964753099E+00 -0.5466267861E+01  0.1940095100E-01
  0.9965105568E+00 -0.5467024370E+01  0.1920826867E-01
  0.9965454512E+00 -0.5467773475E+01  0.1901748688E-01
  0.9965799967E+00 -0.5468515247E+01  0.1882858717E-01
  0.9966141967E+00 -0.5469249752E+01  0.1864155121E-01
  0.9966480548E+00 -0.5469977060E+01  0.1845636086E-01
  0.9966815742E+00 -0.5470697239E+01  0.1827299815E-01
  0.9967147585E+00 -0.5471410355E+01  0.1809144529E-01
  0.9967476109E+00 -0.5472116476E+01  0.1791168465E-01
  0.9967801348E+00 -0.5472815667E+01  0.1773369876E-01
  0.9968123334E+00 -0.5473507994E+01  0.1755747033E-01
  0.9968442101E+00 -0.5474193521E+01  0.1738298222E-01
  0.9968757680E+00 -0.5474872314E+01  0.1721021746E-01
  0.9969070103E+00 -0.5475544436E+01  0.1703915925E-01
  0.9969379402E+00 -0.5476209951E+01  0.1686979093E-01
  0.9969685608E+00 -0.5476868921E+01  0.1670209602E-01
  0.9969988752E+00 -0.5477521408E+01  0.1653605818E-01
  0.9970288865E+00 -0.5478167475E+01  0.1637166123E-01
  0.9970585976E+00 -0.5478807182E+01  0.1620888915E-01
  0.9970880116E+00 -0.5479440590E+01  0.1604772607E-01
  0.9971171315E+00 -0.5480067760E+01  0.1588815627E-01
  0.9971459602E+00 -0.5480688750E+01  0.1573016417E-01
  0.9971745006E+00 -0.5481303621E+01  0.1557373435E-01
  0.9972027556E+00 -0.5481912430E+01  0.1541885155E-01
  0.9972307280E+00 -0.5482515235E+01  0.1526550063E-01
  0.9972584207E+00 -0.5483112096E+01  0.1511366661E-01
  0.9972858365E+00 -0.5483703067E+01  0.1496333464E-01
  0.9973129782E+00 -0.5484288206E+01  0.1481449004E-01
  0.9973398484E+00 -0.5484867570E+01  0.1466711823E-01
  0.9973664499E+00 -0.5485441213E+01  0.1452120481E-01
  0.9973927854E+00 -0.5486009190E+01  0.1437673549E-01
  0.9974188575E+00 -0.5486571557E+01  0.1423369612E-01
  0.9974446690E+00 -0.5487128367E+01  0.1409207271E-01
  0.9974702223E+00 -0.5487679674E+01  0.1395185137E-01
  0.9974955201E+00 -0.5488225531E+01  0.1381301837E-01
  0.9975205649E+00 -0.5488765991E+01  0.1367556009E-01
  0.9975453592E+00 -0.5489301106E+01  0.1353946307E-01
  0.9975699056E+00 -0.5489830927E+01  0.1340471394E-01
  0.9975942066E+00 -0.5490355506E+01  0.1327129950E-01
  0.9976182645E+00 -0.5490874894E+01  0.1313920664E-01
  0.9976420819E+00 -0.5491389141E+01  0.1300842239E-01
  0.9976656610E+00 -0.5491898297E+01  0.1287893393E-01
  0.9976890044E+00 -0.5492402411E+01  0.1275072852E-01
  0.9977121144E+00 -0.5492901533E+01  0.1262379358E-01
  0.9977349932E+00 -0.5493395710E+01  0.1249811662E-01
  0.9977576433E+00 -0.5493884991E+01  0.1237368530E-01
  0.9977800669E+00 -0.5494369423E+01  0.1225048737E-01
  0.9978022662E+00 -0.5494849055E+01  0.1212851072E-01
  0.9978242435E+00 -0.5495323931E+01  0.1200774334E-01
  0.9978460011E+00 -0.5495794099E+01  0.1188817336E-01
  0.9978675411E+00 -0.5496259605E+01  0.1176978901E-01
  0.9978888657E+00 -0.5496720494E+01  0.1165257862E-01
  0.9979099770E+00 -0.5497176811E+01  0.1153653065E-01
  0.9979308773E+00 -0.5497628601E+01  0.1142163367E-01
  0.9979515685E+00 -0.5498075908E+01  0.1130787635E-01
  0.9979720528E+00 -0.5498518776E+01  0.1119524750E-01
  0.9979923323E+00 -0.5498957248E+01  0.1108373600E-01
  0.9980124089E+00 -0.5499391367E+01  0.1097333085E-01
  0.9980322849E+00 -0.5499821176E+01  0.1086402117E-01
  0.9980519620E+00 -0.5500246717E+01  0.1075579616E-01
  0.9980714424E+00 -0.5500668031E+01  0.1064864517E-01
  0.9980907280E+00 -0.5501085161E+01  0.1054255759E-01
  0.9981098207E+00 -0.5501498147E+01  0.1043752297E-01
  0.9981287225E+00 -0.5501907030E+01  0.1033353092E-01
  0.9981474353E+00 -0.5502311850E+01  0.1023057119E-01
  0.9981659609E+00 -0.5502712647E+01  0.1012863358E-01
  0.9981843013E+00 -0.5503109461E+01  0.1002770804E-01
  0.9982024583E+00 -0.5503502330E+01  0.9927784590E-02
  0.9982204337E+00 -0.5503891293E+01  0.9828853344E-02
  0.9982382294E+00 -0.5504276389E+01  0.9730904522E-02
  0.9982558471E+00 -0.5504657656E+01  0.9633928439E-02
  0.9982732886E+00 -0.5505035131E+01  0.9537915499E-02
  0.9982905557E+00 -0.5505408852E+01  0.9442856203E-02
  0.9983076502E+00 -0.5505778855E+01  0.9348741143E-02
  0.9983245737E+00 -0.5506145177E+01  0.9255561003E-02
  0.9983413279E+00 -0.5506507855E+01  0.9163306558E-02
  0.9983579146E+00 -0.5506866925E+01  0.9071968671E-02
  0.9983743355E+00 -0.5507222421E+01  0.8981538297E-02
  0.9983905921E+00 -0.5507574379E+01  0.8892006476E-02
  0.9984066862E+00 -0.5507922834E+01  0.8803364336E-02
  0.9984226194E+00 -0.5508267821E+01  0.8715603094E-02
  0.9984383932E+00 -0.5508609373E+01  0.8628714049E-02
  0.9984540092E+00 -0.5508947526E+01  0.8542688588E-02
  0.9984694691E+00 -0.5509282311E+01  0.8457518180E-02
  0.9984847744E+00 -0.5509613763E+01  0.8373194377E-02
  0.9984999267E+00 -0.5509941914E+01  0.8289708815E-02
  0.9985149274E+00 -0.5510266796E+01  0.8207053211E-02
  0.9985297782E+00 -0.5510588444E+01  0.8125219362E-02
  0.9985444804E+00 -0.5510906887E+01  0.8044199146E-02
  0.9985590356E+00 -0.5511222158E+01  0.7963984520E-02
  0.9985734452E+00 -0.5511534288E+01  0.7884567520E-02
  0.9985877108E+00 -0.5511843309E+01  0.7805940260E-02
  0.9986018337E+00 -0.5512149250E+01  0.7728094930E-02
  0.9986158153E+00 -0.5512452144E+01  0.7651023797E-02
  0.9986296572E+00 -0.5512752018E+01  0.7574719203E-02
  0.9986433606E+00 -0.5513048904E+01  0.7499173567E-02
  0.9986569270E+00 -0.5513342832E+01  0.7424379379E-02
  0.9986703577E+00 -0.5513633829E+01  0.7350329205E-02
  0.9986836541E+00 -0.5513921927E+01  0.7277015683E-02
  0.9986968176E+00 -0.5514207152E+01  0.7204431523E-02
  0.9987098494E+00 -0.5514489534E+01  0.7132569506E-02
  0.9987227509E+00 -0.5514769100E+01  0.7061422484E-02
  0.9987355234E+00 -0.5515045879E+01  0.6990983380E-02
  0.9987481682E+00 -0.5515319899E+01  0.6921245184E-02
  0.9987606865E+00 -0.5515591186E+01  0.6852200956E-02
  0.9987730796E+00 -0.5515859768E+01  0.6783843826E-02
  0.9987853488E+00 -0.5516125671E+01  0.6716166988E-02
  0.9987974954E+00 -0.5516388923E+01  0.6649163705E-02
  0.9988095204E+00 -0.5516649549E+01  0.6582827305E-02
  0.9988214252E+00 -0.5516907575E+01  0.6517151182E-02
  0.9988332109E+00 -0.5517163028E+01  0.6452128794E-02
  0.9988448788E+00 -0.5517415932E+01  0.6387753664E-02
  0.9988564300E+00 -0.5517666314E+01  0.6324019379E-02
  0.9988678657E+00 -0.5517914198E+01  0.6260919588E-02
  0.9988791871E+00 -0.5518159608E+01  0.6198448002E-02
  0.9988903952E+00 -0.5518402571E+01  0.6136598395E-02
  0.9989014913E+00 -0.5518643109E+01  0.6075364601E-02
  0.9989124764E+00 -0.5518881247E+01  0.6014740517E-02
  0.9989233516E+00 -0.5519117009E+01  0.5954720096E-02
  0.9989341181E+00 -0.5519350418E+01  0.5895297354E-02
  0.9989447769E+00 -0.5519581498E+01  0.5836466364E-02
  0.9989553291E+00 -0.5519810271E+01  0.5778221258E-02
  0.9989657758E+00 -0.5520036762E+01  0.5720556224E-02
  0.9989761181E+00 -0.5520260992E+01  0.5663465511E-02
  0.9989863569E+00 -0.5520482984E+01  0.5606943420E-02
  0.9989964933E+00 -0.5520702761E+01  0.5550984311E-02
  0.9990065284E+00 -0.5520920343E+01  0.5495582598E-02
  0.9990164631E+00 -0.5521135754E+01  0.5440732752E-02
  0.9990262985E+00 -0.5521349015E+01  0.5386429296E-02
  0.9990360355E+00 -0.5521560146E+01  0.5332666809E-02
  0.9990456751E+00 -0.5521769170E+01  0.5279439921E-02
  0.9990552184E+00 -0.5521976107E+01  0.5226743318E-02
  0.9990646662E+00 -0.5522180978E+01  0.5174571735E-02
  0.9990740195E+00 -0.5522383804E+01  0.5122919961E-02
  0.9990832793E+00 -0.5522584604E+01  0.5071782837E-02
  0.9990924466E+00 -0.5522783400E+01  0.5021155252E-02
  0.9991015221E+00 -0.5522980211E+01  0.4971032148E-02
  0.9991105069E+00 -0.5523175056E+01  0.4921408515E-02
  0.9991194018E+00 -0.5523367956E+01  0.4872279394E-02
  0.9991282078E+00 -0.5523558930E+01  0.4823639874E-02
  0.9991369257E+00 -0.5523747996E+01  0.4775485093E-02
  0.9991455564E+00 -0.5523935175E+01  0.4727810236E-02
  0.9991541009E+00 -0.5524120484E+01  0.4680610536E-02
  0.9991625599E+00 -0.5524303942E+01  0.4633881273E-02
  0.9991709343E+00 -0.5524485568E+01  0.4587617775E-02
  0.9991792249E+00 -0.5524665381E+01  0.4541815413E-02
  0.9991874327E+00 -0.5524843397E+01  0.4496469606E-02
  0.9991955584E+00 -0.5525019635E+01  0.4451575818E-02
  0.9992036028E+00 -0.5525194113E+01  0.4407129557E-02
  0.9992115667E+00 -0.5525366849E+01  0.4363126376E-02
  0.9992194511E+00 -0.5525537859E+01  0.4319561872E-02
  0.9992272566E+00 -0.5525707160E+01  0.4276431685E-02
  0.9992349840E+00 -0.5525874771E+01  0.4233731498E-02
  0.9992426342E+00 -0.5526040707E+01  0.4191457037E-02
  0.9992502078E+00 -0.5526204986E+01  0.4149604070E-02
  0.9992577057E+00 -0.5526367623E+01  0.4108168408E-02
  0.9992651287E+00 -0.5526528636E+01  0.4067145900E-02
  0.9992724774E+00 -0.5526688040E+01  0.4026532441E-02
  0.9992797526E+00 -0.5526845852E+01  0.3986323962E-02
  0.9992869551E+00 -0.5527002087E+01  0.3946516437E-02
  0.9992940855E+00 -0.5527156761E+01  0.3907105878E-02
  0.9993011447E+00 -0.5527309890E+01  0.3868088339E-02
  0.9993081332E+00 -0.5527461489E+01  0.3829459911E-02
  0.9993150519E+00 -0.5527611573E+01  0.3791216723E-02
  0.9993219014E+00 -0.5527760158E+01  0.3753354944E-02
  0.9993286824E+00 -0.5527907258E+01  0.3715870780E-02
  0.9993353956E+00 -0.5528052889E+01  0.3678760476E-02
  0.9993420416E+00 -0.5528197064E+01  0.3642020311E-02
  0.9993486212E+00 -0.5528339799E+01  0.3605646604E-02
  0.9993551350E+00 -0.5528481107E+01  0.3569635710E-02
  0.9993615836E+00 -0.5528621003E+01  0.3533984017E-02
  0.9993679678E+00 -0.5528759502E+01  0.3498687953E-02
  0.9993742881E+00 -0.5528896616E+01  0.3463743978E-02
  0.9993805452E+00 -0.5529032361E+01  0.3429148590E-02
  0.9993867398E+00 -0.5529166749E+01  0.3394898318E-02
  0.9993928724E+00 -0.5529299794E+01  0.3360989730E-02
  0.9993989436E+00 -0.5529431509E+01  0.3327419423E-02
  0.9994049542E+00 -0.5529561908E+01  0.3294184032E-02
  0.9994109047E+00 -0.5529691004E+01  0.3261280223E-02
  0.9994167956E+00 -0.5529818810E+01  0.3228704695E-02
  0.9994226277E+00 -0.5529945338E+01  0.3196454181E-02
  0.9994284014E+00 -0.5530070602E+01  0.3164525445E-02
  0.9994341174E+00 -0.5530194614E+01  0.3132915284E-02
  0.9994397762E+00 -0.5530317387E+01  0.3101620526E-02
  0.9994453784E+00 -0.5530438933E+01  0.3070638031E-02
  0.9994509247E+00 -0.5530559264E+01  0.3039964691E-02
  0.9994564154E+00 -0.5530678392E+01  0.3009597427E-02
  0.9994618513E+00 -0.5530796330E+01  0.2979533191E-02
  0.9994672327E+00 -0.5530913088E+01  0.2949768966E-02
  0.9994725604E+00 -0.5531028680E+01  0.2920301764E-02
  0.9994778348E+00 -0.5531143117E+01  0.2891128628E-02
  0.9994830565E+00 -0.5531256410E+01  0.2862246628E-02
  0.9994882259E+00 -0.5531368570E+01  0.2833652866E-02
  0.9994933436E+00 -0.5531479610E+01  0.2805344470E-02
  0.9994984102E+00 -0.5531589539E+01  0.2777318598E-02
  0.9995034261E+00 -0.5531698370E+01  0.2749572436E-02
  0.9995083918E+00 -0.5531806113E+01  0.2722103199E-02
  0.9995133079E+00 -0.5531912779E+01  0.2694908126E-02
  0.9995181748E+00 -0.5532018378E+01  0.2667984488E-02
  0.9995229931E+00 -0.5532122922E+01  0.2641329580E-02
  0.9995277632E+00 -0.5532226422E+01  0.2614940725E-02
  0.9995324855E+00 -0.5532328886E+01  0.2588815272E-02
  0.9995371607E+00 -0.5532430327E+01  0.2562950597E-02
  0.9995417891E+00 -0.5532530753E+01  0.2537344101E-02
  0.9995463712E+00 -0.5532630175E+01  0.2511993213E-02
  0.9995509075E+00 -0.5532728604E+01  0.2486895385E-02
  0.9995553984E+00 -0.5532826049E+01  0.2462048095E-02
  0.9995598444E+00 -0.5532922519E+01  0.2437448847E-02
  0.9995642460E+00 -0.5533018026E+01  0.2413095169E-02
  0.9995686035E+00 -0.5533112577E+01  0.2388984614E-02
  0.9995729175E+00 -0.5533206184E+01  0.2365114758E-02
  0.9995771883E+00 -0.5533298854E+01  0.2341483203E-02
  0.9995814164E+00 -0.5533390598E+01  0.2318087574E-02
  0.9995856022E+00 -0.5533481425E+01  0.2294925519E-02
  0.9995897462E+00 -0.5533571344E+01  0.2271994710E-02
  0.9995938488E+00 -0.5533660365E+01  0.2249292842E-02
  0.9995979103E+00 -0.5533748495E+01  0.2226817633E-02
  0.9996019312E+00 -0.5533835744E+01  0.2204566824E-02
  0.9996059119E+00 -0.5533922121E+01  0.2182538177E-02
  0.9996098527E+00 -0.5534007634E+01  0.2160729478E-02
  0.9996137542E+00 -0.5534092293E+01  0.2139138534E-02
  0.9996176167E+00 -0.5534176105E+01  0.2117763174E-02
  0.9996214405E+00 -0.5534259079E+01  0.2096601248E-02
  0.9996252261E+00 -0.5534341224E+01  0.2075650630E-02
  0.9996289738E+00 -0.5534422547E+01  0.2054909211E-02
  0.9996326841E+00 -0.5534503058E+01  0.2034374906E-02
  0.9996363573E+00 -0.5534582763E+01  0.2014045650E-02
  0.9996399937E+00 -0.5534661672E+01  0.1993919398E-02
  0.9996435938E+00 -0.5534739792E+01  0.1973994126E-02
  0.9996471578E+00 -0.5534817131E+01  0.1954267830E-02
  0.9996506862E+00 -0.5534893696E+01  0.1934738525E-02
  0.9996541794E+00 -0.5534969496E+01  0.1915404247E-02
  0.9996576376E+00 -0.5535044539E+01  0.1896263052E-02
  0.9996610612E+00 -0.5535118831E+01  0.1877313012E-02
  0.9996644506E+00 -0.5535192380E+01  0.1858552222E-02
  0.9996678400E+00 -0.5535265929E+01  0.1839791183E-02
  0.9996712294E+00 -0.5535339479E+01  0.1821029895E-02
  0.9996746188E+00 -0.5535413029E+01  0.1802268357E-02
  0.9996780081E+00 -0.5535486578E+01  0.1783506570E-02
  0.9996813975E+00 -0.5535560128E+01  0.1764744534E-02
  0.9996847869E+00 -0.5535633678E+01  0.1745982249E-02
  0.9996881763E+00 -0.5535707229E+01  0.1727219714E-02
  0.9996915657E+00 -0.5535780779E+01  0.1708456930E-02
  0.9996949551E+00 -0.5535854330E+01  0.1689693896E-02
  0.9996983445E+00 -0.5535927880E+01  0.1670930614E-02
  0.9997017339E+00 -0.5536001431E+01  0.1652167082E-02
  0.9997051232E+00 -0.5536074982E+01  0.1633403301E-02
  0.9997085126E+00 -0.5536148533E+01  0.1614639270E-02
  0.9997119020E+00 -0.5536222085E+01  0.1595874990E-02
  0.9997152914E+00 -0.5536295636E+01  0.1577110461E-02
  0.9997186808E+00 -0.5536369188E+01  0.1558345683E-02
  0.9997220702E+00 -0.5536442739E+01  0.1539580655E-02
  0.9997254596E+00 -0.5536516291E+01  0.1520815378E-02
  0.9997288490E+00 -0.5536589843E+01  0.1502049852E-02
  0.9997322384E+00 -0.5536663395E+01  0.1483284076E-02
  0.9997356277E+00 -0.5536736947E+01  0.1464518051E-02
  0.9997390171E+00 -0.5536810499E+01  0.1445751777E-02
  0.9997424065E+00 -0.5536884052E+01  0.1426985254E-02
  0.9997457959E+00 -0.5536957604E+01  0.1408218481E-02
  0.9997491853E+00 -0.5537031157E+01  0.1389451459E-02
  0.9997525747E+00 -0.5537104709E+01  0.1370684187E-02
  0.9997559641E+00 -0.5537178262E+01  0.1351916667E-02
  0.9997593535E+00 -0.5537251815E+01  0.1333148897E-02
  0.9997627428E+00 -0.5537325368E+01  0.1314380877E-02
  0.9997661322E+00 -0.5537398922E+01  0.1295612609E-02
  0.9997695216E+00 -0.5537472475E+01  0.1276844091E-02
  0.9997729110E+00 -0.5537546028E+01  0.1258075324E-02
  0.9997763004E+00 -0.5537619582E+01  0.1239306307E-02
  0.9997796898E+00 -0.5537693135E+01  0.1220537041E-02
  0.9997830792E+00 -0.5537766689E+01  0.1201767526E-02
  0.9997864686E+00 -0.5537840243E+01  0.1182997762E-02
  0.9997898579E+00 -0.5537913797E+01  0.1164227748E-02
  0.9997932473E+00 -0.5537987351E+01  0.1145457485E-02
  0.9997966367E+00 -0.5538060905E+01  0.1126686973E-02
  0.9998000261E+00 -0.5538134459E+01  0.1107916211E-02
  0.9998034155E+00 -0.5538208013E+01  0.1089145201E-02
  0.9998068049E+00 -0.5538281568E+01  0.1070373940E-02
  0.9998101943E+00 -0.5538355122E+01  0.1051602431E-02
  0.9998135837E+00 -0.5538428677E+01  0.1032830672E-02
  0.9998169731E+00 -0.5538502231E+01  0.1014058664E-02
  0.9998203624E+00 -0.5538575786E+01  0.9952864065E-03
  0.9998237518E+00 -0.5538649341E+01  0.9765138998E-03
  0.9998271412E+00 -0.5538722896E+01  0.9577411438E-03
  0.9998305306E+00 -0.5538796451E+01  0.9389681384E-03
  0.9998339200E+00 -0.5538870006E+01  0.9201948838E-03
  0.9998373094E+00 -0.5538943561E+01  0.9014213798E-03
  0.9998406988E+00 -0.5539017116E+01  0.8826476266E-03
  0.9998440882E+00 -0.5539090671E+01  0.8638736240E-03
  0.9998474775E+00 -0.5539164226E+01  0.8450993721E-03
  0.9998508669E+00 -0.5539237782E+01  0.8263248710E-03
  0.9998542563E+00 -0.5539311337E+01  0.8075501205E-03
  0.9998576457E+00 -0.5539384893E+01  0.7887751207E-03
  0.9998610351E+00 -0.5539458448E+01  0.7699998716E-03
  0.9998644245E+00 -0.5539532004E+01  0.7512243731E-03
  0.9998678139E+00 -0.5539605560E+01  0.7324486254E-03
  0.9998712033E+00 -0.5539679116E+01  0.7136726284E-03
  0.9998745926E+00 -0.5539752671E+01  0.6948963821E-03
  0.9998779820E+00 -0.5539826227E+01  0.6761198864E-03
  0.9998813714E+00 -0.5539899783E+01  0.6573431414E-03
  0.9998847608E+00 -0.5539973339E+01  0.6385661472E-03
  0.9998881502E+00 -0.5540046895E+01  0.6197889036E-03
  0.9998915396E+00 -0.5540120451E+01  0.6010114107E-03
  0.9998949290E+00 -0.5540194008E+01  0.5822336685E-03
  0.9998983184E+00 -0.5540267564E+01  0.5634556770E-03
  0.9999017077E+00 -0.5540341120E+01  0.5446774362E-03
  0.9999050971E+00 -0.5540414676E+01  0.5258989460E-03
  0.9999084865E+00 -0.5540488233E+01  0.5071202066E-03
  0.9999118759E+00 -0.5540561789E+01  0.4883412178E-03
  0.9999152653E+00 -0.5540635346E+01  0.4695619798E-03
  0.9999186547E+00 -0.5540708902E+01  0.4507824924E-03
  0.9999220441E+00 -0.5540782459E+01  0.4320027557E-03
  0.9999254335E+00 -0.5540856015E+01  0.4132227697E-03
  0.9999288229E+00 -0.5540929572E+01  0.3944425344E-03
  0.9999322122E+00 -0.5541003128E+01  0.3756620498E-03
  0.9999356016E+00 -0.5541076685E+01  0.3568813158E-03
  0.9999389910E+00 -0.5541150242E+01  0.3381003326E-03
  0.9999423804E+00 -0.5541223798E+01  0.3193191000E-03
  0.9999457698E+00 -0.5541297355E+01  0.3005376182E-03
  0.9999491592E+00 -0.5541370912E+01  0.2817558870E-03
  0.9999525486E+00 -0.5541444469E+01  0.2629739065E-03
  0.9999559380E+00 -0.5541518025E+01  0.2441916767E-03
  0.9999593273E+00 -0.5541591582E+01  0.2254091976E-03
  0.9999627167E+00 -0.5541665139E+01  0.2066264691E-03
  0.9999661061E+00 -0.5541738696E+01  0.1878434914E-03
  0.9999694955E+00 -0.5541812253E+01  0.1690602643E-03
  0.9999728849E+00 -0.5541885810E+01  0.1502767879E-03
  0.9999762743E+00 -0.5541959367E+01  0.1314930623E-03
  0.9999796637E+00 -0.5542032923E+01  0.1127090873E-03
  0.9999830531E+00 -0.5542106480E+01  0.9392486295E-04
  0.9999864424E+00 -0.5542180037E+01  0.7514038932E-04
  0.9999898318E+00 -0.5542253594E+01  0.5635566639E-04
  0.9999932212E+00 -0.5542327151E+01  0.3757069414E-04
  0.9999966106E+00 -0.5542400708E+01  0.1878547258E-04
  0.1000000000E+01 -0.5542475268E+01  0.3877788467E-17
  0.1000000000E+01 -0.5542475268E+01  0.0000000000E+00
