  0.0000000000E+00  0.5542473970E+01  0.0000000000E+00
  0.6996492144E-18  0.5542473970E+01  0.3877787559E-17
  0.3389387958E-05  0.5542393266E+01  0.1878545776E-04
  0.6778775916E-05  0.5542312563E+01  0.3757064199E-04
  0.1016816387E-04  0.5542231860E+01  0.5635555269E-04
  0.1355755183E-04  0.5542151157E+01  0.7514018985E-04
  0.1694693979E-04  0.5542070454E+01  0.9392455347E-04
  0.2033632775E-04  0.5541989751E+01  0.1127086436E-03
  0.2372571571E-04  0.5541909048E+01  0.1314924601E-03
  0.2711510367E-04  0.5541828344E+01  0.1502760031E-03
  0.3050449162E-04  0.5541747641E+01  0.1690592726E-03
  0.3389387958E-04  0.5541666938E+01  0.1878422686E-03
  0.3728326754E-04  0.5541586235E+01  0.2066249910E-03
  0.4067265550E-04  0.5541505533E+01  0.2254074399E-03
  0.4406204346E-04  0.5541424830E+01  0.2441896153E-03
  0.4745143141E-04  0.5541344127E+01  0.2629715171E-03
  0.5084081937E-04  0.5541263424E+01  0.2817531454E-03
  0.5423020733E-04  0.5541182721E+01  0.3005345001E-03
  0.5761959529E-04  0.5541102019E+01  0.3193155813E-03
  0.6100898325E-04  0.5541021316E+01  0.3380963890E-03
  0.6439837120E-04  0.5540940613E+01  0.3568769232E-03
  0.6778775916E-04  0.5540859911E+01  0.3756571838E-03
  0.7117714712E-04  0.5540779208E+01  0.3944371709E-03
  0.7456653508E-04  0.5540698506E+01  0.4132168845E-03
  0.7795592304E-04  0.5540617804E+01  0.4319963245E-03
  0.8134531100E-04  0.5540537102E+01  0.4507754910E-03
  0.8473469895E-04  0.5540456400E+01  0.4695543840E-03
  0.8812408691E-04  0.5540375698E+01  0.4883330034E-03
  0.9151347487E-04  0.5540294996E+01  0.5071113493E-03
  0.9490286283E-04  0.5540214294E+01  0.5258894217E-03
  0.9829225079E-04  0.5540133592E+01  0.5446672206E-03
  0.1016816387E-03  0.5540052891E+01  0.5634447459E-03
  0.1050710267E-03  0.5539972189E+01  0.5822219977E-03
  0.1084604147E-03  0.5539891488E+01  0.6009989759E-03
  0.1118498026E-03  0.5539810786E+01  0.6197756807E-03
  0.1152391906E-03  0.5539730085E+01  0.6385521119E-03
  0.1186285785E-03  0.5539649384E+01  0.6573282695E-03
  0.1220179665E-03  0.5539568683E+01  0.6761041537E-03
  0.1254073545E-03  0.5539487983E+01  0.6948797643E-03
  0.1287967424E-03  0.5539407282E+01  0.7136551014E-03
  0.1321861304E-03  0.5539326581E+01  0.7324301650E-03
  0.1355755183E-03  0.5539245881E+01  0.7512049550E-03
  0.1389649063E-03  0.5539165181E+01  0.7699794716E-03
  0.1423542942E-03  0.5539084481E+01  0.7887537146E-03
  0.1457436822E-03  0.5539003781E+01  0.8075276840E-03
  0.1491330702E-03  0.5538923081E+01  0.8263013800E-03
  0.1525224581E-03  0.5538842382E+01  0.8450748024E-03
  0.1559118461E-03  0.5538761682E+01  0.8638479513E-03
  0.1593012340E-03  0.5538680983E+01  0.8826208267E-03
  0.1626906220E-03  0.5538600284E+01  0.9013934286E-03
  0.1660800099E-03  0.5538519585E+01  0.9201657569E-03
  0.1694693979E-03  0.5538438886E+01  0.9389378118E-03
  0.1728587859E-03  0.5538358187E+01  0.9577095931E-03
  0.1762481738E-03  0.5538277489E+01  0.9764811009E-03
  0.1796375618E-03  0.5538196791E+01  0.9952523351E-03
  0.1830269497E-03  0.5538116093E+01  0.1014023296E-02
  0.1864163377E-03  0.5538035395E+01  0.1032793983E-02
  0.1898057257E-03  0.5537954697E+01  0.1051564397E-02
  0.1931951136E-03  0.5537874000E+01  0.1070334537E-02
  0.1965845016E-03  0.5537793303E+01  0.1089104404E-02
  0.1999738895E-03  0.5537712606E+01  0.1107873997E-02
  0.2033632775E-03  0.5537631909E+01  0.1126643317E-02
  0.2067526654E-03  0.5537551212E+01  0.1145412363E-02
  0.2101420534E-03  0.5537470516E+01  0.1164181135E-02
  0.2135314414E-03  0.5537389820E+01  0.1182949635E-02
  0.2169208293E-03  0.5537309124E+01  0.1201717860E-02
  0.2203102173E-03  0.5537228428E+01  0.1220485812E-02
  0.2236996052E-03  0.5537147733E+01  0.1239253491E-02
  0.2270889932E-03  0.5537067038E+01  0.1258020896E-02
  0.2304783812E-03  0.5536986343E+01  0.1276788028E-02
  0.2338677691E-03  0.5536905648E+01  0.1295554886E-02
  0.2372571571E-03  0.5536824954E+01  0.1314321470E-02
  0.2406465450E-03  0.5536744259E+01  0.1333087781E-02
  0.2440359330E-03  0.5536663565E+01  0.1351853819E-02
  0.2474253209E-03  0.5536582872E+01  0.1370619583E-02
  0.2508147089E-03  0.5536502178E+01  0.1389385073E-02
  0.2542040969E-03  0.5536421485E+01  0.1408150291E-02
  0.2575934848E-03  0.5536340792E+01  0.1426915234E-02
  0.2609828728E-03  0.5536260099E+01  0.1445679904E-02
  0.2643722607E-03  0.5536179407E+01  0.1464444301E-02
  0.2677616487E-03  0.5536098715E+01  0.1483208424E-02
  0.2711510367E-03  0.5536018023E+01  0.1501972273E-02
  0.2745404246E-03  0.5535937332E+01  0.1520735849E-02
  0.2779298126E-03  0.5535856641E+01  0.1539499152E-02
  0.2813192005E-03  0.5535775950E+01  0.1558262181E-02
  0.2847085885E-03  0.5535695259E+01  0.1577024937E-02
  0.2880979764E-03  0.5535614569E+01  0.1595787419E-02
  0.2914873644E-03  0.5535533879E+01  0.1614549627E-02
  0.2948767524E-03  0.5535453189E+01  0.1633311563E-02
  0.2982661403E-03  0.5535372500E+01  0.1652073224E-02
  0.3016555283E-03  0.5535291811E+01  0.1670834612E-02
  0.3050449162E-03  0.5535211122E+01  0.1689595727E-02
  0.3084343042E-03  0.5535130433E+01  0.1708356568E-02
  0.3118236921E-03  0.5535049745E+01  0.1727117136E-02
  0.3152130801E-03  0.5534969058E+01  0.1745877430E-02
  0.3186024681E-03  0.5534888370E+01  0.1764637451E-02
  0.3219918560E-03  0.5534807683E+01  0.1783397198E-02
  0.3253812440E-03  0.5534726996E+01  0.1802156672E-02
  0.3287706319E-03  0.5534646310E+01  0.1820915872E-02
  0.3321600199E-03  0.5534565624E+01  0.1839674799E-02
  0.3355494079E-03  0.5534484938E+01  0.1858433452E-02
  0.3389387958E-03  0.5534404253E+01  0.1877191832E-02
  0.3423624200E-03  0.5534322753E+01  0.1896139413E-02
  0.3458206263E-03  0.5534240430E+01  0.1915278100E-02
  0.3493137639E-03  0.5534157276E+01  0.1934609819E-02
  0.3528421858E-03  0.5534073283E+01  0.1954136512E-02
  0.3564062483E-03  0.5533988441E+01  0.1973860144E-02
  0.3600063114E-03  0.5533902743E+01  0.1993782697E-02
  0.3636427388E-03  0.5533816180E+01  0.2013906175E-02
  0.3673158977E-03  0.5533728742E+01  0.2034232601E-02
  0.3710261593E-03  0.5533640422E+01  0.2054764019E-02
  0.3747738983E-03  0.5533551211E+01  0.2075502491E-02
  0.3785594932E-03  0.5533461099E+01  0.2096450104E-02
  0.3823833265E-03  0.5533370077E+01  0.2117608963E-02
  0.3862457844E-03  0.5533278136E+01  0.2138981194E-02
  0.3901472569E-03  0.5533185267E+01  0.2160568946E-02
  0.3940881383E-03  0.5533091460E+01  0.2182374388E-02
  0.3980688266E-03  0.5532996707E+01  0.2204399711E-02
  0.4020897238E-03  0.5532900997E+01  0.2226647130E-02
  0.4061512362E-03  0.5532804321E+01  0.2249118879E-02
  0.4102537739E-03  0.5532706669E+01  0.2271817218E-02
  0.4143977514E-03  0.5532608031E+01  0.2294744425E-02
  0.4185835873E-03  0.5532508398E+01  0.2317902806E-02
  0.4228117043E-03  0.5532407758E+01  0.2341294686E-02
  0.4270825296E-03  0.5532306103E+01  0.2364922416E-02
  0.4313964946E-03  0.5532203422E+01  0.2388788369E-02
  0.4357540349E-03  0.5532099705E+01  0.2412894943E-02
  0.4401555908E-03  0.5531994940E+01  0.2437244558E-02
  0.4446016069E-03  0.5531889119E+01  0.2461839662E-02
  0.4490925322E-03  0.5531782229E+01  0.2486682723E-02
  0.4536288204E-03  0.5531674260E+01  0.2511776236E-02
  0.4582109297E-03  0.5531565201E+01  0.2537122722E-02
  0.4628393230E-03  0.5531455042E+01  0.2562724726E-02
  0.4675144676E-03  0.5531343771E+01  0.2588584819E-02
  0.4722368360E-03  0.5531231377E+01  0.2614705596E-02
  0.4770069051E-03  0.5531117849E+01  0.2641089681E-02
  0.4818251566E-03  0.5531003175E+01  0.2667739722E-02
  0.4866920774E-03  0.5530887344E+01  0.2694658394E-02
  0.4916081590E-03  0.5530770344E+01  0.2721848400E-02
  0.4965738980E-03  0.5530652163E+01  0.2749312469E-02
  0.5015897959E-03  0.5530532789E+01  0.2777053356E-02
  0.5066563595E-03  0.5530412211E+01  0.2805073847E-02
  0.5117741005E-03  0.5530290416E+01  0.2833376753E-02
  0.5169435359E-03  0.5530167392E+01  0.2861964913E-02
  0.5221651878E-03  0.5530043127E+01  0.2890841198E-02
  0.5274395836E-03  0.5529917608E+01  0.2920008503E-02
  0.5327672562E-03  0.5529790823E+01  0.2949469756E-02
  0.5381487436E-03  0.5529662758E+01  0.2979227911E-02
  0.5435845895E-03  0.5529533401E+01  0.3009285954E-02
  0.5490753429E-03  0.5529402739E+01  0.3039646900E-02
  0.5546215585E-03  0.5529270758E+01  0.3070313794E-02
  0.5602237965E-03  0.5529137447E+01  0.3101289711E-02
  0.5658826227E-03  0.5529002790E+01  0.3132577758E-02
  0.5715986088E-03  0.5528866774E+01  0.3164181072E-02
  0.5773723321E-03  0.5528729387E+01  0.3196102822E-02
  0.5832043759E-03  0.5528590614E+01  0.3228346209E-02
  0.5890953291E-03  0.5528450440E+01  0.3260914466E-02
  0.5950457870E-03  0.5528308853E+01  0.3293810856E-02
  0.6010563505E-03  0.5528165838E+01  0.3327038678E-02
  0.6071276268E-03  0.5528021380E+01  0.3360601261E-02
  0.6132602291E-03  0.5527875465E+01  0.3394501970E-02
  0.6194547769E-03  0.5527728078E+01  0.3428744202E-02
  0.6257118958E-03  0.5527579205E+01  0.3463331389E-02
  0.6320322180E-03  0.5527428830E+01  0.3498266995E-02
  0.6384163818E-03  0.5527276938E+01  0.3533554521E-02
  0.6448650321E-03  0.5527123515E+01  0.3569197503E-02
  0.6513788203E-03  0.5526968545E+01  0.3605199510E-02
  0.6579584044E-03  0.5526812011E+01  0.3641564149E-02
  0.6646044489E-03  0.5526653900E+01  0.3678295062E-02
  0.6713176251E-03  0.5526494194E+01  0.3715395928E-02
  0.6780986112E-03  0.5526332877E+01  0.3752870461E-02
  0.6849480921E-03  0.5526169935E+01  0.3790722415E-02
  0.6918667597E-03  0.5526005349E+01  0.3828955578E-02
  0.6988553129E-03  0.5525839104E+01  0.3867573779E-02
  0.7059144575E-03  0.5525671182E+01  0.3906580884E-02
  0.7130449065E-03  0.5525501568E+01  0.3945980796E-02
  0.7202473803E-03  0.5525330244E+01  0.3985777459E-02
  0.7275226064E-03  0.5525157193E+01  0.4025974856E-02
  0.7348713196E-03  0.5524982398E+01  0.4066577010E-02
  0.7422942622E-03  0.5524805840E+01  0.4107587982E-02
  0.7497921840E-03  0.5524627504E+01  0.4149011876E-02
  0.7573658425E-03  0.5524447369E+01  0.4190852835E-02
  0.7650160025E-03  0.5524265419E+01  0.4233115046E-02
  0.7727434369E-03  0.5524081636E+01  0.4275802734E-02
  0.7805489261E-03  0.5523896000E+01  0.4318920169E-02
  0.7884332587E-03  0.5523708494E+01  0.4362471663E-02
  0.7963972310E-03  0.5523519098E+01  0.4406461571E-02
  0.8044416475E-03  0.5523327794E+01  0.4450894289E-02
  0.8125673207E-03  0.5523134563E+01  0.4495774261E-02
  0.8207750714E-03  0.5522939384E+01  0.4541105972E-02
  0.8290657287E-03  0.5522742240E+01  0.4586893952E-02
  0.8374401300E-03  0.5522543109E+01  0.4633142778E-02
  0.8458991212E-03  0.5522341972E+01  0.4679857071E-02
  0.8544435568E-03  0.5522138810E+01  0.4727041498E-02
  0.8630742998E-03  0.5521933601E+01  0.4774700773E-02
  0.8717922220E-03  0.5521726325E+01  0.4822839658E-02
  0.8805982040E-03  0.5521516961E+01  0.4871462959E-02
  0.8894931354E-03  0.5521305490E+01  0.4920575532E-02
  0.8984779145E-03  0.5521091888E+01  0.4970182283E-02
  0.9075534490E-03  0.5520876136E+01  0.5020288164E-02
  0.9167206556E-03  0.5520658212E+01  0.5070898177E-02
  0.9259804602E-03  0.5520438093E+01  0.5122017374E-02
  0.9353337982E-03  0.5520215759E+01  0.5173650858E-02
  0.9447816143E-03  0.5519991186E+01  0.5225803780E-02
  0.9543248629E-03  0.5519764353E+01  0.5278481346E-02
  0.9639645080E-03  0.5519535237E+01  0.5331688811E-02
  0.9737015233E-03  0.5519303814E+01  0.5385431483E-02
  0.9835368922E-03  0.5519070063E+01  0.5439714723E-02
  0.9934716083E-03  0.5518833960E+01  0.5494543944E-02
  0.1003506675E-02  0.5518595480E+01  0.5549924615E-02
  0.1013643106E-02  0.5518354601E+01  0.5605862257E-02
  0.1023881925E-02  0.5518111299E+01  0.5662362447E-02
  0.1034224167E-02  0.5517865549E+01  0.5719430816E-02
  0.1044670876E-02  0.5517617328E+01  0.5777073054E-02
  0.1055223107E-02  0.5517366609E+01  0.5835294904E-02
  0.1065881926E-02  0.5517113369E+01  0.5894102168E-02
  0.1076648410E-02  0.5516857582E+01  0.5953500705E-02
  0.1087523647E-02  0.5516599223E+01  0.6013496431E-02
  0.1098508734E-02  0.5516338267E+01  0.6074095322E-02
  0.1109604782E-02  0.5516074687E+01  0.6135303412E-02
  0.1120812911E-02  0.5515808457E+01  0.6197126798E-02
  0.1132134253E-02  0.5515539551E+01  0.6259571632E-02
  0.1143569953E-02  0.5515267942E+01  0.6322644132E-02
  0.1155121165E-02  0.5514993604E+01  0.6386350575E-02
  0.1166789055E-02  0.5514716509E+01  0.6450697300E-02
  0.1178574803E-02  0.5514436629E+01  0.6515690710E-02
  0.1190479599E-02  0.5514153938E+01  0.6581337271E-02
  0.1202504646E-02  0.5513868407E+01  0.6647643511E-02
  0.1214651157E-02  0.5513580008E+01  0.6714616026E-02
  0.1226920361E-02  0.5513288712E+01  0.6782261475E-02
  0.1239313496E-02  0.5512994492E+01  0.6850586583E-02
  0.1251831814E-02  0.5512697317E+01  0.6919598142E-02
  0.1264476580E-02  0.5512397158E+01  0.6989303010E-02
  0.1277249070E-02  0.5512093986E+01  0.7059708116E-02
  0.1290150576E-02  0.5511787772E+01  0.7130820453E-02
  0.1303182400E-02  0.5511478484E+01  0.7202647086E-02
  0.1316345859E-02  0.5511166092E+01  0.7275195148E-02
  0.1329642282E-02  0.5510850566E+01  0.7348471845E-02
  0.1343073012E-02  0.5510531875E+01  0.7422484452E-02
  0.1356639406E-02  0.5510209987E+01  0.7497240315E-02
  0.1370342834E-02  0.5509884870E+01  0.7572746855E-02
  0.1384184681E-02  0.5509556494E+01  0.7649011565E-02
  0.1398166344E-02  0.5509224825E+01  0.7726042011E-02
  0.1412289237E-02  0.5508889831E+01  0.7803845835E-02
  0.1426554785E-02  0.5508551479E+01  0.7882430753E-02
  0.1440964429E-02  0.5508209737E+01  0.7961804558E-02
  0.1455519625E-02  0.5507864570E+01  0.8041975120E-02
  0.1470221844E-02  0.5507515945E+01  0.8122950385E-02
  0.1485072569E-02  0.5507163828E+01  0.8204738379E-02
  0.1500073302E-02  0.5506808184E+01  0.8287347206E-02
  0.1515225558E-02  0.5506448979E+01  0.8370785049E-02
  0.1530530867E-02  0.5506086178E+01  0.8455060174E-02
  0.1545990774E-02  0.5505719745E+01  0.8540180926E-02
  0.1561606843E-02  0.5505349645E+01  0.8626155733E-02
  0.1577380649E-02  0.5504975842E+01  0.8712993104E-02
  0.1593313787E-02  0.5504598299E+01  0.8800701636E-02
  0.1609407866E-02  0.5504216979E+01  0.8889290005E-02
  0.1625664511E-02  0.5503831846E+01  0.8978766977E-02
  0.1642085364E-02  0.5503442862E+01  0.9069141400E-02
  0.1658672085E-02  0.5503049990E+01  0.9160422213E-02
  0.1675426349E-02  0.5502653191E+01  0.9252618438E-02
  0.1692349847E-02  0.5502252428E+01  0.9345739190E-02
  0.1709444290E-02  0.5501847660E+01  0.9439793670E-02
  0.1726711404E-02  0.5501438850E+01  0.9534791172E-02
  0.1744152934E-02  0.5501025958E+01  0.9630741078E-02
  0.1761770640E-02  0.5500608944E+01  0.9727652865E-02
  0.1779566303E-02  0.5500187767E+01  0.9825536100E-02
  0.1797541720E-02  0.5499762387E+01  0.9924400447E-02
  0.1815698707E-02  0.5499332764E+01  0.1002425566E-01
  0.1834039098E-02  0.5498898856E+01  0.1012511160E-01
  0.1852564746E-02  0.5498460621E+01  0.1022697820E-01
  0.1871277521E-02  0.5498018018E+01  0.1032986551E-01
  0.1890179314E-02  0.5497571004E+01  0.1043378369E-01
  0.1909272034E-02  0.5497119536E+01  0.1053874296E-01
  0.1928557610E-02  0.5496663571E+01  0.1064475368E-01
  0.1948037990E-02  0.5496203065E+01  0.1075182629E-01
  0.1967715142E-02  0.5495737975E+01  0.1085997134E-01
  0.1987591052E-02  0.5495268257E+01  0.1096919947E-01
  0.2007667730E-02  0.5494793865E+01  0.1107952143E-01
  0.2027947202E-02  0.5494314755E+01  0.1119094809E-01
  0.2048431517E-02  0.5493830881E+01  0.1130349041E-01
  0.2069122744E-02  0.5493342197E+01  0.1141715946E-01
  0.2090022974E-02  0.5492848657E+01  0.1153196642E-01
  0.2111134317E-02  0.5492350215E+01  0.1164792257E-01
  0.2132458906E-02  0.5491846823E+01  0.1176503931E-01
  0.2153998895E-02  0.5491338434E+01  0.1188332816E-01
  0.2175756460E-02  0.5490824999E+01  0.1200280072E-01
  0.2197733798E-02  0.5490306472E+01  0.1212346874E-01
  0.2219933129E-02  0.5489782802E+01  0.1224534406E-01
  0.2242356696E-02  0.5489253941E+01  0.1236843864E-01
  0.2265006764E-02  0.5488719840E+01  0.1249276457E-01
  0.2287885620E-02  0.5488180448E+01  0.1261833403E-01
  0.2310995576E-02  0.5487635715E+01  0.1274515934E-01
  0.2334338965E-02  0.5487085591E+01  0.1287325294E-01
  0.2357918147E-02  0.5486530024E+01  0.1300262738E-01
  0.2381735502E-02  0.5485968962E+01  0.1313329533E-01
  0.2405793436E-02  0.5485402354E+01  0.1326526959E-01
  0.2430094380E-02  0.5484830147E+01  0.1339856310E-01
  0.2454640788E-02  0.5484252288E+01  0.1353318888E-01
  0.2479435139E-02  0.5483668725E+01  0.1366916013E-01
  0.2504479939E-02  0.5483079402E+01  0.1380649013E-01
  0.2529777716E-02  0.5482484266E+01  0.1394519232E-01
  0.2555331026E-02  0.5481883263E+01  0.1408528026E-01
  0.2581142450E-02  0.5481276337E+01  0.1422676765E-01
  0.2607214596E-02  0.5480663433E+01  0.1436966829E-01
  0.2633550097E-02  0.5480044495E+01  0.1451399616E-01
  0.2660151614E-02  0.5479419467E+01  0.1465976534E-01
  0.2687021832E-02  0.5478788292E+01  0.1480699006E-01
  0.2714163467E-02  0.5478150912E+01  0.1495568468E-01
  0.2741579259E-02  0.5477507270E+01  0.1510586370E-01
  0.2769271979E-02  0.5476857309E+01  0.1525754178E-01
  0.2797244423E-02  0.5476200968E+01  0.1541073368E-01
  0.2825499417E-02  0.5475538190E+01  0.1556545435E-01
  0.2854039815E-02  0.5474868915E+01  0.1572171884E-01
  0.2882868500E-02  0.5474193083E+01  0.1587954237E-01
  0.2911988384E-02  0.5473510633E+01  0.1603894030E-01
  0.2941402408E-02  0.5472821506E+01  0.1619992814E-01
  0.2971113544E-02  0.5472125639E+01  0.1636252154E-01
  0.3001124792E-02  0.5471422972E+01  0.1652673631E-01
  0.3031439184E-02  0.5470713442E+01  0.1669258842E-01
  0.3062059781E-02  0.5469996986E+01  0.1686009397E-01
  0.3092989678E-02  0.5469273542E+01  0.1702926922E-01
  0.3124231998E-02  0.5468543046E+01  0.1720013060E-01
  0.3155789897E-02  0.5467805434E+01  0.1737269469E-01
  0.3187666563E-02  0.5467060642E+01  0.1754697823E-01
  0.3219865215E-02  0.5466308605E+01  0.1772299811E-01
  0.3252389106E-02  0.5465549259E+01  0.1790077138E-01
  0.3285241521E-02  0.5464782536E+01  0.1808031528E-01
  0.3318425779E-02  0.5464008372E+01  0.1826164719E-01
  0.3351945231E-02  0.5463226700E+01  0.1844478466E-01
  0.3385803264E-02  0.5462437453E+01  0.1862974540E-01
  0.3420003297E-02  0.5461640563E+01  0.1881654732E-01
  0.3454548785E-02  0.5460835963E+01  0.1900520846E-01
  0.3489443217E-02  0.5460023584E+01  0.1919574705E-01
  0.3524690118E-02  0.5459203358E+01  0.1938818151E-01
  0.3560293049E-02  0.5458375216E+01  0.1958253041E-01
  0.3596255605E-02  0.5457539088E+01  0.1977881250E-01
  0.3632581419E-02  0.5456694904E+01  0.1997704671E-01
  0.3669274160E-02  0.5455842593E+01  0.2017725217E-01
  0.3706337536E-02  0.5454982085E+01  0.2037944817E-01
  0.3743775289E-02  0.5454113309E+01  0.2058365418E-01
  0.3781591201E-02  0.5453236193E+01  0.2078988986E-01
  0.3819789092E-02  0.5452350959E+01  0.2099817508E-01
  0.3858372820E-02  0.5451457308E+01  0.2120852986E-01
  0.3897346283E-02  0.5450555113E+01  0.2142097445E-01
  0.3936713417E-02  0.5449644303E+01  0.2163552926E-01
  0.3976478199E-02  0.5448724804E+01  0.2185221489E-01
  0.4016644645E-02  0.5447796541E+01  0.2207105216E-01
  0.4057216813E-02  0.5446859442E+01  0.2229206207E-01
  0.4098198801E-02  0.5445913432E+01  0.2251526581E-01
  0.4139594749E-02  0.5444958435E+01  0.2274068479E-01
  0.4181408837E-02  0.5443995411E+01  0.2296834063E-01
  0.4223645290E-02  0.5443024554E+01  0.2319825519E-01
  0.4266308374E-02  0.5442044578E+01  0.2343045049E-01
  0.4309402398E-02  0.5441055410E+01  0.2366494878E-01
  0.4352931715E-02  0.5440056975E+01  0.2390177248E-01
  0.4396900722E-02  0.5439049200E+01  0.2414094423E-01
  0.4441313861E-02  0.5438032012E+01  0.2438248688E-01
  0.4486175617E-02  0.5437005335E+01  0.2462642352E-01
  0.4531490522E-02  0.5435969096E+01  0.2487277742E-01
  0.4577263154E-02  0.5434923219E+01  0.2512157210E-01
  0.4623498135E-02  0.5433867629E+01  0.2537283127E-01
  0.4670200136E-02  0.5432802252E+01  0.2562657888E-01
  0.4717373875E-02  0.5431727011E+01  0.2588283912E-01
  0.4765024116E-02  0.5430641831E+01  0.2614163636E-01
  0.4813155673E-02  0.5429546637E+01  0.2640299525E-01
  0.4861773407E-02  0.5428441351E+01  0.2666694064E-01
  0.4910882230E-02  0.5427325899E+01  0.2693349761E-01
  0.4960487101E-02  0.5426200202E+01  0.2720269149E-01
  0.5010593031E-02  0.5425064185E+01  0.2747454784E-01
  0.5061205082E-02  0.5423917771E+01  0.2774909245E-01
  0.5112328365E-02  0.5422760883E+01  0.2802635137E-01
  0.5163968046E-02  0.5421593444E+01  0.2830635087E-01
  0.5216129339E-02  0.5420415376E+01  0.2858911747E-01
  0.5268817514E-02  0.5419226602E+01  0.2887467794E-01
  0.5322037893E-02  0.5418027044E+01  0.2916305932E-01
  0.5375795852E-02  0.5416816625E+01  0.2945428886E-01
  0.5430096820E-02  0.5415591336E+01  0.2974839398E-01
  0.5484946283E-02  0.5414353708E+01  0.3004540231E-01
  0.5540349781E-02  0.5413104784E+01  0.3034534185E-01
  0.5596312910E-02  0.5411844479E+01  0.3064824086E-01
  0.5652841323E-02  0.5410567320E+01  0.3095412775E-01
  0.5709940730E-02  0.5409277171E+01  0.3126303110E-01
  0.5767616899E-02  0.5407975122E+01  0.3157497994E-01
  0.5825875656E-02  0.5406661080E+01  0.3189000356E-01
  0.5884722885E-02  0.5405334951E+01  0.3220813157E-01
  0.5944164530E-02  0.5403996639E+01  0.3252939379E-01
  0.6004206596E-02  0.5402646051E+01  0.3285382037E-01
  0.6064855147E-02  0.5401283090E+01  0.3318144170E-01
  0.6126116310E-02  0.5399907661E+01  0.3351228845E-01
  0.6187996273E-02  0.5398519667E+01  0.3384639159E-01
  0.6250501286E-02  0.5397119010E+01  0.3418378236E-01
  0.6313637663E-02  0.5395705594E+01  0.3452449228E-01
  0.6377411780E-02  0.5394279318E+01  0.3486855316E-01
  0.6441830081E-02  0.5392840085E+01  0.3521599711E-01
  0.6506899072E-02  0.5391387795E+01  0.3556685653E-01
  0.6572625325E-02  0.5389922347E+01  0.3592116409E-01
  0.6639015480E-02  0.5388443640E+01  0.3627895278E-01
  0.6706076242E-02  0.5386951573E+01  0.3664025589E-01
  0.6773814386E-02  0.5385446043E+01  0.3700510700E-01
  0.6842236754E-02  0.5383926946E+01  0.3737354000E-01
  0.6911350256E-02  0.5382394178E+01  0.3774558908E-01
  0.6981161875E-02  0.5380847635E+01  0.3812128874E-01
  0.7051678662E-02  0.5379287210E+01  0.3850067381E-01
  0.7122907739E-02  0.5377712797E+01  0.3888377940E-01
  0.7194856302E-02  0.5376124288E+01  0.3927064097E-01
  0.7267531618E-02  0.5374521574E+01  0.3966129426E-01
  0.7340941029E-02  0.5372904546E+01  0.4005577537E-01
  0.7415091948E-02  0.5371273091E+01  0.4045412069E-01
  0.7489991867E-02  0.5369632362E+01  0.4085636717E-01
  0.7565648350E-02  0.5367984754E+01  0.4126255234E-01
  0.7642069041E-02  0.5366322849E+01  0.4167271394E-01
  0.7719261657E-02  0.5364646545E+01  0.4208688974E-01
  0.7797233997E-02  0.5362955736E+01  0.4250511787E-01
  0.7875993937E-02  0.5361250316E+01  0.4292743678E-01
  0.7955549431E-02  0.5359530177E+01  0.4335388527E-01
  0.8035908516E-02  0.5357795265E+01  0.4378450251E-01
  0.8117079309E-02  0.5356046178E+01  0.4421932801E-01
  0.8199070009E-02  0.5354282030E+01  0.4465840167E-01
  0.8281888898E-02  0.5352502706E+01  0.4510176367E-01
  0.8365544342E-02  0.5350708086E+01  0.4554945460E-01
  0.8450044790E-02  0.5348898051E+01  0.4600151535E-01
  0.8535398777E-02  0.5347072476E+01  0.4645798722E-01
  0.8621614927E-02  0.5345231238E+01  0.4691891185E-01
  0.8708701946E-02  0.5343374208E+01  0.4738433124E-01
  0.8796668632E-02  0.5341501254E+01  0.4785428779E-01
  0.8885523871E-02  0.5339612245E+01  0.4832882423E-01
  0.8975276638E-02  0.5337707044E+01  0.4880798370E-01
  0.9065935997E-02  0.5335785509E+01  0.4929180970E-01
  0.9157511109E-02  0.5333847500E+01  0.4978034612E-01
  0.9250011221E-02  0.5331892868E+01  0.5027363721E-01
  0.9343445678E-02  0.5329921464E+01  0.5077172762E-01
  0.9437823917E-02  0.5327933133E+01  0.5127466240E-01
  0.9533155471E-02  0.5325927751E+01  0.5178248696E-01
  0.9629449971E-02  0.5323917666E+01  0.5229524773E-01
  0.9726717143E-02  0.5321890615E+01  0.5281299156E-01
  0.9824966811E-02  0.5319830953E+01  0.5333576436E-01
  0.9924208900E-02  0.5317751871E+01  0.5386361233E-01
  0.1002445343E-01  0.5315654692E+01  0.5439658278E-01
  0.1012571054E-01  0.5313539224E+01  0.5493472348E-01
  0.1022799044E-01  0.5311405266E+01  0.5547808264E-01
  0.1033130348E-01  0.5309252611E+01  0.5602670884E-01
  0.1043566008E-01  0.5307081047E+01  0.5658065108E-01
  0.1054107079E-01  0.5304890353E+01  0.5713995879E-01
  0.1064754625E-01  0.5302680300E+01  0.5770468179E-01
  0.1075509722E-01  0.5300450652E+01  0.5827487031E-01
  0.1086373457E-01  0.5298201166E+01  0.5885057501E-01
  0.1097346926E-01  0.5295931587E+01  0.5943184696E-01
  0.1108431238E-01  0.5293641654E+01  0.6001873765E-01
  0.1119627514E-01  0.5291332153E+01  0.6061129904E-01
  0.1130936882E-01  0.5289002866E+01  0.6120958360E-01
  0.1142360487E-01  0.5286653195E+01  0.6181364418E-01
  0.1153899482E-01  0.5284298035E+01  0.6242353494E-01
  0.1165555032E-01  0.5281908587E+01  0.6303930970E-01
  0.1177328316E-01  0.5279497416E+01  0.6366102182E-01
  0.1189220521E-01  0.5277064207E+01  0.6428872580E-01
  0.1201232849E-01  0.5274608629E+01  0.6492247661E-01
  0.1213366514E-01  0.5272130339E+01  0.6556232960E-01
  0.1225622742E-01  0.5269628983E+01  0.6620834060E-01
  0.1238002770E-01  0.5267104190E+01  0.6686056584E-01
  0.1250507848E-01  0.5264555772E+01  0.6751906201E-01
  0.1263139240E-01  0.5261983870E+01  0.6818388628E-01
  0.1275898223E-01  0.5259396704E+01  0.6885509682E-01
  0.1288786083E-01  0.5256790646E+01  0.6953275261E-01
  0.1301804125E-01  0.5254188780E+01  0.7021691443E-01
  0.1314953661E-01  0.5251592607E+01  0.7090764521E-01
  0.1328236022E-01  0.5248993424E+01  0.7160500805E-01
  0.1341652547E-01  0.5246390857E+01  0.7230906600E-01
  0.1355204593E-01  0.5243764724E+01  0.7301988135E-01
  0.1368893528E-01  0.5241116595E+01  0.7373751566E-01
  0.1382720736E-01  0.5238448550E+01  0.7446203126E-01
  0.1396687612E-01  0.5235796070E+01  0.7519349364E-01
  0.1410795567E-01  0.5233121568E+01  0.7593196877E-01
  0.1425046028E-01  0.5230443065E+01  0.7667752184E-01
  0.1439440432E-01  0.5227776185E+01  0.7743022102E-01
  0.1453980234E-01  0.5225111755E+01  0.7819013564E-01
  0.1468666903E-01  0.5222424440E+01  0.7895733317E-01
  0.1483501923E-01  0.5219713707E+01  0.7973187977E-01
  0.1498486790E-01  0.5216978994E+01  0.8051384208E-01
  0.1513623021E-01  0.5214219713E+01  0.8130328720E-01
  0.1528912142E-01  0.5211435250E+01  0.8210028273E-01
  0.1544355699E-01  0.5208624959E+01  0.8290489670E-01
  0.1559955252E-01  0.5205805452E+01  0.8371719897E-01
  0.1575712375E-01  0.5202990286E+01  0.8453726238E-01
  0.1591628662E-01  0.5200123435E+01  0.8536515708E-01
  0.1607705719E-01  0.5197227636E+01  0.8620095112E-01
  0.1623945171E-01  0.5194248855E+01  0.8704471052E-01
  0.1640348657E-01  0.5191150108E+01  0.8789649428E-01
  0.1656917836E-01  0.5188058277E+01  0.8875636906E-01
  0.1673654380E-01  0.5184999714E+01  0.8962441475E-01
  0.1690559979E-01  0.5181907974E+01  0.9050070872E-01
  0.1707636343E-01  0.5178782140E+01  0.9138532327E-01
  0.1724885195E-01  0.5175625101E+01  0.9227833145E-01
  0.1742308278E-01  0.5172431911E+01  0.9317980672E-01
  0.1759907351E-01  0.5169182218E+01  0.9408982086E-01
  0.1777684193E-01  0.5165891804E+01  0.9500844574E-01
  0.1795640599E-01  0.5162561220E+01  0.9593575522E-01
  0.1813778383E-01  0.5159233370E+01  0.9687182762E-01
  0.1832099377E-01  0.5155916306E+01  0.9781674658E-01
  0.1850605431E-01  0.5152569698E+01  0.9877059359E-01
  0.1869298415E-01  0.5149182024E+01  0.9973344600E-01
  0.1888180217E-01  0.5145752018E+01  0.1007053805E+00
  0.1907252745E-01  0.5142278376E+01  0.1016864743E+00
  0.1926517924E-01  0.5138748407E+01  0.1026768034E+00
  0.1945977701E-01  0.5135160143E+01  0.1036764432E+00
  0.1965634041E-01  0.5131511992E+01  0.1046854692E+00
  0.1985488931E-01  0.5127784306E+01  0.1057039552E+00
  0.2005544374E-01  0.5124144204E+01  0.1067319901E+00
  0.2025802398E-01  0.5120486977E+01  0.1077696700E+00
  0.2046265049E-01  0.5116763526E+01  0.1088170764E+00
  0.2066934393E-01  0.5112988356E+01  0.1098742877E+00
  0.2087812518E-01  0.5109249218E+01  0.1109413935E+00
  0.2108901533E-01  0.5105493086E+01  0.1120184877E+00
  0.2130203569E-01  0.5101684858E+01  0.1131056561E+00
  0.2151720777E-01  0.5097822965E+01  0.1142029807E+00
  0.2173455330E-01  0.5093905815E+01  0.1153105441E+00
  0.2195409424E-01  0.5089931787E+01  0.1164284287E+00
  0.2217585277E-01  0.5085899241E+01  0.1175567174E+00
  0.2239985128E-01  0.5081806514E+01  0.1186954929E+00
  0.2262611241E-01  0.5077651927E+01  0.1198448381E+00
  0.2285465900E-01  0.5073433786E+01  0.1210048361E+00
  0.2308551414E-01  0.5069150386E+01  0.1221755700E+00
  0.2331870115E-01  0.5064800015E+01  0.1233571228E+00
  0.2355424359E-01  0.5060432537E+01  0.1245495838E+00
  0.2379216524E-01  0.5056011374E+01  0.1257530443E+00
  0.2403249014E-01  0.5051598479E+01  0.1269675995E+00
  0.2427524257E-01  0.5047115297E+01  0.1281933431E+00
  0.2452044704E-01  0.5042580270E+01  0.1294303623E+00
  0.2476812832E-01  0.5037823259E+01  0.1306787260E+00
  0.2501831143E-01  0.5033007075E+01  0.1319385018E+00
  0.2527102165E-01  0.5028166268E+01  0.1332097825E+00
  0.2552628449E-01  0.5023242623E+01  0.1344926581E+00
  0.2578412575E-01  0.5018239561E+01  0.1357872123E+00
  0.2604457147E-01  0.5013157300E+01  0.1370935294E+00
  0.2630764795E-01  0.5007988569E+01  0.1384116933E+00
  0.2657338176E-01  0.5002731926E+01  0.1397417868E+00
  0.2684179976E-01  0.4997385997E+01  0.1410838926E+00
  0.2711292905E-01  0.4992012952E+01  0.1424381019E+00
  0.2738679702E-01  0.4986614010E+01  0.1438045151E+00
  0.2766343134E-01  0.4981282527E+01  0.1451832462E+00
  0.2794285993E-01  0.4975946173E+01  0.1465744134E+00
  0.2822511105E-01  0.4970547420E+01  0.1479781179E+00
  0.2851021318E-01  0.4965075820E+01  0.1493944516E+00
  0.2879819513E-01  0.4959531477E+01  0.1508235054E+00
  0.2908908599E-01  0.4953914599E+01  0.1522653709E+00
  0.2938291514E-01  0.4948225502E+01  0.1537201396E+00
  0.2967971226E-01  0.4942426022E+01  0.1551878980E+00
  0.2997950734E-01  0.4936547428E+01  0.1566687318E+00
  0.3028233064E-01  0.4930622186E+01  0.1581627363E+00
  0.3058821277E-01  0.4924587031E+01  0.1596700025E+00
  0.3089718462E-01  0.4918472158E+01  0.1611906166E+00
  0.3120927739E-01  0.4912290362E+01  0.1627246715E+00
  0.3152452262E-01  0.4906042696E+01  0.1642722628E+00
  0.3184295214E-01  0.4899797657E+01  0.1658334974E+00
  0.3216459812E-01  0.4893477730E+01  0.1674084812E+00
  0.3248949305E-01  0.4887138893E+01  0.1689973176E+00
  0.3281766975E-01  0.4880695736E+01  0.1706001054E+00
  0.3314916136E-01  0.4874256650E+01  0.1722169479E+00
  0.3348400137E-01  0.4867750815E+01  0.1738479548E+00
  0.3382222361E-01  0.4861161132E+01  0.1754932220E+00
  0.3416386223E-01  0.4854509449E+01  0.1771528462E+00
  0.3450895175E-01  0.4847714205E+01  0.1788269140E+00
  0.3485752702E-01  0.4840779438E+01  0.1805154987E+00
  0.3520962325E-01  0.4833706207E+01  0.1822186736E+00
  0.3556527601E-01  0.4826491801E+01  0.1839365117E+00
  0.3592452122E-01  0.4819203978E+01  0.1856690967E+00
  0.3628739518E-01  0.4811843571E+01  0.1874165248E+00
  0.3665393452E-01  0.4804315693E+01  0.1891788752E+00
  0.3702417628E-01  0.4796497698E+01  0.1909561862E+00
  0.3739815786E-01  0.4788407625E+01  0.1927484752E+00
  0.3777591703E-01  0.4780243671E+01  0.1945557981E+00
  0.3815749195E-01  0.4772006543E+01  0.1963782477E+00
  0.3854292116E-01  0.4763589416E+01  0.1982158963E+00
  0.3893224360E-01  0.4755155787E+01  0.2000688268E+00
  0.3932549859E-01  0.4746725991E+01  0.2019371580E+00
  0.3972272585E-01  0.4738255445E+01  0.2038210046E+00
  0.4012396550E-01  0.4729717043E+01  0.2057204676E+00
  0.4052925808E-01  0.4720780001E+01  0.2076355758E+00
  0.4093864453E-01  0.4711869636E+01  0.2095663752E+00
  0.4135216619E-01  0.4702974305E+01  0.2115129962E+00
  0.4176986484E-01  0.4694066165E+01  0.2134755618E+00
  0.4219178266E-01  0.4685128367E+01  0.2154541864E+00
  0.4261796229E-01  0.4676197242E+01  0.2174489895E+00
  0.4304844675E-01  0.4667243697E+01  0.2194600926E+00
  0.4348327955E-01  0.4658483690E+01  0.2214876587E+00
  0.4392250460E-01  0.4649773499E+01  0.2235318685E+00
  0.4436616626E-01  0.4641159665E+01  0.2255928840E+00
  0.4481430935E-01  0.4632333070E+01  0.2276708098E+00
  0.4526697914E-01  0.4623319689E+01  0.2297656870E+00
  0.4572422136E-01  0.4614240452E+01  0.2318775883E+00
  0.4618608218E-01  0.4605093107E+01  0.2340066127E+00
  0.4665260826E-01  0.4595846956E+01  0.2361528520E+00
  0.4712384673E-01  0.4586482644E+01  0.2383163855E+00
  0.4759984518E-01  0.4576686070E+01  0.2404972125E+00
  0.4808065170E-01  0.4566932055E+01  0.2426953681E+00
  0.4856631485E-01  0.4556919265E+01  0.2449109273E+00
  0.4905688368E-01  0.4546528698E+01  0.2471438612E+00
  0.4955240776E-01  0.4536033714E+01  0.2493941754E+00
  0.5005293713E-01  0.4525425349E+01  0.2516619386E+00
  0.5055852235E-01  0.4514896158E+01  0.2539472651E+00
  0.5106921450E-01  0.4504652240E+01  0.2562503714E+00
  0.5158506515E-01  0.4494360220E+01  0.2585714446E+00
  0.5210612641E-01  0.4484276429E+01  0.2609106545E+00
  0.5263245092E-01  0.4474233662E+01  0.2632681962E+00
  0.5316409184E-01  0.4464051100E+01  0.2656441751E+00
  0.5370110287E-01  0.4453700216E+01  0.2680386406E+00
  0.5424353825E-01  0.4443267965E+01  0.2704516557E+00
  0.5479145278E-01  0.4432883767E+01  0.2728833420E+00
  0.5534490180E-01  0.4422411556E+01  0.2753338192E+00
  0.5590394121E-01  0.4411894106E+01  0.2778031817E+00
  0.5646862749E-01  0.4402066498E+01  0.2802917430E+00
  0.5703901766E-01  0.4392491516E+01  0.2827999078E+00
  0.5761516936E-01  0.4382679162E+01  0.2853278225E+00
  0.5819714076E-01  0.4372824497E+01  0.2878755489E+00
  0.5878499067E-01  0.4362860445E+01  0.2904431847E+00
  0.5937877846E-01  0.4352806006E+01  0.2930308128E+00
  0.5997856410E-01  0.4342800041E+01  0.2956385626E+00
  0.6058440818E-01  0.4332865869E+01  0.2982666131E+00
  0.6119637190E-01  0.4322949049E+01  0.3009151354E+00
  0.6181451707E-01  0.4312717792E+01  0.3035841833E+00
  0.6243890613E-01  0.4302506668E+01  0.3062738092E+00
  0.6306960215E-01  0.4292472408E+01  0.3089842188E+00
  0.6370666884E-01  0.4283096292E+01  0.3117158234E+00
  0.6435017054E-01  0.4274466920E+01  0.3144692266E+00
  0.6500017227E-01  0.4266197606E+01  0.3172449500E+00
  0.6565673966E-01  0.4258080695E+01  0.3200433316E+00
  0.6631993905E-01  0.4250298524E+01  0.3228647075E+00
  0.6698983743E-01  0.4242870963E+01  0.3257094877E+00
  0.6766650245E-01  0.4235676095E+01  0.3285780559E+00
  0.6835000248E-01  0.4228731090E+01  0.3314707671E+00
  0.6904040654E-01  0.4222088328E+01  0.3343880072E+00
  0.6973778439E-01  0.4215819126E+01  0.3373302120E+00
  0.7044220645E-01  0.4209827102E+01  0.3402978176E+00
  0.7115374389E-01  0.4203984081E+01  0.3432911884E+00
  0.7187246858E-01  0.4198239169E+01  0.3463106310E+00
  0.7259845311E-01  0.4192644019E+01  0.3493564567E+00
  0.7333177082E-01  0.4186845933E+01  0.3524288709E+00
  0.7407249577E-01  0.4181252073E+01  0.3555281004E+00
  0.7482070280E-01  0.4175834333E+01  0.3586545158E+00
  0.7557646748E-01  0.4170563335E+01  0.3618084721E+00
  0.7633986614E-01  0.4165250294E+01  0.3649902466E+00
  0.7711097590E-01  0.4159954888E+01  0.3682000701E+00
  0.7788987464E-01  0.4154535482E+01  0.3714381431E+00
  0.7867664105E-01  0.4149351216E+01  0.3747047527E+00
  0.7947135460E-01  0.4144131762E+01  0.3780002243E+00
  0.8027409556E-01  0.4138274935E+01  0.3813245379E+00
  0.8108494501E-01  0.4131793225E+01  0.3846774280E+00
  0.8190398485E-01  0.4125215100E+01  0.3880588374E+00
  0.8273129783E-01  0.4118655404E+01  0.3914689679E+00
  0.8356696751E-01  0.4112401805E+01  0.3949081904E+00
  0.8441107829E-01  0.4105944599E+01  0.3983767878E+00
  0.8526371544E-01  0.4098991988E+01  0.4018747047E+00
  0.8612496510E-01  0.4091061895E+01  0.4054015452E+00
  0.8699491424E-01  0.4083307594E+01  0.4089571881E+00
  0.8787365075E-01  0.4073917071E+01  0.4125412136E+00
  0.8876126338E-01  0.4064334403E+01  0.4161530210E+00
  0.8965784180E-01  0.4054592344E+01  0.4197926483E+00
  0.9056347656E-01  0.4044728512E+01  0.4234601615E+00
  0.9147825915E-01  0.4033980730E+01  0.4271552928E+00
  0.9240228197E-01  0.4022810978E+01  0.4308776225E+00
  0.9333563836E-01  0.4011991374E+01  0.4346272896E+00
  0.9427842258E-01  0.4001351002E+01  0.4384047160E+00
  0.9523072988E-01  0.3990371747E+01  0.4422100039E+00
  0.9619265645E-01  0.3978993444E+01  0.4460429759E+00
  0.9716429944E-01  0.3968018495E+01  0.4499038052E+00
  0.9814575701E-01  0.3957635898E+01  0.4537931519E+00
  0.9913712829E-01  0.3949001767E+01  0.4577123587E+00
  0.1001385134E+00  0.3940590101E+01  0.4616626187E+00
  0.1011500136E+00  0.3932047537E+01  0.4656442057E+00
  0.1021717309E+00  0.3924062732E+01  0.4696575676E+00
  0.1032037686E+00  0.3916301704E+01  0.4737033434E+00
  0.1042462309E+00  0.3908574240E+01  0.4777819126E+00
  0.1052992231E+00  0.3900852507E+01  0.4818935454E+00
  0.1063628516E+00  0.3892845907E+01  0.4860383453E+00
  0.1074372239E+00  0.3884564395E+01  0.4902162622E+00
  0.1085224483E+00  0.3876892197E+01  0.4944277236E+00
  0.1096186347E+00  0.3869200207E+01  0.4986733039E+00
  0.1107258936E+00  0.3860996270E+01  0.5029529685E+00
  0.1118443370E+00  0.3851748352E+01  0.5072661025E+00
  0.1129740778E+00  0.3842244927E+01  0.5116122115E+00
  0.1141152301E+00  0.3832591434E+01  0.5159912901E+00
  0.1152679092E+00  0.3823628032E+01  0.5204038721E+00
  0.1164322315E+00  0.3814613383E+01  0.5248505596E+00
  0.1176083146E+00  0.3805457837E+01  0.5293314783E+00
  0.1187962774E+00  0.3796048465E+01  0.5338466315E+00
  0.1199962398E+00  0.3787418489E+01  0.5383965691E+00
  0.1212083230E+00  0.3778935032E+01  0.5429820942E+00
  0.1224326495E+00  0.3769152128E+01  0.5476027558E+00
  0.1236693429E+00  0.3759006059E+01  0.5522577677E+00
  0.1249185282E+00  0.3749257432E+01  0.5569473738E+00
  0.1261803315E+00  0.3740408356E+01  0.5616726163E+00
  0.1274548803E+00  0.3732995201E+01  0.5664352251E+00
  0.1287423034E+00  0.3724356860E+01  0.5712356085E+00
  0.1300427307E+00  0.3714769731E+01  0.5760726302E+00
  0.1313562936E+00  0.3702842164E+01  0.5809443802E+00
  0.1326831249E+00  0.3689675028E+01  0.5858486917E+00
  0.1340233585E+00  0.3674874182E+01  0.5907837997E+00
  0.1353771298E+00  0.3659760437E+01  0.5957485087E+00
  0.1367445755E+00  0.3644009242E+01  0.6007422631E+00
  0.1381258338E+00  0.3627597870E+01  0.6057642471E+00
  0.1395210443E+00  0.3610465054E+01  0.6108135576E+00
  0.1409303478E+00  0.3591824374E+01  0.6158886633E+00
  0.1423538866E+00  0.3572014676E+01  0.6209876650E+00
  0.1437918047E+00  0.3551757369E+01  0.6261093652E+00
  0.1452442472E+00  0.3531559442E+01  0.6312534203E+00
  0.1467113608E+00  0.3511889696E+01  0.6364201903E+00
  0.1481932937E+00  0.3492842208E+01  0.6416104618E+00
  0.1496901957E+00  0.3472697381E+01  0.6468238267E+00
  0.1512022178E+00  0.3451469100E+01  0.6520585733E+00
  0.1527295130E+00  0.3430000135E+01  0.6573135905E+00
  0.1542722353E+00  0.3408664855E+01  0.6625886712E+00
  0.1558305407E+00  0.3386985132E+01  0.6678835203E+00
  0.1574045866E+00  0.3363672213E+01  0.6731964424E+00
  0.1589945319E+00  0.3338031576E+01  0.6785241137E+00
  0.1606005373E+00  0.3313485468E+01  0.6838652998E+00
  0.1622227649E+00  0.3294085218E+01  0.6892247917E+00
  0.1638613787E+00  0.3276671928E+01  0.6946082583E+00
  0.1655165442E+00  0.3260814134E+01  0.7000185688E+00
  0.1671884284E+00  0.3245059637E+01  0.7054571029E+00
  0.1688772004E+00  0.3229729707E+01  0.7109243244E+00
  0.1705830308E+00  0.3215692858E+01  0.7164217229E+00
  0.1723060917E+00  0.3201212486E+01  0.7219500823E+00
  0.1740465572E+00  0.3187504479E+01  0.7275097533E+00
  0.1758046033E+00  0.3174730381E+01  0.7331023042E+00
  0.1775804074E+00  0.3159654684E+01  0.7387266176E+00
  0.1793741488E+00  0.3145109429E+01  0.7443811761E+00
  0.1811860089E+00  0.3130298382E+01  0.7500662566E+00
  0.1830161706E+00  0.3112607575E+01  0.7557790203E+00
  0.1848648188E+00  0.3092446866E+01  0.7615145016E+00
  0.1867321402E+00  0.3068618286E+01  0.7672668460E+00
  0.1886183235E+00  0.3044146192E+01  0.7730317429E+00
  0.1905235591E+00  0.3020098607E+01  0.7788086504E+00
  0.1924480394E+00  0.2994254998E+01  0.7845959032E+00
  0.1943919590E+00  0.2965715716E+01  0.7903887552E+00
  0.1963555142E+00  0.2938248160E+01  0.7961851345E+00
  0.1983389032E+00  0.2914525703E+01  0.8019892982E+00
  0.2003423265E+00  0.2889772822E+01  0.8078035316E+00
  0.2023659863E+00  0.2864257446E+01  0.8136256316E+00
  0.2044100872E+00  0.2837768977E+01  0.8194533902E+00
  0.2064748356E+00  0.2809132830E+01  0.8252831058E+00
  0.2085604400E+00  0.2778927440E+01  0.8311103474E+00
  0.2106671111E+00  0.2747136748E+01  0.8369311473E+00
  0.2127950617E+00  0.2715373172E+01  0.8427431229E+00
  0.2149445068E+00  0.2680618052E+01  0.8485423163E+00
  0.2171156634E+00  0.2643592587E+01  0.8543221639E+00
  0.2193087509E+00  0.2607895835E+01  0.8600806507E+00
  0.2215239908E+00  0.2575817366E+01  0.8658222349E+00
  0.2237616069E+00  0.2545346561E+01  0.8715518343E+00
  0.2260218251E+00  0.2512680540E+01  0.8772679569E+00
  0.2283048739E+00  0.2477126412E+01  0.8829639431E+00
  0.2306109837E+00  0.2439327210E+01  0.8886328841E+00
  0.2329403876E+00  0.2396867873E+01  0.8942656099E+00
  0.2352933208E+00  0.2350457063E+01  0.8998506792E+00
  0.2376700210E+00  0.2301374957E+01  0.9053786842E+00
  0.2400707283E+00  0.2247646779E+01  0.9108391190E+00
  0.2424956851E+00  0.2187040662E+01  0.9162160819E+00
  0.2449451365E+00  0.2122103854E+01  0.9214936018E+00
  0.2474193298E+00  0.2056681912E+01  0.9266631637E+00
  0.2499185149E+00  0.1989494066E+01  0.9317192352E+00
  0.2524429444E+00  0.1927492811E+01  0.9366633137E+00
  0.2549928731E+00  0.1866121206E+01  0.9415000364E+00
  0.2575685587E+00  0.1797950130E+01  0.9462187842E+00
  0.2601702613E+00  0.1726758749E+01  0.9508039064E+00
  0.2627982438E+00  0.1656387440E+01  0.9552493308E+00
  0.2654527715E+00  0.1588351995E+01  0.9595559561E+00
  0.2681341126E+00  0.1520508071E+01  0.9637239133E+00
  0.2708425380E+00  0.1452718479E+01  0.9677502944E+00
  0.2735783212E+00  0.1382364083E+01  0.9716283801E+00
  0.2763417386E+00  0.1312569661E+01  0.9753519934E+00
  0.2791330693E+00  0.1247041182E+01  0.9789243536E+00
  0.2819525952E+00  0.1184693221E+01  0.9823525227E+00
  0.2848006012E+00  0.1128532841E+01  0.9856465636E+00
  0.2876773750E+00  0.1076925529E+01  0.9888188660E+00
  0.2905832071E+00  0.1025329295E+01  0.9918732657E+00
  0.2935183910E+00  0.9746641862E+00  0.9948084401E+00
  0.2964832232E+00  0.9262773498E+00  0.9976264264E+00
  0.2994780032E+00  0.8827339545E+00  0.1000335222E+01
  0.3025030336E+00  0.8416266015E+00  0.1002943343E+01
  0.3055586198E+00  0.8030442680E+00  0.1005456060E+01
  0.3086450705E+00  0.7636628707E+00  0.1007873842E+01
  0.3117626974E+00  0.7247073194E+00  0.1010193934E+01
  0.3149118156E+00  0.6862333341E+00  0.1012415543E+01
  0.3180927430E+00  0.6490428003E+00  0.1014539252E+01
  0.3213058010E+00  0.6135383249E+00  0.1016567625E+01
  0.3245513142E+00  0.5794120813E+00  0.1018503493E+01
  0.3278296103E+00  0.5502271059E+00  0.1020355139E+01
  0.3311410205E+00  0.5258209385E+00  0.1022136757E+01
  0.3344858793E+00  0.5021479952E+00  0.1023855962E+01
  0.3378645245E+00  0.4785332736E+00  0.1025512649E+01
  0.3412772975E+00  0.4560506927E+00  0.1027107411E+01
  0.3447245429E+00  0.4371975003E+00  0.1028647034E+01
  0.3482066090E+00  0.4190051166E+00  0.1030137711E+01
  0.3517238475E+00  0.3983946370E+00  0.1031575206E+01
  0.3552766136E+00  0.3729587904E+00  0.1032945425E+01
  0.3588652663E+00  0.3452956568E+00  0.1034234208E+01
  0.3624901680E+00  0.3161027537E+00  0.1035432960E+01
  0.3661516848E+00  0.2912996598E+00  0.1036544967E+01
  0.3698501867E+00  0.2709266587E+00  0.1037584665E+01
  0.3735860472E+00  0.2478654690E+00  0.1038553732E+01
  0.3773596436E+00  0.2225031516E+00  0.1039441223E+01
  0.3811713572E+00  0.1936212623E+00  0.1040234296E+01
  0.3850215729E+00  0.1623813649E+00  0.1040919640E+01
  0.3889106797E+00  0.1284310038E+00  0.1041485140E+01
  0.3928390704E+00  0.9666353136E-01  0.1041927270E+01
  0.3968071418E+00  0.7076921628E-01  0.1042259462E+01
  0.4008152948E+00  0.5124989702E-01  0.1042503998E+01
  0.4048639341E+00  0.2837832369E-01  0.1042665191E+01
  0.4089534688E+00  0.5688182846E-02  0.1042734849E+01
  0.4130843119E+00 -0.1565206778E-01  0.1042714269E+01
  0.4172568807E+00 -0.3816639219E-01  0.1042601989E+01
  0.4214715967E+00 -0.7014043708E-01  0.1042373747E+01
  0.4257288855E+00 -0.1031052462E+00  0.1042004969E+01
  0.4300291773E+00 -0.1325715002E+00  0.1041498229E+01
  0.4343729064E+00 -0.1583607020E+00  0.1040866364E+01
  0.4387605115E+00 -0.1856111615E+00  0.1040111758E+01
  0.4431924359E+00 -0.2156927778E+00  0.1039222483E+01
  0.4476691271E+00 -0.2497135757E+00  0.1038180743E+01
  0.4521910375E+00 -0.2821280647E+00  0.1036978273E+01
  0.4567586237E+00 -0.3002520786E+00  0.1035648237E+01
  0.4613723472E+00 -0.3083638280E+00  0.1034244245E+01
  0.4660326740E+00 -0.3151988224E+00  0.1032791242E+01
  0.4707400747E+00 -0.3190705173E+00  0.1031298362E+01
  0.4754950250E+00 -0.3167628412E+00  0.1029786684E+01
  0.4802980050E+00 -0.3128584332E+00  0.1028274654E+01
  0.4851495000E+00 -0.2976527797E+00  0.1026793708E+01
  0.4900500000E+00 -0.2807776964E+00  0.1025376409E+01
  0.4950000000E+00 -0.2639613224E+00  0.1024028180E+01
  0.5000000000E+00 -0.2539655936E+00  0.1022737161E+01
  0.5050000000E+00 -0.2588189961E+00  0.1021455200E+01
  0.5099500000E+00 -0.2700962509E+00  0.1020146135E+01
  0.5148505000E+00 -0.2902177487E+00  0.1018773225E+01
  0.5197019950E+00 -0.3181509523E+00  0.1017297476E+01
  0.5245049750E+00 -0.3453952791E+00  0.1015703977E+01
  0.5292599253E+00 -0.3620389446E+00  0.1014022069E+01
  0.5339673260E+00 -0.3767253312E+00  0.1012283240E+01
  0.5386276528E+00 -0.3918010683E+00  0.1010492448E+01
  0.5432413763E+00 -0.4027577068E+00  0.1008659510E+01
  0.5478089625E+00 -0.4096199312E+00  0.1006804208E+01
  0.5523308729E+00 -0.4110300437E+00  0.1004948755E+01
  0.5568075641E+00 -0.4092590195E+00  0.1003112665E+01
  0.5612394885E+00 -0.4119437329E+00  0.1001292910E+01
  0.5656270936E+00 -0.4230269316E+00  0.9994611496E+00
  0.5699708227E+00 -0.4399173844E+00  0.9975869515E+00
  0.5742711145E+00 -0.4611179788E+00  0.9956495940E+00
  0.5785284033E+00 -0.4924388592E+00  0.9936198105E+00
  0.5827431193E+00 -0.5315360134E+00  0.9914619289E+00
  0.5869156881E+00 -0.5737728237E+00  0.9891559403E+00
  0.5910465312E+00 -0.6112422723E+00  0.9867083846E+00
  0.5951360659E+00 -0.6523754944E+00  0.9841245803E+00
  0.5991847052E+00 -0.6971933657E+00  0.9813926215E+00
  0.6031928582E+00 -0.7432275689E+00  0.9785059078E+00
  0.6071609296E+00 -0.7866653475E+00  0.9754705456E+00
  0.6110893203E+00 -0.8290066720E+00  0.9722970501E+00
  0.6149784271E+00 -0.8669185307E+00  0.9689992330E+00
  0.6188286428E+00 -0.9019080614E+00  0.9655940510E+00
  0.6226403564E+00 -0.9351452185E+00  0.9620928905E+00
  0.6264139528E+00 -0.9577784129E+00  0.9585213256E+00
  0.6301498133E+00 -0.9763126396E+00  0.9549085785E+00
  0.6338483152E+00 -0.9934809007E+00  0.9512659359E+00
  0.6375098320E+00 -0.1003859579E+01  0.9476092880E+00
  0.6411347337E+00 -0.1013854439E+01  0.9439522805E+00
  0.6447233864E+00 -0.1017630736E+01  0.9403071332E+00
  0.6482761525E+00 -0.1019891650E+01  0.9366877129E+00
  0.6517933910E+00 -0.1023082431E+01  0.9330948994E+00
  0.6552754571E+00 -0.1030248519E+01  0.9295199824E+00
  0.6587227025E+00 -0.1043967828E+01  0.9259448160E+00
  0.6621354755E+00 -0.1062320051E+01  0.9223506748E+00
  0.6655141207E+00 -0.1077876324E+01  0.9187351926E+00
  0.6688589795E+00 -0.1091658687E+01  0.9151067985E+00
  0.6721703897E+00 -0.1107238907E+01  0.9114660725E+00
  0.6754486858E+00 -0.1120749173E+01  0.9078140702E+00
  0.6786941990E+00 -0.1135563574E+01  0.9041526239E+00
  0.6819072570E+00 -0.1146312593E+01  0.9004867236E+00
  0.6850881844E+00 -0.1156039268E+01  0.8968249165E+00
  0.6882373026E+00 -0.1170270280E+01  0.8931620047E+00
  0.6913549295E+00 -0.1186457263E+01  0.8894883060E+00
  0.6944413802E+00 -0.1202425576E+01  0.8858017215E+00
  0.6974969664E+00 -0.1215704348E+01  0.8821073193E+00
  0.7005219968E+00 -0.1229090779E+01  0.8784095296E+00
  0.7035167768E+00 -0.1247102371E+01  0.8747017027E+00
  0.7064816090E+00 -0.1268292434E+01  0.8709728409E+00
  0.7094167929E+00 -0.1292902641E+01  0.8672140516E+00
  0.7123226250E+00 -0.1318011276E+01  0.8634206129E+00
  0.7151993988E+00 -0.1343337191E+01  0.8595925642E+00
  0.7180474048E+00 -0.1367829158E+01  0.8557318551E+00
  0.7208669307E+00 -0.1393466926E+01  0.8518390822E+00
  0.7236582614E+00 -0.1416388487E+01  0.8479174643E+00
  0.7264216788E+00 -0.1444803740E+01  0.8439641302E+00
  0.7291574620E+00 -0.1478097661E+01  0.8399659179E+00
  0.7318658874E+00 -0.1506595181E+01  0.8359240089E+00
  0.7345472285E+00 -0.1529300421E+01  0.8318538731E+00
  0.7372017562E+00 -0.1546025478E+01  0.8277721042E+00
  0.7398297387E+00 -0.1557310437E+01  0.8236943480E+00
  0.7424314413E+00 -0.1564679885E+01  0.8196331028E+00
  0.7450071269E+00 -0.1572750387E+01  0.8155925859E+00
  0.7475570556E+00 -0.1584280967E+01  0.8115674834E+00
  0.7500814851E+00 -0.1596586989E+01  0.8075525450E+00
  0.7525806702E+00 -0.1609904397E+01  0.8035457372E+00
  0.7550548635E+00 -0.1624238393E+01  0.7995447900E+00
  0.7575043149E+00 -0.1638069180E+01  0.7955493581E+00
  0.7599292717E+00 -0.1649138720E+01  0.7915636895E+00
  0.7623299790E+00 -0.1660264787E+01  0.7875912349E+00
  0.7647066792E+00 -0.1671293118E+01  0.7836321777E+00
  0.7670596124E+00 -0.1682415526E+01  0.7796866515E+00
  0.7693890163E+00 -0.1694452480E+01  0.7757536068E+00
  0.7716951261E+00 -0.1708153577E+01  0.7718302151E+00
  0.7739781749E+00 -0.1722399483E+01  0.7679141552E+00
  0.7762383931E+00 -0.1741393025E+01  0.7639996917E+00
  0.7784760092E+00 -0.1760099284E+01  0.7600821940E+00
  0.7806912491E+00 -0.1777343717E+01  0.7561640515E+00
  0.7828843366E+00 -0.1797823105E+01  0.7522437247E+00
  0.7850554932E+00 -0.1820559640E+01  0.7483156868E+00
  0.7872049383E+00 -0.1844152439E+01  0.7443771382E+00
  0.7893328889E+00 -0.1867897184E+01  0.7404276090E+00
  0.7914395600E+00 -0.1890808854E+01  0.7364684303E+00
  0.7935251644E+00 -0.1915362504E+01  0.7324993464E+00
  0.7955899128E+00 -0.1944158341E+01  0.7285148768E+00
  0.7976340137E+00 -0.1975964578E+01  0.7245083135E+00
  0.7996576735E+00 -0.2012198084E+01  0.7204729711E+00
  0.8016610968E+00 -0.2050338904E+01  0.7164034805E+00
  0.8036444858E+00 -0.2089693390E+01  0.7122978332E+00
  0.8056080410E+00 -0.2127912536E+01  0.7081570823E+00
  0.8075519606E+00 -0.2164291585E+01  0.7039852325E+00
  0.8094764409E+00 -0.2199932252E+01  0.6997858009E+00
  0.8113816765E+00 -0.2236596323E+01  0.6955594848E+00
  0.8132678598E+00 -0.2271354329E+01  0.6913080743E+00
  0.8151351812E+00 -0.2304002357E+01  0.6870362436E+00
  0.8169838294E+00 -0.2334452980E+01  0.6827488076E+00
  0.8188139911E+00 -0.2362710155E+01  0.6784505235E+00
  0.8206258512E+00 -0.2391244505E+01  0.6741437732E+00
  0.8224195926E+00 -0.2419670482E+01  0.6698290043E+00
  0.8241953967E+00 -0.2447211169E+01  0.6655076901E+00
  0.8259534428E+00 -0.2472560142E+01  0.6611830979E+00
  0.8276939083E+00 -0.2496675486E+01  0.6568587061E+00
  0.8294169692E+00 -0.2518574984E+01  0.6525379151E+00
  0.8311227996E+00 -0.2539373737E+01  0.6482239140E+00
  0.8328115716E+00 -0.2559504138E+01  0.6439184929E+00
  0.8344834558E+00 -0.2581338041E+01  0.6396210463E+00
  0.8361386213E+00 -0.2602548309E+01  0.6353309515E+00
  0.8377772351E+00 -0.2626498757E+01  0.6310467572E+00
  0.8393994627E+00 -0.2648038842E+01  0.6267685068E+00
  0.8410054681E+00 -0.2669223719E+01  0.6224987307E+00
  0.8425954134E+00 -0.2689447509E+01  0.6182387336E+00
  0.8441694593E+00 -0.2707672563E+01  0.6139910763E+00
  0.8457277647E+00 -0.2725704830E+01  0.6097576456E+00
  0.8472704870E+00 -0.2743660849E+01  0.6055387893E+00
  0.8487977822E+00 -0.2762779956E+01  0.6013338092E+00
  0.8503098043E+00 -0.2781808182E+01  0.5971420391E+00
  0.8518067063E+00 -0.2799952194E+01  0.5929643650E+00
  0.8532886392E+00 -0.2816944048E+01  0.5888024333E+00
  0.8547557528E+00 -0.2833817795E+01  0.5846572785E+00
  0.8562081953E+00 -0.2851808238E+01  0.5805282561E+00
  0.8576461134E+00 -0.2869439157E+01  0.5764149137E+00
  0.8590696522E+00 -0.2885301713E+01  0.5723188650E+00
  0.8604789557E+00 -0.2900637832E+01  0.5682417927E+00
  0.8618741662E+00 -0.2913393166E+01  0.5641858943E+00
  0.8632554245E+00 -0.2924867703E+01  0.5601538210E+00
  0.8646228702E+00 -0.2935440385E+01  0.5561469943E+00
  0.8659766415E+00 -0.2946177788E+01  0.5521658114E+00
  0.8673168751E+00 -0.2959985988E+01  0.5482079919E+00
  0.8686437064E+00 -0.2974098298E+01  0.5442712276E+00
  0.8699572693E+00 -0.2988107089E+01  0.5403553616E+00
  0.8712576966E+00 -0.3001434377E+01  0.5364608800E+00
  0.8725451197E+00 -0.3015146316E+01  0.5325879377E+00
  0.8738196685E+00 -0.3028971709E+01  0.5287361760E+00
  0.8750814718E+00 -0.3042760802E+01  0.5249055099E+00
  0.8763306571E+00 -0.3056422008E+01  0.5210960052E+00
  0.8775673505E+00 -0.3070308281E+01  0.5173075616E+00
  0.8787916770E+00 -0.3085097093E+01  0.5135394487E+00
  0.8800037602E+00 -0.3098664192E+01  0.5097918320E+00
  0.8812037226E+00 -0.3110821480E+01  0.5060662574E+00
  0.8823916854E+00 -0.3121759369E+01  0.5023642204E+00
  0.8835677685E+00 -0.3133527552E+01  0.4986858516E+00
  0.8847320908E+00 -0.3143996109E+01  0.4950313212E+00
  0.8858847699E+00 -0.3152703064E+01  0.4914022844E+00
  0.8870259222E+00 -0.3160456250E+01  0.4878001463E+00
  0.8881556630E+00 -0.3167821590E+01  0.4842254895E+00
  0.8892741064E+00 -0.3174510609E+01  0.4806787198E+00
  0.8903813653E+00 -0.3181255868E+01  0.4771599802E+00
  0.8914775517E+00 -0.3187973923E+01  0.4736690488E+00
  0.8925627761E+00 -0.3195722268E+01  0.4702051771E+00
  0.8936371484E+00 -0.3203998776E+01  0.4667673358E+00
  0.8947007769E+00 -0.3212338709E+01  0.4633550361E+00
  0.8957537691E+00 -0.3221320366E+01  0.4599677395E+00
  0.8967962314E+00 -0.3232896385E+01  0.4566036007E+00
  0.8978282691E+00 -0.3246318810E+01  0.4532602036E+00
  0.8988499864E+00 -0.3260979552E+01  0.4499358939E+00
  0.8998614866E+00 -0.3277690582E+01  0.4466289610E+00
  0.9008628717E+00 -0.3295707805E+01  0.4433377093E+00
  0.9018542430E+00 -0.3313884411E+01  0.4400614294E+00
  0.9028357006E+00 -0.3333254539E+01  0.4367994869E+00
  0.9038073436E+00 -0.3354657008E+01  0.4335503557E+00
  0.9047692701E+00 -0.3377793889E+01  0.4303122940E+00
  0.9057215774E+00 -0.3401626115E+01  0.4270842485E+00
  0.9066643616E+00 -0.3426027681E+01  0.4238657463E+00
  0.9075977180E+00 -0.3451064882E+01  0.4206563572E+00
  0.9085217408E+00 -0.3476371748E+01  0.4174558024E+00
  0.9094365234E+00 -0.3501811007E+01  0.4142640424E+00
  0.9103421582E+00 -0.3526902634E+01  0.4110813187E+00
  0.9112387366E+00 -0.3551836853E+01  0.4079079961E+00
  0.9121263493E+00 -0.3576659458E+01  0.4047443245E+00
  0.9130050858E+00 -0.3601179868E+01  0.4015906097E+00
  0.9138750349E+00 -0.3625320226E+01  0.3984472659E+00
  0.9147362846E+00 -0.3648575173E+01  0.3953149460E+00
  0.9155889217E+00 -0.3671141408E+01  0.3921944148E+00
  0.9164330325E+00 -0.3692638933E+01  0.3890864917E+00
  0.9172687022E+00 -0.3713479165E+01  0.3859919575E+00
  0.9180960151E+00 -0.3733237414E+01  0.3829115749E+00
  0.9189150550E+00 -0.3752805673E+01  0.3798458911E+00
  0.9197259044E+00 -0.3772424095E+01  0.3767949769E+00
  0.9205286454E+00 -0.3791924197E+01  0.3737588708E+00
  0.9213233589E+00 -0.3811643936E+01  0.3707375415E+00
  0.9221101254E+00 -0.3831197334E+01  0.3677309761E+00
  0.9228890241E+00 -0.3849946365E+01  0.3647395595E+00
  0.9236601339E+00 -0.3868327067E+01  0.3617637415E+00
  0.9244235325E+00 -0.3885458736E+01  0.3588041266E+00
  0.9251792972E+00 -0.3902085789E+01  0.3558613511E+00
  0.9259275042E+00 -0.3918615195E+01  0.3529355994E+00
  0.9266682292E+00 -0.3935165186E+01  0.3500268538E+00
  0.9274015469E+00 -0.3951648740E+01  0.3471350837E+00
  0.9281275314E+00 -0.3968079945E+01  0.3442602834E+00
  0.9288462561E+00 -0.3984738882E+01  0.3414023398E+00
  0.9295577935E+00 -0.4001717265E+01  0.3385610085E+00
  0.9302622156E+00 -0.4019693617E+01  0.3357357791E+00
  0.9309595935E+00 -0.4038128855E+01  0.3329261057E+00
  0.9316499975E+00 -0.4056749905E+01  0.3301317371E+00
  0.9323334975E+00 -0.4075129498E+01  0.3273526672E+00
  0.9330101626E+00 -0.4093312887E+01  0.3245890176E+00
  0.9336800609E+00 -0.4111306133E+01  0.3218408871E+00
  0.9343432603E+00 -0.4129047075E+01  0.3191083885E+00
  0.9349998277E+00 -0.4146986111E+01  0.3163915017E+00
  0.9356498295E+00 -0.4164630925E+01  0.3136902190E+00
  0.9362933312E+00 -0.4181947974E+01  0.3110047001E+00
  0.9369303978E+00 -0.4199285626E+01  0.3083349978E+00
  0.9375610939E+00 -0.4216499205E+01  0.3056810968E+00
  0.9381854829E+00 -0.4233317203E+01  0.3030431103E+00
  0.9388036281E+00 -0.4249669704E+01  0.3004212516E+00
  0.9394155918E+00 -0.4265413352E+01  0.2978157906E+00
  0.9400214359E+00 -0.4280325958E+01  0.2952270978E+00
  0.9406212215E+00 -0.4295366984E+01  0.2926553091E+00
  0.9412150093E+00 -0.4309930035E+01  0.2901004490E+00
  0.9418028592E+00 -0.4324498894E+01  0.2875625749E+00
  0.9423848306E+00 -0.4339012145E+01  0.2850416170E+00
  0.9429609823E+00 -0.4352863691E+01  0.2825376975E+00
  0.9435313725E+00 -0.4365994666E+01  0.2800511219E+00
  0.9440960588E+00 -0.4378446114E+01  0.2775821891E+00
  0.9446550982E+00 -0.4390496131E+01  0.2751310969E+00
  0.9452085472E+00 -0.4402295158E+01  0.2726979161E+00
  0.9457564617E+00 -0.4414382364E+01  0.2702825232E+00
  0.9462988971E+00 -0.4427126520E+01  0.2678845496E+00
  0.9468359082E+00 -0.4439592725E+01  0.2655037866E+00
  0.9473675491E+00 -0.4452073713E+01  0.2631401997E+00
  0.9478938736E+00 -0.4464308727E+01  0.2607937444E+00
  0.9484149348E+00 -0.4476345369E+01  0.2584644302E+00
  0.9489307855E+00 -0.4488235631E+01  0.2561522377E+00
  0.9494414776E+00 -0.4499830175E+01  0.2538571704E+00
  0.9499470629E+00 -0.4511296763E+01  0.2515792241E+00
  0.9504475922E+00 -0.4522586178E+01  0.2493183622E+00
  0.9509431163E+00 -0.4533713861E+01  0.2470745548E+00
  0.9514336852E+00 -0.4544693912E+01  0.2448477629E+00
  0.9519193483E+00 -0.4555405141E+01  0.2426379715E+00
  0.9524001548E+00 -0.4565571985E+01  0.2404452589E+00
  0.9528761533E+00 -0.4575607349E+01  0.2382696653E+00
  0.9533473917E+00 -0.4585545517E+01  0.2361111214E+00
  0.9538139178E+00 -0.4595394033E+01  0.2339695476E+00
  0.9542757786E+00 -0.4605159177E+01  0.2318448600E+00
  0.9547330209E+00 -0.4614846026E+01  0.2297369722E+00
  0.9551856906E+00 -0.4624274326E+01  0.2276458369E+00
  0.9556338337E+00 -0.4633498254E+01  0.2255714335E+00
  0.9560774954E+00 -0.4642563763E+01  0.2235137169E+00
  0.9565167205E+00 -0.4651744231E+01  0.2214725705E+00
  0.9569515532E+00 -0.4660862946E+01  0.2194478570E+00
  0.9573820377E+00 -0.4669919774E+01  0.2174394785E+00
  0.9578082173E+00 -0.4678913974E+01  0.2154473373E+00
  0.9582301352E+00 -0.4687844288E+01  0.2134713361E+00
  0.9586478338E+00 -0.4696618018E+01  0.2115113975E+00
  0.9590613555E+00 -0.4705191240E+01  0.2095674716E+00
  0.9594707419E+00 -0.4713792710E+01  0.2076394694E+00
  0.9598760345E+00 -0.4722308501E+01  0.2057272785E+00
  0.9602772742E+00 -0.4730776376E+01  0.2038308023E+00
  0.9606745014E+00 -0.4739216184E+01  0.2019499327E+00
  0.9610677564E+00 -0.4747563989E+01  0.2000845709E+00
  0.9614570788E+00 -0.4755816996E+01  0.1982346311E+00
  0.9618425080E+00 -0.4764016693E+01  0.1964000202E+00
  0.9622240830E+00 -0.4772155210E+01  0.1945806381E+00
  0.9626018421E+00 -0.4780046005E+01  0.1927764223E+00
  0.9629758237E+00 -0.4787669174E+01  0.1909873477E+00
  0.9633460655E+00 -0.4795105056E+01  0.1892133761E+00
  0.9637126048E+00 -0.4802501140E+01  0.1874544260E+00
  0.9640754788E+00 -0.4809658798E+01  0.1857104247E+00
  0.9644347240E+00 -0.4816622672E+01  0.1839813270E+00
  0.9647903767E+00 -0.4823481953E+01  0.1822670621E+00
  0.9651424730E+00 -0.4830256084E+01  0.1805675397E+00
  0.9654910483E+00 -0.4837258740E+01  0.1788826114E+00
  0.9658361378E+00 -0.4844496995E+01  0.1772120752E+00
  0.9661777764E+00 -0.4851595805E+01  0.1755557953E+00
  0.9665159986E+00 -0.4858371517E+01  0.1739137318E+00
  0.9668508386E+00 -0.4864862900E+01  0.1722858679E+00
  0.9671823303E+00 -0.4871315142E+01  0.1706721372E+00
  0.9675105070E+00 -0.4877954576E+01  0.1690723956E+00
  0.9678354019E+00 -0.4884418285E+01  0.1674865229E+00
  0.9681570479E+00 -0.4890760872E+01  0.1659144493E+00
  0.9684754774E+00 -0.4897002843E+01  0.1643560929E+00
  0.9687907226E+00 -0.4903146751E+01  0.1628113677E+00
  0.9691028154E+00 -0.4909195255E+01  0.1612801872E+00
  0.9694117872E+00 -0.4915151106E+01  0.1597624640E+00
  0.9697176694E+00 -0.4920948317E+01  0.1582581204E+00
  0.9700204927E+00 -0.4926646943E+01  0.1567670798E+00
  0.9703202877E+00 -0.4932265739E+01  0.1552892530E+00
  0.9706170849E+00 -0.4937807579E+01  0.1538245484E+00
  0.9709109140E+00 -0.4943275332E+01  0.1523728733E+00
  0.9712018049E+00 -0.4948671845E+01  0.1509341348E+00
  0.9714897868E+00 -0.4953990541E+01  0.1495082407E+00
  0.9717748890E+00 -0.4959238477E+01  0.1480950994E+00
  0.9720571401E+00 -0.4964493378E+01  0.1466946072E+00
  0.9723365687E+00 -0.4969729923E+01  0.1453066542E+00
  0.9726132030E+00 -0.4974934453E+01  0.1439311365E+00
  0.9728870709E+00 -0.4979995050E+01  0.1425679683E+00
  0.9731582002E+00 -0.4985006420E+01  0.1412170664E+00
  0.9734266182E+00 -0.4989968302E+01  0.1398783350E+00
  0.9736923521E+00 -0.4994881640E+01  0.1385516789E+00
  0.9739554285E+00 -0.4999748547E+01  0.1372370028E+00
  0.9742158742E+00 -0.5004571039E+01  0.1359342117E+00
  0.9744737155E+00 -0.5009351024E+01  0.1346432106E+00
  0.9747289784E+00 -0.5014140633E+01  0.1333638981E+00
  0.9749816886E+00 -0.5018896976E+01  0.1320961726E+00
  0.9752318717E+00 -0.5023598950E+01  0.1308399411E+00
  0.9754795530E+00 -0.5028263895E+01  0.1295951120E+00
  0.9757247574E+00 -0.5032894502E+01  0.1283615914E+00
  0.9759675099E+00 -0.5037471884E+01  0.1271392885E+00
  0.9762078348E+00 -0.5042014681E+01  0.1259281127E+00
  0.9764457564E+00 -0.5046527273E+01  0.1247279714E+00
  0.9766812989E+00 -0.5051010556E+01  0.1235387721E+00
  0.9769144859E+00 -0.5055465341E+01  0.1223604226E+00
  0.9771453410E+00 -0.5059892360E+01  0.1211928315E+00
  0.9773738876E+00 -0.5064292263E+01  0.1200359075E+00
  0.9776001487E+00 -0.5068665628E+01  0.1188895603E+00
  0.9778241472E+00 -0.5073012960E+01  0.1177536999E+00
  0.9780459058E+00 -0.5077332256E+01  0.1166282370E+00
  0.9782654467E+00 -0.5081669675E+01  0.1155130786E+00
  0.9784827922E+00 -0.5085910028E+01  0.1144081396E+00
  0.9786979643E+00 -0.5090210809E+01  0.1133133311E+00
  0.9789109847E+00 -0.5094500855E+01  0.1122285556E+00
  0.9791218748E+00 -0.5098695820E+01  0.1111537332E+00
  0.9793306561E+00 -0.5102820971E+01  0.1100887905E+00
  0.9795373495E+00 -0.5106922285E+01  0.1090336470E+00
  0.9797419760E+00 -0.5110999889E+01  0.1079882182E+00
  0.9799445563E+00 -0.5115053865E+01  0.1069524200E+00
  0.9801451107E+00 -0.5119084259E+01  0.1059261690E+00
  0.9803436596E+00 -0.5123088392E+01  0.1049093830E+00
  0.9805402230E+00 -0.5127015254E+01  0.1039019854E+00
  0.9807348208E+00 -0.5130919270E+01  0.1029038998E+00
  0.9809274726E+00 -0.5134800375E+01  0.1019150452E+00
  0.9811181978E+00 -0.5138687635E+01  0.1009353382E+00
  0.9813070158E+00 -0.5142610971E+01  0.9996469101E-01
  0.9814939457E+00 -0.5146515743E+01  0.9900301860E-01
  0.9816790062E+00 -0.5150446273E+01  0.9805023791E-01
  0.9818622162E+00 -0.5154348904E+01  0.9710626747E-01
  0.9820435940E+00 -0.5158195585E+01  0.9617103395E-01
  0.9822231581E+00 -0.5162014109E+01  0.9524446458E-01
  0.9824009265E+00 -0.5165854886E+01  0.9432648010E-01
  0.9825769172E+00 -0.5169710836E+01  0.9341699820E-01
  0.9827511481E+00 -0.5173562302E+01  0.9251593968E-01
  0.9829236366E+00 -0.5177384230E+01  0.9162322996E-01
  0.9830944002E+00 -0.5181176456E+01  0.9073879722E-01
  0.9832634562E+00 -0.5184970480E+01  0.8986256757E-01
  0.9834308216E+00 -0.5188739926E+01  0.8899446727E-01
  0.9835965134E+00 -0.5192490696E+01  0.8813442496E-01
  0.9837605483E+00 -0.5196211815E+01  0.8728237025E-01
  0.9839229428E+00 -0.5199899933E+01  0.8643823448E-01
  0.9840837134E+00 -0.5203555016E+01  0.8560194978E-01
  0.9842428762E+00 -0.5207177039E+01  0.8477344880E-01
  0.9844004475E+00 -0.5210765987E+01  0.8395266471E-01
  0.9845564430E+00 -0.5214321851E+01  0.8313953119E-01
  0.9847108786E+00 -0.5217844634E+01  0.8233398240E-01
  0.9848637698E+00 -0.5221334347E+01  0.8153595303E-01
  0.9850151321E+00 -0.5224791013E+01  0.8074537823E-01
  0.9851649808E+00 -0.5228214662E+01  0.7996219369E-01
  0.9853133310E+00 -0.5231562577E+01  0.7918633871E-01
  0.9854601977E+00 -0.5234862837E+01  0.7841775408E-01
  0.9856055957E+00 -0.5238174338E+01  0.7765637462E-01
  0.9857495397E+00 -0.5241504676E+01  0.7690213094E-01
  0.9858920443E+00 -0.5244801688E+01  0.7615495748E-01
  0.9860331239E+00 -0.5248065448E+01  0.7541479296E-01
  0.9861727926E+00 -0.5251296039E+01  0.7468157655E-01
  0.9863110647E+00 -0.5254493556E+01  0.7395524789E-01
  0.9864479541E+00 -0.5257658105E+01  0.7323574708E-01
  0.9865834745E+00 -0.5260789803E+01  0.7252301463E-01
  0.9867176398E+00 -0.5263888776E+01  0.7181699154E-01
  0.9868504634E+00 -0.5266955160E+01  0.7111761923E-01
  0.9869819588E+00 -0.5269989100E+01  0.7042483955E-01
  0.9871121392E+00 -0.5272990753E+01  0.6973859482E-01
  0.9872410178E+00 -0.5275948211E+01  0.6905882853E-01
  0.9873686076E+00 -0.5278832453E+01  0.6838548724E-01
  0.9874949215E+00 -0.5281676992E+01  0.6771851755E-01
  0.9876199723E+00 -0.5284489931E+01  0.6705786381E-01
  0.9877437726E+00 -0.5287273595E+01  0.6640347019E-01
  0.9878663349E+00 -0.5290028136E+01  0.6575528111E-01
  0.9879876715E+00 -0.5292755799E+01  0.6511324133E-01
  0.9881077948E+00 -0.5295457448E+01  0.6447729585E-01
  0.9882267168E+00 -0.5298112807E+01  0.6384739129E-01
  0.9883444497E+00 -0.5300739932E+01  0.6322347482E-01
  0.9884610052E+00 -0.5303339012E+01  0.6260549294E-01
  0.9885763951E+00 -0.5305910245E+01  0.6199339258E-01
  0.9886906312E+00 -0.5308453832E+01  0.6138712107E-01
  0.9888037249E+00 -0.5310969977E+01  0.6078662617E-01
  0.9889156876E+00 -0.5313458891E+01  0.6019185603E-01
  0.9890265307E+00 -0.5315920786E+01  0.5960275920E-01
  0.9891362654E+00 -0.5318370073E+01  0.5901928388E-01
  0.9892449028E+00 -0.5320797794E+01  0.5844137841E-01
  0.9893524538E+00 -0.5323198424E+01  0.5786899233E-01
  0.9894589292E+00 -0.5325557783E+01  0.5730207671E-01
  0.9895643399E+00 -0.5327888409E+01  0.5674058306E-01
  0.9896686965E+00 -0.5330188058E+01  0.5618446275E-01
  0.9897720096E+00 -0.5332453084E+01  0.5563366784E-01
  0.9898742895E+00 -0.5334693392E+01  0.5508815048E-01
  0.9899755466E+00 -0.5336909202E+01  0.5454786268E-01
  0.9900757911E+00 -0.5339098091E+01  0.5401275699E-01
  0.9901750332E+00 -0.5341254336E+01  0.5348278675E-01
  0.9902732829E+00 -0.5343387054E+01  0.5295790551E-01
  0.9903705500E+00 -0.5345496473E+01  0.5243806678E-01
  0.9904668445E+00 -0.5347582816E+01  0.5192322442E-01
  0.9905621761E+00 -0.5349646311E+01  0.5141333268E-01
  0.9906565543E+00 -0.5351687184E+01  0.5090834617E-01
  0.9907499888E+00 -0.5353705661E+01  0.5040821989E-01
  0.9908424889E+00 -0.5355701968E+01  0.4991290919E-01
  0.9909340640E+00 -0.5357676332E+01  0.4942236978E-01
  0.9910247234E+00 -0.5359628978E+01  0.4893655776E-01
  0.9911144761E+00 -0.5361560132E+01  0.4845542957E-01
  0.9912033314E+00 -0.5363468715E+01  0.4797894207E-01
  0.9912912981E+00 -0.5365343887E+01  0.4750705303E-01
  0.9913783851E+00 -0.5367198680E+01  0.4703972045E-01
  0.9914646012E+00 -0.5369033307E+01  0.4657690217E-01
  0.9915499552E+00 -0.5370847981E+01  0.4611855632E-01
  0.9916344557E+00 -0.5372642914E+01  0.4566464142E-01
  0.9917181111E+00 -0.5374418316E+01  0.4521511633E-01
  0.9918009300E+00 -0.5376174397E+01  0.4476994026E-01
  0.9918829207E+00 -0.5377911365E+01  0.4432907275E-01
  0.9919640915E+00 -0.5379629428E+01  0.4389247369E-01
  0.9920444506E+00 -0.5381328791E+01  0.4346010331E-01
  0.9921240061E+00 -0.5383009659E+01  0.4303192218E-01
  0.9922027660E+00 -0.5384672235E+01  0.4260789119E-01
  0.9922807383E+00 -0.5386316720E+01  0.4218797159E-01
  0.9923579310E+00 -0.5387943315E+01  0.4177212493E-01
  0.9924343516E+00 -0.5389552218E+01  0.4136031310E-01
  0.9925100081E+00 -0.5391154582E+01  0.4095249792E-01
  0.9925849081E+00 -0.5392740351E+01  0.4054864149E-01
  0.9926590590E+00 -0.5394308602E+01  0.4014870669E-01
  0.9927324684E+00 -0.5395859537E+01  0.3975265675E-01
  0.9928051437E+00 -0.5397393358E+01  0.3936045522E-01
  0.9928770923E+00 -0.5398910261E+01  0.3897206595E-01
  0.9929483213E+00 -0.5400410445E+01  0.3858745313E-01
  0.9930188381E+00 -0.5401894104E+01  0.3820658123E-01
  0.9930886497E+00 -0.5403361430E+01  0.3782941504E-01
  0.9931577632E+00 -0.5404814105E+01  0.3745591960E-01
  0.9932261856E+00 -0.5406249732E+01  0.3708606031E-01
  0.9932939238E+00 -0.5407669445E+01  0.3671980290E-01
  0.9933609845E+00 -0.5409070464E+01  0.3635711349E-01
  0.9934273747E+00 -0.5410455669E+01  0.3599795848E-01
  0.9934931009E+00 -0.5411820848E+01  0.3564230464E-01
  0.9935581699E+00 -0.5413168620E+01  0.3529011907E-01
  0.9936225882E+00 -0.5414495866E+01  0.3494136920E-01
  0.9936863623E+00 -0.5415809038E+01  0.3459602263E-01
  0.9937494987E+00 -0.5417108290E+01  0.3425404705E-01
  0.9938120037E+00 -0.5418393776E+01  0.3391541045E-01
  0.9938738837E+00 -0.5419665647E+01  0.3358008110E-01
  0.9939351449E+00 -0.5420924055E+01  0.3324802753E-01
  0.9939957934E+00 -0.5422169431E+01  0.3291921857E-01
  0.9940558355E+00 -0.5423403792E+01  0.3259362326E-01
  0.9941152771E+00 -0.5424621779E+01  0.3227121102E-01
  0.9941741243E+00 -0.5425826924E+01  0.3195195160E-01
  0.9942323831E+00 -0.5427019368E+01  0.3163581493E-01
  0.9942900593E+00 -0.5428199250E+01  0.3132277122E-01
  0.9943471587E+00 -0.5429366709E+01  0.3101279093E-01
  0.9944036871E+00 -0.5430521881E+01  0.3070584480E-01
  0.9944596502E+00 -0.5431664903E+01  0.3040190382E-01
  0.9945150537E+00 -0.5432795908E+01  0.3010093925E-01
  0.9945699032E+00 -0.5433915028E+01  0.2980292262E-01
  0.9946242041E+00 -0.5435022394E+01  0.2950782571E-01
  0.9946779621E+00 -0.5436118136E+01  0.2921562055E-01
  0.9947311825E+00 -0.5437202383E+01  0.2892627943E-01
  0.9947838707E+00 -0.5438275260E+01  0.2863977489E-01
  0.9948360320E+00 -0.5439336892E+01  0.2835607974E-01
  0.9948876716E+00 -0.5440387405E+01  0.2807516699E-01
  0.9949387949E+00 -0.5441426182E+01  0.2779700997E-01
  0.9949894070E+00 -0.5442454067E+01  0.2752158222E-01
  0.9950395129E+00 -0.5443471225E+01  0.2724885751E-01
  0.9950891178E+00 -0.5444477774E+01  0.2697880986E-01
  0.9951382266E+00 -0.5445473828E+01  0.2671141351E-01
  0.9951868443E+00 -0.5446459504E+01  0.2644664295E-01
  0.9952349759E+00 -0.5447434914E+01  0.2618447290E-01
  0.9952826261E+00 -0.5448400171E+01  0.2592487832E-01
  0.9953297999E+00 -0.5449355385E+01  0.2566783438E-01
  0.9953765019E+00 -0.5450300667E+01  0.2541331651E-01
  0.9954227368E+00 -0.5451236123E+01  0.2516130033E-01
  0.9954685095E+00 -0.5452161862E+01  0.2491176172E-01
  0.9955138244E+00 -0.5453077989E+01  0.2466467677E-01
  0.9955586861E+00 -0.5453984610E+01  0.2442002178E-01
  0.9956030993E+00 -0.5454881826E+01  0.2417777328E-01
  0.9956470683E+00 -0.5455769741E+01  0.2393790802E-01
  0.9956905976E+00 -0.5456648456E+01  0.2370040296E-01
  0.9957336916E+00 -0.5457518070E+01  0.2346523529E-01
  0.9957763547E+00 -0.5458378682E+01  0.2323238238E-01
  0.9958185912E+00 -0.5459230391E+01  0.2300182184E-01
  0.9958604053E+00 -0.5460073291E+01  0.2277353147E-01
  0.9959018012E+00 -0.5460907479E+01  0.2254748930E-01
  0.9959427832E+00 -0.5461733049E+01  0.2232367354E-01
  0.9959833554E+00 -0.5462550094E+01  0.2210206261E-01
  0.9960235218E+00 -0.5463358706E+01  0.2188263514E-01
  0.9960632866E+00 -0.5464158976E+01  0.2166536997E-01
  0.9961026537E+00 -0.5464950994E+01  0.2145024610E-01
  0.9961416272E+00 -0.5465734849E+01  0.2123724276E-01
  0.9961802109E+00 -0.5466510629E+01  0.2102633936E-01
  0.9962184088E+00 -0.5467278421E+01  0.2081751552E-01
  0.9962562247E+00 -0.5468038310E+01  0.2061075103E-01
  0.9962936625E+00 -0.5468790381E+01  0.2040602589E-01
  0.9963307258E+00 -0.5469534718E+01  0.2020332027E-01
  0.9963674186E+00 -0.5470271405E+01  0.2000261453E-01
  0.9964037444E+00 -0.5471000523E+01  0.1980388922E-01
  0.9964397070E+00 -0.5471722152E+01  0.1960712508E-01
  0.9964753099E+00 -0.5472436374E+01  0.1941230302E-01
  0.9965105568E+00 -0.5473143267E+01  0.1921940414E-01
  0.9965454512E+00 -0.5473842909E+01  0.1902840971E-01
  0.9965799967E+00 -0.5474535379E+01  0.1883930117E-01
  0.9966141967E+00 -0.5475220751E+01  0.1865206016E-01
  0.9966480548E+00 -0.5475898215E+01  0.1846666849E-01
  0.9966815742E+00 -0.5476568582E+01  0.1828310815E-01
  0.9967147585E+00 -0.5477232117E+01  0.1810136127E-01
  0.9967476109E+00 -0.5477888892E+01  0.1792141018E-01
  0.9967801348E+00 -0.5478538977E+01  0.1774323735E-01
  0.9968123334E+00 -0.5479182443E+01  0.1756682542E-01
  0.9968442101E+00 -0.5479819358E+01  0.1739215720E-01
  0.9968757680E+00 -0.5480449793E+01  0.1721921567E-01
  0.9969070103E+00 -0.5481073814E+01  0.1704798395E-01
  0.9969379402E+00 -0.5481691488E+01  0.1687844535E-01
  0.9969685608E+00 -0.5482302882E+01  0.1671058332E-01
  0.9969988752E+00 -0.5482908062E+01  0.1654438147E-01
  0.9970288865E+00 -0.5483507092E+01  0.1637982357E-01
  0.9970585976E+00 -0.5484100036E+01  0.1621689354E-01
  0.9970880116E+00 -0.5484686958E+01  0.1605557546E-01
  0.9971171315E+00 -0.5485267921E+01  0.1589585355E-01
  0.9971459602E+00 -0.5485842987E+01  0.1573771220E-01
  0.9971745006E+00 -0.5486412217E+01  0.1558113594E-01
  0.9972027556E+00 -0.5486975672E+01  0.1542610943E-01
  0.9972307280E+00 -0.5487533411E+01  0.1527261751E-01
  0.9972584207E+00 -0.5488085495E+01  0.1512064514E-01
  0.9972858365E+00 -0.5488631982E+01  0.1497017743E-01
  0.9973129782E+00 -0.5489172929E+01  0.1482119965E-01
  0.9973398484E+00 -0.5489707848E+01  0.1467369719E-01
  0.9973664499E+00 -0.5490237178E+01  0.1452765560E-01
  0.9973927854E+00 -0.5490761167E+01  0.1438306055E-01
  0.9974188575E+00 -0.5491279870E+01  0.1423989786E-01
  0.9974446690E+00 -0.5491793342E+01  0.1409815348E-01
  0.9974702223E+00 -0.5492301636E+01  0.1395781348E-01
  0.9974955201E+00 -0.5492804804E+01  0.1381886410E-01
  0.9975205649E+00 -0.5493302900E+01  0.1368129167E-01
  0.9975453592E+00 -0.5493795976E+01  0.1354508267E-01
  0.9975699056E+00 -0.5494284081E+01  0.1341022372E-01
  0.9975942066E+00 -0.5494767268E+01  0.1327670156E-01
  0.9976182645E+00 -0.5495245587E+01  0.1314450306E-01
  0.9976420819E+00 -0.5495719086E+01  0.1301361521E-01
  0.9976656610E+00 -0.5496187816E+01  0.1288402512E-01
  0.9976890044E+00 -0.5496651825E+01  0.1275572005E-01
  0.9977121144E+00 -0.5497111161E+01  0.1262868736E-01
  0.9977349932E+00 -0.5497565872E+01  0.1250291455E-01
  0.9977576433E+00 -0.5498016005E+01  0.1237838921E-01
  0.9977800669E+00 -0.5498461607E+01  0.1225509908E-01
  0.9978022662E+00 -0.5498902723E+01  0.1213303202E-01
  0.9978242435E+00 -0.5499339399E+01  0.1201217597E-01
  0.9978460011E+00 -0.5499771682E+01  0.1189251904E-01
  0.9978675411E+00 -0.5500199614E+01  0.1177404941E-01
  0.9978888657E+00 -0.5500623241E+01  0.1165675540E-01
  0.9979099770E+00 -0.5501042607E+01  0.1154062542E-01
  0.9979308773E+00 -0.5501457754E+01  0.1142564803E-01
  0.9979515685E+00 -0.5501868726E+01  0.1131181187E-01
  0.9979720528E+00 -0.5502275565E+01  0.1119910569E-01
  0.9979923323E+00 -0.5502678312E+01  0.1108751836E-01
  0.9980124089E+00 -0.5503077011E+01  0.1097703886E-01
  0.9980322849E+00 -0.5503471700E+01  0.1086765627E-01
  0.9980519620E+00 -0.5503862423E+01  0.1075935978E-01
  0.9980714424E+00 -0.5504249218E+01  0.1065213868E-01
  0.9980907280E+00 -0.5504632125E+01  0.1054598237E-01
  0.9981098207E+00 -0.5505011184E+01  0.1044088035E-01
  0.9981287225E+00 -0.5505386434E+01  0.1033682222E-01
  0.9981474353E+00 -0.5505757914E+01  0.1023379769E-01
  0.9981659609E+00 -0.5506125661E+01  0.1013179655E-01
  0.9981843013E+00 -0.5506489714E+01  0.1003080872E-01
  0.9982024583E+00 -0.5506850110E+01  0.9930824183E-02
  0.9982204337E+00 -0.5507206886E+01  0.9831833048E-02
  0.9982382294E+00 -0.5507560079E+01  0.9733825508E-02
  0.9982558471E+00 -0.5507909725E+01  0.9636791851E-02
  0.9982732886E+00 -0.5508255859E+01  0.9540722464E-02
  0.9982905557E+00 -0.5508598518E+01  0.9445607823E-02
  0.9983076502E+00 -0.5508937737E+01  0.9351438501E-02
  0.9983245737E+00 -0.5509273550E+01  0.9258205160E-02
  0.9983413279E+00 -0.5509605999E+01  0.9165898554E-02
  0.9983579146E+00 -0.5509935156E+01  0.9074509528E-02
  0.9983743355E+00 -0.5510261009E+01  0.8984029014E-02
  0.9983905921E+00 -0.5510583589E+01  0.8894448034E-02
  0.9984066862E+00 -0.5510902930E+01  0.8805757699E-02
  0.9984226194E+00 -0.5511219065E+01  0.8717949204E-02
  0.9984383932E+00 -0.5511532026E+01  0.8631013833E-02
  0.9984540092E+00 -0.5511841846E+01  0.8544942952E-02
  0.9984694691E+00 -0.5512148556E+01  0.8459728015E-02
  0.9984847744E+00 -0.5512452187E+01  0.8375360556E-02
  0.9984999267E+00 -0.5512752771E+01  0.8291832195E-02
  0.9985149274E+00 -0.5513050339E+01  0.8209134630E-02
  0.9985297782E+00 -0.5513344921E+01  0.8127259645E-02
  0.9985444804E+00 -0.5513636547E+01  0.8046199099E-02
  0.9985590356E+00 -0.5513925246E+01  0.7965944936E-02
  0.9985734452E+00 -0.5514211050E+01  0.7886489176E-02
  0.9985877108E+00 -0.5514493986E+01  0.7807823916E-02
  0.9986018337E+00 -0.5514774084E+01  0.7729941333E-02
  0.9986158153E+00 -0.5515051372E+01  0.7652833679E-02
  0.9986296572E+00 -0.5515325878E+01  0.7576493283E-02
  0.9986433606E+00 -0.5515597632E+01  0.7500912548E-02
  0.9986569270E+00 -0.5515866660E+01  0.7426083953E-02
  0.9986703577E+00 -0.5516132990E+01  0.7352000048E-02
  0.9986836541E+00 -0.5516396650E+01  0.7278653458E-02
  0.9986968176E+00 -0.5516657665E+01  0.7206036882E-02
  0.9987098494E+00 -0.5516916063E+01  0.7134143086E-02
  0.9987227509E+00 -0.5517171871E+01  0.7062964911E-02
  0.9987355234E+00 -0.5517425114E+01  0.6992495268E-02
  0.9987481682E+00 -0.5517675818E+01  0.6922727134E-02
  0.9987606865E+00 -0.5517924008E+01  0.6853653560E-02
  0.9987730796E+00 -0.5518169711E+01  0.6785267660E-02
  0.9987853488E+00 -0.5518412950E+01  0.6717562620E-02
  0.9987974954E+00 -0.5518653752E+01  0.6650531691E-02
  0.9988095204E+00 -0.5518892140E+01  0.6584168190E-02
  0.9988214252E+00 -0.5519128139E+01  0.6518465500E-02
  0.9988332109E+00 -0.5519361772E+01  0.6453417070E-02
  0.9988448788E+00 -0.5519593064E+01  0.6389016411E-02
  0.9988564300E+00 -0.5519822038E+01  0.6325257101E-02
  0.9988678657E+00 -0.5520048718E+01  0.6262132779E-02
  0.9988791871E+00 -0.5520273126E+01  0.6199637146E-02
  0.9988903952E+00 -0.5520495286E+01  0.6137763967E-02
  0.9989014913E+00 -0.5520715219E+01  0.6076507067E-02
  0.9989124764E+00 -0.5520932949E+01  0.6015860333E-02
  0.9989233516E+00 -0.5521148498E+01  0.5955817709E-02
  0.9989341181E+00 -0.5521361887E+01  0.5896373203E-02
  0.9989447769E+00 -0.5521573138E+01  0.5837520879E-02
  0.9989553291E+00 -0.5521782273E+01  0.5779254860E-02
  0.9989657758E+00 -0.5521989313E+01  0.5721569327E-02
  0.9989761181E+00 -0.5522194279E+01  0.5664458519E-02
  0.9989863569E+00 -0.5522397192E+01  0.5607916731E-02
  0.9989964933E+00 -0.5522598073E+01  0.5551938315E-02
  0.9990065284E+00 -0.5522796941E+01  0.5496517677E-02
  0.9990164631E+00 -0.5522993818E+01  0.5441649279E-02
  0.9990262985E+00 -0.5523188722E+01  0.5387327639E-02
  0.9990360355E+00 -0.5523381675E+01  0.5333547327E-02
  0.9990456751E+00 -0.5523572695E+01  0.5280302967E-02
  0.9990552184E+00 -0.5523761802E+01  0.5227589237E-02
  0.9990646662E+00 -0.5523949016E+01  0.5175400867E-02
  0.9990740195E+00 -0.5524134355E+01  0.5123732638E-02
  0.9990832793E+00 -0.5524317837E+01  0.5072579384E-02
  0.9990924466E+00 -0.5524499483E+01  0.5021935988E-02
  0.9991015221E+00 -0.5524679309E+01  0.4971797387E-02
  0.9991105069E+00 -0.5524857335E+01  0.4922158564E-02
  0.9991194018E+00 -0.5525033579E+01  0.4873014553E-02
  0.9991282078E+00 -0.5525208058E+01  0.4824360438E-02
  0.9991369257E+00 -0.5525380789E+01  0.4776191351E-02
  0.9991455564E+00 -0.5525551792E+01  0.4728502472E-02
  0.9991541009E+00 -0.5525721082E+01  0.4681289027E-02
  0.9991625599E+00 -0.5525888678E+01  0.4634546292E-02
  0.9991709343E+00 -0.5526054596E+01  0.4588269588E-02
  0.9991792249E+00 -0.5526218852E+01  0.4542454283E-02
  0.9991874327E+00 -0.5526381465E+01  0.4497095789E-02
  0.9991955584E+00 -0.5526542449E+01  0.4452189565E-02
  0.9992036028E+00 -0.5526701822E+01  0.4407731115E-02
  0.9992115667E+00 -0.5526859599E+01  0.4363715986E-02
  0.9992194511E+00 -0.5527015798E+01  0.4320139771E-02
  0.9992272566E+00 -0.5527170432E+01  0.4276998105E-02
  0.9992349840E+00 -0.5527323519E+01  0.4234286667E-02
  0.9992426342E+00 -0.5527475074E+01  0.4192001178E-02
  0.9992502078E+00 -0.5527625111E+01  0.4150137401E-02
  0.9992577057E+00 -0.5527773647E+01  0.4108691144E-02
  0.9992651287E+00 -0.5527920696E+01  0.4067658251E-02
  0.9992724774E+00 -0.5528066274E+01  0.4027034612E-02
  0.9992797526E+00 -0.5528210394E+01  0.3986816156E-02
  0.9992869551E+00 -0.5528353072E+01  0.3946998852E-02
  0.9992940855E+00 -0.5528494322E+01  0.3907578708E-02
  0.9993011447E+00 -0.5528634158E+01  0.3868551774E-02
  0.9993081332E+00 -0.5528772595E+01  0.3829914137E-02
  0.9993150519E+00 -0.5528909646E+01  0.3791661923E-02
  0.9993219014E+00 -0.5529045326E+01  0.3753791297E-02
  0.9993286824E+00 -0.5529179648E+01  0.3716298462E-02
  0.9993353956E+00 -0.5529312626E+01  0.3679179658E-02
  0.9993420416E+00 -0.5529444273E+01  0.3642431163E-02
  0.9993486212E+00 -0.5529574603E+01  0.3606049291E-02
  0.9993551350E+00 -0.5529703628E+01  0.3570030393E-02
  0.9993615836E+00 -0.5529831363E+01  0.3534370856E-02
  0.9993679678E+00 -0.5529957819E+01  0.3499067103E-02
  0.9993742881E+00 -0.5530083010E+01  0.3464115592E-02
  0.9993805452E+00 -0.5530206948E+01  0.3429512817E-02
  0.9993867398E+00 -0.5530329646E+01  0.3395255306E-02
  0.9993928724E+00 -0.5530451116E+01  0.3361339622E-02
  0.9993989436E+00 -0.5530571371E+01  0.3327762360E-02
  0.9994049542E+00 -0.5530690422E+01  0.3294520152E-02
  0.9994109047E+00 -0.5530808283E+01  0.3261609661E-02
  0.9994167956E+00 -0.5530924964E+01  0.3229027584E-02
  0.9994226277E+00 -0.5531040477E+01  0.3196770651E-02
  0.9994284014E+00 -0.5531154835E+01  0.3164835623E-02
  0.9994341174E+00 -0.5531268049E+01  0.3133219295E-02
  0.9994397762E+00 -0.5531380130E+01  0.3101918494E-02
  0.9994453784E+00 -0.5531491089E+01  0.3070930075E-02
  0.9994509247E+00 -0.5531600939E+01  0.3040250928E-02
  0.9994564154E+00 -0.5531709689E+01  0.3009877973E-02
  0.9994618513E+00 -0.5531817352E+01  0.2979808159E-02
  0.9994672327E+00 -0.5531923937E+01  0.2950038466E-02
  0.9994725604E+00 -0.5532029456E+01  0.2920565906E-02
  0.9994778348E+00 -0.5532133919E+01  0.2891387517E-02
  0.9994830565E+00 -0.5532237337E+01  0.2862500370E-02
  0.9994882259E+00 -0.5532339720E+01  0.2833901562E-02
  0.9994933436E+00 -0.5532441080E+01  0.2805588221E-02
  0.9994984102E+00 -0.5532541425E+01  0.2777557502E-02
  0.9995034261E+00 -0.5532640766E+01  0.2749806590E-02
  0.9995083918E+00 -0.5532739114E+01  0.2722332696E-02
  0.9995133079E+00 -0.5532836477E+01  0.2695133059E-02
  0.9995181748E+00 -0.5532932867E+01  0.2668204948E-02
  0.9995229931E+00 -0.5533028292E+01  0.2641545656E-02
  0.9995277632E+00 -0.5533122763E+01  0.2615152503E-02
  0.9995324855E+00 -0.5533216289E+01  0.2589022839E-02
  0.9995371607E+00 -0.5533308879E+01  0.2563154035E-02
  0.9995417891E+00 -0.5533400543E+01  0.2537543494E-02
  0.9995463712E+00 -0.5533491290E+01  0.2512188640E-02
  0.9995509075E+00 -0.5533581129E+01  0.2487086925E-02
  0.9995553984E+00 -0.5533670069E+01  0.2462235826E-02
  0.9995598444E+00 -0.5533758120E+01  0.2437632844E-02
  0.9995642460E+00 -0.5533845290E+01  0.2413275506E-02
  0.9995686035E+00 -0.5533931588E+01  0.2389161364E-02
  0.9995729175E+00 -0.5534017023E+01  0.2365287993E-02
  0.9995771883E+00 -0.5534101603E+01  0.2341652992E-02
  0.9995814164E+00 -0.5534185337E+01  0.2318253986E-02
  0.9995856022E+00 -0.5534268234E+01  0.2295088621E-02
  0.9995897462E+00 -0.5534350301E+01  0.2272154568E-02
  0.9995938488E+00 -0.5534431548E+01  0.2249449520E-02
  0.9995979103E+00 -0.5534511982E+01  0.2226971195E-02
  0.9996019312E+00 -0.5534591611E+01  0.2204717331E-02
  0.9996059119E+00 -0.5534670444E+01  0.2182685690E-02
  0.9996098527E+00 -0.5534748488E+01  0.2160874057E-02
  0.9996137542E+00 -0.5534825751E+01  0.2139280236E-02
  0.9996176167E+00 -0.5534902242E+01  0.2117902058E-02
  0.9996214405E+00 -0.5534977968E+01  0.2096737369E-02
  0.9996252261E+00 -0.5535052936E+01  0.2075784043E-02
  0.9996289738E+00 -0.5535127154E+01  0.2055039970E-02
  0.9996326841E+00 -0.5535200630E+01  0.2034503064E-02
  0.9996363573E+00 -0.5535273372E+01  0.2014171259E-02
  0.9996399937E+00 -0.5535345385E+01  0.1994042508E-02
  0.9996435938E+00 -0.5535416678E+01  0.1974114787E-02
  0.9996471578E+00 -0.5535487259E+01  0.1954386090E-02
  0.9996506862E+00 -0.5535557133E+01  0.1934854433E-02
  0.9996541794E+00 -0.5535626308E+01  0.1915517849E-02
  0.9996576376E+00 -0.5535694792E+01  0.1896374393E-02
  0.9996610612E+00 -0.5535762590E+01  0.1877422138E-02
  0.9996644506E+00 -0.5535829710E+01  0.1858659178E-02
  0.9996678400E+00 -0.5535896831E+01  0.1839895989E-02
  0.9996712294E+00 -0.5535963951E+01  0.1821132573E-02
  0.9996746188E+00 -0.5536031071E+01  0.1802368930E-02
  0.9996780081E+00 -0.5536098191E+01  0.1783605059E-02
  0.9996813975E+00 -0.5536165310E+01  0.1764840961E-02
  0.9996847869E+00 -0.5536232430E+01  0.1746076635E-02
  0.9996881763E+00 -0.5536299550E+01  0.1727312082E-02
  0.9996915657E+00 -0.5536366669E+01  0.1708547301E-02
  0.9996949551E+00 -0.5536433788E+01  0.1689782293E-02
  0.9996983445E+00 -0.5536500908E+01  0.1671017057E-02
  0.9997017339E+00 -0.5536568027E+01  0.1652251594E-02
  0.9997051232E+00 -0.5536635146E+01  0.1633485903E-02
  0.9997085126E+00 -0.5536702264E+01  0.1614719985E-02
  0.9997119020E+00 -0.5536769383E+01  0.1595953839E-02
  0.9997152914E+00 -0.5536836502E+01  0.1577187466E-02
  0.9997186808E+00 -0.5536903620E+01  0.1558420865E-02
  0.9997220702E+00 -0.5536970739E+01  0.1539654037E-02
  0.9997254596E+00 -0.5537037857E+01  0.1520886981E-02
  0.9997288490E+00 -0.5537104975E+01  0.1502119698E-02
  0.9997322384E+00 -0.5537172093E+01  0.1483352188E-02
  0.9997356277E+00 -0.5537239211E+01  0.1464584449E-02
  0.9997390171E+00 -0.5537306329E+01  0.1445816484E-02
  0.9997424065E+00 -0.5537373447E+01  0.1427048291E-02
  0.9997457959E+00 -0.5537440565E+01  0.1408279870E-02
  0.9997491853E+00 -0.5537507682E+01  0.1389511222E-02
  0.9997525747E+00 -0.5537574800E+01  0.1370742346E-02
  0.9997559641E+00 -0.5537641917E+01  0.1351973243E-02
  0.9997593535E+00 -0.5537709035E+01  0.1333203913E-02
  0.9997627428E+00 -0.5537776152E+01  0.1314434355E-02
  0.9997661322E+00 -0.5537843269E+01  0.1295664569E-02
  0.9997695216E+00 -0.5537910386E+01  0.1276894556E-02
  0.9997729110E+00 -0.5537977503E+01  0.1258124315E-02
  0.9997763004E+00 -0.5538044620E+01  0.1239353847E-02
  0.9997796898E+00 -0.5538111737E+01  0.1220583152E-02
  0.9997830792E+00 -0.5538178854E+01  0.1201812229E-02
  0.9997864686E+00 -0.5538245970E+01  0.1183041079E-02
  0.9997898579E+00 -0.5538313087E+01  0.1164269701E-02
  0.9997932473E+00 -0.5538380203E+01  0.1145498095E-02
  0.9997966367E+00 -0.5538447320E+01  0.1126726262E-02
  0.9998000261E+00 -0.5538514436E+01  0.1107954202E-02
  0.9998034155E+00 -0.5538581553E+01  0.1089181914E-02
  0.9998068049E+00 -0.5538648669E+01  0.1070409399E-02
  0.9998101943E+00 -0.5538715785E+01  0.1051636656E-02
  0.9998135837E+00 -0.5538782901E+01  0.1032863685E-02
  0.9998169731E+00 -0.5538850017E+01  0.1014090488E-02
  0.9998203624E+00 -0.5538917133E+01  0.9953170624E-03
  0.9998237518E+00 -0.5538984249E+01  0.9765434096E-03
  0.9998271412E+00 -0.5539051364E+01  0.9577695293E-03
  0.9998305306E+00 -0.5539118480E+01  0.9389954216E-03
  0.9998339200E+00 -0.5539185596E+01  0.9202210864E-03
  0.9998373094E+00 -0.5539252711E+01  0.9014465237E-03
  0.9998406988E+00 -0.5539319827E+01  0.8826717335E-03
  0.9998440882E+00 -0.5539386942E+01  0.8638967158E-03
  0.9998474775E+00 -0.5539454058E+01  0.8451214707E-03
  0.9998508669E+00 -0.5539521173E+01  0.8263459981E-03
  0.9998542563E+00 -0.5539588289E+01  0.8075702980E-03
  0.9998576457E+00 -0.5539655404E+01  0.7887943704E-03
  0.9998610351E+00 -0.5539722519E+01  0.7700182154E-03
  0.9998644245E+00 -0.5539789634E+01  0.7512418328E-03
  0.9998678139E+00 -0.5539856749E+01  0.7324652228E-03
  0.9998712033E+00 -0.5539923864E+01  0.7136883853E-03
  0.9998745926E+00 -0.5539990979E+01  0.6949113203E-03
  0.9998779820E+00 -0.5540058094E+01  0.6761340279E-03
  0.9998813714E+00 -0.5540125209E+01  0.6573565079E-03
  0.9998847608E+00 -0.5540192324E+01  0.6385787605E-03
  0.9998881502E+00 -0.5540259439E+01  0.6198007856E-03
  0.9998915396E+00 -0.5540326554E+01  0.6010225833E-03
  0.9998949290E+00 -0.5540393668E+01  0.5822441534E-03
  0.9998983184E+00 -0.5540460783E+01  0.5634654961E-03
  0.9999017077E+00 -0.5540527898E+01  0.5446866113E-03
  0.9999050971E+00 -0.5540595012E+01  0.5259074990E-03
  0.9999084865E+00 -0.5540662127E+01  0.5071281593E-03
  0.9999118759E+00 -0.5540729242E+01  0.4883485921E-03
  0.9999152653E+00 -0.5540796356E+01  0.4695687973E-03
  0.9999186547E+00 -0.5540863471E+01  0.4507887752E-03
  0.9999220441E+00 -0.5540930585E+01  0.4320085255E-03
  0.9999254335E+00 -0.5540997699E+01  0.4132280484E-03
  0.9999288229E+00 -0.5541064814E+01  0.3944473437E-03
  0.9999322122E+00 -0.5541131928E+01  0.3756664116E-03
  0.9999356016E+00 -0.5541199043E+01  0.3568852521E-03
  0.9999389910E+00 -0.5541266157E+01  0.3381038650E-03
  0.9999423804E+00 -0.5541333271E+01  0.3193222505E-03
  0.9999457698E+00 -0.5541400385E+01  0.3005404085E-03
  0.9999491592E+00 -0.5541467500E+01  0.2817583390E-03
  0.9999525486E+00 -0.5541534614E+01  0.2629760421E-03
  0.9999559380E+00 -0.5541601728E+01  0.2441935176E-03
  0.9999593273E+00 -0.5541668842E+01  0.2254107657E-03
  0.9999627167E+00 -0.5541735957E+01  0.2066277864E-03
  0.9999661061E+00 -0.5541803071E+01  0.1878445795E-03
  0.9999694955E+00 -0.5541870185E+01  0.1690611452E-03
  0.9999728849E+00 -0.5541937299E+01  0.1502774834E-03
  0.9999762743E+00 -0.5542004413E+01  0.1314935941E-03
  0.9999796637E+00 -0.5542071527E+01  0.1127094773E-03
  0.9999830531E+00 -0.5542138642E+01  0.9392513308E-04
  0.9999864424E+00 -0.5542205756E+01  0.7514056137E-04
  0.9999898318E+00 -0.5542272870E+01  0.5635576218E-04
  0.9999932212E+00 -0.5542339984E+01  0.3757073552E-04
  0.9999966106E+00 -0.5542407098E+01  0.1878548138E-04
  0.1000000000E+01 -0.5542474074E+01  0.3877787632E-17
  0.1000000000E+01 -0.5542474074E+01  0.0000000000E+00
