  0.0000000000E+00  0.5542473970E+01  0.0000000000E+00
  0.6996492144E-18  0.5542473970E+01  0.3877787559E-17
  0.3389387958E-05  0.5542402047E+01  0.1878547264E-04
  0.6778775916E-05  0.5542330124E+01  0.3757070151E-04
  0.1016816387E-04  0.5542258201E+01  0.5635568661E-04
  0.1355755183E-04  0.5542186278E+01  0.7514042793E-04
  0.1694693979E-04  0.5542114355E+01  0.9392492547E-04
  0.2033632775E-04  0.5542042433E+01  0.1127091792E-03
  0.2372571571E-04  0.5541970510E+01  0.1314931892E-03
  0.2711510367E-04  0.5541898587E+01  0.1502769555E-03
  0.3050449162E-04  0.5541826664E+01  0.1690604779E-03
  0.3389387958E-04  0.5541754742E+01  0.1878437566E-03
  0.3728326754E-04  0.5541682819E+01  0.2066267915E-03
  0.4067265550E-04  0.5541610896E+01  0.2254095826E-03
  0.4406204346E-04  0.5541538974E+01  0.2441921300E-03
  0.4745143141E-04  0.5541467051E+01  0.2629744336E-03
  0.5084081937E-04  0.5541395129E+01  0.2817564934E-03
  0.5423020733E-04  0.5541323207E+01  0.3005383094E-03
  0.5761959529E-04  0.5541251284E+01  0.3193198817E-03
  0.6100898325E-04  0.5541179362E+01  0.3381012102E-03
  0.6439837120E-04  0.5541107440E+01  0.3568822949E-03
  0.6778775916E-04  0.5541035517E+01  0.3756631358E-03
  0.7117714712E-04  0.5540963595E+01  0.3944437330E-03
  0.7456653508E-04  0.5540891673E+01  0.4132240864E-03
  0.7795592304E-04  0.5540819751E+01  0.4320041960E-03
  0.8134531100E-04  0.5540747830E+01  0.4507840619E-03
  0.8473469895E-04  0.5540675908E+01  0.4695636840E-03
  0.8812408691E-04  0.5540603986E+01  0.4883430623E-03
  0.9151347487E-04  0.5540532065E+01  0.5071221968E-03
  0.9490286283E-04  0.5540460143E+01  0.5259010876E-03
  0.9829225079E-04  0.5540388222E+01  0.5446797346E-03
  0.1016816387E-03  0.5540316301E+01  0.5634581378E-03
  0.1050710267E-03  0.5540244379E+01  0.5822362973E-03
  0.1084604147E-03  0.5540172458E+01  0.6010142130E-03
  0.1118498026E-03  0.5540100537E+01  0.6197918849E-03
  0.1152391906E-03  0.5540028617E+01  0.6385693131E-03
  0.1186285785E-03  0.5539956696E+01  0.6573464975E-03
  0.1220179665E-03  0.5539884775E+01  0.6761234381E-03
  0.1254073545E-03  0.5539812855E+01  0.6949001350E-03
  0.1287967424E-03  0.5539740935E+01  0.7136765881E-03
  0.1321861304E-03  0.5539669014E+01  0.7324527974E-03
  0.1355755183E-03  0.5539597094E+01  0.7512287630E-03
  0.1389649063E-03  0.5539525175E+01  0.7700044848E-03
  0.1423542942E-03  0.5539453255E+01  0.7887799628E-03
  0.1457436822E-03  0.5539381335E+01  0.8075551971E-03
  0.1491330702E-03  0.5539309416E+01  0.8263301876E-03
  0.1525224581E-03  0.5539237497E+01  0.8451049344E-03
  0.1559118461E-03  0.5539165578E+01  0.8638794374E-03
  0.1593012340E-03  0.5539093659E+01  0.8826536966E-03
  0.1626906220E-03  0.5539021740E+01  0.9014277121E-03
  0.1660800099E-03  0.5538949821E+01  0.9202014838E-03
  0.1694693979E-03  0.5538877903E+01  0.9389750117E-03
  0.1728587859E-03  0.5538805985E+01  0.9577482959E-03
  0.1762481738E-03  0.5538734067E+01  0.9765213363E-03
  0.1796375618E-03  0.5538662149E+01  0.9952941330E-03
  0.1830269497E-03  0.5538590231E+01  0.1014066686E-02
  0.1864163377E-03  0.5538518314E+01  0.1032838995E-02
  0.1898057257E-03  0.5538446396E+01  0.1051611060E-02
  0.1931951136E-03  0.5538374479E+01  0.1070382882E-02
  0.1965845016E-03  0.5538302563E+01  0.1089154460E-02
  0.1999738895E-03  0.5538230646E+01  0.1107925794E-02
  0.2033632775E-03  0.5538158730E+01  0.1126696885E-02
  0.2067526654E-03  0.5538086813E+01  0.1145467731E-02
  0.2101420534E-03  0.5538014897E+01  0.1164238334E-02
  0.2135314414E-03  0.5537942982E+01  0.1183008693E-02
  0.2169208293E-03  0.5537871066E+01  0.1201778809E-02
  0.2203102173E-03  0.5537799151E+01  0.1220548680E-02
  0.2236996052E-03  0.5537727236E+01  0.1239318308E-02
  0.2270889932E-03  0.5537655321E+01  0.1258087692E-02
  0.2304783812E-03  0.5537583406E+01  0.1276856833E-02
  0.2338677691E-03  0.5537511492E+01  0.1295625729E-02
  0.2372571571E-03  0.5537439578E+01  0.1314394382E-02
  0.2406465450E-03  0.5537367664E+01  0.1333162791E-02
  0.2440359330E-03  0.5537295750E+01  0.1351930957E-02
  0.2474253209E-03  0.5537223837E+01  0.1370698878E-02
  0.2508147089E-03  0.5537151924E+01  0.1389466556E-02
  0.2542040969E-03  0.5537080011E+01  0.1408233990E-02
  0.2575934848E-03  0.5537008099E+01  0.1427001181E-02
  0.2609828728E-03  0.5536936187E+01  0.1445768128E-02
  0.2643722607E-03  0.5536864275E+01  0.1464534831E-02
  0.2677616487E-03  0.5536792363E+01  0.1483301290E-02
  0.2711510367E-03  0.5536720452E+01  0.1502067505E-02
  0.2745404246E-03  0.5536648541E+01  0.1520833477E-02
  0.2779298126E-03  0.5536576630E+01  0.1539599205E-02
  0.2813192005E-03  0.5536504719E+01  0.1558364689E-02
  0.2847085885E-03  0.5536432809E+01  0.1577129930E-02
  0.2880979764E-03  0.5536360899E+01  0.1595894927E-02
  0.2914873644E-03  0.5536288990E+01  0.1614659680E-02
  0.2948767524E-03  0.5536217080E+01  0.1633424189E-02
  0.2982661403E-03  0.5536145171E+01  0.1652188455E-02
  0.3016555283E-03  0.5536073263E+01  0.1670952477E-02
  0.3050449162E-03  0.5536001354E+01  0.1689716255E-02
  0.3084343042E-03  0.5535929446E+01  0.1708479789E-02
  0.3118236921E-03  0.5535857539E+01  0.1727243080E-02
  0.3152130801E-03  0.5535785631E+01  0.1746006127E-02
  0.3186024681E-03  0.5535713724E+01  0.1764768931E-02
  0.3219918560E-03  0.5535641818E+01  0.1783531490E-02
  0.3253812440E-03  0.5535569912E+01  0.1802293806E-02
  0.3287706319E-03  0.5535498006E+01  0.1821055878E-02
  0.3321600199E-03  0.5535426100E+01  0.1839817707E-02
  0.3355494079E-03  0.5535354195E+01  0.1858579291E-02
  0.3389387958E-03  0.5535282290E+01  0.1877340632E-02
  0.3423624200E-03  0.5535209659E+01  0.1896291234E-02
  0.3458206263E-03  0.5535136295E+01  0.1915433004E-02
  0.3493137639E-03  0.5535062190E+01  0.1934767868E-02
  0.3528421858E-03  0.5534987337E+01  0.1954297770E-02
  0.3564062483E-03  0.5534911729E+01  0.1974024676E-02
  0.3600063114E-03  0.5534835357E+01  0.1993950570E-02
  0.3636427388E-03  0.5534758214E+01  0.2014077457E-02
  0.3673158977E-03  0.5534680292E+01  0.2034407360E-02
  0.3710261593E-03  0.5534601584E+01  0.2054942326E-02
  0.3747738983E-03  0.5534522081E+01  0.2075684419E-02
  0.3785594932E-03  0.5534441776E+01  0.2096635726E-02
  0.3823833265E-03  0.5534360660E+01  0.2117798353E-02
  0.3862457844E-03  0.5534278725E+01  0.2139174430E-02
  0.3901472569E-03  0.5534195963E+01  0.2160766105E-02
  0.3940881383E-03  0.5534112366E+01  0.2182575550E-02
  0.3980688266E-03  0.5534027925E+01  0.2204604958E-02
  0.4020897238E-03  0.5533942631E+01  0.2226856544E-02
  0.4061512362E-03  0.5533856477E+01  0.2249332546E-02
  0.4102537739E-03  0.5533769453E+01  0.2272035222E-02
  0.4143977514E-03  0.5533681551E+01  0.2294966856E-02
  0.4185835873E-03  0.5533592761E+01  0.2318129753E-02
  0.4228117043E-03  0.5533503075E+01  0.2341526242E-02
  0.4270825296E-03  0.5533412484E+01  0.2365158673E-02
  0.4313964946E-03  0.5533320979E+01  0.2389029423E-02
  0.4357540349E-03  0.5533228550E+01  0.2413140891E-02
  0.4401555908E-03  0.5533135188E+01  0.2437495501E-02
  0.4446016069E-03  0.5533040884E+01  0.2462095699E-02
  0.4490925322E-03  0.5532945628E+01  0.2486943958E-02
  0.4536288204E-03  0.5532849411E+01  0.2512042776E-02
  0.4582109297E-03  0.5532752223E+01  0.2537394674E-02
  0.4628393230E-03  0.5532654055E+01  0.2563002200E-02
  0.4675144676E-03  0.5532554895E+01  0.2588867926E-02
  0.4722368360E-03  0.5532454735E+01  0.2614994452E-02
  0.4770069051E-03  0.5532353564E+01  0.2641384402E-02
  0.4818251566E-03  0.5532251372E+01  0.2668040427E-02
  0.4866920774E-03  0.5532148149E+01  0.2694965205E-02
  0.4916081590E-03  0.5532043885E+01  0.2722161440E-02
  0.4965738980E-03  0.5531938568E+01  0.2749631865E-02
  0.5015897959E-03  0.5531832189E+01  0.2777379237E-02
  0.5066563595E-03  0.5531724737E+01  0.2805406345E-02
  0.5117741005E-03  0.5531616200E+01  0.2833716001E-02
  0.5169435359E-03  0.5531506568E+01  0.2862311050E-02
  0.5221651878E-03  0.5531395830E+01  0.2891194363E-02
  0.5274395836E-03  0.5531283975E+01  0.2920368839E-02
  0.5327672562E-03  0.5531170992E+01  0.2949837408E-02
  0.5381487436E-03  0.5531056868E+01  0.2979603028E-02
  0.5435845895E-03  0.5530941594E+01  0.3009668688E-02
  0.5490753429E-03  0.5530825156E+01  0.3040037405E-02
  0.5546215585E-03  0.5530707544E+01  0.3070712227E-02
  0.5602237965E-03  0.5530588746E+01  0.3101696234E-02
  0.5658826227E-03  0.5530468749E+01  0.3132992535E-02
  0.5715986088E-03  0.5530347542E+01  0.3164604271E-02
  0.5773723321E-03  0.5530225112E+01  0.3196534614E-02
  0.5832043759E-03  0.5530101447E+01  0.3228786769E-02
  0.5890953291E-03  0.5529976536E+01  0.3261363970E-02
  0.5950457870E-03  0.5529850364E+01  0.3294269487E-02
  0.6010563505E-03  0.5529722920E+01  0.3327506621E-02
  0.6071276268E-03  0.5529594191E+01  0.3361078706E-02
  0.6132602291E-03  0.5529464163E+01  0.3394989109E-02
  0.6194547769E-03  0.5529332824E+01  0.3429241232E-02
  0.6257118958E-03  0.5529200161E+01  0.3463838510E-02
  0.6320322180E-03  0.5529066160E+01  0.3498784413E-02
  0.6384163818E-03  0.5528930808E+01  0.3534082445E-02
  0.6448650321E-03  0.5528794091E+01  0.3569736146E-02
  0.6513788203E-03  0.5528655996E+01  0.3605749090E-02
  0.6579584044E-03  0.5528516509E+01  0.3642124888E-02
  0.6646044489E-03  0.5528375615E+01  0.3678867186E-02
  0.6713176251E-03  0.5528233301E+01  0.3715979668E-02
  0.6780986112E-03  0.5528089552E+01  0.3753466054E-02
  0.6849480921E-03  0.5527944354E+01  0.3791330101E-02
  0.6918667597E-03  0.5527797692E+01  0.3829575603E-02
  0.6988553129E-03  0.5527649552E+01  0.3868206393E-02
  0.7059144575E-03  0.5527499920E+01  0.3907226342E-02
  0.7130449065E-03  0.5527348778E+01  0.3946639360E-02
  0.7202473803E-03  0.5527196114E+01  0.3986449395E-02
  0.7275226064E-03  0.5527041911E+01  0.4026660435E-02
  0.7348713196E-03  0.5526886154E+01  0.4067276509E-02
  0.7422942622E-03  0.5526728828E+01  0.4108301684E-02
  0.7497921840E-03  0.5526569916E+01  0.4149740069E-02
  0.7573658425E-03  0.5526409403E+01  0.4191595814E-02
  0.7650160025E-03  0.5526247273E+01  0.4233873110E-02
  0.7727434369E-03  0.5526083510E+01  0.4276576190E-02
  0.7805489261E-03  0.5525918097E+01  0.4319709330E-02
  0.7884332587E-03  0.5525751018E+01  0.4363276848E-02
  0.7963972310E-03  0.5525582255E+01  0.4407283104E-02
  0.8044416475E-03  0.5525411793E+01  0.4451732503E-02
  0.8125673207E-03  0.5525239614E+01  0.4496629494E-02
  0.8207750714E-03  0.5525065701E+01  0.4541978570E-02
  0.8290657287E-03  0.5524890036E+01  0.4587784268E-02
  0.8374401300E-03  0.5524712602E+01  0.4634051171E-02
  0.8458991212E-03  0.5524533382E+01  0.4680783909E-02
  0.8544435568E-03  0.5524352357E+01  0.4727987155E-02
  0.8630742998E-03  0.5524169509E+01  0.4775665631E-02
  0.8717922220E-03  0.5523984821E+01  0.4823824106E-02
  0.8805982040E-03  0.5523798273E+01  0.4872467396E-02
  0.8894931354E-03  0.5523609847E+01  0.4921600364E-02
  0.8984779145E-03  0.5523419525E+01  0.4971227924E-02
  0.9075534490E-03  0.5523227287E+01  0.5021355036E-02
  0.9167206556E-03  0.5523033115E+01  0.5071986711E-02
  0.9259804602E-03  0.5522836988E+01  0.5123128011E-02
  0.9353337982E-03  0.5522638888E+01  0.5174784045E-02
  0.9447816143E-03  0.5522438795E+01  0.5226959977E-02
  0.9543248629E-03  0.5522236688E+01  0.5279661019E-02
  0.9639645080E-03  0.5522032548E+01  0.5332892437E-02
  0.9737015233E-03  0.5521826355E+01  0.5386659548E-02
  0.9835368922E-03  0.5521618087E+01  0.5440967723E-02
  0.9934716083E-03  0.5521407725E+01  0.5495822386E-02
  0.1003506675E-02  0.5521195248E+01  0.5551229015E-02
  0.1013643106E-02  0.5520980633E+01  0.5607193142E-02
  0.1023881925E-02  0.5520763861E+01  0.5663720355E-02
  0.1034224167E-02  0.5520544909E+01  0.5720816297E-02
  0.1044670876E-02  0.5520323756E+01  0.5778486667E-02
  0.1055223107E-02  0.5520100380E+01  0.5836737220E-02
  0.1065881926E-02  0.5519874758E+01  0.5895573770E-02
  0.1076648410E-02  0.5519646869E+01  0.5955002187E-02
  0.1087523647E-02  0.5519416690E+01  0.6015028400E-02
  0.1098508734E-02  0.5519184199E+01  0.6075658398E-02
  0.1109604782E-02  0.5518949371E+01  0.6136898227E-02
  0.1120812911E-02  0.5518712184E+01  0.6198753995E-02
  0.1132134253E-02  0.5518472614E+01  0.6261231870E-02
  0.1143569953E-02  0.5518230639E+01  0.6324338081E-02
  0.1155121165E-02  0.5517986233E+01  0.6388078919E-02
  0.1166789055E-02  0.5517739373E+01  0.6452460738E-02
  0.1178574803E-02  0.5517490035E+01  0.6517489955E-02
  0.1190479599E-02  0.5517238193E+01  0.6583173049E-02
  0.1202504646E-02  0.5516983824E+01  0.6649516565E-02
  0.1214651157E-02  0.5516726902E+01  0.6716527113E-02
  0.1226920361E-02  0.5516467401E+01  0.6784211367E-02
  0.1239313496E-02  0.5516205297E+01  0.6852576067E-02
  0.1251831814E-02  0.5515940563E+01  0.6921628023E-02
  0.1264476580E-02  0.5515673173E+01  0.6991374109E-02
  0.1277249070E-02  0.5515403102E+01  0.7061821269E-02
  0.1290150576E-02  0.5515130322E+01  0.7132976514E-02
  0.1303182400E-02  0.5514854807E+01  0.7204846927E-02
  0.1316345859E-02  0.5514576530E+01  0.7277439658E-02
  0.1329642282E-02  0.5514295464E+01  0.7350761930E-02
  0.1343073012E-02  0.5514011581E+01  0.7424821038E-02
  0.1356639406E-02  0.5513724870E+01  0.7499624347E-02
  0.1370342834E-02  0.5513435288E+01  0.7575179297E-02
  0.1384184681E-02  0.5513142805E+01  0.7651493399E-02
  0.1398166344E-02  0.5512847393E+01  0.7728574241E-02
  0.1412289237E-02  0.5512549024E+01  0.7806429485E-02
  0.1426554785E-02  0.5512247667E+01  0.7885066867E-02
  0.1440964429E-02  0.5511943295E+01  0.7964494202E-02
  0.1455519625E-02  0.5511635878E+01  0.8044719381E-02
  0.1470221844E-02  0.5511325384E+01  0.8125750374E-02
  0.1485072569E-02  0.5511011785E+01  0.8207595226E-02
  0.1500073302E-02  0.5510695050E+01  0.8290262067E-02
  0.1515225558E-02  0.5510375148E+01  0.8373759104E-02
  0.1530530867E-02  0.5510052048E+01  0.8458094623E-02
  0.1545990774E-02  0.5509725719E+01  0.8543276997E-02
  0.1561606843E-02  0.5509396129E+01  0.8629314678E-02
  0.1577380649E-02  0.5509063247E+01  0.8716216201E-02
  0.1593313787E-02  0.5508727040E+01  0.8803990186E-02
  0.1609407866E-02  0.5508387476E+01  0.8892645340E-02
  0.1625664511E-02  0.5508044522E+01  0.8982190453E-02
  0.1642085364E-02  0.5507698145E+01  0.9072634402E-02
  0.1658672085E-02  0.5507348311E+01  0.9163986152E-02
  0.1675426349E-02  0.5506994988E+01  0.9256254757E-02
  0.1692349847E-02  0.5506638142E+01  0.9349449359E-02
  0.1709444290E-02  0.5506277737E+01  0.9443579190E-02
  0.1726711404E-02  0.5505913740E+01  0.9538653573E-02
  0.1744152934E-02  0.5505546115E+01  0.9634681923E-02
  0.1761770640E-02  0.5505174828E+01  0.9731673747E-02
  0.1779566303E-02  0.5504799843E+01  0.9829638647E-02
  0.1797541720E-02  0.5504421125E+01  0.9928586317E-02
  0.1815698707E-02  0.5504038636E+01  0.1002852655E-01
  0.1834039098E-02  0.5503652342E+01  0.1012946923E-01
  0.1852564746E-02  0.5503262204E+01  0.1023142434E-01
  0.1871277521E-02  0.5502868187E+01  0.1033440196E-01
  0.1890179314E-02  0.5502470253E+01  0.1043841227E-01
  0.1909272034E-02  0.5502068364E+01  0.1054346556E-01
  0.1928557610E-02  0.5501662482E+01  0.1064957221E-01
  0.1948037990E-02  0.5501252569E+01  0.1075674269E-01
  0.1967715142E-02  0.5500838586E+01  0.1086498760E-01
  0.1987591052E-02  0.5500420494E+01  0.1097431762E-01
  0.2007667730E-02  0.5499998254E+01  0.1108474354E-01
  0.2027947202E-02  0.5499571827E+01  0.1119627628E-01
  0.2048431517E-02  0.5499141172E+01  0.1130892683E-01
  0.2069122744E-02  0.5498706249E+01  0.1142270631E-01
  0.2090022974E-02  0.5498267017E+01  0.1153762595E-01
  0.2111134317E-02  0.5497823436E+01  0.1165369707E-01
  0.2132458906E-02  0.5497375434E+01  0.1177093112E-01
  0.2153998895E-02  0.5496922923E+01  0.1188933965E-01
  0.2175756460E-02  0.5496465934E+01  0.1200893433E-01
  0.2197733798E-02  0.5496004424E+01  0.1212972695E-01
  0.2219933129E-02  0.5495538350E+01  0.1225172940E-01
  0.2242356696E-02  0.5495067668E+01  0.1237495370E-01
  0.2265006764E-02  0.5494592337E+01  0.1249941197E-01
  0.2287885620E-02  0.5494112310E+01  0.1262511646E-01
  0.2310995576E-02  0.5493627546E+01  0.1275207955E-01
  0.2334338965E-02  0.5493137998E+01  0.1288031373E-01
  0.2357918147E-02  0.5492643622E+01  0.1300983160E-01
  0.2381735502E-02  0.5492144373E+01  0.1314064590E-01
  0.2405793436E-02  0.5491640205E+01  0.1327276948E-01
  0.2430094380E-02  0.5491131072E+01  0.1340621533E-01
  0.2454640788E-02  0.5490616928E+01  0.1354099657E-01
  0.2479435139E-02  0.5490097727E+01  0.1367712642E-01
  0.2504479939E-02  0.5489573421E+01  0.1381461825E-01
  0.2529777716E-02  0.5489043963E+01  0.1395348555E-01
  0.2555331026E-02  0.5488509305E+01  0.1409374197E-01
  0.2581142450E-02  0.5487969399E+01  0.1423540124E-01
  0.2607214596E-02  0.5487424197E+01  0.1437847727E-01
  0.2633550097E-02  0.5486873650E+01  0.1452298409E-01
  0.2660151614E-02  0.5486317709E+01  0.1466893585E-01
  0.2687021832E-02  0.5485756325E+01  0.1481634687E-01
  0.2714163467E-02  0.5485189447E+01  0.1496523157E-01
  0.2741579259E-02  0.5484617026E+01  0.1511560454E-01
  0.2769271979E-02  0.5484039011E+01  0.1526748050E-01
  0.2797244423E-02  0.5483455350E+01  0.1542087431E-01
  0.2825499417E-02  0.5482865994E+01  0.1557580098E-01
  0.2854039815E-02  0.5482270890E+01  0.1573227567E-01
  0.2882868500E-02  0.5481669987E+01  0.1589031367E-01
  0.2911988384E-02  0.5481063232E+01  0.1604993042E-01
  0.2941402408E-02  0.5480450573E+01  0.1621114154E-01
  0.2971113544E-02  0.5479831956E+01  0.1637396276E-01
  0.3001124792E-02  0.5479207329E+01  0.1653840998E-01
  0.3031439184E-02  0.5478576638E+01  0.1670449926E-01
  0.3062059781E-02  0.5477939829E+01  0.1687224680E-01
  0.3092989678E-02  0.5477296848E+01  0.1704166897E-01
  0.3124231998E-02  0.5476647640E+01  0.1721278229E-01
  0.3155789897E-02  0.5475992151E+01  0.1738560344E-01
  0.3187666563E-02  0.5475330324E+01  0.1756014926E-01
  0.3219865215E-02  0.5474662106E+01  0.1773643676E-01
  0.3252389106E-02  0.5473987439E+01  0.1791448311E-01
  0.3285241521E-02  0.5473306268E+01  0.1809430562E-01
  0.3318425779E-02  0.5472618536E+01  0.1827592182E-01
  0.3351945231E-02  0.5471924187E+01  0.1845934936E-01
  0.3385803264E-02  0.5471223163E+01  0.1864460608E-01
  0.3420003297E-02  0.5470515407E+01  0.1883170999E-01
  0.3454548785E-02  0.5469800862E+01  0.1902067927E-01
  0.3489443217E-02  0.5469079469E+01  0.1921153228E-01
  0.3524690118E-02  0.5468351171E+01  0.1940428755E-01
  0.3560293049E-02  0.5467615909E+01  0.1959896379E-01
  0.3596255605E-02  0.5466873625E+01  0.1979557988E-01
  0.3632581419E-02  0.5466124258E+01  0.1999415491E-01
  0.3669274160E-02  0.5465367751E+01  0.2019470811E-01
  0.3706337536E-02  0.5464604044E+01  0.2039725894E-01
  0.3743775289E-02  0.5463833077E+01  0.2060182700E-01
  0.3781591201E-02  0.5463054790E+01  0.2080843212E-01
  0.3819789092E-02  0.5462269124E+01  0.2101709428E-01
  0.3858372820E-02  0.5461476017E+01  0.2122783369E-01
  0.3897346283E-02  0.5460675409E+01  0.2144067072E-01
  0.3936713417E-02  0.5459867240E+01  0.2165562595E-01
  0.3976478199E-02  0.5459051449E+01  0.2187272016E-01
  0.4016644645E-02  0.5458227974E+01  0.2209197432E-01
  0.4057216813E-02  0.5457396755E+01  0.2231340960E-01
  0.4098198801E-02  0.5456557730E+01  0.2253704738E-01
  0.4139594749E-02  0.5455710837E+01  0.2276290923E-01
  0.4181408837E-02  0.5454856015E+01  0.2299101693E-01
  0.4223645290E-02  0.5453993202E+01  0.2322139248E-01
  0.4266308374E-02  0.5453122337E+01  0.2345405807E-01
  0.4309402398E-02  0.5452243357E+01  0.2368903612E-01
  0.4352931715E-02  0.5451356200E+01  0.2392634924E-01
  0.4396900722E-02  0.5450460804E+01  0.2416602027E-01
  0.4441313861E-02  0.5449557108E+01  0.2440807228E-01
  0.4486175617E-02  0.5448645048E+01  0.2465252852E-01
  0.4531490522E-02  0.5447724563E+01  0.2489941250E-01
  0.4577263154E-02  0.5446795590E+01  0.2514874793E-01
  0.4623498135E-02  0.5445858068E+01  0.2540055875E-01
  0.4670200136E-02  0.5444911934E+01  0.2565486912E-01
  0.4717373875E-02  0.5443957126E+01  0.2591170346E-01
  0.4765024116E-02  0.5442993583E+01  0.2617108637E-01
  0.4813155673E-02  0.5442021241E+01  0.2643304272E-01
  0.4861773407E-02  0.5441040039E+01  0.2669759761E-01
  0.4910882230E-02  0.5440049916E+01  0.2696477637E-01
  0.4960487101E-02  0.5439050810E+01  0.2723460456E-01
  0.5010593031E-02  0.5438042660E+01  0.2750710801E-01
  0.5061205082E-02  0.5437025404E+01  0.2778231276E-01
  0.5112328365E-02  0.5435998981E+01  0.2806024511E-01
  0.5163968046E-02  0.5434963330E+01  0.2834093162E-01
  0.5216129339E-02  0.5433918392E+01  0.2862439909E-01
  0.5268817514E-02  0.5432864105E+01  0.2891067456E-01
  0.5322037893E-02  0.5431800409E+01  0.2919978534E-01
  0.5375795852E-02  0.5430727246E+01  0.2949175899E-01
  0.5430096820E-02  0.5429644556E+01  0.2978662334E-01
  0.5484946283E-02  0.5428551004E+01  0.3008440644E-01
  0.5540349781E-02  0.5427446729E+01  0.3038513656E-01
  0.5596312910E-02  0.5426332661E+01  0.3068884229E-01
  0.5652841323E-02  0.5425208739E+01  0.3099555250E-01
  0.5709940730E-02  0.5424074903E+01  0.3130529633E-01
  0.5767616899E-02  0.5422931095E+01  0.3161810321E-01
  0.5825875656E-02  0.5421777254E+01  0.3193400282E-01
  0.5884722885E-02  0.5420613324E+01  0.3225302514E-01
  0.5944164530E-02  0.5419439245E+01  0.3257520042E-01
  0.6004206596E-02  0.5418254960E+01  0.3290055920E-01
  0.6064855147E-02  0.5417060413E+01  0.3322913229E-01
  0.6126116310E-02  0.5415855547E+01  0.3356095080E-01
  0.6187996273E-02  0.5414640307E+01  0.3389604614E-01
  0.6250501286E-02  0.5413414639E+01  0.3423445000E-01
  0.6313637663E-02  0.5412181586E+01  0.3457619446E-01
  0.6377411780E-02  0.5410939932E+01  0.3492131197E-01
  0.6441830081E-02  0.5409687869E+01  0.3526983520E-01
  0.6506899072E-02  0.5408425352E+01  0.3562179706E-01
  0.6572625325E-02  0.5407152333E+01  0.3597723075E-01
  0.6639015480E-02  0.5405868767E+01  0.3633616983E-01
  0.6706076242E-02  0.5404574611E+01  0.3669864811E-01
  0.6773814386E-02  0.5403269822E+01  0.3706469978E-01
  0.6842236754E-02  0.5401954358E+01  0.3743435929E-01
  0.6911350256E-02  0.5400628178E+01  0.3780766144E-01
  0.6981161875E-02  0.5399291243E+01  0.3818464137E-01
  0.7051678662E-02  0.5397943515E+01  0.3856533452E-01
  0.7122907739E-02  0.5396584957E+01  0.3894977667E-01
  0.7194856302E-02  0.5395215532E+01  0.3933800394E-01
  0.7267531618E-02  0.5393835208E+01  0.3973005278E-01
  0.7340941029E-02  0.5392443951E+01  0.4012595998E-01
  0.7415091948E-02  0.5391041729E+01  0.4052576266E-01
  0.7489991867E-02  0.5389628513E+01  0.4092949833E-01
  0.7565648350E-02  0.5388204275E+01  0.4133720479E-01
  0.7642069041E-02  0.5386768987E+01  0.4174892024E-01
  0.7719261657E-02  0.5385322624E+01  0.4216468321E-01
  0.7797233997E-02  0.5383865163E+01  0.4258453259E-01
  0.7875993937E-02  0.5382396581E+01  0.4300850765E-01
  0.7955549431E-02  0.5380916859E+01  0.4343664802E-01
  0.8035908516E-02  0.5379425978E+01  0.4386899367E-01
  0.8117079309E-02  0.5377923921E+01  0.4430558498E-01
  0.8199070009E-02  0.5376410675E+01  0.4474646269E-01
  0.8281888898E-02  0.5374886225E+01  0.4519166792E-01
  0.8365544342E-02  0.5373352575E+01  0.4564124226E-01
  0.8450044790E-02  0.5371807862E+01  0.4609522770E-01
  0.8535398777E-02  0.5370252005E+01  0.4655366652E-01
  0.8621614927E-02  0.5368685001E+01  0.4701660142E-01
  0.8708701946E-02  0.5367106689E+01  0.4748407547E-01
  0.8796668632E-02  0.5365493099E+01  0.4795613109E-01
  0.8885523871E-02  0.5363867563E+01  0.4843281104E-01
  0.8975276638E-02  0.5362229311E+01  0.4891415947E-01
  0.9065935997E-02  0.5360570677E+01  0.4940022057E-01
  0.9157511109E-02  0.5358899719E+01  0.4989103891E-01
  0.9250011221E-02  0.5357216420E+01  0.5038665989E-01
  0.9343445678E-02  0.5355520769E+01  0.5088712928E-01
  0.9437823917E-02  0.5353812755E+01  0.5139249330E-01
  0.9533155471E-02  0.5352089860E+01  0.5190279847E-01
  0.9629449971E-02  0.5350361576E+01  0.5241809207E-01
  0.9726717143E-02  0.5348624402E+01  0.5293842212E-01
  0.9824966811E-02  0.5346887922E+01  0.5346383739E-01
  0.9924208900E-02  0.5345139691E+01  0.5399438697E-01
  0.1002445343E-01  0.5343380174E+01  0.5453011982E-01
  0.1012571054E-01  0.5341609373E+01  0.5507108537E-01
  0.1022799044E-01  0.5339846216E+01  0.5561733450E-01
  0.1033130348E-01  0.5338068280E+01  0.5616891838E-01
  0.1043566008E-01  0.5336259982E+01  0.5672588668E-01
  0.1054107079E-01  0.5334440157E+01  0.5728828971E-01
  0.1064754625E-01  0.5332608844E+01  0.5785617920E-01
  0.1075509722E-01  0.5330766080E+01  0.5842960737E-01
  0.1086373457E-01  0.5328911909E+01  0.5900862693E-01
  0.1097346926E-01  0.5327046373E+01  0.5959329108E-01
  0.1108431238E-01  0.5325169522E+01  0.6018365353E-01
  0.1119627514E-01  0.5323281403E+01  0.6077976846E-01
  0.1130936882E-01  0.5321382069E+01  0.6138169058E-01
  0.1142360487E-01  0.5319471575E+01  0.6198947512E-01
  0.1153899482E-01  0.5317549977E+01  0.6260317780E-01
  0.1165555032E-01  0.5315621618E+01  0.6322285514E-01
  0.1177328316E-01  0.5313702245E+01  0.6384856534E-01
  0.1189220521E-01  0.5311772565E+01  0.6448036697E-01
  0.1201232849E-01  0.5309832646E+01  0.6511831802E-01
  0.1213366514E-01  0.5307862809E+01  0.6576247583E-01
  0.1225622742E-01  0.5305877858E+01  0.6641289793E-01
  0.1238002770E-01  0.5303878336E+01  0.6706964330E-01
  0.1250507848E-01  0.5301868249E+01  0.6773277177E-01
  0.1263139240E-01  0.5299847677E+01  0.6840234394E-01
  0.1275898223E-01  0.5297816703E+01  0.6907842100E-01
  0.1288786083E-01  0.5295775411E+01  0.6976106470E-01
  0.1301804125E-01  0.5293718063E+01  0.7045033702E-01
  0.1314953661E-01  0.5291633645E+01  0.7114629937E-01
  0.1328236022E-01  0.5289500591E+01  0.7184901155E-01
  0.1341652547E-01  0.5287337730E+01  0.7255853365E-01
  0.1355204593E-01  0.5285172310E+01  0.7327492936E-01
  0.1368893528E-01  0.5283002419E+01  0.7399826466E-01
  0.1382720736E-01  0.5280821337E+01  0.7472860557E-01
  0.1396687612E-01  0.5278629160E+01  0.7546601825E-01
  0.1410795567E-01  0.5276425984E+01  0.7621056950E-01
  0.1425046028E-01  0.5274211909E+01  0.7696232673E-01
  0.1439440432E-01  0.5271996754E+01  0.7772135869E-01
  0.1453980234E-01  0.5269788930E+01  0.7848773609E-01
  0.1468666903E-01  0.5267595283E+01  0.7926153147E-01
  0.1483501923E-01  0.5265409241E+01  0.8004281809E-01
  0.1498486790E-01  0.5263205538E+01  0.8083166760E-01
  0.1513623021E-01  0.5260993983E+01  0.8162815113E-01
  0.1528912142E-01  0.5258774743E+01  0.8243234124E-01
  0.1544355699E-01  0.5256547987E+01  0.8324431117E-01
  0.1559955252E-01  0.5254363395E+01  0.8406413874E-01
  0.1575712375E-01  0.5252170434E+01  0.8489190251E-01
  0.1591628662E-01  0.5249916919E+01  0.8572767367E-01
  0.1607705719E-01  0.5247656295E+01  0.8657152409E-01
  0.1623945171E-01  0.5245384441E+01  0.8742353023E-01
  0.1640348657E-01  0.5243068188E+01  0.8828376619E-01
  0.1656917836E-01  0.5240743615E+01  0.8915230693E-01
  0.1673654380E-01  0.5238410810E+01  0.9002923107E-01
  0.1690559979E-01  0.5236069851E+01  0.9091461796E-01
  0.1707636343E-01  0.5233720809E+01  0.9180854771E-01
  0.1724885195E-01  0.5231379664E+01  0.9271110255E-01
  0.1742308278E-01  0.5229069670E+01  0.9362236892E-01
  0.1759907351E-01  0.5226733567E+01  0.9454243117E-01
  0.1777684193E-01  0.5224389530E+01  0.9547137099E-01
  0.1795640599E-01  0.5222045288E+01  0.9640927311E-01
  0.1813778383E-01  0.5219705236E+01  0.9735622418E-01
  0.1832099377E-01  0.5217351308E+01  0.9831231042E-01
  0.1850605431E-01  0.5215001397E+01  0.9927761885E-01
  0.1869298415E-01  0.5212690664E+01  0.1002522423E+00
  0.1888180217E-01  0.5210374245E+01  0.1012362735E+00
  0.1907252745E-01  0.5208052080E+01  0.1022298021E+00
  0.1926517924E-01  0.5205724089E+01  0.1032329184E+00
  0.1945977701E-01  0.5203390170E+01  0.1042457137E+00
  0.1965634041E-01  0.5201058016E+01  0.1052682805E+00
  0.1985488931E-01  0.5198778548E+01  0.1063007186E+00
  0.2005544374E-01  0.5196477582E+01  0.1073431259E+00
  0.2025802398E-01  0.5194188094E+01  0.1083955977E+00
  0.2046265049E-01  0.5191997248E+01  0.1094582421E+00
  0.2066934393E-01  0.5189841495E+01  0.1105311711E+00
  0.2087812518E-01  0.5187685783E+01  0.1116144876E+00
  0.2108901533E-01  0.5185526080E+01  0.1127082918E+00
  0.2130203569E-01  0.5183347908E+01  0.1138126824E+00
  0.2151720777E-01  0.5181080853E+01  0.1149277502E+00
  0.2173455330E-01  0.5178809524E+01  0.1160535882E+00
  0.2195409424E-01  0.5176533619E+01  0.1171902991E+00
  0.2217585277E-01  0.5174251060E+01  0.1183379864E+00
  0.2239985128E-01  0.5171912936E+01  0.1194967491E+00
  0.2262611241E-01  0.5169552813E+01  0.1206666850E+00
  0.2285465900E-01  0.5167173372E+01  0.1218478967E+00
  0.2308551414E-01  0.5164690252E+01  0.1230404786E+00
  0.2331870115E-01  0.5162159940E+01  0.1242445223E+00
  0.2355424359E-01  0.5159574403E+01  0.1254601255E+00
  0.2379216524E-01  0.5156888665E+01  0.1266873805E+00
  0.2403249014E-01  0.5154184959E+01  0.1279263844E+00
  0.2427524257E-01  0.5151496371E+01  0.1291772489E+00
  0.2452044704E-01  0.5148841563E+01  0.1304400934E+00
  0.2476812832E-01  0.5146179072E+01  0.1317150354E+00
  0.2501831143E-01  0.5143508691E+01  0.1330021884E+00
  0.2527102165E-01  0.5140830193E+01  0.1343016672E+00
  0.2552628449E-01  0.5138143333E+01  0.1356135872E+00
  0.2578412575E-01  0.5135447847E+01  0.1369380650E+00
  0.2604457147E-01  0.5132737550E+01  0.1382752175E+00
  0.2630764795E-01  0.5129983370E+01  0.1396251577E+00
  0.2657338176E-01  0.5127213133E+01  0.1409879997E+00
  0.2684179976E-01  0.5124429342E+01  0.1423638624E+00
  0.2711292905E-01  0.5121631509E+01  0.1437528660E+00
  0.2738679702E-01  0.5118877908E+01  0.1451551397E+00
  0.2766343134E-01  0.5116117759E+01  0.1465708152E+00
  0.2794285993E-01  0.5113085629E+01  0.1479999812E+00
  0.2822511105E-01  0.5109991274E+01  0.1494427186E+00
  0.2851021318E-01  0.5107098421E+01  0.1508991757E+00
  0.2879819513E-01  0.5104565298E+01  0.1523695631E+00
  0.2908908599E-01  0.5102037373E+01  0.1538540668E+00
  0.2938291514E-01  0.5099494314E+01  0.1553528205E+00
  0.2967971226E-01  0.5096939129E+01  0.1568659565E+00
  0.2997950734E-01  0.5094383614E+01  0.1583936107E+00
  0.3028233064E-01  0.5091835621E+01  0.1599359230E+00
  0.3058821277E-01  0.5089353622E+01  0.1614930449E+00
  0.3089718462E-01  0.5086835049E+01  0.1630651228E+00
  0.3120927739E-01  0.5084287471E+01  0.1646522898E+00
  0.3152452262E-01  0.5081679379E+01  0.1662546760E+00
  0.3184295214E-01  0.5078937665E+01  0.1678723962E+00
  0.3216459812E-01  0.5076095133E+01  0.1695055590E+00
  0.3248949305E-01  0.5073217610E+01  0.1711542891E+00
  0.3281766975E-01  0.5070187591E+01  0.1728187037E+00
  0.3314916136E-01  0.5067037348E+01  0.1744989062E+00
  0.3348400137E-01  0.5063718218E+01  0.1761949974E+00
  0.3382222361E-01  0.5060285915E+01  0.1779070791E+00
  0.3416386223E-01  0.5056833225E+01  0.1796352784E+00
  0.3450895175E-01  0.5053253519E+01  0.1813797209E+00
  0.3485752702E-01  0.5049412099E+01  0.1831404906E+00
  0.3520962325E-01  0.5045401483E+01  0.1849176635E+00
  0.3556527601E-01  0.5041366876E+01  0.1867113570E+00
  0.3592452122E-01  0.5037282964E+01  0.1885217103E+00
  0.3628739518E-01  0.5033192641E+01  0.1903488670E+00
  0.3665393452E-01  0.5029133776E+01  0.1921929862E+00
  0.3702417628E-01  0.5025186267E+01  0.1940542508E+00
  0.3739815786E-01  0.5021241780E+01  0.1959328403E+00
  0.3777591703E-01  0.5017307471E+01  0.1978289174E+00
  0.3815749195E-01  0.5013387481E+01  0.1997426482E+00
  0.3854292116E-01  0.5009486153E+01  0.2016742023E+00
  0.3893224360E-01  0.5005723728E+01  0.2036237753E+00
  0.3932549859E-01  0.5002034494E+01  0.2055915757E+00
  0.3972272585E-01  0.4998382892E+01  0.2075777949E+00
  0.4012396550E-01  0.4994774201E+01  0.2095826203E+00
  0.4052925808E-01  0.4991213859E+01  0.2116062437E+00
  0.4093864453E-01  0.4987601045E+01  0.2136488395E+00
  0.4135216619E-01  0.4983898338E+01  0.2157105550E+00
  0.4176986484E-01  0.4980224901E+01  0.2177915554E+00
  0.4219178266E-01  0.4976336168E+01  0.2198919807E+00
  0.4261796229E-01  0.4972501437E+01  0.2220119767E+00
  0.4304844675E-01  0.4968593685E+01  0.2241517202E+00
  0.4348327955E-01  0.4964670609E+01  0.2263113747E+00
  0.4392250460E-01  0.4960819334E+01  0.2284911366E+00
  0.4436616626E-01  0.4957146846E+01  0.2306912473E+00
  0.4481430935E-01  0.4953582300E+01  0.2329119597E+00
  0.4526697914E-01  0.4950134642E+01  0.2351535164E+00
  0.4572422136E-01  0.4946919185E+01  0.2374161918E+00
  0.4618608218E-01  0.4943641754E+01  0.2397002231E+00
  0.4665260826E-01  0.4940335969E+01  0.2420057898E+00
  0.4712384673E-01  0.4937128906E+01  0.2443331106E+00
  0.4759984518E-01  0.4934024274E+01  0.2466824374E+00
  0.4808065170E-01  0.4931025402E+01  0.2490540275E+00
  0.4856631485E-01  0.4928135198E+01  0.2514481429E+00
  0.4905688368E-01  0.4925146303E+01  0.2538649994E+00
  0.4955240776E-01  0.4922245292E+01  0.2563048092E+00
  0.5005293713E-01  0.4919441932E+01  0.2587678359E+00
  0.5055852235E-01  0.4917056188E+01  0.2612544300E+00
  0.5106921450E-01  0.4914806947E+01  0.2637649576E+00
  0.5158506515E-01  0.4912655174E+01  0.2662997090E+00
  0.5210612641E-01  0.4910598290E+01  0.2688589674E+00
  0.5263245092E-01  0.4908796658E+01  0.2714430615E+00
  0.5316409184E-01  0.4907273377E+01  0.2740523738E+00
  0.5370110287E-01  0.4905855635E+01  0.2766872530E+00
  0.5424353825E-01  0.4904535076E+01  0.2793480046E+00
  0.5479145278E-01  0.4903306316E+01  0.2820349340E+00
  0.5534490180E-01  0.4902104326E+01  0.2847483314E+00
  0.5590394121E-01  0.4900696873E+01  0.2874884075E+00
  0.5646862749E-01  0.4899355419E+01  0.2902553850E+00
  0.5703901766E-01  0.4898109971E+01  0.2930495740E+00
  0.5761516936E-01  0.4896878161E+01  0.2958712735E+00
  0.5819714076E-01  0.4895647885E+01  0.2987207586E+00
  0.5878499067E-01  0.4894406364E+01  0.3015982999E+00
  0.5937877846E-01  0.4893140152E+01  0.3045041626E+00
  0.5997856410E-01  0.4892002386E+01  0.3074386566E+00
  0.6058440818E-01  0.4891128952E+01  0.3104021827E+00
  0.6119637190E-01  0.4890155784E+01  0.3133950784E+00
  0.6181451707E-01  0.4888860358E+01  0.3164175042E+00
  0.6243890613E-01  0.4887473333E+01  0.3194696221E+00
  0.6306960215E-01  0.4885617639E+01  0.3225515469E+00
  0.6370666884E-01  0.4883074406E+01  0.3256632011E+00
  0.6435017054E-01  0.4880072389E+01  0.3288045019E+00
  0.6500017227E-01  0.4876869268E+01  0.3319755163E+00
  0.6565673966E-01  0.4872888909E+01  0.3351762030E+00
  0.6631993905E-01  0.4868460259E+01  0.3384064314E+00
  0.6698983743E-01  0.4863922086E+01  0.3416662850E+00
  0.6766650245E-01  0.4859485751E+01  0.3449560300E+00
  0.6835000248E-01  0.4854534662E+01  0.3482757966E+00
  0.6904040654E-01  0.4849211491E+01  0.3516255495E+00
  0.6973778439E-01  0.4843456162E+01  0.3550052753E+00
  0.7044220645E-01  0.4837454547E+01  0.3584149989E+00
  0.7115374389E-01  0.4831041971E+01  0.3618547475E+00
  0.7187246858E-01  0.4824526032E+01  0.3653245950E+00
  0.7259845311E-01  0.4817742476E+01  0.3688246639E+00
  0.7333177082E-01  0.4810495279E+01  0.3723549425E+00
  0.7407249577E-01  0.4802709617E+01  0.3759153129E+00
  0.7482070280E-01  0.4794404994E+01  0.3795056272E+00
  0.7557646748E-01  0.4785245893E+01  0.3831256081E+00
  0.7633986614E-01  0.4774921332E+01  0.3867747175E+00
  0.7711097590E-01  0.4763337320E+01  0.3904522397E+00
  0.7788987464E-01  0.4751490550E+01  0.3941577834E+00
  0.7867664105E-01  0.4739024291E+01  0.3978911926E+00
  0.7947135460E-01  0.4726189258E+01  0.4016522593E+00
  0.8027409556E-01  0.4713185416E+01  0.4054409456E+00
  0.8108494501E-01  0.4700125018E+01  0.4092573344E+00
  0.8190398485E-01  0.4686742386E+01  0.4131014437E+00
  0.8273129783E-01  0.4671733714E+01  0.4169726380E+00
  0.8356696751E-01  0.4655882763E+01  0.4208700411E+00
  0.8441107829E-01  0.4638927613E+01  0.4247929660E+00
  0.8526371544E-01  0.4621415557E+01  0.4287408223E+00
  0.8612496510E-01  0.4603597386E+01  0.4327133419E+00
  0.8699491424E-01  0.4585778278E+01  0.4367104866E+00
  0.8787365075E-01  0.4567498309E+01  0.4407321458E+00
  0.8876126338E-01  0.4547401118E+01  0.4447773957E+00
  0.8965784180E-01  0.4526749313E+01  0.4488452394E+00
  0.9056347656E-01  0.4506485123E+01  0.4529356450E+00
  0.9147825915E-01  0.4486318455E+01  0.4570488751E+00
  0.9240228197E-01  0.4467149852E+01  0.4611854796E+00
  0.9333563836E-01  0.4447923352E+01  0.4653459498E+00
  0.9427842258E-01  0.4429046874E+01  0.4695304836E+00
  0.9523072988E-01  0.4411423693E+01  0.4737399059E+00
  0.9619265645E-01  0.4393657690E+01  0.4779748268E+00
  0.9716429944E-01  0.4376526152E+01  0.4822355706E+00
  0.9814575701E-01  0.4359753270E+01  0.4865227144E+00
  0.9913712829E-01  0.4343209159E+01  0.4908366479E+00
  0.1001385134E+00  0.4326465362E+01  0.4951774895E+00
  0.1011500136E+00  0.4309497587E+01  0.4995451283E+00
  0.1021717309E+00  0.4292593605E+01  0.5039395811E+00
  0.1032037686E+00  0.4275818018E+01  0.5083610429E+00
  0.1042462309E+00  0.4258682440E+01  0.5128094905E+00
  0.1052992231E+00  0.4241113674E+01  0.5172846001E+00
  0.1063628516E+00  0.4223921038E+01  0.5217864262E+00
  0.1074372239E+00  0.4206826360E+01  0.5263153067E+00
  0.1085224483E+00  0.4190142827E+01  0.5308716050E+00
  0.1096186347E+00  0.4174038805E+01  0.5354559559E+00
  0.1107258936E+00  0.4158282940E+01  0.5400689747E+00
  0.1118443370E+00  0.4142578303E+01  0.5447109963E+00
  0.1129740778E+00  0.4126748087E+01  0.5493820939E+00
  0.1141152301E+00  0.4110635227E+01  0.5540821484E+00
  0.1152679092E+00  0.4093575125E+01  0.5588105593E+00
  0.1164322315E+00  0.4076837054E+01  0.5635670559E+00
  0.1176083146E+00  0.4060334983E+01  0.5683520513E+00
  0.1187962774E+00  0.4042928755E+01  0.5731652391E+00
  0.1199962398E+00  0.4024435235E+01  0.5780055059E+00
  0.1212083230E+00  0.4005763061E+01  0.5828721402E+00
  0.1224326495E+00  0.3987982073E+01  0.5877656172E+00
  0.1236693429E+00  0.3969946388E+01  0.5926863761E+00
  0.1249185282E+00  0.3951156669E+01  0.5976338388E+00
  0.1261803315E+00  0.3931563802E+01  0.6026070602E+00
  0.1274548803E+00  0.3911372893E+01  0.6076051630E+00
  0.1287423034E+00  0.3891963762E+01  0.6126282607E+00
  0.1300427307E+00  0.3871860360E+01  0.6176764051E+00
  0.1313562936E+00  0.3848805022E+01  0.6227471951E+00
  0.1326831249E+00  0.3824797301E+01  0.6278379827E+00
  0.1340233585E+00  0.3799408239E+01  0.6329470909E+00
  0.1353771298E+00  0.3772949638E+01  0.6380727113E+00
  0.1367445755E+00  0.3747452110E+01  0.6432145820E+00
  0.1381258338E+00  0.3721530535E+01  0.6483728793E+00
  0.1395210443E+00  0.3694782903E+01  0.6535465383E+00
  0.1409303478E+00  0.3668777646E+01  0.6587352840E+00
  0.1423538866E+00  0.3642580433E+01  0.6639392852E+00
  0.1437918047E+00  0.3615505197E+01  0.6691575514E+00
  0.1452442472E+00  0.3588089670E+01  0.6743889549E+00
  0.1467113608E+00  0.3561650342E+01  0.6796336954E+00
  0.1481932937E+00  0.3535921686E+01  0.6848927582E+00
  0.1496901957E+00  0.3511450979E+01  0.6901673712E+00
  0.1512022178E+00  0.3486983579E+01  0.6954582653E+00
  0.1527295130E+00  0.3462313642E+01  0.7007650792E+00
  0.1542722353E+00  0.3439194001E+01  0.7060886343E+00
  0.1558305407E+00  0.3415821499E+01  0.7114297381E+00
  0.1574045866E+00  0.3393675582E+01  0.7167889685E+00
  0.1589945319E+00  0.3372174578E+01  0.7221676344E+00
  0.1606005373E+00  0.3349024290E+01  0.7275647752E+00
  0.1622227649E+00  0.3324993391E+01  0.7329781632E+00
  0.1638613787E+00  0.3298417300E+01  0.7384047692E+00
  0.1655165442E+00  0.3267879564E+01  0.7438389230E+00
  0.1671884284E+00  0.3232820946E+01  0.7492731325E+00
  0.1688772004E+00  0.3193632139E+01  0.7546995396E+00
  0.1705830308E+00  0.3153097195E+01  0.7601127612E+00
  0.1723060917E+00  0.3114091664E+01  0.7655121353E+00
  0.1740465572E+00  0.3077475551E+01  0.7709002401E+00
  0.1758046033E+00  0.3038529488E+01  0.7762763493E+00
  0.1775804074E+00  0.2999239859E+01  0.7816372970E+00
  0.1793741488E+00  0.2959371084E+01  0.7869814008E+00
  0.1811860089E+00  0.2917924196E+01  0.7923058192E+00
  0.1830161706E+00  0.2876243335E+01  0.7976079509E+00
  0.1848648188E+00  0.2835590306E+01  0.8028875364E+00
  0.1867321402E+00  0.2798013922E+01  0.8081474113E+00
  0.1886183235E+00  0.2762400207E+01  0.8133913912E+00
  0.1905235591E+00  0.2726825438E+01  0.8186205253E+00
  0.1924480394E+00  0.2689413392E+01  0.8238322480E+00
  0.1943919590E+00  0.2653926582E+01  0.8290257596E+00
  0.1963555142E+00  0.2619830327E+01  0.8342034159E+00
  0.1983389032E+00  0.2584408655E+01  0.8393644311E+00
  0.2003423265E+00  0.2546953965E+01  0.8445045767E+00
  0.2023659863E+00  0.2506949277E+01  0.8496182673E+00
  0.2044100872E+00  0.2465479045E+01  0.8547003398E+00
  0.2064748356E+00  0.2423667187E+01  0.8597477682E+00
  0.2085604400E+00  0.2382803602E+01  0.8647599665E+00
  0.2106671111E+00  0.2339075995E+01  0.8697336901E+00
  0.2127950617E+00  0.2296777513E+01  0.8746661238E+00
  0.2149445068E+00  0.2254336673E+01  0.8795573088E+00
  0.2171156634E+00  0.2213877231E+01  0.8844079049E+00
  0.2193087509E+00  0.2174647354E+01  0.8892201141E+00
  0.2215239908E+00  0.2137450913E+01  0.8939962802E+00
  0.2237616069E+00  0.2100595956E+01  0.8987378411E+00
  0.2260218251E+00  0.2063256748E+01  0.9034434490E+00
  0.2283048739E+00  0.2023002034E+01  0.9081080130E+00
  0.2306109837E+00  0.1979964929E+01  0.9127236538E+00
  0.2329403876E+00  0.1934725780E+01  0.9172831016E+00
  0.2352933208E+00  0.1887787507E+01  0.9217801608E+00
  0.2376700210E+00  0.1838463359E+01  0.9262082515E+00
  0.2400707283E+00  0.1787260295E+01  0.9305604020E+00
  0.2424956851E+00  0.1733304737E+01  0.9348290112E+00
  0.2449451365E+00  0.1678721463E+01  0.9390078073E+00
  0.2474193298E+00  0.1620675999E+01  0.9430894809E+00
  0.2499185149E+00  0.1560876044E+01  0.9470651247E+00
  0.2524429444E+00  0.1500777953E+01  0.9509295894E+00
  0.2549928731E+00  0.1441341684E+01  0.9546806871E+00
  0.2575685587E+00  0.1382097929E+01  0.9583168335E+00
  0.2601702613E+00  0.1325652188E+01  0.9618392138E+00
  0.2627982438E+00  0.1270838884E+01  0.9652509802E+00
  0.2654527715E+00  0.1220107769E+01  0.9685571237E+00
  0.2681341126E+00  0.1177053873E+01  0.9717709277E+00
  0.2708425380E+00  0.1137683724E+01  0.9749055748E+00
  0.2735783212E+00  0.1104945205E+01  0.9779732480E+00
  0.2763417386E+00  0.1069410241E+01  0.9809775739E+00
  0.2791330693E+00  0.1029757258E+01  0.9839073092E+00
  0.2819525952E+00  0.9866488806E+00  0.9867499639E+00
  0.2848006012E+00  0.9401942019E+00  0.9894937943E+00
  0.2876773750E+00  0.8877829563E+00  0.9921231326E+00
  0.2905832071E+00  0.8371179190E+00  0.9946292688E+00
  0.2935183910E+00  0.7841097292E+00  0.9970085694E+00
  0.2964832232E+00  0.7330545250E+00  0.9992576382E+00
  0.2994780032E+00  0.6795078552E+00  0.1001372795E+01
  0.3025030336E+00  0.6279025171E+00  0.1003350273E+01
  0.3055586198E+00  0.5803880981E+00  0.1005196291E+01
  0.3086450705E+00  0.5329163757E+00  0.1006914371E+01
  0.3117626974E+00  0.4902142062E+00  0.1008509240E+01
  0.3149118156E+00  0.4550185299E+00  0.1009997565E+01
  0.3180927430E+00  0.4193160067E+00  0.1011388163E+01
  0.3213058010E+00  0.3904005118E+00  0.1012688996E+01
  0.3245513142E+00  0.3695423506E+00  0.1013922198E+01
  0.3278296103E+00  0.3539135652E+00  0.1015108049E+01
  0.3311410205E+00  0.3323588449E+00  0.1016244314E+01
  0.3344858793E+00  0.3067255556E+00  0.1017313138E+01
  0.3378645245E+00  0.2782443318E+00  0.1018301340E+01
  0.3412772975E+00  0.2546276458E+00  0.1019210626E+01
  0.3447245429E+00  0.2334902695E+00  0.1020051957E+01
  0.3482066090E+00  0.2137646626E+00  0.1020830643E+01
  0.3517238475E+00  0.1945734180E+00  0.1021548754E+01
  0.3552766136E+00  0.1811127062E+00  0.1022216116E+01
  0.3588652663E+00  0.1699857676E+00  0.1022846102E+01
  0.3624901680E+00  0.1647579007E+00  0.1023452808E+01
  0.3661516848E+00  0.1616804514E+00  0.1024050438E+01
  0.3698501867E+00  0.1557363767E+00  0.1024637421E+01
  0.3735860472E+00  0.1494604335E+00  0.1025207508E+01
  0.3773596436E+00  0.1482294235E+00  0.1025769188E+01
  0.3811713572E+00  0.1467443727E+00  0.1026331366E+01
  0.3850215729E+00  0.1431781081E+00  0.1026889498E+01
  0.3889106797E+00  0.1382802469E+00  0.1027436809E+01
  0.3928390704E+00  0.1367786580E+00  0.1027977078E+01
  0.3968071418E+00  0.1320169462E+00  0.1028510378E+01
  0.4008152948E+00  0.1303284677E+00  0.1029036139E+01
  0.4048639341E+00  0.1283864154E+00  0.1029559860E+01
  0.4089534688E+00  0.1243128729E+00  0.1030076572E+01
  0.4130843119E+00  0.1172657193E+00  0.1030575533E+01
  0.4172568807E+00  0.1138062151E+00  0.1031057615E+01
  0.4214715967E+00  0.1123491094E+00  0.1031534205E+01
  0.4257288855E+00  0.1185826053E+00  0.1032025777E+01
  0.4300291773E+00  0.1317442923E+00  0.1032564016E+01
  0.4343729064E+00  0.1513516740E+00  0.1033178862E+01
  0.4387605115E+00  0.1728641489E+00  0.1033890128E+01
  0.4431924359E+00  0.1927299128E+00  0.1034700270E+01
  0.4476691271E+00  0.2052240353E+00  0.1035591029E+01
  0.4521910375E+00  0.2126887714E+00  0.1036535911E+01
  0.4567586237E+00  0.2083125133E+00  0.1037497391E+01
  0.4613723472E+00  0.2036233166E+00  0.1038447670E+01
  0.4660326740E+00  0.2026617696E+00  0.1039394380E+01
  0.4707400747E+00  0.2058437113E+00  0.1040355880E+01
  0.4754950250E+00  0.2121752658E+00  0.1041349710E+01
  0.4802980050E+00  0.2222360009E+00  0.1042392944E+01
  0.4851495000E+00  0.2382653649E+00  0.1043510004E+01
  0.4900500000E+00  0.2550311250E+00  0.1044718704E+01
  0.4950000000E+00  0.2775191355E+00  0.1046036766E+01
  0.5000000000E+00  0.3051800871E+00  0.1047444311E+01
  0.5050000000E+00  0.3295020241E+00  0.1049031016E+01
  0.5099500000E+00  0.3458984729E+00  0.1050702632E+01
  0.5148505000E+00  0.3547620505E+00  0.1052419426E+01
  0.5197019950E+00  0.3568125121E+00  0.1054145526E+01
  0.5245049750E+00  0.3561854139E+00  0.1055857783E+01
  0.5292599253E+00  0.3501155127E+00  0.1057536996E+01
  0.5339673260E+00  0.3435238625E+00  0.1059169615E+01
  0.5386276528E+00  0.3354626979E+00  0.1060751765E+01
  0.5432413763E+00  0.3319338787E+00  0.1062291357E+01
  0.5478089625E+00  0.3246136551E+00  0.1063790775E+01
  0.5523308729E+00  0.3177070688E+00  0.1065243034E+01
  0.5568075641E+00  0.3144352535E+00  0.1066657987E+01
  0.5612394885E+00  0.3072737926E+00  0.1068035671E+01
  0.5656270936E+00  0.2933189060E+00  0.1069353252E+01
  0.5699708227E+00  0.2751302883E+00  0.1070587847E+01
  0.5742711145E+00  0.2482982626E+00  0.1071713295E+01
  0.5785284033E+00  0.2122771220E+00  0.1072693696E+01
  0.5827431193E+00  0.1626781531E+00  0.1073483861E+01
  0.5869156881E+00  0.1160671276E+00  0.1074065403E+01
  0.5910465312E+00  0.7381790186E-01  0.1074457595E+01
  0.5951360659E+00  0.3743825512E-01  0.1074685088E+01
  0.5991847052E+00 -0.1661100379E-02  0.1074757513E+01
  0.6031928582E+00 -0.4166198814E-01  0.1074670690E+01
  0.6071609296E+00 -0.8557246264E-01  0.1074418252E+01
  0.6110893203E+00 -0.1336756762E+00  0.1073987606E+01
  0.6149784271E+00 -0.1783991164E+00  0.1073380760E+01
  0.6188286428E+00 -0.2224993264E+00  0.1072608987E+01
  0.6226403564E+00 -0.2681096886E+00  0.1071673957E+01
  0.6264139528E+00 -0.3166133058E+00  0.1070570703E+01
  0.6301498133E+00 -0.3651856995E+00  0.1069297150E+01
  0.6338483152E+00 -0.4161989529E+00  0.1067852173E+01
  0.6375098320E+00 -0.4653556525E+00  0.1066238260E+01
  0.6411347337E+00 -0.5147035913E+00  0.1064461951E+01
  0.6447233864E+00 -0.5619537874E+00  0.1062530076E+01
  0.6482761525E+00 -0.6161258516E+00  0.1060437355E+01
  0.6517933910E+00 -0.6710416145E+00  0.1058173718E+01
  0.6552754571E+00 -0.7337563462E+00  0.1055727918E+01
  0.6587227025E+00 -0.7926683921E+00  0.1053096938E+01
  0.6621354755E+00 -0.8489716310E+00  0.1050295665E+01
  0.6655141207E+00 -0.9031231916E+00  0.1047335812E+01
  0.6688589795E+00 -0.9550820394E+00  0.1044228095E+01
  0.6721703897E+00 -0.1002748957E+01  0.1040986504E+01
  0.6754486858E+00 -0.1050759354E+01  0.1037620500E+01
  0.6786941990E+00 -0.1102969573E+01  0.1034125522E+01
  0.6819072570E+00 -0.1158545306E+01  0.1030492333E+01
  0.6850881844E+00 -0.1214129625E+01  0.1026718679E+01
  0.6882373026E+00 -0.1267361550E+01  0.1022811425E+01
  0.6913549295E+00 -0.1315442763E+01  0.1018785315E+01
  0.6944413802E+00 -0.1362093690E+01  0.1014653273E+01
  0.6974969664E+00 -0.1405980065E+01  0.1010424229E+01
  0.7005219968E+00 -0.1449842516E+01  0.1006104754E+01
  0.7035167768E+00 -0.1494965301E+01  0.1001695228E+01
  0.7064816090E+00 -0.1538132051E+01  0.9971989155E+00
  0.7094167929E+00 -0.1579606375E+01  0.9926233477E+00
  0.7123226250E+00 -0.1620820729E+01  0.9879733958E+00
  0.7151993988E+00 -0.1662091718E+01  0.9832512976E+00
  0.7180474048E+00 -0.1703728053E+01  0.9784583602E+00
  0.7208669307E+00 -0.1746214595E+01  0.9735947588E+00
  0.7236582614E+00 -0.1790477654E+01  0.9686587199E+00
  0.7264216788E+00 -0.1838704673E+01  0.9636442472E+00
  0.7291574620E+00 -0.1889967548E+01  0.9585438277E+00
  0.7318658874E+00 -0.1933763076E+01  0.9533656832E+00
  0.7345472285E+00 -0.1972460373E+01  0.9481287244E+00
  0.7372017562E+00 -0.2010013918E+01  0.9428429302E+00
  0.7398297387E+00 -0.2046832058E+01  0.9375122702E+00
  0.7424314413E+00 -0.2081270817E+01  0.9321422222E+00
  0.7450071269E+00 -0.2110924447E+01  0.9267433338E+00
  0.7475570556E+00 -0.2134428325E+01  0.9213306603E+00
  0.7500814851E+00 -0.2157276537E+01  0.9159136072E+00
  0.7525806702E+00 -0.2184816260E+01  0.9104877603E+00
  0.7550548635E+00 -0.2217697940E+01  0.9050414247E+00
  0.7575043149E+00 -0.2249088416E+01  0.8995708367E+00
  0.7599292717E+00 -0.2280798666E+01  0.8940784464E+00
  0.7623299790E+00 -0.2315057461E+01  0.8885617938E+00
  0.7647066792E+00 -0.2349618218E+01  0.8830185259E+00
  0.7670596124E+00 -0.2383204847E+01  0.8774505176E+00
  0.7693890163E+00 -0.2417986623E+01  0.8718585606E+00
  0.7716951261E+00 -0.2457166675E+01  0.8662372411E+00
  0.7739781749E+00 -0.2494428357E+01  0.8605848747E+00
  0.7762383931E+00 -0.2525004927E+01  0.8549123674E+00
  0.7784760092E+00 -0.2551801294E+01  0.8492323958E+00
  0.7806912491E+00 -0.2577042955E+01  0.8435515856E+00
  0.7828843366E+00 -0.2602425754E+01  0.8378720715E+00
  0.7850554932E+00 -0.2625329863E+01  0.8321969334E+00
  0.7872049383E+00 -0.2649056213E+01  0.8265284318E+00
  0.7893328889E+00 -0.2675428565E+01  0.8208633115E+00
  0.7914395600E+00 -0.2702173862E+01  0.8151988916E+00
  0.7935251644E+00 -0.2728909726E+01  0.8095353457E+00
  0.7955899128E+00 -0.2756950711E+01  0.8038718850E+00
  0.7976340137E+00 -0.2786304769E+01  0.7982063984E+00
  0.7996576735E+00 -0.2815907080E+01  0.7925379127E+00
  0.8016610968E+00 -0.2844807485E+01  0.7868675091E+00
  0.8036444858E+00 -0.2871603439E+01  0.7811985757E+00
  0.8056080410E+00 -0.2894616219E+01  0.7755374306E+00
  0.8075519606E+00 -0.2917088820E+01  0.7698886870E+00
  0.8094764409E+00 -0.2938354382E+01  0.7642543441E+00
  0.8113816765E+00 -0.2959489712E+01  0.7586359529E+00
  0.8132678598E+00 -0.2980828422E+01  0.7530336887E+00
  0.8151351812E+00 -0.3002537859E+01  0.7474472547E+00
  0.8169838294E+00 -0.3024561152E+01  0.7418762619E+00
  0.8188139911E+00 -0.3042608400E+01  0.7363243112E+00
  0.8206258512E+00 -0.3059962291E+01  0.7307958090E+00
  0.8224195926E+00 -0.3078820709E+01  0.7252901142E+00
  0.8241953967E+00 -0.3097988585E+01  0.7198057126E+00
  0.8259534428E+00 -0.3118697306E+01  0.7143411026E+00
  0.8276939083E+00 -0.3137059737E+01  0.7088971378E+00
  0.8294169692E+00 -0.3154699852E+01  0.7034765952E+00
  0.8311227996E+00 -0.3171572326E+01  0.6980808218E+00
  0.8328115716E+00 -0.3188357972E+01  0.6927105857E+00
  0.8344834558E+00 -0.3202795514E+01  0.6873679512E+00
  0.8361386213E+00 -0.3215440739E+01  0.6820563297E+00
  0.8377772351E+00 -0.3226885134E+01  0.6767780877E+00
  0.8393994627E+00 -0.3236773849E+01  0.6715353246E+00
  0.8410054681E+00 -0.3248043150E+01  0.6663279991E+00
  0.8425954134E+00 -0.3260555138E+01  0.6611538414E+00
  0.8441694593E+00 -0.3273692842E+01  0.6560112384E+00
  0.8457277647E+00 -0.3286300632E+01  0.6509000018E+00
  0.8472704870E+00 -0.3298755778E+01  0.6458205449E+00
  0.8487977822E+00 -0.3310166708E+01  0.6407736573E+00
  0.8503098043E+00 -0.3320682542E+01  0.6357606618E+00
  0.8518067063E+00 -0.3331403616E+01  0.6307819014E+00
  0.8532886392E+00 -0.3341633746E+01  0.6258374045E+00
  0.8547557528E+00 -0.3352389760E+01  0.6209269580E+00
  0.8562081953E+00 -0.3364174643E+01  0.6160492463E+00
  0.8576461134E+00 -0.3377592517E+01  0.6112021919E+00
  0.8590696522E+00 -0.3391451333E+01  0.6063841934E+00
  0.8604789557E+00 -0.3405581592E+01  0.6015946524E+00
  0.8618741662E+00 -0.3419754735E+01  0.5968332621E+00
  0.8632554245E+00 -0.3433578101E+01  0.5921001505E+00
  0.8646228702E+00 -0.3447137053E+01  0.5873956482E+00
  0.8659766415E+00 -0.3460767568E+01  0.5827197867E+00
  0.8673168751E+00 -0.3474403864E+01  0.5780724118E+00
  0.8686437064E+00 -0.3487613431E+01  0.5734537008E+00
  0.8699572693E+00 -0.3501220480E+01  0.5688635642E+00
  0.8712576966E+00 -0.3515560350E+01  0.5643011575E+00
  0.8725451197E+00 -0.3529624108E+01  0.5597660911E+00
  0.8738196685E+00 -0.3542960066E+01  0.5552589143E+00
  0.8750814718E+00 -0.3556272363E+01  0.5507799968E+00
  0.8763306571E+00 -0.3569077677E+01  0.5463295556E+00
  0.8775673505E+00 -0.3581506835E+01  0.5419080151E+00
  0.8787916770E+00 -0.3594256378E+01  0.5375152766E+00
  0.8800037602E+00 -0.3607944632E+01  0.5331504431E+00
  0.8812037226E+00 -0.3621126634E+01  0.5288131362E+00
  0.8823916854E+00 -0.3632831391E+01  0.5245044202E+00
  0.8835677685E+00 -0.3645945299E+01  0.5202241969E+00
  0.8847320908E+00 -0.3658542860E+01  0.5159718076E+00
  0.8858847699E+00 -0.3669689783E+01  0.5117482573E+00
  0.8870259222E+00 -0.3681102842E+01  0.5075540704E+00
  0.8881556630E+00 -0.3692272282E+01  0.5033890691E+00
  0.8892741064E+00 -0.3702824277E+01  0.4992535707E+00
  0.8903813653E+00 -0.3712960842E+01  0.4951479736E+00
  0.8914775517E+00 -0.3722988148E+01  0.4910723807E+00
  0.8925627761E+00 -0.3731586394E+01  0.4870274373E+00
  0.8936371484E+00 -0.3741181736E+01  0.4830131700E+00
  0.8947007769E+00 -0.3751716107E+01  0.4790283401E+00
  0.8957537691E+00 -0.3762040669E+01  0.4750723763E+00
  0.8967962314E+00 -0.3772683055E+01  0.4711450436E+00
  0.8978282691E+00 -0.3784096620E+01  0.4672456029E+00
  0.8988499864E+00 -0.3795729851E+01  0.4633733829E+00
  0.8998614866E+00 -0.3807654764E+01  0.4595279706E+00
  0.9008628717E+00 -0.3819044021E+01  0.4557093392E+00
  0.9018542430E+00 -0.3829295766E+01  0.4519181670E+00
  0.9028357006E+00 -0.3839647303E+01  0.4481547959E+00
  0.9038073436E+00 -0.3850126827E+01  0.4444189383E+00
  0.9047692701E+00 -0.3860749716E+01  0.4407102898E+00
  0.9057215774E+00 -0.3871479861E+01  0.4370285605E+00
  0.9066643616E+00 -0.3882093596E+01  0.4333735871E+00
  0.9075977180E+00 -0.3892568408E+01  0.4297453219E+00
  0.9085217408E+00 -0.3904037380E+01  0.4261432011E+00
  0.9094365234E+00 -0.3916343646E+01  0.4225662269E+00
  0.9103421582E+00 -0.3928963824E+01  0.4190137353E+00
  0.9112387366E+00 -0.3940482262E+01  0.4154859475E+00
  0.9121263493E+00 -0.3951134497E+01  0.4119835982E+00
  0.9130050858E+00 -0.3961686549E+01  0.4085069558E+00
  0.9138750349E+00 -0.3972314521E+01  0.4050558671E+00
  0.9147362846E+00 -0.3983582510E+01  0.4016298603E+00
  0.9155889217E+00 -0.3995300683E+01  0.3982283142E+00
  0.9164330325E+00 -0.4007143879E+01  0.3948508393E+00
  0.9172687022E+00 -0.4019297170E+01  0.3914971126E+00
  0.9180960151E+00 -0.4031677543E+01  0.3881667747E+00
  0.9189150550E+00 -0.4044767765E+01  0.3848593094E+00
  0.9197259044E+00 -0.4058030940E+01  0.3815742345E+00
  0.9205286454E+00 -0.4071447821E+01  0.3783113017E+00
  0.9213233589E+00 -0.4085020643E+01  0.3750702737E+00
  0.9221101254E+00 -0.4098744815E+01  0.3718509178E+00
  0.9228890241E+00 -0.4112098141E+01  0.3686532102E+00
  0.9236601339E+00 -0.4124899944E+01  0.3654773954E+00
  0.9244235325E+00 -0.4136730863E+01  0.3623239364E+00
  0.9251792972E+00 -0.4148515893E+01  0.3591930880E+00
  0.9259275042E+00 -0.4160163575E+01  0.3560847818E+00
  0.9266682292E+00 -0.4171929481E+01  0.3529988872E+00
  0.9274015469E+00 -0.4183624955E+01  0.3499352492E+00
  0.9281275314E+00 -0.4195117018E+01  0.3468938306E+00
  0.9288462561E+00 -0.4206599696E+01  0.3438745700E+00
  0.9295577935E+00 -0.4217704566E+01  0.3408774661E+00
  0.9302622156E+00 -0.4228676878E+01  0.3379025574E+00
  0.9309595935E+00 -0.4239665856E+01  0.3349497401E+00
  0.9316499975E+00 -0.4250870226E+01  0.3320187898E+00
  0.9323334975E+00 -0.4262169748E+01  0.3291094582E+00
  0.9330101626E+00 -0.4273022027E+01  0.3262217254E+00
  0.9336800609E+00 -0.4283664497E+01  0.3233556702E+00
  0.9343432603E+00 -0.4294090189E+01  0.3205112893E+00
  0.9349998277E+00 -0.4304021001E+01  0.3176886696E+00
  0.9356498295E+00 -0.4313518196E+01  0.3148879619E+00
  0.9362933312E+00 -0.4322392938E+01  0.3121093502E+00
  0.9369303978E+00 -0.4330439575E+01  0.3093531345E+00
  0.9375610939E+00 -0.4338507657E+01  0.3066193992E+00
  0.9381854829E+00 -0.4346443044E+01  0.3039080051E+00
  0.9388036281E+00 -0.4354178348E+01  0.3012188816E+00
  0.9394155918E+00 -0.4361847887E+01  0.2985519357E+00
  0.9400214359E+00 -0.4369471222E+01  0.2959070266E+00
  0.9406212215E+00 -0.4376911501E+01  0.2932840493E+00
  0.9412150093E+00 -0.4383992468E+01  0.2906829904E+00
  0.9418028592E+00 -0.4391070798E+01  0.2881037803E+00
  0.9423848306E+00 -0.4398156862E+01  0.2855462407E+00
  0.9429609823E+00 -0.4404934506E+01  0.2830102827E+00
  0.9435313725E+00 -0.4411942540E+01  0.2804957527E+00
  0.9440960588E+00 -0.4419270860E+01  0.2780023202E+00
  0.9446550982E+00 -0.4426840838E+01  0.2755296577E+00
  0.9452085472E+00 -0.4434537060E+01  0.2730774972E+00
  0.9457564617E+00 -0.4442371893E+01  0.2706456035E+00
  0.9462988971E+00 -0.4450328418E+01  0.2682337459E+00
  0.9468359082E+00 -0.4458114774E+01  0.2658417798E+00
  0.9473675491E+00 -0.4466063829E+01  0.2634695505E+00
  0.9478938736E+00 -0.4474180024E+01  0.2611168158E+00
  0.9484149348E+00 -0.4482465702E+01  0.2587833352E+00
  0.9489307855E+00 -0.4490821677E+01  0.2564688971E+00
  0.9494414776E+00 -0.4499314433E+01  0.2541733012E+00
  0.9499470629E+00 -0.4507701983E+01  0.2518963940E+00
  0.9504475922E+00 -0.4515928353E+01  0.2496380980E+00
  0.9509431163E+00 -0.4524555962E+01  0.2473982091E+00
  0.9514336852E+00 -0.4533328789E+01  0.2451764511E+00
  0.9519193483E+00 -0.4542235942E+01  0.2429726175E+00
  0.9524001548E+00 -0.4551743107E+01  0.2407863953E+00
  0.9528761533E+00 -0.4561241563E+01  0.2386175120E+00
  0.9533473917E+00 -0.4570807487E+01  0.2364658256E+00
  0.9538139178E+00 -0.4580444862E+01  0.2343311766E+00
  0.9542757786E+00 -0.4590141373E+01  0.2322134094E+00
  0.9547330209E+00 -0.4599884323E+01  0.2301123755E+00
  0.9551856906E+00 -0.4609660775E+01  0.2280279341E+00
  0.9556338337E+00 -0.4619436559E+01  0.2259599560E+00
  0.9560774954E+00 -0.4629195548E+01  0.2239083242E+00
  0.9565167205E+00 -0.4638949870E+01  0.2218729234E+00
  0.9569515532E+00 -0.4648627949E+01  0.2198536517E+00
  0.9573820377E+00 -0.4658251154E+01  0.2178504183E+00
  0.9578082173E+00 -0.4667908738E+01  0.2158631086E+00
  0.9582301352E+00 -0.4677515851E+01  0.2138916080E+00
  0.9586478338E+00 -0.4687061928E+01  0.2119358223E+00
  0.9590613555E+00 -0.4696537073E+01  0.2099956615E+00
  0.9594707419E+00 -0.4705932996E+01  0.2080710396E+00
  0.9598760345E+00 -0.4715419832E+01  0.2061618374E+00
  0.9602772742E+00 -0.4724801957E+01  0.2042679418E+00
  0.9606745014E+00 -0.4734072311E+01  0.2023892804E+00
  0.9610677564E+00 -0.4743224672E+01  0.2005257833E+00
  0.9614570788E+00 -0.4752229969E+01  0.1986773865E+00
  0.9618425080E+00 -0.4761143147E+01  0.1968440206E+00
  0.9622240830E+00 -0.4769942870E+01  0.1950256089E+00
  0.9626018421E+00 -0.4779068143E+01  0.1932219956E+00
  0.9629758237E+00 -0.4787882534E+01  0.1914330640E+00
  0.9633460655E+00 -0.4796175945E+01  0.1896588546E+00
  0.9637126048E+00 -0.4804402730E+01  0.1878993597E+00
  0.9640754788E+00 -0.4812605685E+01  0.1861544788E+00
  0.9644347240E+00 -0.4820690570E+01  0.1844241210E+00
  0.9647903767E+00 -0.4828755380E+01  0.1827081950E+00
  0.9651424730E+00 -0.4836769849E+01  0.1810065975E+00
  0.9654910483E+00 -0.4844392842E+01  0.1793192905E+00
  0.9658361378E+00 -0.4851731591E+01  0.1776462751E+00
  0.9661777764E+00 -0.4859178636E+01  0.1759874641E+00
  0.9665159986E+00 -0.4866562367E+01  0.1743427331E+00
  0.9668508386E+00 -0.4873757487E+01  0.1727120087E+00
  0.9671823303E+00 -0.4880813568E+01  0.1710952295E+00
  0.9675105070E+00 -0.4887749622E+01  0.1694923221E+00
  0.9678354019E+00 -0.4894445658E+01  0.1679032292E+00
  0.9681570479E+00 -0.4900597351E+01  0.1663279611E+00
  0.9684754774E+00 -0.4906557559E+01  0.1647665173E+00
  0.9687907226E+00 -0.4912558482E+01  0.1632188026E+00
  0.9691028154E+00 -0.4918458008E+01  0.1616847080E+00
  0.9694117872E+00 -0.4924287266E+01  0.1601641424E+00
  0.9697176694E+00 -0.4930052839E+01  0.1586570091E+00
  0.9700204927E+00 -0.4935756576E+01  0.1571632106E+00
  0.9703202877E+00 -0.4941225622E+01  0.1556826753E+00
  0.9706170849E+00 -0.4946591791E+01  0.1542153374E+00
  0.9709109140E+00 -0.4951775367E+01  0.1527611230E+00
  0.9712018049E+00 -0.4956726709E+01  0.1513199767E+00
  0.9714897868E+00 -0.4961615327E+01  0.1498918249E+00
  0.9717748890E+00 -0.4966430732E+01  0.1484765714E+00
  0.9720571401E+00 -0.4971206777E+01  0.1470741168E+00
  0.9723365687E+00 -0.4975946285E+01  0.1456843572E+00
  0.9726132030E+00 -0.4980651911E+01  0.1443071889E+00
  0.9728870709E+00 -0.4985326135E+01  0.1429425078E+00
  0.9731582002E+00 -0.4989971269E+01  0.1415902102E+00
  0.9734266182E+00 -0.4994589451E+01  0.1402501923E+00
  0.9736923521E+00 -0.4999227694E+01  0.1389223447E+00
  0.9739554285E+00 -0.5004018567E+01  0.1376065353E+00
  0.9742158742E+00 -0.5008924030E+01  0.1363026213E+00
  0.9744737155E+00 -0.5013799207E+01  0.1350104855E+00
  0.9747289784E+00 -0.5018733465E+01  0.1337300191E+00
  0.9749816886E+00 -0.5023711439E+01  0.1324611049E+00
  0.9752318717E+00 -0.5028658467E+01  0.1312036382E+00
  0.9754795530E+00 -0.5033566233E+01  0.1299575259E+00
  0.9757247574E+00 -0.5038489941E+01  0.1287226693E+00
  0.9759675099E+00 -0.5043445711E+01  0.1274989621E+00
  0.9762078348E+00 -0.5048418509E+01  0.1262862990E+00
  0.9764457564E+00 -0.5053358637E+01  0.1250845832E+00
  0.9766812989E+00 -0.5058266680E+01  0.1238937248E+00
  0.9769144859E+00 -0.5063143133E+01  0.1227136341E+00
  0.9771453410E+00 -0.5067988406E+01  0.1215442222E+00
  0.9773738876E+00 -0.5072802830E+01  0.1203854006E+00
  0.9776001487E+00 -0.5077595344E+01  0.1192370804E+00
  0.9778241472E+00 -0.5082389217E+01  0.1180991696E+00
  0.9780459058E+00 -0.5087211108E+01  0.1169715718E+00
  0.9782654467E+00 -0.5091990483E+01  0.1158541961E+00
  0.9784827922E+00 -0.5096735907E+01  0.1147469590E+00
  0.9786979643E+00 -0.5101447432E+01  0.1136497769E+00
  0.9789109847E+00 -0.5106109251E+01  0.1125625682E+00
  0.9791218748E+00 -0.5110691780E+01  0.1114852568E+00
  0.9793306561E+00 -0.5115241987E+01  0.1104177652E+00
  0.9795373495E+00 -0.5119759784E+01  0.1093600113E+00
  0.9797419760E+00 -0.5124254040E+01  0.1083119130E+00
  0.9799445563E+00 -0.5128656494E+01  0.1072733944E+00
  0.9801451107E+00 -0.5133034314E+01  0.1062443806E+00
  0.9803436596E+00 -0.5137412326E+01  0.1052247877E+00
  0.9805402230E+00 -0.5141764781E+01  0.1042145327E+00
  0.9807348208E+00 -0.5146091567E+01  0.1032135357E+00
  0.9809274726E+00 -0.5150386541E+01  0.1022217182E+00
  0.9811181978E+00 -0.5154657890E+01  0.1012390020E+00
  0.9813070158E+00 -0.5158928641E+01  0.1002653065E+00
  0.9814939457E+00 -0.5163166052E+01  0.9930055276E-01
  0.9816790062E+00 -0.5167369821E+01  0.9834466547E-01
  0.9818622162E+00 -0.5171535581E+01  0.9739757036E-01
  0.9820435940E+00 -0.5175693700E+01  0.9645919132E-01
  0.9822231581E+00 -0.5179817629E+01  0.9552945250E-01
  0.9824009265E+00 -0.5183891818E+01  0.9460828237E-01
  0.9825769172E+00 -0.5187906938E+01  0.9369561213E-01
  0.9827511481E+00 -0.5191888485E+01  0.9279137195E-01
  0.9829236366E+00 -0.5195836166E+01  0.9189549033E-01
  0.9830944002E+00 -0.5199749706E+01  0.9100789632E-01
  0.9832634562E+00 -0.5203628849E+01  0.9012851955E-01
  0.9834308216E+00 -0.5207473354E+01  0.8925729021E-01
  0.9835965134E+00 -0.5211283002E+01  0.8839413905E-01
  0.9837605483E+00 -0.5215057592E+01  0.8753899736E-01
  0.9839229428E+00 -0.5218819923E+01  0.8669179511E-01
  0.9840837134E+00 -0.5222549079E+01  0.8585246267E-01
  0.9842428762E+00 -0.5226283952E+01  0.8502092957E-01
  0.9844004475E+00 -0.5230009759E+01  0.8419712400E-01
  0.9845564430E+00 -0.5233666237E+01  0.8338098068E-01
  0.9847108786E+00 -0.5237335183E+01  0.8257243314E-01
  0.9848637698E+00 -0.5241039975E+01  0.8177140739E-01
  0.9850151321E+00 -0.5244687494E+01  0.8097783547E-01
  0.9851649808E+00 -0.5248271018E+01  0.8019165748E-01
  0.9853133310E+00 -0.5251782875E+01  0.7941281498E-01
  0.9854601977E+00 -0.5255255574E+01  0.7864124800E-01
  0.9856055957E+00 -0.5258700655E+01  0.7787689377E-01
  0.9857495397E+00 -0.5262123644E+01  0.7711968877E-01
  0.9858920443E+00 -0.5265506650E+01  0.7636957089E-01
  0.9860331239E+00 -0.5268840817E+01  0.7562648035E-01
  0.9861727926E+00 -0.5272122398E+01  0.7489035872E-01
  0.9863110647E+00 -0.5275365636E+01  0.7416114720E-01
  0.9864479541E+00 -0.5278568159E+01  0.7343878661E-01
  0.9865834745E+00 -0.5281714776E+01  0.7272321941E-01
  0.9867176398E+00 -0.5284824204E+01  0.7201438822E-01
  0.9868504634E+00 -0.5287895163E+01  0.7131223488E-01
  0.9869819588E+00 -0.5290917051E+01  0.7061670249E-01
  0.9871121392E+00 -0.5293902745E+01  0.6992773439E-01
  0.9872410178E+00 -0.5296852484E+01  0.6924527349E-01
  0.9873686076E+00 -0.5299766517E+01  0.6856926312E-01
  0.9874949215E+00 -0.5302645102E+01  0.6789964701E-01
  0.9876199723E+00 -0.5305509040E+01  0.6723636801E-01
  0.9877437726E+00 -0.5308339366E+01  0.6657936933E-01
  0.9878663349E+00 -0.5311134329E+01  0.6592859590E-01
  0.9879876715E+00 -0.5313894240E+01  0.6528399321E-01
  0.9881077948E+00 -0.5316619414E+01  0.6464550710E-01
  0.9882267168E+00 -0.5319295123E+01  0.6401308471E-01
  0.9883444497E+00 -0.5321922497E+01  0.6338667437E-01
  0.9884610052E+00 -0.5324517103E+01  0.6276622380E-01
  0.9885763951E+00 -0.5327079254E+01  0.6215168023E-01
  0.9886906312E+00 -0.5329609268E+01  0.6154299123E-01
  0.9888037249E+00 -0.5332107467E+01  0.6094010480E-01
  0.9889156876E+00 -0.5334574177E+01  0.6034296929E-01
  0.9890265307E+00 -0.5337009726E+01  0.5975153344E-01
  0.9891362654E+00 -0.5339414445E+01  0.5916574638E-01
  0.9892449028E+00 -0.5341788669E+01  0.5858555760E-01
  0.9893524538E+00 -0.5344132732E+01  0.5801091698E-01
  0.9894589292E+00 -0.5346446972E+01  0.5744177477E-01
  0.9895643399E+00 -0.5348731727E+01  0.5687808159E-01
  0.9896686965E+00 -0.5350987336E+01  0.5631978844E-01
  0.9897720096E+00 -0.5353216303E+01  0.5576684656E-01
  0.9898742895E+00 -0.5355427429E+01  0.5521920703E-01
  0.9899755466E+00 -0.5357591601E+01  0.5467682238E-01
  0.9900757911E+00 -0.5359714578E+01  0.5413964670E-01
  0.9901750332E+00 -0.5361810753E+01  0.5360763341E-01
  0.9902732829E+00 -0.5363876426E+01  0.5308073581E-01
  0.9903705500E+00 -0.5365908062E+01  0.5255890791E-01
  0.9904668445E+00 -0.5367914260E+01  0.5204210389E-01
  0.9905621761E+00 -0.5369895333E+01  0.5153027785E-01
  0.9906565543E+00 -0.5371856308E+01  0.5102338404E-01
  0.9907499888E+00 -0.5373792933E+01  0.5052137710E-01
  0.9908424889E+00 -0.5375706036E+01  0.5002421216E-01
  0.9909340640E+00 -0.5377596413E+01  0.4953184473E-01
  0.9910247234E+00 -0.5379462950E+01  0.4904423067E-01
  0.9911144761E+00 -0.5381305958E+01  0.4856132628E-01
  0.9912033314E+00 -0.5383125747E+01  0.4808308821E-01
  0.9912912981E+00 -0.5384922624E+01  0.4760947344E-01
  0.9913783851E+00 -0.5386701334E+01  0.4714043913E-01
  0.9914646012E+00 -0.5388476290E+01  0.4667594197E-01
  0.9915499552E+00 -0.5390246245E+01  0.4621593849E-01
  0.9916344557E+00 -0.5391993138E+01  0.4576038646E-01
  0.9917181111E+00 -0.5393717295E+01  0.4530924477E-01
  0.9918009300E+00 -0.5395409484E+01  0.4486247302E-01
  0.9918829207E+00 -0.5397080900E+01  0.4442003110E-01
  0.9919640915E+00 -0.5398730231E+01  0.4398187883E-01
  0.9920444506E+00 -0.5400358413E+01  0.4354797638E-01
  0.9921240061E+00 -0.5401963732E+01  0.4311828435E-01
  0.9922027660E+00 -0.5403547309E+01  0.4269276365E-01
  0.9922807383E+00 -0.5405110736E+01  0.4227137547E-01
  0.9923579310E+00 -0.5406654297E+01  0.4185408125E-01
  0.9924343516E+00 -0.5408178275E+01  0.4144084277E-01
  0.9925100081E+00 -0.5409682948E+01  0.4103162210E-01
  0.9925849081E+00 -0.5411166716E+01  0.4062638172E-01
  0.9926590590E+00 -0.5412625921E+01  0.4022508463E-01
  0.9927324684E+00 -0.5414066911E+01  0.3982769406E-01
  0.9928051437E+00 -0.5415489944E+01  0.3943417333E-01
  0.9928770923E+00 -0.5416891777E+01  0.3904448618E-01
  0.9929483213E+00 -0.5418279968E+01  0.3865859653E-01
  0.9930188381E+00 -0.5419659940E+01  0.3827646819E-01
  0.9930886497E+00 -0.5421023210E+01  0.3789806537E-01
  0.9931577632E+00 -0.5422369419E+01  0.3752335294E-01
  0.9932261856E+00 -0.5423692208E+01  0.3715229634E-01
  0.9932939238E+00 -0.5424995411E+01  0.3678486136E-01
  0.9933609845E+00 -0.5426282627E+01  0.3642101387E-01
  0.9934273747E+00 -0.5427554083E+01  0.3606071992E-01
  0.9934931009E+00 -0.5428810637E+01  0.3570394583E-01
  0.9935581699E+00 -0.5430055925E+01  0.3535065808E-01
  0.9936225882E+00 -0.5431285945E+01  0.3500082349E-01
  0.9936863623E+00 -0.5432500914E+01  0.3465440928E-01
  0.9937494987E+00 -0.5433701045E+01  0.3431138297E-01
  0.9938120037E+00 -0.5434886549E+01  0.3397171237E-01
  0.9938738837E+00 -0.5436057635E+01  0.3363536555E-01
  0.9939351449E+00 -0.5437214506E+01  0.3330231091E-01
  0.9939957934E+00 -0.5438357365E+01  0.3297251707E-01
  0.9940558355E+00 -0.5439486409E+01  0.3264595296E-01
  0.9941152771E+00 -0.5440601834E+01  0.3232258779E-01
  0.9941741243E+00 -0.5441703832E+01  0.3200239102E-01
  0.9942323831E+00 -0.5442792593E+01  0.3168533241E-01
  0.9942900593E+00 -0.5443868301E+01  0.3137138196E-01
  0.9943471587E+00 -0.5444931142E+01  0.3106050996E-01
  0.9944036871E+00 -0.5445981296E+01  0.3075268696E-01
  0.9944596502E+00 -0.5447018939E+01  0.3044788377E-01
  0.9945150537E+00 -0.5448044247E+01  0.3014607147E-01
  0.9945699032E+00 -0.5449057393E+01  0.2984722138E-01
  0.9946242041E+00 -0.5450058544E+01  0.2955130511E-01
  0.9946779621E+00 -0.5451047869E+01  0.2925829450E-01
  0.9947311825E+00 -0.5452025002E+01  0.2896816166E-01
  0.9947838707E+00 -0.5452990255E+01  0.2868087898E-01
  0.9948360320E+00 -0.5453944197E+01  0.2839641908E-01
  0.9948876716E+00 -0.5454885542E+01  0.2811475484E-01
  0.9949387949E+00 -0.5455815732E+01  0.2783585940E-01
  0.9949894070E+00 -0.5456735133E+01  0.2755970611E-01
  0.9950395129E+00 -0.5457643890E+01  0.2728626855E-01
  0.9950891178E+00 -0.5458542148E+01  0.2701552055E-01
  0.9951382266E+00 -0.5459430048E+01  0.2674743618E-01
  0.9951868443E+00 -0.5460307728E+01  0.2648198972E-01
  0.9952349759E+00 -0.5461175327E+01  0.2621915573E-01
  0.9952826261E+00 -0.5462032979E+01  0.2595890898E-01
  0.9953297999E+00 -0.5462880817E+01  0.2570122446E-01
  0.9953765019E+00 -0.5463718972E+01  0.2544607742E-01
  0.9954227368E+00 -0.5464547572E+01  0.2519344332E-01
  0.9954685095E+00 -0.5465366744E+01  0.2494329785E-01
  0.9955138244E+00 -0.5466176612E+01  0.2469561693E-01
  0.9955586861E+00 -0.5466977299E+01  0.2445037668E-01
  0.9956030993E+00 -0.5467768571E+01  0.2420755349E-01
  0.9956470683E+00 -0.5468550411E+01  0.2396712395E-01
  0.9956905976E+00 -0.5469323457E+01  0.2372906486E-01
  0.9957336916E+00 -0.5470087822E+01  0.2349335323E-01
  0.9957763547E+00 -0.5470843620E+01  0.2325996630E-01
  0.9958185912E+00 -0.5471590961E+01  0.2302888148E-01
  0.9958604053E+00 -0.5472329038E+01  0.2280007646E-01
  0.9959018012E+00 -0.5473059309E+01  0.2257352910E-01
  0.9959427832E+00 -0.5473782298E+01  0.2234921744E-01
  0.9959833554E+00 -0.5474497409E+01  0.2212711972E-01
  0.9960235218E+00 -0.5475204570E+01  0.2190721441E-01
  0.9960632866E+00 -0.5475903882E+01  0.2168948019E-01
  0.9961026537E+00 -0.5476595444E+01  0.2147389593E-01
  0.9961416272E+00 -0.5477279356E+01  0.2126044072E-01
  0.9961802109E+00 -0.5477956704E+01  0.2104909379E-01
  0.9962184088E+00 -0.5478626810E+01  0.2083983460E-01
  0.9962562247E+00 -0.5479289504E+01  0.2063264280E-01
  0.9962936625E+00 -0.5479944880E+01  0.2042749825E-01
  0.9963307258E+00 -0.5480593031E+01  0.2022438098E-01
  0.9963674186E+00 -0.5481234046E+01  0.2002327124E-01
  0.9964037444E+00 -0.5481868016E+01  0.1982414943E-01
  0.9964397070E+00 -0.5482495029E+01  0.1962699617E-01
  0.9964753099E+00 -0.5483115172E+01  0.1943179224E-01
  0.9965105568E+00 -0.5483728530E+01  0.1923851861E-01
  0.9965454512E+00 -0.5484335187E+01  0.1904715644E-01
  0.9965799967E+00 -0.5484935226E+01  0.1885768704E-01
  0.9966141967E+00 -0.5485528729E+01  0.1867009192E-01
  0.9966480548E+00 -0.5486115777E+01  0.1848435277E-01
  0.9966815742E+00 -0.5486696447E+01  0.1830045145E-01
  0.9967147585E+00 -0.5487270820E+01  0.1811836997E-01
  0.9967476109E+00 -0.5487838970E+01  0.1793809053E-01
  0.9967801348E+00 -0.5488400974E+01  0.1775959552E-01
  0.9968123334E+00 -0.5488956907E+01  0.1758286745E-01
  0.9968442101E+00 -0.5489506842E+01  0.1740788905E-01
  0.9968757680E+00 -0.5490050851E+01  0.1723464316E-01
  0.9969070103E+00 -0.5490589006E+01  0.1706311283E-01
  0.9969379402E+00 -0.5491121377E+01  0.1689328124E-01
  0.9969685608E+00 -0.5491648033E+01  0.1672513176E-01
  0.9969988752E+00 -0.5492169043E+01  0.1655864789E-01
  0.9970288865E+00 -0.5492684473E+01  0.1639381331E-01
  0.9970585976E+00 -0.5493194391E+01  0.1623061184E-01
  0.9970880116E+00 -0.5493698860E+01  0.1606902747E-01
  0.9971171315E+00 -0.5494197947E+01  0.1590904433E-01
  0.9971459602E+00 -0.5494691714E+01  0.1575064671E-01
  0.9971745006E+00 -0.5495180224E+01  0.1559381905E-01
  0.9972027556E+00 -0.5495663538E+01  0.1543854594E-01
  0.9972307280E+00 -0.5496141718E+01  0.1528481211E-01
  0.9972584207E+00 -0.5496614824E+01  0.1513260245E-01
  0.9972858365E+00 -0.5497082913E+01  0.1498190198E-01
  0.9973129782E+00 -0.5497546046E+01  0.1483269588E-01
  0.9973398484E+00 -0.5498004279E+01  0.1468496946E-01
  0.9973664499E+00 -0.5498457669E+01  0.1453870818E-01
  0.9973927854E+00 -0.5498906272E+01  0.1439389764E-01
  0.9974188575E+00 -0.5499350143E+01  0.1425052356E-01
  0.9974446690E+00 -0.5499789336E+01  0.1410857183E-01
  0.9974702223E+00 -0.5500223906E+01  0.1396802846E-01
  0.9974955201E+00 -0.5500653904E+01  0.1382887958E-01
  0.9975205649E+00 -0.5501079384E+01  0.1369111148E-01
  0.9975453592E+00 -0.5501500397E+01  0.1355471056E-01
  0.9975699056E+00 -0.5501916993E+01  0.1341966338E-01
  0.9975942066E+00 -0.5502329223E+01  0.1328595659E-01
  0.9976182645E+00 -0.5502737136E+01  0.1315357701E-01
  0.9976420819E+00 -0.5503140781E+01  0.1302251156E-01
  0.9976656610E+00 -0.5503540206E+01  0.1289274730E-01
  0.9976890044E+00 -0.5503935458E+01  0.1276427140E-01
  0.9977121144E+00 -0.5504326585E+01  0.1263707118E-01
  0.9977349932E+00 -0.5504713633E+01  0.1251113405E-01
  0.9977576433E+00 -0.5505096647E+01  0.1238644758E-01
  0.9977800669E+00 -0.5505475672E+01  0.1226299942E-01
  0.9978022662E+00 -0.5505850754E+01  0.1214077738E-01
  0.9978242435E+00 -0.5506221935E+01  0.1201976936E-01
  0.9978460011E+00 -0.5506589259E+01  0.1189996339E-01
  0.9978675411E+00 -0.5506952770E+01  0.1178134760E-01
  0.9978888657E+00 -0.5507312508E+01  0.1166391026E-01
  0.9979099770E+00 -0.5507668517E+01  0.1154763974E-01
  0.9979308773E+00 -0.5508020836E+01  0.1143252452E-01
  0.9979515685E+00 -0.5508369507E+01  0.1131855320E-01
  0.9979720528E+00 -0.5508714570E+01  0.1120571449E-01
  0.9979923323E+00 -0.5509056065E+01  0.1109399720E-01
  0.9980124089E+00 -0.5509394030E+01  0.1098339027E-01
  0.9980322849E+00 -0.5509728504E+01  0.1087388272E-01
  0.9980519620E+00 -0.5510059525E+01  0.1076546370E-01
  0.9980714424E+00 -0.5510387132E+01  0.1065812246E-01
  0.9980907280E+00 -0.5510711360E+01  0.1055184834E-01
  0.9981098207E+00 -0.5511032248E+01  0.1044663081E-01
  0.9981287225E+00 -0.5511349831E+01  0.1034245941E-01
  0.9981474353E+00 -0.5511664145E+01  0.1023932382E-01
  0.9981659609E+00 -0.5511975226E+01  0.1013721379E-01
  0.9981843013E+00 -0.5512283108E+01  0.1003611919E-01
  0.9982024583E+00 -0.5512587826E+01  0.9936029971E-02
  0.9982204337E+00 -0.5512889414E+01  0.9836936194E-02
  0.9982382294E+00 -0.5513187906E+01  0.9738828016E-02
  0.9982558471E+00 -0.5513483335E+01  0.9641695688E-02
  0.9982732886E+00 -0.5513775735E+01  0.9545529557E-02
  0.9982905557E+00 -0.5514065137E+01  0.9450320064E-02
  0.9983076502E+00 -0.5514351573E+01  0.9356057744E-02
  0.9983245737E+00 -0.5514635077E+01  0.9262733224E-02
  0.9983413279E+00 -0.5514915678E+01  0.9170337225E-02
  0.9983579146E+00 -0.5515193408E+01  0.9078860555E-02
  0.9983743355E+00 -0.5515468297E+01  0.8988294114E-02
  0.9983905921E+00 -0.5515740376E+01  0.8898628892E-02
  0.9984066862E+00 -0.5516009675E+01  0.8809855965E-02
  0.9984226194E+00 -0.5516276223E+01  0.8721966499E-02
  0.9984383932E+00 -0.5516540049E+01  0.8634951744E-02
  0.9984540092E+00 -0.5516801182E+01  0.8548803039E-02
  0.9984694691E+00 -0.5517059652E+01  0.8463511803E-02
  0.9984847744E+00 -0.5517315485E+01  0.8379069545E-02
  0.9984999267E+00 -0.5517568710E+01  0.8295467852E-02
  0.9985149274E+00 -0.5517819355E+01  0.8212698397E-02
  0.9985297782E+00 -0.5518067446E+01  0.8130752933E-02
  0.9985444804E+00 -0.5518313010E+01  0.8049623295E-02
  0.9985590356E+00 -0.5518556075E+01  0.7969301397E-02
  0.9985734452E+00 -0.5518796666E+01  0.7889779234E-02
  0.9985877108E+00 -0.5519034810E+01  0.7811048877E-02
  0.9986018337E+00 -0.5519270531E+01  0.7733102478E-02
  0.9986158153E+00 -0.5519503857E+01  0.7655932264E-02
  0.9986296572E+00 -0.5519734810E+01  0.7579530539E-02
  0.9986433606E+00 -0.5519963418E+01  0.7503889682E-02
  0.9986569270E+00 -0.5520189703E+01  0.7429002148E-02
  0.9986703577E+00 -0.5520413691E+01  0.7354860466E-02
  0.9986836541E+00 -0.5520635405E+01  0.7281457237E-02
  0.9986968176E+00 -0.5520854869E+01  0.7208785137E-02
  0.9987098494E+00 -0.5521072107E+01  0.7136836913E-02
  0.9987227509E+00 -0.5521287141E+01  0.7065605382E-02
  0.9987355234E+00 -0.5521499995E+01  0.6995083434E-02
  0.9987481682E+00 -0.5521710692E+01  0.6925264028E-02
  0.9987606865E+00 -0.5521919253E+01  0.6856140191E-02
  0.9987730796E+00 -0.5522125701E+01  0.6787705021E-02
  0.9987853488E+00 -0.5522330058E+01  0.6719951683E-02
  0.9987974954E+00 -0.5522532346E+01  0.6652873408E-02
  0.9988095204E+00 -0.5522732585E+01  0.6586463496E-02
  0.9988214252E+00 -0.5522930798E+01  0.6520715312E-02
  0.9988332109E+00 -0.5523127006E+01  0.6455622285E-02
  0.9988448788E+00 -0.5523321228E+01  0.6391177910E-02
  0.9988564300E+00 -0.5523513486E+01  0.6327375747E-02
  0.9988678657E+00 -0.5523703800E+01  0.6264209419E-02
  0.9988791871E+00 -0.5523892189E+01  0.6201672610E-02
  0.9988903952E+00 -0.5524078675E+01  0.6139759068E-02
  0.9989014913E+00 -0.5524263276E+01  0.6078462602E-02
  0.9989124764E+00 -0.5524446011E+01  0.6017777084E-02
  0.9989233516E+00 -0.5524626901E+01  0.5957696444E-02
  0.9989341181E+00 -0.5524805964E+01  0.5898214672E-02
  0.9989447769E+00 -0.5524983219E+01  0.5839325819E-02
  0.9989553291E+00 -0.5525158684E+01  0.5781023994E-02
  0.9989657758E+00 -0.5525332378E+01  0.5723303363E-02
  0.9989761181E+00 -0.5525504319E+01  0.5666158151E-02
  0.9989863569E+00 -0.5525674526E+01  0.5609582640E-02
  0.9989964933E+00 -0.5525843015E+01  0.5553571167E-02
  0.9990065284E+00 -0.5526009804E+01  0.5498118127E-02
  0.9990164631E+00 -0.5526174912E+01  0.5443217968E-02
  0.9990262985E+00 -0.5526338355E+01  0.5388865195E-02
  0.9990360355E+00 -0.5526500150E+01  0.5335054367E-02
  0.9990456751E+00 -0.5526660314E+01  0.5281780095E-02
  0.9990552184E+00 -0.5526818864E+01  0.5229037045E-02
  0.9990646662E+00 -0.5526975816E+01  0.5176819935E-02
  0.9990740195E+00 -0.5527131187E+01  0.5125123535E-02
  0.9990832793E+00 -0.5527284992E+01  0.5073942669E-02
  0.9990924466E+00 -0.5527437249E+01  0.5023272207E-02
  0.9991015221E+00 -0.5527587972E+01  0.4973107076E-02
  0.9991105069E+00 -0.5527737177E+01  0.4923442249E-02
  0.9991194018E+00 -0.5527884880E+01  0.4874272749E-02
  0.9991282078E+00 -0.5528031096E+01  0.4825593650E-02
  0.9991369257E+00 -0.5528175840E+01  0.4777400074E-02
  0.9991455564E+00 -0.5528319128E+01  0.4729687191E-02
  0.9991541009E+00 -0.5528460974E+01  0.4682450218E-02
  0.9991625599E+00 -0.5528601392E+01  0.4635684422E-02
  0.9991709343E+00 -0.5528740398E+01  0.4589385113E-02
  0.9991792249E+00 -0.5528878006E+01  0.4543547651E-02
  0.9991874327E+00 -0.5529014229E+01  0.4498167439E-02
  0.9991955584E+00 -0.5529149082E+01  0.4453239929E-02
  0.9992036028E+00 -0.5529282580E+01  0.4408760614E-02
  0.9992115667E+00 -0.5529414735E+01  0.4364725034E-02
  0.9992194511E+00 -0.5529545561E+01  0.4321128773E-02
  0.9992272566E+00 -0.5529675072E+01  0.4277967460E-02
  0.9992349840E+00 -0.5529803282E+01  0.4235236763E-02
  0.9992426342E+00 -0.5529930202E+01  0.4192932397E-02
  0.9992502078E+00 -0.5530055848E+01  0.4151050119E-02
  0.9992577057E+00 -0.5530180230E+01  0.4109585726E-02
  0.9992651287E+00 -0.5530303363E+01  0.4068535059E-02
  0.9992724774E+00 -0.5530425259E+01  0.4027893998E-02
  0.9992797526E+00 -0.5530545931E+01  0.3987658465E-02
  0.9992869551E+00 -0.5530665390E+01  0.3947824422E-02
  0.9992940855E+00 -0.5530783649E+01  0.3908387873E-02
  0.9993011447E+00 -0.5530900721E+01  0.3869344858E-02
  0.9993081332E+00 -0.5531016617E+01  0.3830691460E-02
  0.9993150519E+00 -0.5531131349E+01  0.3792423797E-02
  0.9993219014E+00 -0.5531244929E+01  0.3754538030E-02
  0.9993286824E+00 -0.5531357369E+01  0.3717030353E-02
  0.9993353956E+00 -0.5531468680E+01  0.3679897003E-02
  0.9993420416E+00 -0.5531578874E+01  0.3643134250E-02
  0.9993486212E+00 -0.5531687962E+01  0.3606738403E-02
  0.9993551350E+00 -0.5531795955E+01  0.3570705807E-02
  0.9993615836E+00 -0.5531902864E+01  0.3535032845E-02
  0.9993679678E+00 -0.5532008700E+01  0.3499715933E-02
  0.9993742881E+00 -0.5532113474E+01  0.3464751525E-02
  0.9993805452E+00 -0.5532217197E+01  0.3430136108E-02
  0.9993867398E+00 -0.5532319879E+01  0.3395866206E-02
  0.9993928724E+00 -0.5532421531E+01  0.3361938377E-02
  0.9993989436E+00 -0.5532522163E+01  0.3328349212E-02
  0.9994049542E+00 -0.5532621786E+01  0.3295095337E-02
  0.9994109047E+00 -0.5532720409E+01  0.3262173410E-02
  0.9994167956E+00 -0.5532818043E+01  0.3229580125E-02
  0.9994226277E+00 -0.5532914698E+01  0.3197312207E-02
  0.9994284014E+00 -0.5533010384E+01  0.3165366412E-02
  0.9994341174E+00 -0.5533105110E+01  0.3133739531E-02
  0.9994397762E+00 -0.5533198886E+01  0.3102428385E-02
  0.9994453784E+00 -0.5533291722E+01  0.3071429828E-02
  0.9994509247E+00 -0.5533383627E+01  0.3040740744E-02
  0.9994564154E+00 -0.5533474611E+01  0.3010358050E-02
  0.9994618513E+00 -0.5533564682E+01  0.2980278689E-02
  0.9994672327E+00 -0.5533653850E+01  0.2950499641E-02
  0.9994725604E+00 -0.5533742125E+01  0.2921017910E-02
  0.9994778348E+00 -0.5533829515E+01  0.2891830533E-02
  0.9994830565E+00 -0.5533916028E+01  0.2862934576E-02
  0.9994882259E+00 -0.5534001675E+01  0.2834327133E-02
  0.9994933436E+00 -0.5534086463E+01  0.2806005329E-02
  0.9994984102E+00 -0.5534170401E+01  0.2777966315E-02
  0.9995034261E+00 -0.5534253498E+01  0.2750207273E-02
  0.9995083918E+00 -0.5534335763E+01  0.2722725410E-02
  0.9995133079E+00 -0.5534417203E+01  0.2695517964E-02
  0.9995181748E+00 -0.5534497827E+01  0.2668582198E-02
  0.9995229931E+00 -0.5534577643E+01  0.2641915403E-02
  0.9995277632E+00 -0.5534656659E+01  0.2615514897E-02
  0.9995324855E+00 -0.5534734884E+01  0.2589378024E-02
  0.9995371607E+00 -0.5534812325E+01  0.2563502157E-02
  0.9995417891E+00 -0.5534888990E+01  0.2537884692E-02
  0.9995463712E+00 -0.5534964887E+01  0.2512523052E-02
  0.9995509075E+00 -0.5535040024E+01  0.2487414685E-02
  0.9995553984E+00 -0.5535114408E+01  0.2462557067E-02
  0.9995598444E+00 -0.5535188047E+01  0.2437947695E-02
  0.9995642460E+00 -0.5535260948E+01  0.2413584095E-02
  0.9995686035E+00 -0.5535333119E+01  0.2389463815E-02
  0.9995729175E+00 -0.5535404567E+01  0.2365584428E-02
  0.9995771883E+00 -0.5535475300E+01  0.2341943531E-02
  0.9995814164E+00 -0.5535545324E+01  0.2318538746E-02
  0.9995856022E+00 -0.5535614647E+01  0.2295367716E-02
  0.9995897462E+00 -0.5535683275E+01  0.2272428112E-02
  0.9995938488E+00 -0.5535751216E+01  0.2249717623E-02
  0.9995979103E+00 -0.5535818477E+01  0.2227233964E-02
  0.9996019312E+00 -0.5535885065E+01  0.2204974873E-02
  0.9996059119E+00 -0.5535950985E+01  0.2182938109E-02
  0.9996098527E+00 -0.5536016246E+01  0.2161121454E-02
  0.9996137542E+00 -0.5536080853E+01  0.2139522713E-02
  0.9996176167E+00 -0.5536144813E+01  0.2118139710E-02
  0.9996214405E+00 -0.5536208132E+01  0.2096970295E-02
  0.9996252261E+00 -0.5536270818E+01  0.2076012334E-02
  0.9996289738E+00 -0.5536332877E+01  0.2055263720E-02
  0.9996326841E+00 -0.5536394315E+01  0.2034722363E-02
  0.9996363573E+00 -0.5536455137E+01  0.2014386195E-02
  0.9996399937E+00 -0.5536515351E+01  0.1994253168E-02
  0.9996435938E+00 -0.5536574962E+01  0.1974321256E-02
  0.9996471578E+00 -0.5536633976E+01  0.1954588452E-02
  0.9996506862E+00 -0.5536692399E+01  0.1935052769E-02
  0.9996541794E+00 -0.5536750237E+01  0.1915712239E-02
  0.9996576376E+00 -0.5536807496E+01  0.1896564916E-02
  0.9996610612E+00 -0.5536864182E+01  0.1877608870E-02
  0.9996644506E+00 -0.5536920301E+01  0.1858842195E-02
  0.9996678400E+00 -0.5536976419E+01  0.1840075328E-02
  0.9996712294E+00 -0.5537032536E+01  0.1821308272E-02
  0.9996746188E+00 -0.5537088653E+01  0.1802541026E-02
  0.9996780081E+00 -0.5537144769E+01  0.1783773589E-02
  0.9996813975E+00 -0.5537200885E+01  0.1765005962E-02
  0.9996847869E+00 -0.5537257000E+01  0.1746238145E-02
  0.9996881763E+00 -0.5537313115E+01  0.1727470138E-02
  0.9996915657E+00 -0.5537369229E+01  0.1708701940E-02
  0.9996949551E+00 -0.5537425343E+01  0.1689933552E-02
  0.9996983445E+00 -0.5537481456E+01  0.1671164975E-02
  0.9997017339E+00 -0.5537537568E+01  0.1652396207E-02
  0.9997051232E+00 -0.5537593680E+01  0.1633627248E-02
  0.9997085126E+00 -0.5537649792E+01  0.1614858100E-02
  0.9997119020E+00 -0.5537705903E+01  0.1596088761E-02
  0.9997152914E+00 -0.5537762013E+01  0.1577319232E-02
  0.9997186808E+00 -0.5537818123E+01  0.1558549513E-02
  0.9997220702E+00 -0.5537874233E+01  0.1539779604E-02
  0.9997254596E+00 -0.5537930342E+01  0.1521009505E-02
  0.9997288490E+00 -0.5537986450E+01  0.1502239215E-02
  0.9997322384E+00 -0.5538042558E+01  0.1483468736E-02
  0.9997356277E+00 -0.5538098666E+01  0.1464698066E-02
  0.9997390171E+00 -0.5538154773E+01  0.1445927206E-02
  0.9997424065E+00 -0.5538210880E+01  0.1427156156E-02
  0.9997457959E+00 -0.5538266986E+01  0.1408384915E-02
  0.9997491853E+00 -0.5538323092E+01  0.1389613485E-02
  0.9997525747E+00 -0.5538379198E+01  0.1370841864E-02
  0.9997559641E+00 -0.5538435303E+01  0.1352070053E-02
  0.9997593535E+00 -0.5538491407E+01  0.1333298052E-02
  0.9997627428E+00 -0.5538547512E+01  0.1314525861E-02
  0.9997661322E+00 -0.5538603615E+01  0.1295753480E-02
  0.9997695216E+00 -0.5538659719E+01  0.1276980908E-02
  0.9997729110E+00 -0.5538715822E+01  0.1258208147E-02
  0.9997763004E+00 -0.5538771924E+01  0.1239435195E-02
  0.9997796898E+00 -0.5538828026E+01  0.1220662053E-02
  0.9997830792E+00 -0.5538884128E+01  0.1201888721E-02
  0.9997864686E+00 -0.5538940230E+01  0.1183115199E-02
  0.9997898579E+00 -0.5538996331E+01  0.1164341486E-02
  0.9997932473E+00 -0.5539052431E+01  0.1145567584E-02
  0.9997966367E+00 -0.5539108532E+01  0.1126793491E-02
  0.9998000261E+00 -0.5539164632E+01  0.1108019208E-02
  0.9998034155E+00 -0.5539220731E+01  0.1089244735E-02
  0.9998068049E+00 -0.5539276831E+01  0.1070470072E-02
  0.9998101943E+00 -0.5539332930E+01  0.1051695219E-02
  0.9998135837E+00 -0.5539389028E+01  0.1032920176E-02
  0.9998169731E+00 -0.5539445127E+01  0.1014144942E-02
  0.9998203624E+00 -0.5539501225E+01  0.9953695183E-03
  0.9998237518E+00 -0.5539557322E+01  0.9765939045E-03
  0.9998271412E+00 -0.5539613420E+01  0.9578181006E-03
  0.9998305306E+00 -0.5539669517E+01  0.9390421065E-03
  0.9998339200E+00 -0.5539725614E+01  0.9202659223E-03
  0.9998373094E+00 -0.5539781710E+01  0.9014895479E-03
  0.9998406988E+00 -0.5539837807E+01  0.8827129834E-03
  0.9998440882E+00 -0.5539893903E+01  0.8639362288E-03
  0.9998474775E+00 -0.5539949998E+01  0.8451592841E-03
  0.9998508669E+00 -0.5540006094E+01  0.8263821492E-03
  0.9998542563E+00 -0.5540062189E+01  0.8076048242E-03
  0.9998576457E+00 -0.5540118284E+01  0.7888273090E-03
  0.9998610351E+00 -0.5540174378E+01  0.7700496038E-03
  0.9998644245E+00 -0.5540230473E+01  0.7512717084E-03
  0.9998678139E+00 -0.5540286567E+01  0.7324936229E-03
  0.9998712033E+00 -0.5540342661E+01  0.7137153472E-03
  0.9998745926E+00 -0.5540398755E+01  0.6949368815E-03
  0.9998779820E+00 -0.5540454848E+01  0.6761582256E-03
  0.9998813714E+00 -0.5540510942E+01  0.6573793796E-03
  0.9998847608E+00 -0.5540567035E+01  0.6386003435E-03
  0.9998881502E+00 -0.5540623128E+01  0.6198211172E-03
  0.9998915396E+00 -0.5540679221E+01  0.6010417008E-03
  0.9998949290E+00 -0.5540735313E+01  0.5822620944E-03
  0.9998983184E+00 -0.5540791406E+01  0.5634822977E-03
  0.9999017077E+00 -0.5540847498E+01  0.5447023110E-03
  0.9999050971E+00 -0.5540903590E+01  0.5259221342E-03
  0.9999084865E+00 -0.5540959682E+01  0.5071417672E-03
  0.9999118759E+00 -0.5541015773E+01  0.4883612101E-03
  0.9999152653E+00 -0.5541071865E+01  0.4695804629E-03
  0.9999186547E+00 -0.5541127956E+01  0.4507995256E-03
  0.9999220441E+00 -0.5541184048E+01  0.4320183982E-03
  0.9999254335E+00 -0.5541240139E+01  0.4132370807E-03
  0.9999288229E+00 -0.5541296230E+01  0.3944555730E-03
  0.9999322122E+00 -0.5541352321E+01  0.3756738752E-03
  0.9999356016E+00 -0.5541408411E+01  0.3568919873E-03
  0.9999389910E+00 -0.5541464502E+01  0.3381099093E-03
  0.9999423804E+00 -0.5541520593E+01  0.3193276412E-03
  0.9999457698E+00 -0.5541576683E+01  0.3005451830E-03
  0.9999491592E+00 -0.5541632773E+01  0.2817625347E-03
  0.9999525486E+00 -0.5541688864E+01  0.2629796962E-03
  0.9999559380E+00 -0.5541744954E+01  0.2441966677E-03
  0.9999593273E+00 -0.5541801044E+01  0.2254134490E-03
  0.9999627167E+00 -0.5541857134E+01  0.2066300402E-03
  0.9999661061E+00 -0.5541913224E+01  0.1878464413E-03
  0.9999694955E+00 -0.5541969314E+01  0.1690626523E-03
  0.9999728849E+00 -0.5542025404E+01  0.1502786732E-03
  0.9999762743E+00 -0.5542081494E+01  0.1314945040E-03
  0.9999796637E+00 -0.5542137583E+01  0.1127101447E-03
  0.9999830531E+00 -0.5542193673E+01  0.9392559522E-04
  0.9999864424E+00 -0.5542249763E+01  0.7514085567E-04
  0.9999898318E+00 -0.5542305853E+01  0.5635592601E-04
  0.9999932212E+00 -0.5542361942E+01  0.3757080623E-04
  0.9999966106E+00 -0.5542418032E+01  0.1878549635E-04
  0.1000000000E+01 -0.5542471974E+01  0.3877786163E-17
  0.1000000000E+01 -0.5542471974E+01  0.0000000000E+00
