  0.0000000000E+00  0.5542473970E+01  0.0000000000E+00
  0.6996492144E-18  0.5542473970E+01  0.3877787559E-17
  0.3389387958E-05  0.5542335014E+01  0.1878535904E-04
  0.6778775916E-05  0.5542196058E+01  0.3757024711E-04
  0.1016816387E-04  0.5542057102E+01  0.5635466421E-04
  0.1355755183E-04  0.5541918147E+01  0.7513861032E-04
  0.1694693979E-04  0.5541779191E+01  0.9392208547E-04
  0.2033632775E-04  0.5541640235E+01  0.1127050896E-03
  0.2372571571E-04  0.5541501280E+01  0.1314876228E-03
  0.2711510367E-04  0.5541362324E+01  0.1502696851E-03
  0.3050449162E-04  0.5541223368E+01  0.1690512763E-03
  0.3389387958E-04  0.5541084413E+01  0.1878323966E-03
  0.3728326754E-04  0.5540945457E+01  0.2066130459E-03
  0.4067265550E-04  0.5540806501E+01  0.2253932242E-03
  0.4406204346E-04  0.5540667546E+01  0.2441729315E-03
  0.4745143141E-04  0.5540528590E+01  0.2629521679E-03
  0.5084081937E-04  0.5540389634E+01  0.2817309333E-03
  0.5423020733E-04  0.5540250679E+01  0.3005092277E-03
  0.5761959529E-04  0.5540111723E+01  0.3192870512E-03
  0.6100898325E-04  0.5539972768E+01  0.3380644037E-03
  0.6439837120E-04  0.5539833812E+01  0.3568412852E-03
  0.6778775916E-04  0.5539694857E+01  0.3756176957E-03
  0.7117714712E-04  0.5539555901E+01  0.3943936352E-03
  0.7456653508E-04  0.5539416945E+01  0.4131691038E-03
  0.7795592304E-04  0.5539277990E+01  0.4319441014E-03
  0.8134531100E-04  0.5539139034E+01  0.4507186280E-03
  0.8473469895E-04  0.5539000079E+01  0.4694926837E-03
  0.8812408691E-04  0.5538861124E+01  0.4882662684E-03
  0.9151347487E-04  0.5538722168E+01  0.5070393821E-03
  0.9490286283E-04  0.5538583213E+01  0.5258120248E-03
  0.9829225079E-04  0.5538444257E+01  0.5445841966E-03
  0.1016816387E-03  0.5538305302E+01  0.5633558974E-03
  0.1050710267E-03  0.5538166347E+01  0.5821271272E-03
  0.1084604147E-03  0.5538027391E+01  0.6008978860E-03
  0.1118498026E-03  0.5537888436E+01  0.6196681739E-03
  0.1152391906E-03  0.5537749481E+01  0.6384379908E-03
  0.1186285785E-03  0.5537610525E+01  0.6572073367E-03
  0.1220179665E-03  0.5537471570E+01  0.6759762116E-03
  0.1254073545E-03  0.5537332615E+01  0.6947446156E-03
  0.1287967424E-03  0.5537193660E+01  0.7135125486E-03
  0.1321861304E-03  0.5537054705E+01  0.7322800106E-03
  0.1355755183E-03  0.5536915750E+01  0.7510470017E-03
  0.1389649063E-03  0.5536776794E+01  0.7698135218E-03
  0.1423542942E-03  0.5536637839E+01  0.7885795709E-03
  0.1457436822E-03  0.5536498884E+01  0.8073451490E-03
  0.1491330702E-03  0.5536359929E+01  0.8261102562E-03
  0.1525224581E-03  0.5536220974E+01  0.8448748924E-03
  0.1559118461E-03  0.5536082020E+01  0.8636390576E-03
  0.1593012340E-03  0.5535943065E+01  0.8824027518E-03
  0.1626906220E-03  0.5535804110E+01  0.9011659751E-03
  0.1660800099E-03  0.5535665155E+01  0.9199287274E-03
  0.1694693979E-03  0.5535526200E+01  0.9386910087E-03
  0.1728587859E-03  0.5535387245E+01  0.9574528191E-03
  0.1762481738E-03  0.5535248291E+01  0.9762141585E-03
  0.1796375618E-03  0.5535109336E+01  0.9949750269E-03
  0.1830269497E-03  0.5534970381E+01  0.1013735424E-02
  0.1864163377E-03  0.5534831427E+01  0.1032495351E-02
  0.1898057257E-03  0.5534692472E+01  0.1051254806E-02
  0.1931951136E-03  0.5534553518E+01  0.1070013791E-02
  0.1965845016E-03  0.5534414563E+01  0.1088772304E-02
  0.1999738895E-03  0.5534275609E+01  0.1107530347E-02
  0.2033632775E-03  0.5534136655E+01  0.1126287919E-02
  0.2067526654E-03  0.5533997700E+01  0.1145045019E-02
  0.2101420534E-03  0.5533858746E+01  0.1163801649E-02
  0.2135314414E-03  0.5533719792E+01  0.1182557808E-02
  0.2169208293E-03  0.5533580838E+01  0.1201313495E-02
  0.2203102173E-03  0.5533441883E+01  0.1220068712E-02
  0.2236996052E-03  0.5533302929E+01  0.1238823458E-02
  0.2270889932E-03  0.5533163975E+01  0.1257577733E-02
  0.2304783812E-03  0.5533025021E+01  0.1276331537E-02
  0.2338677691E-03  0.5532886067E+01  0.1295084870E-02
  0.2372571571E-03  0.5532747114E+01  0.1313837731E-02
  0.2406465450E-03  0.5532608160E+01  0.1332590122E-02
  0.2440359330E-03  0.5532469206E+01  0.1351342042E-02
  0.2474253209E-03  0.5532330252E+01  0.1370093491E-02
  0.2508147089E-03  0.5532191299E+01  0.1388844470E-02
  0.2542040969E-03  0.5532052345E+01  0.1407594977E-02
  0.2575934848E-03  0.5531913391E+01  0.1426345013E-02
  0.2609828728E-03  0.5531774438E+01  0.1445094578E-02
  0.2643722607E-03  0.5531635484E+01  0.1463843672E-02
  0.2677616487E-03  0.5531496531E+01  0.1482592295E-02
  0.2711510367E-03  0.5531357578E+01  0.1501340448E-02
  0.2745404246E-03  0.5531218624E+01  0.1520088129E-02
  0.2779298126E-03  0.5531079671E+01  0.1538835339E-02
  0.2813192005E-03  0.5530940718E+01  0.1557582078E-02
  0.2847085885E-03  0.5530801765E+01  0.1576328347E-02
  0.2880979764E-03  0.5530662812E+01  0.1595074144E-02
  0.2914873644E-03  0.5530523859E+01  0.1613819471E-02
  0.2948767524E-03  0.5530384906E+01  0.1632564326E-02
  0.2982661403E-03  0.5530245953E+01  0.1651308711E-02
  0.3016555283E-03  0.5530107001E+01  0.1670052624E-02
  0.3050449162E-03  0.5529968048E+01  0.1688796067E-02
  0.3084343042E-03  0.5529829095E+01  0.1707539039E-02
  0.3118236921E-03  0.5529690143E+01  0.1726281539E-02
  0.3152130801E-03  0.5529551190E+01  0.1745023569E-02
  0.3186024681E-03  0.5529412238E+01  0.1763765128E-02
  0.3219918560E-03  0.5529273285E+01  0.1782506215E-02
  0.3253812440E-03  0.5529134333E+01  0.1801246832E-02
  0.3287706319E-03  0.5528995381E+01  0.1819986978E-02
  0.3321600199E-03  0.5528856429E+01  0.1838726653E-02
  0.3355494079E-03  0.5528717477E+01  0.1857465857E-02
  0.3389387958E-03  0.5528578525E+01  0.1876204590E-02
  0.3423624200E-03  0.5528438169E+01  0.1895132125E-02
  0.3458206263E-03  0.5528296396E+01  0.1914250359E-02
  0.3493137639E-03  0.5528153191E+01  0.1933561209E-02
  0.3528421858E-03  0.5528008540E+01  0.1953066611E-02
  0.3564062483E-03  0.5527862427E+01  0.1972768518E-02
  0.3600063114E-03  0.5527714839E+01  0.1992668906E-02
  0.3636427388E-03  0.5527565760E+01  0.2012769769E-02
  0.3673158977E-03  0.5527415175E+01  0.2033073120E-02
  0.3710261593E-03  0.5527263069E+01  0.2053580994E-02
  0.3747738983E-03  0.5527109427E+01  0.2074295445E-02
  0.3785594932E-03  0.5526954233E+01  0.2095218549E-02
  0.3823833265E-03  0.5526797472E+01  0.2116352401E-02
  0.3862457844E-03  0.5526639127E+01  0.2137699117E-02
  0.3901472569E-03  0.5526479183E+01  0.2159260836E-02
  0.3940881383E-03  0.5526317623E+01  0.2181039717E-02
  0.3980688266E-03  0.5526154432E+01  0.2203037940E-02
  0.4020897238E-03  0.5525989592E+01  0.2225257707E-02
  0.4061512362E-03  0.5525823088E+01  0.2247701244E-02
  0.4102537739E-03  0.5525654901E+01  0.2270370797E-02
  0.4143977514E-03  0.5525485016E+01  0.2293268635E-02
  0.4185835873E-03  0.5525313415E+01  0.2316397049E-02
  0.4228117043E-03  0.5525140081E+01  0.2339758354E-02
  0.4270825296E-03  0.5524964997E+01  0.2363354888E-02
  0.4313964946E-03  0.5524788143E+01  0.2387189012E-02
  0.4357540349E-03  0.5524609504E+01  0.2411263110E-02
  0.4401555908E-03  0.5524429060E+01  0.2435579591E-02
  0.4446016069E-03  0.5524246794E+01  0.2460140886E-02
  0.4490925322E-03  0.5524062687E+01  0.2484949452E-02
  0.4536288204E-03  0.5523876720E+01  0.2510007771E-02
  0.4582109297E-03  0.5523688876E+01  0.2535318347E-02
  0.4628393230E-03  0.5523499134E+01  0.2560883713E-02
  0.4675144676E-03  0.5523307475E+01  0.2586706422E-02
  0.4722368360E-03  0.5523113881E+01  0.2612789057E-02
  0.4770069051E-03  0.5522918331E+01  0.2639134226E-02
  0.4818251566E-03  0.5522720807E+01  0.2665744560E-02
  0.4866920774E-03  0.5522521287E+01  0.2692622719E-02
  0.4916081590E-03  0.5522319753E+01  0.2719771389E-02
  0.4965738980E-03  0.5522116183E+01  0.2747193282E-02
  0.5015897959E-03  0.5521910556E+01  0.2774891137E-02
  0.5066563595E-03  0.5521702853E+01  0.2802867722E-02
  0.5117741005E-03  0.5521493053E+01  0.2831125830E-02
  0.5169435359E-03  0.5521281133E+01  0.2859668284E-02
  0.5221651878E-03  0.5521067073E+01  0.2888497933E-02
  0.5274395836E-03  0.5520850851E+01  0.2917617656E-02
  0.5327672562E-03  0.5520632446E+01  0.2947030360E-02
  0.5381487436E-03  0.5520411834E+01  0.2976738980E-02
  0.5435845895E-03  0.5520188995E+01  0.3006746483E-02
  0.5490753429E-03  0.5519963905E+01  0.3037055861E-02
  0.5546215585E-03  0.5519736541E+01  0.3067670141E-02
  0.5602237965E-03  0.5519506881E+01  0.3098592375E-02
  0.5658826227E-03  0.5519274902E+01  0.3129825649E-02
  0.5715986088E-03  0.5519040580E+01  0.3161373078E-02
  0.5773723321E-03  0.5518803891E+01  0.3193237808E-02
  0.5832043759E-03  0.5518564812E+01  0.3225423017E-02
  0.5890953291E-03  0.5518323319E+01  0.3257931913E-02
  0.5950457870E-03  0.5518079386E+01  0.3290767737E-02
  0.6010563505E-03  0.5517832990E+01  0.3323933764E-02
  0.6071276268E-03  0.5517584106E+01  0.3357433297E-02
  0.6132602291E-03  0.5517332708E+01  0.3391269675E-02
  0.6194547769E-03  0.5517078771E+01  0.3425446269E-02
  0.6257118958E-03  0.5516822270E+01  0.3459966485E-02
  0.6320322180E-03  0.5516563178E+01  0.3494833760E-02
  0.6384163818E-03  0.5516301469E+01  0.3530051568E-02
  0.6448650321E-03  0.5516037118E+01  0.3565623415E-02
  0.6513788203E-03  0.5515770096E+01  0.3601552843E-02
  0.6579584044E-03  0.5515500378E+01  0.3637843428E-02
  0.6646044489E-03  0.5515227937E+01  0.3674498784E-02
  0.6713176251E-03  0.5514952744E+01  0.3711522557E-02
  0.6780986112E-03  0.5514674771E+01  0.3748918433E-02
  0.6849480921E-03  0.5514393992E+01  0.3786690131E-02
  0.6918667597E-03  0.5514110377E+01  0.3824841409E-02
  0.6988553129E-03  0.5513823898E+01  0.3863376061E-02
  0.7059144575E-03  0.5513534526E+01  0.3902297920E-02
  0.7130449065E-03  0.5513242231E+01  0.3941610855E-02
  0.7202473803E-03  0.5512946985E+01  0.3981318774E-02
  0.7275226064E-03  0.5512648757E+01  0.4021425625E-02
  0.7348713196E-03  0.5512347518E+01  0.4061935393E-02
  0.7422942622E-03  0.5512043237E+01  0.4102852103E-02
  0.7497921840E-03  0.5511735883E+01  0.4144179820E-02
  0.7573658425E-03  0.5511425425E+01  0.4185922649E-02
  0.7650160025E-03  0.5511111832E+01  0.4228084736E-02
  0.7727434369E-03  0.5510795072E+01  0.4270670267E-02
  0.7805489261E-03  0.5510475113E+01  0.4313683470E-02
  0.7884332587E-03  0.5510151924E+01  0.4357128615E-02
  0.7963972310E-03  0.5509825471E+01  0.4401010012E-02
  0.8044416475E-03  0.5509495721E+01  0.4445332016E-02
  0.8125673207E-03  0.5509162642E+01  0.4490099025E-02
  0.8207750714E-03  0.5508826199E+01  0.4535315478E-02
  0.8290657287E-03  0.5508486359E+01  0.4580985859E-02
  0.8374401300E-03  0.5508143088E+01  0.4627114697E-02
  0.8458991212E-03  0.5507796350E+01  0.4673706565E-02
  0.8544435568E-03  0.5507446111E+01  0.4720766079E-02
  0.8630742998E-03  0.5507092335E+01  0.4768297905E-02
  0.8717922220E-03  0.5506734987E+01  0.4816306750E-02
  0.8805982040E-03  0.5506374031E+01  0.4864797370E-02
  0.8894931354E-03  0.5506009430E+01  0.4913774567E-02
  0.8984779145E-03  0.5505641148E+01  0.4963243191E-02
  0.9075534490E-03  0.5505269147E+01  0.5013208140E-02
  0.9167206556E-03  0.5504893390E+01  0.5063674357E-02
  0.9259804602E-03  0.5504513839E+01  0.5114646836E-02
  0.9353337982E-03  0.5504130456E+01  0.5166130622E-02
  0.9447816143E-03  0.5503743201E+01  0.5218130805E-02
  0.9543248629E-03  0.5503352037E+01  0.5270652528E-02
  0.9639645080E-03  0.5502956923E+01  0.5323700984E-02
  0.9737015233E-03  0.5502557820E+01  0.5377281417E-02
  0.9835368922E-03  0.5502154687E+01  0.5431399120E-02
  0.9934716083E-03  0.5501747485E+01  0.5486059442E-02
  0.1003506675E-02  0.5501336171E+01  0.5541267782E-02
  0.1013643106E-02  0.5500920704E+01  0.5597029591E-02
  0.1023881925E-02  0.5500501042E+01  0.5653350375E-02
  0.1034224167E-02  0.5500077144E+01  0.5710235694E-02
  0.1044670876E-02  0.5499648966E+01  0.5767691162E-02
  0.1055223107E-02  0.5499216466E+01  0.5825722447E-02
  0.1065881926E-02  0.5498779598E+01  0.5884335273E-02
  0.1076648410E-02  0.5498338321E+01  0.5943535421E-02
  0.1087523647E-02  0.5497892588E+01  0.6003328726E-02
  0.1098508734E-02  0.5497442356E+01  0.6063721084E-02
  0.1109604782E-02  0.5496987579E+01  0.6124718444E-02
  0.1120812911E-02  0.5496528210E+01  0.6186326816E-02
  0.1132134253E-02  0.5496064204E+01  0.6248552268E-02
  0.1143569953E-02  0.5495595514E+01  0.6311400927E-02
  0.1155121165E-02  0.5495122093E+01  0.6374878979E-02
  0.1166789055E-02  0.5494643892E+01  0.6438992673E-02
  0.1178574803E-02  0.5494160865E+01  0.6503748315E-02
  0.1190479599E-02  0.5493672961E+01  0.6569152275E-02
  0.1202504646E-02  0.5493180133E+01  0.6635210984E-02
  0.1214651157E-02  0.5492682330E+01  0.6701930937E-02
  0.1226920361E-02  0.5492179502E+01  0.6769318690E-02
  0.1239313496E-02  0.5491671598E+01  0.6837380865E-02
  0.1251831814E-02  0.5491158568E+01  0.6906124146E-02
  0.1264476580E-02  0.5490640360E+01  0.6975555284E-02
  0.1277249070E-02  0.5490116921E+01  0.7045681094E-02
  0.1290150576E-02  0.5489588199E+01  0.7116508458E-02
  0.1303182400E-02  0.5489054140E+01  0.7188044326E-02
  0.1316345859E-02  0.5488514692E+01  0.7260295712E-02
  0.1329642282E-02  0.5487969799E+01  0.7333269701E-02
  0.1343073012E-02  0.5487419406E+01  0.7406973446E-02
  0.1356639406E-02  0.5486863458E+01  0.7481414169E-02
  0.1370342834E-02  0.5486301900E+01  0.7556599162E-02
  0.1384184681E-02  0.5485734675E+01  0.7632535787E-02
  0.1398166344E-02  0.5485161725E+01  0.7709231477E-02
  0.1412289237E-02  0.5484582993E+01  0.7786693739E-02
  0.1426554785E-02  0.5483998420E+01  0.7864930151E-02
  0.1440964429E-02  0.5483407949E+01  0.7943948363E-02
  0.1455519625E-02  0.5482811519E+01  0.8023756101E-02
  0.1470221844E-02  0.5482209071E+01  0.8104361165E-02
  0.1485072569E-02  0.5481600543E+01  0.8185771430E-02
  0.1500073302E-02  0.5480985875E+01  0.8267994846E-02
  0.1515225558E-02  0.5480365005E+01  0.8351039441E-02
  0.1530530867E-02  0.5479737870E+01  0.8434913320E-02
  0.1545990774E-02  0.5479104407E+01  0.8519624665E-02
  0.1561606843E-02  0.5478464550E+01  0.8605181738E-02
  0.1577380649E-02  0.5477818229E+01  0.8691592880E-02
  0.1593313787E-02  0.5477165386E+01  0.8778866512E-02
  0.1609407866E-02  0.5476505956E+01  0.8867011137E-02
  0.1625664511E-02  0.5475839874E+01  0.8956035336E-02
  0.1642085364E-02  0.5475167071E+01  0.9045947777E-02
  0.1658672085E-02  0.5474487480E+01  0.9136757209E-02
  0.1675426349E-02  0.5473801033E+01  0.9228472464E-02
  0.1692349847E-02  0.5473107661E+01  0.9321102461E-02
  0.1709444290E-02  0.5472407294E+01  0.9414656201E-02
  0.1726711404E-02  0.5471699862E+01  0.9509142774E-02
  0.1744152934E-02  0.5470985294E+01  0.9604571356E-02
  0.1761770640E-02  0.5470263518E+01  0.9700951211E-02
  0.1779566303E-02  0.5469534461E+01  0.9798291690E-02
  0.1797541720E-02  0.5468798050E+01  0.9896602235E-02
  0.1815698707E-02  0.5468054212E+01  0.9995892378E-02
  0.1834039098E-02  0.5467302871E+01  0.1009617174E-01
  0.1852564746E-02  0.5466543952E+01  0.1019745004E-01
  0.1871277521E-02  0.5465777379E+01  0.1029973707E-01
  0.1890179314E-02  0.5465003075E+01  0.1040304275E-01
  0.1909272034E-02  0.5464220962E+01  0.1050737706E-01
  0.1928557610E-02  0.5463430961E+01  0.1061275009E-01
  0.1948037990E-02  0.5462632994E+01  0.1071917203E-01
  0.1967715142E-02  0.5461826981E+01  0.1082665315E-01
  0.1987591052E-02  0.5461012839E+01  0.1093520385E-01
  0.2007667730E-02  0.5460190489E+01  0.1104483458E-01
  0.2027947202E-02  0.5459359847E+01  0.1115555594E-01
  0.2048431517E-02  0.5458520829E+01  0.1126737860E-01
  0.2069122744E-02  0.5457673353E+01  0.1138031332E-01
  0.2090022974E-02  0.5456817333E+01  0.1149437101E-01
  0.2111134317E-02  0.5455952682E+01  0.1160956262E-01
  0.2132458906E-02  0.5455079315E+01  0.1172589926E-01
  0.2153998895E-02  0.5454197144E+01  0.1184339211E-01
  0.2175756460E-02  0.5453306080E+01  0.1196205246E-01
  0.2197733798E-02  0.5452406035E+01  0.1208189172E-01
  0.2219933129E-02  0.5451496917E+01  0.1220292140E-01
  0.2242356696E-02  0.5450578637E+01  0.1232515311E-01
  0.2265006764E-02  0.5449651101E+01  0.1244859858E-01
  0.2287885620E-02  0.5448714218E+01  0.1257326964E-01
  0.2310995576E-02  0.5447767893E+01  0.1269917825E-01
  0.2334338965E-02  0.5446812032E+01  0.1282633647E-01
  0.2357918147E-02  0.5445846538E+01  0.1295475645E-01
  0.2381735502E-02  0.5444871317E+01  0.1308445050E-01
  0.2405793436E-02  0.5443886269E+01  0.1321543101E-01
  0.2430094380E-02  0.5442891296E+01  0.1334771049E-01
  0.2454640788E-02  0.5441886299E+01  0.1348130159E-01
  0.2479435139E-02  0.5440871178E+01  0.1361621704E-01
  0.2504479939E-02  0.5439845830E+01  0.1375246973E-01
  0.2529777716E-02  0.5438810154E+01  0.1389007264E-01
  0.2555331026E-02  0.5437764046E+01  0.1402903888E-01
  0.2581142450E-02  0.5436707402E+01  0.1416938167E-01
  0.2607214596E-02  0.5435640115E+01  0.1431111439E-01
  0.2633550097E-02  0.5434562080E+01  0.1445425050E-01
  0.2660151614E-02  0.5433473189E+01  0.1459880361E-01
  0.2687021832E-02  0.5432373439E+01  0.1474478744E-01
  0.2714163467E-02  0.5431262905E+01  0.1489221587E-01
  0.2741579259E-02  0.5430141201E+01  0.1504110287E-01
  0.2769271979E-02  0.5429008216E+01  0.1519146256E-01
  0.2797244423E-02  0.5427863838E+01  0.1534330918E-01
  0.2825499417E-02  0.5426707953E+01  0.1549665712E-01
  0.2854039815E-02  0.5425540446E+01  0.1565152086E-01
  0.2882868500E-02  0.5424361202E+01  0.1580791506E-01
  0.2911988384E-02  0.5423170103E+01  0.1596585449E-01
  0.2941402408E-02  0.5421967032E+01  0.1612535405E-01
  0.2971113544E-02  0.5420751870E+01  0.1628642879E-01
  0.3001124792E-02  0.5419524916E+01  0.1644909391E-01
  0.3031439184E-02  0.5418285747E+01  0.1661336473E-01
  0.3062059781E-02  0.5417034143E+01  0.1677925672E-01
  0.3092989678E-02  0.5415769982E+01  0.1694678547E-01
  0.3124231998E-02  0.5414493138E+01  0.1711596675E-01
  0.3155789897E-02  0.5413203486E+01  0.1728681642E-01
  0.3187666563E-02  0.5411900900E+01  0.1745935054E-01
  0.3219865215E-02  0.5410585251E+01  0.1763358527E-01
  0.3252389106E-02  0.5409256411E+01  0.1780953695E-01
  0.3285241521E-02  0.5407914249E+01  0.1798722204E-01
  0.3318425779E-02  0.5406558633E+01  0.1816665717E-01
  0.3351945231E-02  0.5405189431E+01  0.1834785910E-01
  0.3385803264E-02  0.5403806508E+01  0.1853084477E-01
  0.3420003297E-02  0.5402409729E+01  0.1871563125E-01
  0.3454548785E-02  0.5400998958E+01  0.1890223576E-01
  0.3489443217E-02  0.5399574056E+01  0.1909067569E-01
  0.3524690118E-02  0.5398134884E+01  0.1928096858E-01
  0.3560293049E-02  0.5396681302E+01  0.1947313213E-01
  0.3596255605E-02  0.5395213168E+01  0.1966718418E-01
  0.3632581419E-02  0.5393730338E+01  0.1986314276E-01
  0.3669274160E-02  0.5392232669E+01  0.2006102604E-01
  0.3706337536E-02  0.5390720014E+01  0.2026085235E-01
  0.3743775289E-02  0.5389192225E+01  0.2046264019E-01
  0.3781591201E-02  0.5387649156E+01  0.2066640824E-01
  0.3819789092E-02  0.5386090654E+01  0.2087217531E-01
  0.3858372820E-02  0.5384516570E+01  0.2107996040E-01
  0.3897346283E-02  0.5382926749E+01  0.2128978267E-01
  0.3936713417E-02  0.5381321039E+01  0.2150166147E-01
  0.3976478199E-02  0.5379699283E+01  0.2171561628E-01
  0.4016644645E-02  0.5378061324E+01  0.2193166679E-01
  0.4057216813E-02  0.5376407004E+01  0.2214983284E-01
  0.4098198801E-02  0.5374736162E+01  0.2237013445E-01
  0.4139594749E-02  0.5373048638E+01  0.2259259181E-01
  0.4181408837E-02  0.5371344268E+01  0.2281722531E-01
  0.4223645290E-02  0.5369622888E+01  0.2304405549E-01
  0.4266308374E-02  0.5367884332E+01  0.2327310307E-01
  0.4309402398E-02  0.5366128432E+01  0.2350438897E-01
  0.4352931715E-02  0.5364355020E+01  0.2373793428E-01
  0.4396900722E-02  0.5362563925E+01  0.2397376027E-01
  0.4441313861E-02  0.5360754974E+01  0.2421188840E-01
  0.4486175617E-02  0.5358927995E+01  0.2445234030E-01
  0.4531490522E-02  0.5357082812E+01  0.2469513780E-01
  0.4577263154E-02  0.5355219248E+01  0.2494030293E-01
  0.4623498135E-02  0.5353337125E+01  0.2518785788E-01
  0.4670200136E-02  0.5351436263E+01  0.2543782505E-01
  0.4717373875E-02  0.5349516480E+01  0.2569022703E-01
  0.4765024116E-02  0.5347577592E+01  0.2594508658E-01
  0.4813155673E-02  0.5345619416E+01  0.2620242669E-01
  0.4861773407E-02  0.5343641764E+01  0.2646227052E-01
  0.4910882230E-02  0.5341644448E+01  0.2672464143E-01
  0.4960487101E-02  0.5339627279E+01  0.2698956299E-01
  0.5010593031E-02  0.5337590064E+01  0.2725705894E-01
  0.5061205082E-02  0.5335532610E+01  0.2752715325E-01
  0.5112328365E-02  0.5333454722E+01  0.2779987009E-01
  0.5163968046E-02  0.5331356185E+01  0.2807523380E-01
  0.5216129339E-02  0.5329234306E+01  0.2835326890E-01
  0.5268817514E-02  0.5327091299E+01  0.2863400007E-01
  0.5322037893E-02  0.5324926962E+01  0.2891745229E-01
  0.5375795852E-02  0.5322741086E+01  0.2920365074E-01
  0.5430096820E-02  0.5320533463E+01  0.2949262080E-01
  0.5484946283E-02  0.5318303882E+01  0.2978438806E-01
  0.5540349781E-02  0.5316052132E+01  0.3007897832E-01
  0.5596312910E-02  0.5313777998E+01  0.3037641759E-01
  0.5652841323E-02  0.5311481263E+01  0.3067673212E-01
  0.5709940730E-02  0.5309161710E+01  0.3097994833E-01
  0.5767616899E-02  0.5306819118E+01  0.3128609288E-01
  0.5825875656E-02  0.5304453265E+01  0.3159519265E-01
  0.5884722885E-02  0.5302063927E+01  0.3190727472E-01
  0.5944164530E-02  0.5299650878E+01  0.3222236640E-01
  0.6004206596E-02  0.5297213890E+01  0.3254049523E-01
  0.6064855147E-02  0.5294752732E+01  0.3286168895E-01
  0.6126116310E-02  0.5292267173E+01  0.3318597552E-01
  0.6187996273E-02  0.5289756978E+01  0.3351338315E-01
  0.6250501286E-02  0.5287221912E+01  0.3384394025E-01
  0.6313637663E-02  0.5284661735E+01  0.3417767547E-01
  0.6377411780E-02  0.5282076207E+01  0.3451461766E-01
  0.6441830081E-02  0.5279465085E+01  0.3485479593E-01
  0.6506899072E-02  0.5276828125E+01  0.3519823961E-01
  0.6572625325E-02  0.5274165080E+01  0.3554497823E-01
  0.6639015480E-02  0.5271475701E+01  0.3589504160E-01
  0.6706076242E-02  0.5268759736E+01  0.3624845971E-01
  0.6773814386E-02  0.5266016932E+01  0.3660526282E-01
  0.6842236754E-02  0.5263247033E+01  0.3696548140E-01
  0.6911350256E-02  0.5260449782E+01  0.3732914617E-01
  0.6981161875E-02  0.5257624918E+01  0.3769628808E-01
  0.7051678662E-02  0.5254772178E+01  0.3806693832E-01
  0.7122907739E-02  0.5251891299E+01  0.3844112829E-01
  0.7194856302E-02  0.5248982013E+01  0.3881888966E-01
  0.7267531618E-02  0.5246044051E+01  0.3920025433E-01
  0.7340941029E-02  0.5243077140E+01  0.3958525443E-01
  0.7415091948E-02  0.5240078053E+01  0.3997392223E-01
  0.7489991867E-02  0.5237048662E+01  0.4036629020E-01
  0.7565648350E-02  0.5233989368E+01  0.4076239116E-01
  0.7642069041E-02  0.5230899889E+01  0.4116225819E-01
  0.7719261657E-02  0.5227779938E+01  0.4156592462E-01
  0.7797233997E-02  0.5224629226E+01  0.4197342402E-01
  0.7875993937E-02  0.5221447463E+01  0.4238479020E-01
  0.7955549431E-02  0.5218234355E+01  0.4280005723E-01
  0.8035908516E-02  0.5214989605E+01  0.4321925939E-01
  0.8117079309E-02  0.5211712915E+01  0.4364243125E-01
  0.8199070009E-02  0.5208403983E+01  0.4406960759E-01
  0.8281888898E-02  0.5205062506E+01  0.4450082345E-01
  0.8365544342E-02  0.5201688178E+01  0.4493611412E-01
  0.8450044790E-02  0.5198280690E+01  0.4537551514E-01
  0.8535398777E-02  0.5194839729E+01  0.4581906227E-01
  0.8621614927E-02  0.5191364983E+01  0.4626679156E-01
  0.8708701946E-02  0.5187856133E+01  0.4671873928E-01
  0.8796668632E-02  0.5184305485E+01  0.4717494162E-01
  0.8885523871E-02  0.5180714719E+01  0.4763543479E-01
  0.8975276638E-02  0.5177088462E+01  0.4810025554E-01
  0.9065935997E-02  0.5173426380E+01  0.4856944106E-01
  0.9157511109E-02  0.5169728134E+01  0.4904302882E-01
  0.9250011221E-02  0.5165981219E+01  0.4952105596E-01
  0.9343445678E-02  0.5162195239E+01  0.5000355974E-01
  0.9437823917E-02  0.5158371561E+01  0.5049057820E-01
  0.9533155471E-02  0.5154509823E+01  0.5098214971E-01
  0.9629449971E-02  0.5150609660E+01  0.5147831287E-01
  0.9726717143E-02  0.5146670704E+01  0.5197910654E-01
  0.9824966811E-02  0.5142692584E+01  0.5248456980E-01
  0.9924208900E-02  0.5138674926E+01  0.5299474200E-01
  0.1002445343E-01  0.5134618481E+01  0.5350966275E-01
  0.1012571054E-01  0.5130528075E+01  0.5402937227E-01
  0.1022799044E-01  0.5126390940E+01  0.5455391062E-01
  0.1033130348E-01  0.5122212883E+01  0.5508331780E-01
  0.1043566008E-01  0.5117993525E+01  0.5561763436E-01
  0.1054107079E-01  0.5113732486E+01  0.5615690110E-01
  0.1064754625E-01  0.5109432805E+01  0.5670115923E-01
  0.1075509722E-01  0.5105101465E+01  0.5725045078E-01
  0.1086373457E-01  0.5100727772E+01  0.5780481788E-01
  0.1097346926E-01  0.5096311348E+01  0.5836430235E-01
  0.1108431238E-01  0.5091851811E+01  0.5892894627E-01
  0.1119627514E-01  0.5087348777E+01  0.5949879192E-01
  0.1130936882E-01  0.5082801861E+01  0.6007388184E-01
  0.1142360487E-01  0.5078210676E+01  0.6065425880E-01
  0.1153899482E-01  0.5073567807E+01  0.6123996540E-01
  0.1165555032E-01  0.5068879660E+01  0.6183104444E-01
  0.1177328316E-01  0.5064146019E+01  0.6242753934E-01
  0.1189220521E-01  0.5059366497E+01  0.6302949378E-01
  0.1201232849E-01  0.5054540322E+01  0.6363695163E-01
  0.1213366514E-01  0.5049680218E+01  0.6424995778E-01
  0.1225622742E-01  0.5044787804E+01  0.6486855826E-01
  0.1238002770E-01  0.5039851328E+01  0.6549279882E-01
  0.1250507848E-01  0.5034867938E+01  0.6612272459E-01
  0.1263139240E-01  0.5029837260E+01  0.6675838079E-01
  0.1275898223E-01  0.5024758921E+01  0.6739981286E-01
  0.1288786083E-01  0.5019632545E+01  0.6804706646E-01
  0.1301804125E-01  0.5014457760E+01  0.6870018747E-01
  0.1314953661E-01  0.5009234190E+01  0.6935922199E-01
  0.1328236022E-01  0.5003961463E+01  0.7002421635E-01
  0.1341652547E-01  0.4998637091E+01  0.7069521694E-01
  0.1355204593E-01  0.4993233211E+01  0.7137226837E-01
  0.1368893528E-01  0.4987788013E+01  0.7205541613E-01
  0.1382720736E-01  0.4982311131E+01  0.7274470927E-01
  0.1396687612E-01  0.4976783330E+01  0.7344019647E-01
  0.1410795567E-01  0.4971204261E+01  0.7414192531E-01
  0.1425046028E-01  0.4965578785E+01  0.7484994397E-01
  0.1439440432E-01  0.4959919302E+01  0.7556430213E-01
  0.1453980234E-01  0.4954207786E+01  0.7628504937E-01
  0.1468666903E-01  0.4948443880E+01  0.7701223421E-01
  0.1483501923E-01  0.4942627230E+01  0.7774590536E-01
  0.1498486790E-01  0.4936757485E+01  0.7848611173E-01
  0.1513623021E-01  0.4930834297E+01  0.7923290244E-01
  0.1528912142E-01  0.4924880159E+01  0.7998632851E-01
  0.1544355699E-01  0.4918900323E+01  0.8074644344E-01
  0.1559955252E-01  0.4912867064E+01  0.8151329930E-01
  0.1575712375E-01  0.4906780047E+01  0.8228694627E-01
  0.1591628662E-01  0.4900646172E+01  0.8306743530E-01
  0.1607705719E-01  0.4894521712E+01  0.8385482267E-01
  0.1623945171E-01  0.4888386268E+01  0.8464916798E-01
  0.1640348657E-01  0.4882153352E+01  0.8545052256E-01
  0.1656917836E-01  0.4875845403E+01  0.8625893267E-01
  0.1673654380E-01  0.4869437951E+01  0.8707444448E-01
  0.1690559979E-01  0.4862958154E+01  0.8789710445E-01
  0.1707636343E-01  0.4856422610E+01  0.8872696284E-01
  0.1724885195E-01  0.4849826695E+01  0.8956407112E-01
  0.1742308278E-01  0.4843137469E+01  0.9040847771E-01
  0.1759907351E-01  0.4836297804E+01  0.9126022317E-01
  0.1777684193E-01  0.4829349868E+01  0.9211934663E-01
  0.1795640599E-01  0.4822352603E+01  0.9298589607E-01
  0.1813778383E-01  0.4815293389E+01  0.9385992376E-01
  0.1832099377E-01  0.4808172054E+01  0.9474148102E-01
  0.1850605431E-01  0.4800988450E+01  0.9563061925E-01
  0.1869298415E-01  0.4793742454E+01  0.9652739001E-01
  0.1888180217E-01  0.4786443166E+01  0.9743184586E-01
  0.1907252745E-01  0.4779091105E+01  0.9834404043E-01
  0.1926517924E-01  0.4771682552E+01  0.9926402727E-01
  0.1945977701E-01  0.4764146000E+01  0.1001918528E+00
  0.1965634041E-01  0.4756533311E+01  0.1011275613E+00
  0.1985488931E-01  0.4748845043E+01  0.1020712025E+00
  0.2005544374E-01  0.4741092004E+01  0.1030228270E+00
  0.2025802398E-01  0.4733274245E+01  0.1039824867E+00
  0.2046265049E-01  0.4725440416E+01  0.1049502385E+00
  0.2066934393E-01  0.4717577992E+01  0.1059261435E+00
  0.2087812518E-01  0.4709652133E+01  0.1069102580E+00
  0.2108901533E-01  0.4701662987E+01  0.1079026348E+00
  0.2130203569E-01  0.4693610744E+01  0.1089033271E+00
  0.2151720777E-01  0.4685495633E+01  0.1099123880E+00
  0.2173455330E-01  0.4677317932E+01  0.1109298709E+00
  0.2195409424E-01  0.4669077960E+01  0.1119558291E+00
  0.2217585277E-01  0.4660776086E+01  0.1129903165E+00
  0.2239985128E-01  0.4652412731E+01  0.1140333867E+00
  0.2262611241E-01  0.4643988363E+01  0.1150850938E+00
  0.2285465900E-01  0.4635503508E+01  0.1161454919E+00
  0.2308551414E-01  0.4626958745E+01  0.1172146354E+00
  0.2331870115E-01  0.4618354314E+01  0.1182925789E+00
  0.2355424359E-01  0.4609673807E+01  0.1193793750E+00
  0.2379216524E-01  0.4600934562E+01  0.1204750766E+00
  0.2403249014E-01  0.4592137394E+01  0.1215797386E+00
  0.2427524257E-01  0.4583259261E+01  0.1226934135E+00
  0.2452044704E-01  0.4574216775E+01  0.1238161405E+00
  0.2476812832E-01  0.4565155073E+01  0.1249479662E+00
  0.2501831143E-01  0.4556037820E+01  0.1260889504E+00
  0.2527102165E-01  0.4546866253E+01  0.1272391489E+00
  0.2552628449E-01  0.4537641689E+01  0.1283986175E+00
  0.2578412575E-01  0.4528267311E+01  0.1295674002E+00
  0.2604457147E-01  0.4518733298E+01  0.1307455265E+00
  0.2630764795E-01  0.4509147944E+01  0.1319330381E+00
  0.2657338176E-01  0.4499513028E+01  0.1331299910E+00
  0.2684179976E-01  0.4489819762E+01  0.1343364404E+00
  0.2711292905E-01  0.4480019817E+01  0.1355524335E+00
  0.2738679702E-01  0.4470155206E+01  0.1367780167E+00
  0.2766343134E-01  0.4460230136E+01  0.1380132422E+00
  0.2794285993E-01  0.4450220232E+01  0.1392581595E+00
  0.2822511105E-01  0.4440157707E+01  0.1405128190E+00
  0.2851021318E-01  0.4430038751E+01  0.1417772750E+00
  0.2879819513E-01  0.4419878101E+01  0.1430515831E+00
  0.2908908599E-01  0.4409678284E+01  0.1443358018E+00
  0.2938291514E-01  0.4399432472E+01  0.1456299885E+00
  0.2967971226E-01  0.4389106085E+01  0.1469341950E+00
  0.2997950734E-01  0.4378801305E+01  0.1482484827E+00
  0.3028233064E-01  0.4368679364E+01  0.1495729532E+00
  0.3058821277E-01  0.4358536520E+01  0.1509077029E+00
  0.3089718462E-01  0.4348375875E+01  0.1522527983E+00
  0.3120927739E-01  0.4338119890E+01  0.1536082946E+00
  0.3152452262E-01  0.4327853642E+01  0.1549742480E+00
  0.3184295214E-01  0.4317475658E+01  0.1563507120E+00
  0.3216459812E-01  0.4307081925E+01  0.1577377392E+00
  0.3248949305E-01  0.4296675894E+01  0.1591353978E+00
  0.3281766975E-01  0.4286275534E+01  0.1605437601E+00
  0.3314916136E-01  0.4275854046E+01  0.1619628972E+00
  0.3348400137E-01  0.4265359668E+01  0.1633928673E+00
  0.3382222361E-01  0.4254870358E+01  0.1648337329E+00
  0.3416386223E-01  0.4244389109E+01  0.1662855706E+00
  0.3450895175E-01  0.4233918818E+01  0.1677484582E+00
  0.3485752702E-01  0.4223462267E+01  0.1692224751E+00
  0.3520962325E-01  0.4213072921E+01  0.1707077112E+00
  0.3556527601E-01  0.4202758294E+01  0.1722042680E+00
  0.3592452122E-01  0.4192584607E+01  0.1737122614E+00
  0.3628739518E-01  0.4182349430E+01  0.1752317841E+00
  0.3665393452E-01  0.4172202427E+01  0.1767629201E+00
  0.3702417628E-01  0.4161936575E+01  0.1783057432E+00
  0.3739815786E-01  0.4151679031E+01  0.1798603128E+00
  0.3777591703E-01  0.4141451705E+01  0.1814267159E+00
  0.3815749195E-01  0.4131273807E+01  0.1830050482E+00
  0.3854292116E-01  0.4121269226E+01  0.1845954337E+00
  0.3893224360E-01  0.4111299218E+01  0.1861979955E+00
  0.3932549859E-01  0.4101363060E+01  0.1878128307E+00
  0.3972272585E-01  0.4091459651E+01  0.1894400370E+00
  0.4012396550E-01  0.4081587512E+01  0.1910797123E+00
  0.4052925808E-01  0.4071274093E+01  0.1927318595E+00
  0.4093864453E-01  0.4060622134E+01  0.1943964035E+00
  0.4135216619E-01  0.4049941471E+01  0.1960733504E+00
  0.4176986484E-01  0.4039245749E+01  0.1977627717E+00
  0.4219178266E-01  0.4028326774E+01  0.1994646980E+00
  0.4261796229E-01  0.4017392252E+01  0.2011791587E+00
  0.4304844675E-01  0.4006323645E+01  0.2029062013E+00
  0.4348327955E-01  0.3995010365E+01  0.2046458225E+00
  0.4392250460E-01  0.3983462651E+01  0.2063979951E+00
  0.4436616626E-01  0.3971664527E+01  0.2081626876E+00
  0.4481430935E-01  0.3959819004E+01  0.2099399073E+00
  0.4526697914E-01  0.3948001647E+01  0.2117297231E+00
  0.4572422136E-01  0.3936293626E+01  0.2135322394E+00
  0.4618608218E-01  0.3924489578E+01  0.2153475333E+00
  0.4665260826E-01  0.3912636687E+01  0.2171756452E+00
  0.4712384673E-01  0.3900734844E+01  0.2190166258E+00
  0.4759984518E-01  0.3888221941E+01  0.2208703915E+00
  0.4808065170E-01  0.3875517371E+01  0.2227368197E+00
  0.4856631485E-01  0.3862638800E+01  0.2246158884E+00
  0.4905688368E-01  0.3849518982E+01  0.2265075605E+00
  0.4955240776E-01  0.3836353698E+01  0.2284118280E+00
  0.5005293713E-01  0.3823039432E+01  0.2303287036E+00
  0.5055852235E-01  0.3809362591E+01  0.2322581185E+00
  0.5106921450E-01  0.3795474790E+01  0.2341999838E+00
  0.5158506515E-01  0.3781186197E+01  0.2361541966E+00
  0.5210612641E-01  0.3766852071E+01  0.2381206918E+00
  0.5263245092E-01  0.3752495681E+01  0.2400995003E+00
  0.5316409184E-01  0.3738089455E+01  0.2420906510E+00
  0.5370110287E-01  0.3723645099E+01  0.2440941679E+00
  0.5424353825E-01  0.3709305901E+01  0.2461101157E+00
  0.5479145278E-01  0.3694934377E+01  0.2481385611E+00
  0.5534490180E-01  0.3680513393E+01  0.2501795283E+00
  0.5590394121E-01  0.3666127780E+01  0.2522330593E+00
  0.5646862749E-01  0.3651790767E+01  0.2542992234E+00
  0.5703901766E-01  0.3637483718E+01  0.2563780886E+00
  0.5761516936E-01  0.3622597710E+01  0.2584695428E+00
  0.5819714076E-01  0.3607790287E+01  0.2605734823E+00
  0.5878499067E-01  0.3592813283E+01  0.2626899194E+00
  0.5937877846E-01  0.3577668953E+01  0.2648187917E+00
  0.5997856410E-01  0.3562735942E+01  0.2669601479E+00
  0.6058440818E-01  0.3548780819E+01  0.2691143831E+00
  0.6119637190E-01  0.3535563696E+01  0.2712820640E+00
  0.6181451707E-01  0.3522778388E+01  0.2734636040E+00
  0.6243890613E-01  0.3510190776E+01  0.2756592585E+00
  0.6306960215E-01  0.3497844819E+01  0.2778692286E+00
  0.6370666884E-01  0.3485752173E+01  0.2800937371E+00
  0.6435017054E-01  0.3473822329E+01  0.2823329861E+00
  0.6500017227E-01  0.3462065492E+01  0.2845871557E+00
  0.6565673966E-01  0.3450353494E+01  0.2868563901E+00
  0.6631993905E-01  0.3438610367E+01  0.2891407684E+00
  0.6698983743E-01  0.3426797976E+01  0.2914403314E+00
  0.6766650245E-01  0.3415120450E+01  0.2937551748E+00
  0.6835000248E-01  0.3403648055E+01  0.2960854891E+00
  0.6904040654E-01  0.3392052535E+01  0.2984313787E+00
  0.6973778439E-01  0.3380699142E+01  0.3007929622E+00
  0.7044220645E-01  0.3369246853E+01  0.3031703676E+00
  0.7115374389E-01  0.3357427222E+01  0.3055635079E+00
  0.7187246858E-01  0.3345495005E+01  0.3079722857E+00
  0.7259845311E-01  0.3333320862E+01  0.3103966442E+00
  0.7333177082E-01  0.3321074585E+01  0.3128365372E+00
  0.7407249577E-01  0.3308863236E+01  0.3152920174E+00
  0.7482070280E-01  0.3296361073E+01  0.3177630550E+00
  0.7557646748E-01  0.3283666316E+01  0.3202495312E+00
  0.7633986614E-01  0.3271480015E+01  0.3227516261E+00
  0.7711097590E-01  0.3259345368E+01  0.3252696177E+00
  0.7788987464E-01  0.3246563590E+01  0.3278033399E+00
  0.7867664105E-01  0.3233655563E+01  0.3303525493E+00
  0.7947135460E-01  0.3220554296E+01  0.3329171733E+00
  0.8027409556E-01  0.3207145282E+01  0.3354970621E+00
  0.8108494501E-01  0.3193857853E+01  0.3380921871E+00
  0.8190398485E-01  0.3180612971E+01  0.3407026599E+00
  0.8273129783E-01  0.3167554506E+01  0.3433286206E+00
  0.8356696751E-01  0.3155785952E+01  0.3459707325E+00
  0.8441107829E-01  0.3144331630E+01  0.3486297311E+00
  0.8526371544E-01  0.3133249797E+01  0.3513059807E+00
  0.8612496510E-01  0.3122480917E+01  0.3539998536E+00
  0.8699491424E-01  0.3112169263E+01  0.3567117679E+00
  0.8787365075E-01  0.3102469486E+01  0.3594422829E+00
  0.8876126338E-01  0.3092705620E+01  0.3621917407E+00
  0.8965784180E-01  0.3083187213E+01  0.3649603268E+00
  0.9056347656E-01  0.3074175548E+01  0.3677484877E+00
  0.9147825915E-01  0.3065001281E+01  0.3705564938E+00
  0.9240228197E-01  0.3054975053E+01  0.3733839927E+00
  0.9333563836E-01  0.3045100145E+01  0.3762307647E+00
  0.9427842258E-01  0.3035816869E+01  0.3790972610E+00
  0.9523072988E-01  0.3026715176E+01  0.3819839578E+00
  0.9619265645E-01  0.3018102173E+01  0.3848912930E+00
  0.9716429944E-01  0.3009951263E+01  0.3878198509E+00
  0.9814575701E-01  0.2999895475E+01  0.3907690557E+00
  0.9913712829E-01  0.2988932050E+01  0.3937376315E+00
  0.1001385134E+00  0.2977632673E+01  0.3967250461E+00
  0.1011500136E+00  0.2966506407E+01  0.3997312949E+00
  0.1021717309E+00  0.2955119506E+01  0.4027564087E+00
  0.1032037686E+00  0.2943405518E+01  0.4058001588E+00
  0.1042462309E+00  0.2930962874E+01  0.4088620626E+00
  0.1052992231E+00  0.2917620875E+01  0.4119413192E+00
  0.1063628516E+00  0.2902450635E+01  0.4150365162E+00
  0.1074372239E+00  0.2885649353E+01  0.4181458032E+00
  0.1085224483E+00  0.2870210111E+01  0.4212690030E+00
  0.1096186347E+00  0.2854160619E+01  0.4244064915E+00
  0.1107258936E+00  0.2837034340E+01  0.4275573048E+00
  0.1118443370E+00  0.2819139390E+01  0.4307203598E+00
  0.1129740778E+00  0.2800961128E+01  0.4338949882E+00
  0.1141152301E+00  0.2784216450E+01  0.4370817573E+00
  0.1152679092E+00  0.2769606885E+01  0.4402826453E+00
  0.1164322315E+00  0.2757564961E+01  0.4435003501E+00
  0.1176083146E+00  0.2746366667E+01  0.4467368907E+00
  0.1187962774E+00  0.2736014696E+01  0.4499933232E+00
  0.1199962398E+00  0.2728004820E+01  0.4532716321E+00
  0.1212083230E+00  0.2721510283E+01  0.4565742651E+00
  0.1224326495E+00  0.2716684087E+01  0.4599033278E+00
  0.1236693429E+00  0.2712118814E+01  0.4632602102E+00
  0.1249185282E+00  0.2707669141E+01  0.4666453699E+00
  0.1261803315E+00  0.2703696333E+01  0.4700594094E+00
  0.1274548803E+00  0.2700461909E+01  0.4735033411E+00
  0.1287423034E+00  0.2697370499E+01  0.4769779879E+00
  0.1300427307E+00  0.2693419226E+01  0.4804831530E+00
  0.1313562936E+00  0.2688650606E+01  0.4840179968E+00
  0.1326831249E+00  0.2682995330E+01  0.4875816306E+00
  0.1340233585E+00  0.2677268321E+01  0.4911736333E+00
  0.1353771298E+00  0.2671933018E+01  0.4947944309E+00
  0.1367445755E+00  0.2664346273E+01  0.4984429671E+00
  0.1381258338E+00  0.2652650664E+01  0.5021150403E+00
  0.1395210443E+00  0.2640564150E+01  0.5058076146E+00
  0.1409303478E+00  0.2628584745E+01  0.5095205295E+00
  0.1423538866E+00  0.2617023249E+01  0.5132541930E+00
  0.1437918047E+00  0.2607543155E+01  0.5170104421E+00
  0.1452442472E+00  0.2598380791E+01  0.5207910946E+00
  0.1467113608E+00  0.2590266924E+01  0.5245972625E+00
  0.1481932937E+00  0.2582581553E+01  0.5284301698E+00
  0.1496901957E+00  0.2576169460E+01  0.5322912420E+00
  0.1512022178E+00  0.2567444892E+01  0.5361798715E+00
  0.1527295130E+00  0.2560944914E+01  0.5400961539E+00
  0.1542722353E+00  0.2555815117E+01  0.5440430239E+00
  0.1558305407E+00  0.2550981473E+01  0.5480219983E+00
  0.1574045866E+00  0.2544332099E+01  0.5520321269E+00
  0.1589945319E+00  0.2534761044E+01  0.5560698671E+00
  0.1606005373E+00  0.2524904925E+01  0.5601327925E+00
  0.1622227649E+00  0.2515471797E+01  0.5642211117E+00
  0.1638613787E+00  0.2504076536E+01  0.5683336623E+00
  0.1655165442E+00  0.2491208742E+01  0.5724676740E+00
  0.1671884284E+00  0.2478473049E+01  0.5766220405E+00
  0.1688772004E+00  0.2465439894E+01  0.5807966114E+00
  0.1705830308E+00  0.2452486702E+01  0.5849911855E+00
  0.1723060917E+00  0.2439043798E+01  0.5892053880E+00
  0.1740465572E+00  0.2424409254E+01  0.5934377243E+00
  0.1758046033E+00  0.2411573904E+01  0.5976886648E+00
  0.1775804074E+00  0.2397029100E+01  0.6019582332E+00
  0.1793741488E+00  0.2380907861E+01  0.6062434251E+00
  0.1811860089E+00  0.2365510558E+01  0.6105433481E+00
  0.1830161706E+00  0.2352203805E+01  0.6148604382E+00
  0.1848648188E+00  0.2337976268E+01  0.6191956847E+00
  0.1867321402E+00  0.2320873714E+01  0.6235454698E+00
  0.1886183235E+00  0.2302575685E+01  0.6279058062E+00
  0.1905235591E+00  0.2282678995E+01  0.6322738014E+00
  0.1924480394E+00  0.2260412986E+01  0.6366453471E+00
  0.1943919590E+00  0.2234963533E+01  0.6410146723E+00
  0.1963555142E+00  0.2204627623E+01  0.6453733634E+00
  0.1983389032E+00  0.2173168360E+01  0.6497147996E+00
  0.2003423265E+00  0.2142089583E+01  0.6540374437E+00
  0.2023659863E+00  0.2109020575E+01  0.6583388442E+00
  0.2044100872E+00  0.2076664188E+01  0.6626168251E+00
  0.2064748356E+00  0.2049205599E+01  0.6668762666E+00
  0.2085604400E+00  0.2026499899E+01  0.6711264212E+00
  0.2106671111E+00  0.2003943529E+01  0.6753718306E+00
  0.2127950617E+00  0.1982851772E+01  0.6796136824E+00
  0.2149445068E+00  0.1967914951E+01  0.6838596604E+00
  0.2171156634E+00  0.1952099183E+01  0.6881151427E+00
  0.2193087509E+00  0.1938590209E+01  0.6923814539E+00
  0.2215239908E+00  0.1929450566E+01  0.6966657730E+00
  0.2237616069E+00  0.1918093075E+01  0.7009704358E+00
  0.2260218251E+00  0.1906544167E+01  0.7052926932E+00
  0.2283048739E+00  0.1897837921E+01  0.7096354881E+00
  0.2306109837E+00  0.1892869951E+01  0.7140063824E+00
  0.2329403876E+00  0.1887457015E+01  0.7184093366E+00
  0.2352933208E+00  0.1877974086E+01  0.7228392405E+00
  0.2376700210E+00  0.1867721901E+01  0.7272904387E+00
  0.2400707283E+00  0.1857710354E+01  0.7317622749E+00
  0.2424956851E+00  0.1852850422E+01  0.7362612498E+00
  0.2449451365E+00  0.1846777063E+01  0.7407922786E+00
  0.2474193298E+00  0.1835933590E+01  0.7453481476E+00
  0.2499185149E+00  0.1823388604E+01  0.7499208094E+00
  0.2524429444E+00  0.1807670870E+01  0.7545039862E+00
  0.2549928731E+00  0.1785890827E+01  0.7590856493E+00
  0.2575685587E+00  0.1766768650E+01  0.7636609162E+00
  0.2601702613E+00  0.1750065537E+01  0.7682357945E+00
  0.2627982438E+00  0.1734995593E+01  0.7728151343E+00
  0.2654527715E+00  0.1716829523E+01  0.7773966170E+00
  0.2681341126E+00  0.1690714740E+01  0.7819650113E+00
  0.2708425380E+00  0.1662090481E+01  0.7865054226E+00
  0.2735783212E+00  0.1628886980E+01  0.7910071231E+00
  0.2763417386E+00  0.1593303152E+01  0.7954592512E+00
  0.2791330693E+00  0.1552321161E+01  0.7998494900E+00
  0.2819525952E+00  0.1506746264E+01  0.8041620500E+00
  0.2848006012E+00  0.1463250829E+01  0.8083913348E+00
  0.2876773750E+00  0.1422745837E+01  0.8125425146E+00
  0.2905832071E+00  0.1386794918E+01  0.8166245414E+00
  0.2935183910E+00  0.1351282238E+01  0.8206429214E+00
  0.2964832232E+00  0.1320879017E+01  0.8246041763E+00
  0.2994780032E+00  0.1294377560E+01  0.8285202354E+00
  0.3025030336E+00  0.1267315979E+01  0.8323948357E+00
  0.3055586198E+00  0.1239207349E+01  0.8362242847E+00
  0.3086450705E+00  0.1221496171E+01  0.8400217048E+00
  0.3117626974E+00  0.1210221179E+01  0.8438122986E+00
  0.3149118156E+00  0.1203239765E+01  0.8476124354E+00
  0.3180927430E+00  0.1201019365E+01  0.8514363224E+00
  0.3213058010E+00  0.1201657943E+01  0.8552962931E+00
  0.3245513142E+00  0.1202280079E+01  0.8591972994E+00
  0.3278296103E+00  0.1198353708E+01  0.8631322936E+00
  0.3311410205E+00  0.1191955097E+01  0.8670899400E+00
  0.3344858793E+00  0.1177280953E+01  0.8710523201E+00
  0.3378645245E+00  0.1150714498E+01  0.8749850554E+00
  0.3412772975E+00  0.1121594231E+01  0.8788624923E+00
  0.3447245429E+00  0.1091613934E+01  0.8826772282E+00
  0.3482066090E+00  0.1057369107E+01  0.8864186787E+00
  0.3517238475E+00  0.1024017610E+01  0.8900790454E+00
  0.3552766136E+00  0.1000015960E+01  0.8936745044E+00
  0.3588652663E+00  0.9809535624E+00  0.8972290102E+00
  0.3624901680E+00  0.9665470415E+00  0.9007587593E+00
  0.3661516848E+00  0.9603849050E+00  0.9042865062E+00
  0.3698501867E+00  0.9549530764E+00  0.9078284467E+00
  0.3735860472E+00  0.9481386299E+00  0.9113832892E+00
  0.3773596436E+00  0.9393876225E+00  0.9149446704E+00
  0.3811713572E+00  0.9260227717E+00  0.9184998755E+00
  0.3850215729E+00  0.9089874373E+00  0.9220324681E+00
  0.3889106797E+00  0.8858540403E+00  0.9255226331E+00
  0.3928390704E+00  0.8566090524E+00  0.9289451711E+00
  0.3968071418E+00  0.8214390268E+00  0.9322744784E+00
  0.4008152948E+00  0.7795265529E+00  0.9354829358E+00
  0.4048639341E+00  0.7409928586E+00  0.9385609532E+00
  0.4089534688E+00  0.7058404496E+00  0.9415193907E+00
  0.4130843119E+00  0.6748717125E+00  0.9443711433E+00
  0.4172568807E+00  0.6448695649E+00  0.9471244990E+00
  0.4214715967E+00  0.6125697447E+00  0.9497743738E+00
  0.4257288855E+00  0.5784171575E+00  0.9523095614E+00
  0.4300291773E+00  0.5365400796E+00  0.9547068821E+00
  0.4343729064E+00  0.4885201657E+00  0.9569331741E+00
  0.4387605115E+00  0.4295800490E+00  0.9589473047E+00
  0.4431924359E+00  0.3708919819E+00  0.9607211204E+00
  0.4476691271E+00  0.3188742705E+00  0.9622650557E+00
  0.4521910375E+00  0.2781042134E+00  0.9636147973E+00
  0.4567586237E+00  0.2461723869E+00  0.9648121366E+00
  0.4613723472E+00  0.2223856409E+00  0.9658930352E+00
  0.4660326740E+00  0.2047040448E+00  0.9668882239E+00
  0.4707400747E+00  0.1866976703E+00  0.9678094663E+00
  0.4754950250E+00  0.1713890230E+00  0.9686608085E+00
  0.4802980050E+00  0.1568947857E+00  0.9694491788E+00
  0.4851495000E+00  0.1321656730E+00  0.9701503665E+00
  0.4900500000E+00  0.1086503269E+00  0.9707404259E+00
  0.4950000000E+00  0.8832215357E-01  0.9712279328E+00
  0.5000000000E+00  0.6545944651E-01  0.9716638757E+00
  0.5050000000E+00  0.3667582643E-01  0.9719192139E+00
  0.5099500000E+00  0.7625608605E-02  0.9720288599E+00
  0.5148505000E+00 -0.1105035215E-01  0.9720204685E+00
  0.5197019950E+00 -0.2001244366E-01  0.9719451180E+00
  0.5245049750E+00 -0.2887644877E-01  0.9718277118E+00
  0.5292599253E+00 -0.4077287045E-01  0.9716621223E+00
  0.5339673260E+00 -0.6062795977E-01  0.9714234551E+00
  0.5386276528E+00 -0.9020593083E-01  0.9710719875E+00
  0.5432413763E+00 -0.1262174465E+00  0.9705727287E+00
  0.5478089625E+00 -0.1746297266E+00  0.9698856560E+00
  0.5523308729E+00 -0.2295096087E+00  0.9689719150E+00
  0.5568075641E+00 -0.2805452696E+00  0.9678302359E+00
  0.5612394885E+00 -0.3309676470E+00  0.9664751464E+00
  0.5656270936E+00 -0.3775186973E+00  0.9649208673E+00
  0.5699708227E+00 -0.4293435820E+00  0.9631684717E+00
  0.5742711145E+00 -0.4849900797E+00  0.9612025210E+00
  0.5785284033E+00 -0.5435935242E+00  0.9590130322E+00
  0.5827431193E+00 -0.6041481212E+00  0.9565943297E+00
  0.5869156881E+00 -0.6632326374E+00  0.9539502130E+00
  0.5910465312E+00 -0.7139339274E+00  0.9511057834E+00
  0.5951360659E+00 -0.7534328346E+00  0.9481053598E+00
  0.5991847052E+00 -0.7827167609E+00  0.9449957020E+00
  0.6031928582E+00 -0.8148754871E+00  0.9417940049E+00
  0.6071609296E+00 -0.8611764046E+00  0.9384686581E+00
  0.6110893203E+00 -0.9055622689E+00  0.9349984382E+00
  0.6149784271E+00 -0.9505944012E+00  0.9313890425E+00
  0.6188286428E+00 -0.9989621177E+00  0.9276359359E+00
  0.6226403564E+00 -0.1047418973E+01  0.9237358266E+00
  0.6264139528E+00 -0.1091965927E+01  0.9196992390E+00
  0.6301498133E+00 -0.1130467446E+01  0.9155478885E+00
  0.6338483152E+00 -0.1160671501E+01  0.9113109977E+00
  0.6375098320E+00 -0.1188555866E+01  0.9070101299E+00
  0.6411347337E+00 -0.1213426667E+01  0.9026566546E+00
  0.6447233864E+00 -0.1231498404E+01  0.8982696612E+00
  0.6482761525E+00 -0.1248192961E+01  0.8938647794E+00
  0.6517933910E+00 -0.1251714013E+01  0.8894683949E+00
  0.6552754571E+00 -0.1253759310E+01  0.8851062831E+00
  0.6587227025E+00 -0.1257792604E+01  0.8807773151E+00
  0.6621354755E+00 -0.1273542132E+01  0.8764578798E+00
  0.6655141207E+00 -0.1290521833E+01  0.8721263485E+00
  0.6688589795E+00 -0.1306110981E+01  0.8677836634E+00
  0.6721703897E+00 -0.1324469767E+01  0.8634281975E+00
  0.6754486858E+00 -0.1340569062E+01  0.8590598043E+00
  0.6786941990E+00 -0.1355481468E+01  0.8546847706E+00
  0.6819072570E+00 -0.1364368949E+01  0.8503152520E+00
  0.6850881844E+00 -0.1366285522E+01  0.8459722451E+00
  0.6882373026E+00 -0.1363769682E+01  0.8416736119E+00
  0.6913549295E+00 -0.1363484345E+01  0.8374223316E+00
  0.6944413802E+00 -0.1355343888E+01  0.8332265669E+00
  0.6974969664E+00 -0.1347716543E+01  0.8290968498E+00
  0.7005219968E+00 -0.1342980050E+01  0.8250271304E+00
  0.7035167768E+00 -0.1339368124E+01  0.8210106090E+00
  0.7064816090E+00 -0.1339671498E+01  0.8170391575E+00
  0.7094167929E+00 -0.1341555995E+01  0.8131042096E+00
  0.7123226250E+00 -0.1344884697E+01  0.8092010369E+00
  0.7151993988E+00 -0.1345897215E+01  0.8053306515E+00
  0.7180474048E+00 -0.1346573762E+01  0.8014965647E+00
  0.7208669307E+00 -0.1343689572E+01  0.7977039311E+00
  0.7236582614E+00 -0.1338277745E+01  0.7939608022E+00
  0.7264216788E+00 -0.1333668023E+01  0.7902689515E+00
  0.7291574620E+00 -0.1334320268E+01  0.7866194327E+00
  0.7318658874E+00 -0.1333356292E+01  0.7830068313E+00
  0.7345472285E+00 -0.1333500403E+01  0.7794314550E+00
  0.7372017562E+00 -0.1335842253E+01  0.7758885330E+00
  0.7398297387E+00 -0.1341777207E+01  0.7723701645E+00
  0.7424314413E+00 -0.1352839697E+01  0.7688648686E+00
  0.7450071269E+00 -0.1362465091E+01  0.7653679829E+00
  0.7475570556E+00 -0.1373231264E+01  0.7618800676E+00
  0.7500814851E+00 -0.1382630905E+01  0.7584015777E+00
  0.7525806702E+00 -0.1387493588E+01  0.7549400507E+00
  0.7550548635E+00 -0.1397021471E+01  0.7514953365E+00
  0.7575043149E+00 -0.1403745539E+01  0.7480651652E+00
  0.7599292717E+00 -0.1409117498E+01  0.7446546295E+00
  0.7623299790E+00 -0.1412119010E+01  0.7412681479E+00
  0.7647066792E+00 -0.1412814987E+01  0.7379111373E+00
  0.7670596124E+00 -0.1411971502E+01  0.7345878704E+00
  0.7693890163E+00 -0.1411769531E+01  0.7312990537E+00
  0.7716951261E+00 -0.1410762156E+01  0.7280445197E+00
  0.7739781749E+00 -0.1412232412E+01  0.7248220026E+00
  0.7762383931E+00 -0.1413178877E+01  0.7216289795E+00
  0.7784760092E+00 -0.1412825799E+01  0.7184672228E+00
  0.7806912491E+00 -0.1415740176E+01  0.7153342466E+00
  0.7828843366E+00 -0.1422997989E+01  0.7122214460E+00
  0.7850554932E+00 -0.1433631808E+01  0.7091203507E+00
  0.7872049383E+00 -0.1447577758E+01  0.7060238498E+00
  0.7893328889E+00 -0.1465190955E+01  0.7029247358E+00
  0.7914395600E+00 -0.1486718866E+01  0.6998153843E+00
  0.7935251644E+00 -0.1514550961E+01  0.6966856535E+00
  0.7955899128E+00 -0.1545892958E+01  0.6935261302E+00
  0.7976340137E+00 -0.1580830633E+01  0.6903304610E+00
  0.7996576735E+00 -0.1619443147E+01  0.6870923282E+00
  0.8016610968E+00 -0.1662722192E+01  0.6838045450E+00
  0.8036444858E+00 -0.1708516309E+01  0.6804613063E+00
  0.8056080410E+00 -0.1756637084E+01  0.6770592964E+00
  0.8075519606E+00 -0.1806555882E+01  0.6735960161E+00
  0.8094764409E+00 -0.1857915255E+01  0.6700699146E+00
  0.8113816765E+00 -0.1913487870E+01  0.6664772089E+00
  0.8132678598E+00 -0.1970341472E+01  0.6628144020E+00
  0.8151351812E+00 -0.2028456805E+01  0.6590808812E+00
  0.8169838294E+00 -0.2084190372E+01  0.6552794623E+00
  0.8188139911E+00 -0.2136982071E+01  0.6514167483E+00
  0.8206258512E+00 -0.2189551300E+01  0.6474972117E+00
  0.8224195926E+00 -0.2238636658E+01  0.6435256995E+00
  0.8241953967E+00 -0.2283593151E+01  0.6395104024E+00
  0.8259534428E+00 -0.2325888865E+01  0.6354585616E+00
  0.8276939083E+00 -0.2366213421E+01  0.6313753404E+00
  0.8294169692E+00 -0.2404279725E+01  0.6272654152E+00
  0.8311227996E+00 -0.2438801549E+01  0.6231346778E+00
  0.8328115716E+00 -0.2469689371E+01  0.6189900168E+00
  0.8344834558E+00 -0.2497695225E+01  0.6148375707E+00
  0.8361386213E+00 -0.2522571673E+01  0.6106828845E+00
  0.8377772351E+00 -0.2545361372E+01  0.6065306921E+00
  0.8393994627E+00 -0.2566165007E+01  0.6023846623E+00
  0.8410054681E+00 -0.2586049453E+01  0.5982474203E+00
  0.8425954134E+00 -0.2605691276E+01  0.5941201284E+00
  0.8441694593E+00 -0.2625105481E+01  0.5900033713E+00
  0.8457277647E+00 -0.2644802770E+01  0.5858973081E+00
  0.8472704870E+00 -0.2664546711E+01  0.5818018820E+00
  0.8487977822E+00 -0.2683542233E+01  0.5777178269E+00
  0.8503098043E+00 -0.2701561713E+01  0.5736466286E+00
  0.8518067063E+00 -0.2718690789E+01  0.5695898353E+00
  0.8532886392E+00 -0.2735280732E+01  0.5655486253E+00
  0.8547557528E+00 -0.2752113509E+01  0.5615233099E+00
  0.8562081953E+00 -0.2768005847E+01  0.5575144820E+00
  0.8576461134E+00 -0.2782304634E+01  0.5535240362E+00
  0.8590696522E+00 -0.2794106741E+01  0.5495549171E+00
  0.8604789557E+00 -0.2806100775E+01  0.5456087211E+00
  0.8618741662E+00 -0.2815882005E+01  0.5416867966E+00
  0.8632554245E+00 -0.2827001907E+01  0.5377896563E+00
  0.8646228702E+00 -0.2841266742E+01  0.5339141314E+00
  0.8659766415E+00 -0.2855935695E+01  0.5300577768E+00
  0.8673168751E+00 -0.2870603992E+01  0.5262203264E+00
  0.8686437064E+00 -0.2883391582E+01  0.5224030358E+00
  0.8699572693E+00 -0.2895131697E+01  0.5186078088E+00
  0.8712576966E+00 -0.2906843458E+01  0.5148352854E+00
  0.8725451197E+00 -0.2918560808E+01  0.5110854056E+00
  0.8738196685E+00 -0.2929763880E+01  0.5073584179E+00
  0.8750814718E+00 -0.2940292615E+01  0.5036549896E+00
  0.8763306571E+00 -0.2950463448E+01  0.4999756667E+00
  0.8775673505E+00 -0.2960198152E+01  0.4963208285E+00
  0.8787916770E+00 -0.2969937163E+01  0.4926906176E+00
  0.8800037602E+00 -0.2979714888E+01  0.4890848809E+00
  0.8812037226E+00 -0.2989576320E+01  0.4855034184E+00
  0.8823916854E+00 -0.2999458498E+01  0.4819460432E+00
  0.8835677685E+00 -0.3009487276E+01  0.4784125332E+00
  0.8847320908E+00 -0.3019773528E+01  0.4749025318E+00
  0.8858847699E+00 -0.3030741537E+01  0.4714153807E+00
  0.8870259222E+00 -0.3042243933E+01  0.4679502800E+00
  0.8881556630E+00 -0.3052918781E+01  0.4645073031E+00
  0.8892741064E+00 -0.3062992915E+01  0.4610871526E+00
  0.8903813653E+00 -0.3074717772E+01  0.4576891351E+00
  0.8914775517E+00 -0.3086930914E+01  0.4543119776E+00
  0.8925627761E+00 -0.3099064733E+01  0.4509553806E+00
  0.8936371484E+00 -0.3111487355E+01  0.4476191582E+00
  0.8947007769E+00 -0.3123914915E+01  0.4443030824E+00
  0.8957537691E+00 -0.3135950493E+01  0.4410072876E+00
  0.8967962314E+00 -0.3148320934E+01  0.4377317295E+00
  0.8978282691E+00 -0.3160460322E+01  0.4344762795E+00
  0.8988499864E+00 -0.3172736937E+01  0.4312409109E+00
  0.8998614866E+00 -0.3185122890E+01  0.4280254228E+00
  0.9008628717E+00 -0.3197598959E+01  0.4248296415E+00
  0.9018542430E+00 -0.3210155700E+01  0.4216534095E+00
  0.9028357006E+00 -0.3222844526E+01  0.4184965511E+00
  0.9038073436E+00 -0.3235671425E+01  0.4153588652E+00
  0.9047692701E+00 -0.3249236522E+01  0.4122398626E+00
  0.9057215774E+00 -0.3263020390E+01  0.4091390277E+00
  0.9066643616E+00 -0.3278120114E+01  0.4060555857E+00
  0.9075977180E+00 -0.3293447866E+01  0.4029887782E+00
  0.9085217408E+00 -0.3308967698E+01  0.3999383869E+00
  0.9094365234E+00 -0.3324381309E+01  0.3969043508E+00
  0.9103421582E+00 -0.3340591516E+01  0.3938863352E+00
  0.9112387366E+00 -0.3357153837E+01  0.3908838083E+00
  0.9121263493E+00 -0.3374001966E+01  0.3878964788E+00
  0.9130050858E+00 -0.3391159340E+01  0.3849240817E+00
  0.9138750349E+00 -0.3408475654E+01  0.3819664134E+00
  0.9147362846E+00 -0.3425746318E+01  0.3790234277E+00
  0.9155889217E+00 -0.3443116880E+01  0.3760951037E+00
  0.9164330325E+00 -0.3460923406E+01  0.3731812163E+00
  0.9172687022E+00 -0.3478320425E+01  0.3702817585E+00
  0.9180960151E+00 -0.3495505425E+01  0.3673969902E+00
  0.9189150550E+00 -0.3513127616E+01  0.3645268153E+00
  0.9197259044E+00 -0.3530919754E+01  0.3616709843E+00
  0.9205286454E+00 -0.3548811864E+01  0.3588293891E+00
  0.9213233589E+00 -0.3565912804E+01  0.3560023050E+00
  0.9221101254E+00 -0.3582424346E+01  0.3531902693E+00
  0.9228890241E+00 -0.3599055869E+01  0.3503934463E+00
  0.9236601339E+00 -0.3616327255E+01  0.3476115201E+00
  0.9244235325E+00 -0.3634161482E+01  0.3448440134E+00
  0.9251792972E+00 -0.3652149229E+01  0.3420906453E+00
  0.9259275042E+00 -0.3669518437E+01  0.3393515837E+00
  0.9266682292E+00 -0.3686321783E+01  0.3366272565E+00
  0.9274015469E+00 -0.3703747039E+01  0.3339176223E+00
  0.9281275314E+00 -0.3720477276E+01  0.3312226863E+00
  0.9288462561E+00 -0.3736933566E+01  0.3285427737E+00
  0.9295577935E+00 -0.3754597046E+01  0.3258775214E+00
  0.9302622156E+00 -0.3772323246E+01  0.3232264571E+00
  0.9309595935E+00 -0.3789558614E+01  0.3205897126E+00
  0.9316499975E+00 -0.3806367346E+01  0.3179675835E+00
  0.9323334975E+00 -0.3822442776E+01  0.3153604376E+00
  0.9330101626E+00 -0.3838030922E+01  0.3127686503E+00
  0.9336800609E+00 -0.3853233351E+01  0.3101924676E+00
  0.9343432603E+00 -0.3868343292E+01  0.3076319951E+00
  0.9349998277E+00 -0.3883279762E+01  0.3050872636E+00
  0.9356498295E+00 -0.3898002137E+01  0.3025583403E+00
  0.9362933312E+00 -0.3912589987E+01  0.3000452756E+00
  0.9369303978E+00 -0.3927018538E+01  0.2975480989E+00
  0.9375610939E+00 -0.3941262492E+01  0.2950668521E+00
  0.9381854829E+00 -0.3955325305E+01  0.2926015806E+00
  0.9388036281E+00 -0.3969179193E+01  0.2901523335E+00
  0.9394155918E+00 -0.3982904883E+01  0.2877191400E+00
  0.9400214359E+00 -0.3996951661E+01  0.2853018656E+00
  0.9406212215E+00 -0.4011491063E+01  0.2829001911E+00
  0.9412150093E+00 -0.4025907161E+01  0.2805139367E+00
  0.9418028592E+00 -0.4040150152E+01  0.2781431212E+00
  0.9423848306E+00 -0.4054440291E+01  0.2757877111E+00
  0.9429609823E+00 -0.4068462280E+01  0.2734476990E+00
  0.9435313725E+00 -0.4082265266E+01  0.2711231516E+00
  0.9440960588E+00 -0.4095880032E+01  0.2688141084E+00
  0.9446550982E+00 -0.4109297559E+01  0.2665205995E+00
  0.9452085472E+00 -0.4122198945E+01  0.2642427427E+00
  0.9457564617E+00 -0.4134971167E+01  0.2619806310E+00
  0.9462988971E+00 -0.4147464514E+01  0.2597342879E+00
  0.9468359082E+00 -0.4159943026E+01  0.2575037032E+00
  0.9473675491E+00 -0.4172346830E+01  0.2552888100E+00
  0.9478938736E+00 -0.4184647359E+01  0.2530895646E+00
  0.9484149348E+00 -0.4196940385E+01  0.2509059043E+00
  0.9489307855E+00 -0.4209145155E+01  0.2487377619E+00
  0.9494414776E+00 -0.4221238450E+01  0.2465850966E+00
  0.9499470629E+00 -0.4232811332E+01  0.2444479752E+00
  0.9504475922E+00 -0.4243911550E+01  0.2423265509E+00
  0.9509431163E+00 -0.4255007330E+01  0.2402208414E+00
  0.9514336852E+00 -0.4265987648E+01  0.2381307741E+00
  0.9519193483E+00 -0.4276830513E+01  0.2360563081E+00
  0.9524001548E+00 -0.4287610098E+01  0.2339973887E+00
  0.9528761533E+00 -0.4298276007E+01  0.2319539544E+00
  0.9533473917E+00 -0.4308772604E+01  0.2299259682E+00
  0.9538139178E+00 -0.4319181935E+01  0.2279133853E+00
  0.9542757786E+00 -0.4329409633E+01  0.2259161625E+00
  0.9547330209E+00 -0.4339574615E+01  0.2239342497E+00
  0.9551856906E+00 -0.4349621450E+01  0.2219675815E+00
  0.9556338337E+00 -0.4359552418E+01  0.2200161034E+00
  0.9560774954E+00 -0.4369370312E+01  0.2180797592E+00
  0.9565167205E+00 -0.4379078403E+01  0.2161584903E+00
  0.9569515532E+00 -0.4388680408E+01  0.2142522358E+00
  0.9573820377E+00 -0.4398180445E+01  0.2123609322E+00
  0.9578082173E+00 -0.4407334402E+01  0.2104845667E+00
  0.9582301352E+00 -0.4416263888E+01  0.2086231500E+00
  0.9586478338E+00 -0.4425232626E+01  0.2067766094E+00
  0.9590613555E+00 -0.4434206307E+01  0.2049448245E+00
  0.9594707419E+00 -0.4443099364E+01  0.2031277002E+00
  0.9598760345E+00 -0.4451910726E+01  0.2013251594E+00
  0.9602772742E+00 -0.4460612466E+01  0.1995371305E+00
  0.9606745014E+00 -0.4469069330E+01  0.1977635740E+00
  0.9610677564E+00 -0.4477419115E+01  0.1960044484E+00
  0.9614570788E+00 -0.4485727691E+01  0.1942596713E+00
  0.9618425080E+00 -0.4494000819E+01  0.1925291465E+00
  0.9622240830E+00 -0.4502244033E+01  0.1908127758E+00
  0.9626018421E+00 -0.4510462609E+01  0.1891104595E+00
  0.9629758237E+00 -0.4518661537E+01  0.1874220965E+00
  0.9633460655E+00 -0.4526946855E+01  0.1857475655E+00
  0.9637126048E+00 -0.4535313533E+01  0.1840867280E+00
  0.9640754788E+00 -0.4543738235E+01  0.1824394523E+00
  0.9644347240E+00 -0.4552288882E+01  0.1808056002E+00
  0.9647903767E+00 -0.4560830276E+01  0.1791850472E+00
  0.9651424730E+00 -0.4569583373E+01  0.1775776551E+00
  0.9654910483E+00 -0.4578336606E+01  0.1759832857E+00
  0.9658361378E+00 -0.4587089714E+01  0.1744018394E+00
  0.9661777764E+00 -0.4595844437E+01  0.1728332170E+00
  0.9665159986E+00 -0.4604602141E+01  0.1712773192E+00
  0.9668508386E+00 -0.4613363822E+01  0.1697340472E+00
  0.9671823303E+00 -0.4622130126E+01  0.1682033028E+00
  0.9675105070E+00 -0.4630901358E+01  0.1666849882E+00
  0.9678354019E+00 -0.4639677497E+01  0.1651790061E+00
  0.9681570479E+00 -0.4648458215E+01  0.1636852604E+00
  0.9684754774E+00 -0.4657242895E+01  0.1622036554E+00
  0.9687907226E+00 -0.4666030647E+01  0.1607340967E+00
  0.9691028154E+00 -0.4674820327E+01  0.1592764906E+00
  0.9694117872E+00 -0.4683610561E+01  0.1578307448E+00
  0.9697176694E+00 -0.4692406885E+01  0.1563967667E+00
  0.9700204927E+00 -0.4701221137E+01  0.1549744620E+00
  0.9703202877E+00 -0.4710028175E+01  0.1535637389E+00
  0.9706170849E+00 -0.4718826151E+01  0.1521645104E+00
  0.9709109140E+00 -0.4727613066E+01  0.1507766908E+00
  0.9712018049E+00 -0.4736480036E+01  0.1494001817E+00
  0.9714897868E+00 -0.4745313405E+01  0.1480348891E+00
  0.9717748890E+00 -0.4754175716E+01  0.1466807268E+00
  0.9720571401E+00 -0.4763173390E+01  0.1453375856E+00
  0.9723365687E+00 -0.4772140840E+01  0.1440053658E+00
  0.9726132030E+00 -0.4781075516E+01  0.1426839921E+00
  0.9728870709E+00 -0.4789974844E+01  0.1413733900E+00
  0.9731582002E+00 -0.4798836233E+01  0.1400734863E+00
  0.9734266182E+00 -0.4807618092E+01  0.1387842137E+00
  0.9736923521E+00 -0.4816358145E+01  0.1375055057E+00
  0.9739554285E+00 -0.4825053793E+01  0.1362372913E+00
  0.9742158742E+00 -0.4833702515E+01  0.1349795005E+00
  0.9744737155E+00 -0.4842301834E+01  0.1337320639E+00
  0.9747289784E+00 -0.4850849328E+01  0.1324949132E+00
  0.9749816886E+00 -0.4859342632E+01  0.1312679809E+00
  0.9752318717E+00 -0.4867826582E+01  0.1300511941E+00
  0.9754795530E+00 -0.4876258707E+01  0.1288444804E+00
  0.9757247574E+00 -0.4884627637E+01  0.1276477739E+00
  0.9759675099E+00 -0.4893005143E+01  0.1264610018E+00
  0.9762078348E+00 -0.4901404283E+01  0.1252840816E+00
  0.9764457564E+00 -0.4909811894E+01  0.1241169312E+00
  0.9766812989E+00 -0.4918049343E+01  0.1229594920E+00
  0.9769144859E+00 -0.4926267886E+01  0.1218117086E+00
  0.9771453410E+00 -0.4934414730E+01  0.1206735139E+00
  0.9773738876E+00 -0.4942483341E+01  0.1195448483E+00
  0.9776001487E+00 -0.4950471575E+01  0.1184256527E+00
  0.9778241472E+00 -0.4958403405E+01  0.1173158661E+00
  0.9780459058E+00 -0.4966346093E+01  0.1162154172E+00
  0.9782654467E+00 -0.4974186384E+01  0.1151242402E+00
  0.9784827922E+00 -0.4981887341E+01  0.1140422861E+00
  0.9786979643E+00 -0.4989504243E+01  0.1129695036E+00
  0.9789109847E+00 -0.4997036235E+01  0.1119058354E+00
  0.9791218748E+00 -0.5004482564E+01  0.1108512245E+00
  0.9793306561E+00 -0.5011842570E+01  0.1098056141E+00
  0.9795373495E+00 -0.5019115689E+01  0.1087689474E+00
  0.9797419760E+00 -0.5026301448E+01  0.1077411681E+00
  0.9799445563E+00 -0.5033399465E+01  0.1067222198E+00
  0.9801451107E+00 -0.5040462707E+01  0.1057120409E+00
  0.9803436596E+00 -0.5047493302E+01  0.1047105647E+00
  0.9805402230E+00 -0.5054426655E+01  0.1037177308E+00
  0.9807348208E+00 -0.5061250890E+01  0.1027334866E+00
  0.9809274726E+00 -0.5067982370E+01  0.1017577792E+00
  0.9811181978E+00 -0.5074621307E+01  0.1007905537E+00
  0.9813070158E+00 -0.5081145267E+01  0.9983175786E-01
  0.9814939457E+00 -0.5087610455E+01  0.9888133591E-01
  0.9816790062E+00 -0.5093995260E+01  0.9793922917E-01
  0.9818622162E+00 -0.5100306161E+01  0.9700538051E-01
  0.9820435940E+00 -0.5106536579E+01  0.9607973297E-01
  0.9822231581E+00 -0.5112722417E+01  0.9516222715E-01
  0.9824009265E+00 -0.5118814693E+01  0.9425280507E-01
  0.9825769172E+00 -0.5124814219E+01  0.9335141317E-01
  0.9827511481E+00 -0.5130720195E+01  0.9245799805E-01
  0.9829236366E+00 -0.5136534884E+01  0.9157250623E-01
  0.9830944002E+00 -0.5142259507E+01  0.9069488409E-01
  0.9832634562E+00 -0.5147895016E+01  0.8982507792E-01
  0.9834308216E+00 -0.5153427024E+01  0.8896303528E-01
  0.9835965134E+00 -0.5158867028E+01  0.8810870409E-01
  0.9837605483E+00 -0.5164221661E+01  0.8726203085E-01
  0.9839229428E+00 -0.5169491952E+01  0.8642296164E-01
  0.9840837134E+00 -0.5174678947E+01  0.8559144250E-01
  0.9842428762E+00 -0.5179806095E+01  0.8476741774E-01
  0.9844004475E+00 -0.5184871522E+01  0.8395083020E-01
  0.9845564430E+00 -0.5189848409E+01  0.8314162526E-01
  0.9847108786E+00 -0.5194738517E+01  0.8233975046E-01
  0.9848637698E+00 -0.5199564499E+01  0.8154515166E-01
  0.9850151321E+00 -0.5204346973E+01  0.8075777166E-01
  0.9851649808E+00 -0.5209052037E+01  0.7997755462E-01
  0.9853133310E+00 -0.5213680819E+01  0.7920444741E-01
  0.9854601977E+00 -0.5218220193E+01  0.7843839802E-01
  0.9856055957E+00 -0.5222651782E+01  0.7767935694E-01
  0.9857495397E+00 -0.5227011729E+01  0.7692727354E-01
  0.9858920443E+00 -0.5231301155E+01  0.7618209468E-01
  0.9860331239E+00 -0.5235521175E+01  0.7544376735E-01
  0.9861727926E+00 -0.5239672901E+01  0.7471223866E-01
  0.9863110647E+00 -0.5243757439E+01  0.7398745583E-01
  0.9864479541E+00 -0.5247746093E+01  0.7326936827E-01
  0.9865834745E+00 -0.5251681601E+01  0.7255792464E-01
  0.9867176398E+00 -0.5255554892E+01  0.7185307161E-01
  0.9868504634E+00 -0.5259362032E+01  0.7115475704E-01
  0.9869819588E+00 -0.5263073751E+01  0.7046293126E-01
  0.9871121392E+00 -0.5266689323E+01  0.6977754681E-01
  0.9872410178E+00 -0.5270247865E+01  0.6909855391E-01
  0.9873686076E+00 -0.5273742210E+01  0.6842590100E-01
  0.9874949215E+00 -0.5277165086E+01  0.6775953775E-01
  0.9876199723E+00 -0.5280522388E+01  0.6709941420E-01
  0.9877437726E+00 -0.5283821232E+01  0.6644547987E-01
  0.9878663349E+00 -0.5287069428E+01  0.6579768367E-01
  0.9879876715E+00 -0.5290267866E+01  0.6515597432E-01
  0.9881077948E+00 -0.5293417421E+01  0.6452030080E-01
  0.9882267168E+00 -0.5296518958E+01  0.6389061232E-01
  0.9883444497E+00 -0.5299573327E+01  0.6326685834E-01
  0.9884610052E+00 -0.5302581369E+01  0.6264898861E-01
  0.9885763951E+00 -0.5305540439E+01  0.6203695329E-01
  0.9886906312E+00 -0.5308430244E+01  0.6143070426E-01
  0.9888037249E+00 -0.5311276942E+01  0.6083019333E-01
  0.9889156876E+00 -0.5314076141E+01  0.6023537145E-01
  0.9890265307E+00 -0.5316816338E+01  0.5964619078E-01
  0.9891362654E+00 -0.5319516537E+01  0.5906260342E-01
  0.9892449028E+00 -0.5322195228E+01  0.5848455976E-01
  0.9893524538E+00 -0.5324837028E+01  0.5791201043E-01
  0.9894589292E+00 -0.5327440103E+01  0.5734490736E-01
  0.9895643399E+00 -0.5330005157E+01  0.5678320294E-01
  0.9896686965E+00 -0.5332532881E+01  0.5622684982E-01
  0.9897720096E+00 -0.5335005396E+01  0.5567580195E-01
  0.9898742895E+00 -0.5337436594E+01  0.5513001377E-01
  0.9899755466E+00 -0.5339836835E+01  0.5458943887E-01
  0.9900757911E+00 -0.5342216675E+01  0.5405403013E-01
  0.9901750332E+00 -0.5344563579E+01  0.5352374093E-01
  0.9902732829E+00 -0.5346891921E+01  0.5299852496E-01
  0.9903705500E+00 -0.5349173090E+01  0.5247833696E-01
  0.9904668445E+00 -0.5351398879E+01  0.5196313385E-01
  0.9905621761E+00 -0.5353585904E+01  0.5145287243E-01
  0.9906565543E+00 -0.5355753785E+01  0.5094750812E-01
  0.9907499888E+00 -0.5357894434E+01  0.5044699617E-01
  0.9908424889E+00 -0.5360017351E+01  0.4995129215E-01
  0.9909340640E+00 -0.5362114864E+01  0.4946035192E-01
  0.9910247234E+00 -0.5364183383E+01  0.4897413225E-01
  0.9911144761E+00 -0.5366220020E+01  0.4849259056E-01
  0.9912033314E+00 -0.5368220865E+01  0.4801568491E-01
  0.9912912981E+00 -0.5370194592E+01  0.4754337349E-01
  0.9913783851E+00 -0.5372141681E+01  0.4707561447E-01
  0.9914646012E+00 -0.5374062600E+01  0.4661236629E-01
  0.9915499552E+00 -0.5375957806E+01  0.4615358774E-01
  0.9916344557E+00 -0.5377827747E+01  0.4569923789E-01
  0.9917181111E+00 -0.5379672862E+01  0.4524927615E-01
  0.9918009300E+00 -0.5381493578E+01  0.4480366222E-01
  0.9918829207E+00 -0.5383290317E+01  0.4436235614E-01
  0.9919640915E+00 -0.5385063487E+01  0.4392531823E-01
  0.9920444506E+00 -0.5386813489E+01  0.4349250914E-01
  0.9921240061E+00 -0.5388540718E+01  0.4306388983E-01
  0.9922027660E+00 -0.5390245556E+01  0.4263942155E-01
  0.9922807383E+00 -0.5391928379E+01  0.4221906588E-01
  0.9923579310E+00 -0.5393589555E+01  0.4180278471E-01
  0.9924343516E+00 -0.5395235221E+01  0.4139053999E-01
  0.9925100081E+00 -0.5396865514E+01  0.4098229379E-01
  0.9925849081E+00 -0.5398474819E+01  0.4057800874E-01
  0.9926590590E+00 -0.5400063486E+01  0.4017764797E-01
  0.9927324684E+00 -0.5401631852E+01  0.3978117492E-01
  0.9928051437E+00 -0.5403180251E+01  0.3938855335E-01
  0.9928770923E+00 -0.5404709007E+01  0.3899974730E-01
  0.9929483213E+00 -0.5406218441E+01  0.3861472111E-01
  0.9930188381E+00 -0.5407708863E+01  0.3823343941E-01
  0.9930886497E+00 -0.5409180579E+01  0.3785586713E-01
  0.9931577632E+00 -0.5410633889E+01  0.3748196949E-01
  0.9932261856E+00 -0.5412069084E+01  0.3711171201E-01
  0.9932939238E+00 -0.5413486453E+01  0.3674506049E-01
  0.9933609845E+00 -0.5414886275E+01  0.3638198102E-01
  0.9934273747E+00 -0.5416268827E+01  0.3602243999E-01
  0.9934931009E+00 -0.5417634377E+01  0.3566640406E-01
  0.9935581699E+00 -0.5418983189E+01  0.3531384018E-01
  0.9936225882E+00 -0.5420315523E+01  0.3496471557E-01
  0.9936863623E+00 -0.5421631631E+01  0.3461899777E-01
  0.9937494987E+00 -0.5422931762E+01  0.3427665455E-01
  0.9938120037E+00 -0.5424216159E+01  0.3393765399E-01
  0.9938738837E+00 -0.5425485061E+01  0.3360196443E-01
  0.9939351449E+00 -0.5426738700E+01  0.3326955451E-01
  0.9939957934E+00 -0.5427977307E+01  0.3294039311E-01
  0.9940558355E+00 -0.5429201106E+01  0.3261444940E-01
  0.9941152771E+00 -0.5430410317E+01  0.3229169281E-01
  0.9941741243E+00 -0.5431605155E+01  0.3197209306E-01
  0.9942323831E+00 -0.5432785832E+01  0.3165562010E-01
  0.9942900593E+00 -0.5433952556E+01  0.3134224418E-01
  0.9943471587E+00 -0.5435105529E+01  0.3103193579E-01
  0.9944036871E+00 -0.5436244952E+01  0.3072466570E-01
  0.9944596502E+00 -0.5437371020E+01  0.3042040491E-01
  0.9945150537E+00 -0.5438483925E+01  0.3011912471E-01
  0.9945699032E+00 -0.5439583856E+01  0.2982079662E-01
  0.9946242041E+00 -0.5440670996E+01  0.2952539243E-01
  0.9946779621E+00 -0.5441745528E+01  0.2923288419E-01
  0.9947311825E+00 -0.5442807629E+01  0.2894324416E-01
  0.9947838707E+00 -0.5443857474E+01  0.2865644491E-01
  0.9948360320E+00 -0.5444895234E+01  0.2837245919E-01
  0.9948876716E+00 -0.5445921077E+01  0.2809126006E-01
  0.9949387949E+00 -0.5446935168E+01  0.2781282077E-01
  0.9949894070E+00 -0.5447937670E+01  0.2753711484E-01
  0.9950395129E+00 -0.5448928741E+01  0.2726411602E-01
  0.9950891178E+00 -0.5449908538E+01  0.2699379831E-01
  0.9951382266E+00 -0.5450877214E+01  0.2672613594E-01
  0.9951868443E+00 -0.5451834920E+01  0.2646110336E-01
  0.9952349759E+00 -0.5452781804E+01  0.2619867527E-01
  0.9952826261E+00 -0.5453718011E+01  0.2593882660E-01
  0.9953297999E+00 -0.5454643684E+01  0.2568153249E-01
  0.9953765019E+00 -0.5455558963E+01  0.2542676834E-01
  0.9954227368E+00 -0.5456463987E+01  0.2517450976E-01
  0.9954685095E+00 -0.5457358890E+01  0.2492473256E-01
  0.9955138244E+00 -0.5458243806E+01  0.2467741281E-01
  0.9955586861E+00 -0.5459118866E+01  0.2443252678E-01
  0.9956030993E+00 -0.5459984198E+01  0.2419005096E-01
  0.9956470683E+00 -0.5460839929E+01  0.2394996206E-01
  0.9956905976E+00 -0.5461686183E+01  0.2371223701E-01
  0.9957336916E+00 -0.5462523083E+01  0.2347685294E-01
  0.9957763547E+00 -0.5463350748E+01  0.2324378721E-01
  0.9958185912E+00 -0.5464169297E+01  0.2301301736E-01
  0.9958604053E+00 -0.5464978845E+01  0.2278452118E-01
  0.9959018012E+00 -0.5465779508E+01  0.2255827663E-01
  0.9959427832E+00 -0.5466571398E+01  0.2233426189E-01
  0.9959833554E+00 -0.5467354625E+01  0.2211245535E-01
  0.9960235218E+00 -0.5468129298E+01  0.2189283559E-01
  0.9960632866E+00 -0.5468895525E+01  0.2167538138E-01
  0.9961026537E+00 -0.5469653410E+01  0.2146007172E-01
  0.9961416272E+00 -0.5470403057E+01  0.2124688578E-01
  0.9961802109E+00 -0.5471144569E+01  0.2103580293E-01
  0.9962184088E+00 -0.5471878045E+01  0.2082680274E-01
  0.9962562247E+00 -0.5472603586E+01  0.2061986496E-01
  0.9962936625E+00 -0.5473321287E+01  0.2041496955E-01
  0.9963307258E+00 -0.5474031245E+01  0.2021209663E-01
  0.9963674186E+00 -0.5474733554E+01  0.2001122653E-01
  0.9964037444E+00 -0.5475428307E+01  0.1981233976E-01
  0.9964397070E+00 -0.5476115595E+01  0.1961541700E-01
  0.9964753099E+00 -0.5476795509E+01  0.1942043913E-01
  0.9965105568E+00 -0.5477468138E+01  0.1922738721E-01
  0.9965454512E+00 -0.5478133568E+01  0.1903624246E-01
  0.9965799967E+00 -0.5478791886E+01  0.1884698629E-01
  0.9966141967E+00 -0.5479443176E+01  0.1865960029E-01
  0.9966480548E+00 -0.5480087522E+01  0.1847406622E-01
  0.9966815742E+00 -0.5480725007E+01  0.1829036600E-01
  0.9967147585E+00 -0.5481355711E+01  0.1810848174E-01
  0.9967476109E+00 -0.5481979714E+01  0.1792839572E-01
  0.9967801348E+00 -0.5482597095E+01  0.1775009037E-01
  0.9968123334E+00 -0.5483207933E+01  0.1757354830E-01
  0.9968442101E+00 -0.5483812302E+01  0.1739875228E-01
  0.9968757680E+00 -0.5484410279E+01  0.1722568525E-01
  0.9969070103E+00 -0.5485001938E+01  0.1705433031E-01
  0.9969379402E+00 -0.5485587352E+01  0.1688467071E-01
  0.9969685608E+00 -0.5486166593E+01  0.1671668988E-01
  0.9969988752E+00 -0.5486739733E+01  0.1655037139E-01
  0.9970288865E+00 -0.5487306842E+01  0.1638569897E-01
  0.9970585976E+00 -0.5487867990E+01  0.1622265652E-01
  0.9970880116E+00 -0.5488423243E+01  0.1606122807E-01
  0.9971171315E+00 -0.5488972671E+01  0.1590139782E-01
  0.9971459602E+00 -0.5489516338E+01  0.1574315012E-01
  0.9971745006E+00 -0.5490054311E+01  0.1558646946E-01
  0.9972027556E+00 -0.5490586311E+01  0.1543134050E-01
  0.9972307280E+00 -0.5491112448E+01  0.1527774802E-01
  0.9972584207E+00 -0.5491633107E+01  0.1512567697E-01
  0.9972858365E+00 -0.5492148349E+01  0.1497511243E-01
  0.9973129782E+00 -0.5492658235E+01  0.1482603963E-01
  0.9973398484E+00 -0.5493162825E+01  0.1467844392E-01
  0.9973664499E+00 -0.5493662176E+01  0.1453231082E-01
  0.9973927854E+00 -0.5494156349E+01  0.1438762597E-01
  0.9974188575E+00 -0.5494645399E+01  0.1424437515E-01
  0.9974446690E+00 -0.5495129383E+01  0.1410254428E-01
  0.9974702223E+00 -0.5495608358E+01  0.1396211941E-01
  0.9974955201E+00 -0.5496082378E+01  0.1382308674E-01
  0.9975205649E+00 -0.5496551499E+01  0.1368543259E-01
  0.9975453592E+00 -0.5497015773E+01  0.1354914340E-01
  0.9975699056E+00 -0.5497475254E+01  0.1341420577E-01
  0.9975942066E+00 -0.5497929994E+01  0.1328060641E-01
  0.9976182645E+00 -0.5498380045E+01  0.1314833215E-01
  0.9976420819E+00 -0.5498825458E+01  0.1301736998E-01
  0.9976656610E+00 -0.5499266284E+01  0.1288770698E-01
  0.9976890044E+00 -0.5499702572E+01  0.1275933037E-01
  0.9977121144E+00 -0.5500134372E+01  0.1263222750E-01
  0.9977349932E+00 -0.5500561732E+01  0.1250638583E-01
  0.9977576433E+00 -0.5500984701E+01  0.1238179294E-01
  0.9977800669E+00 -0.5501403326E+01  0.1225843655E-01
  0.9978022662E+00 -0.5501817653E+01  0.1213630448E-01
  0.9978242435E+00 -0.5502227729E+01  0.1201538466E-01
  0.9978460011E+00 -0.5502633599E+01  0.1189566517E-01
  0.9978675411E+00 -0.5503035310E+01  0.1177713418E-01
  0.9978888657E+00 -0.5503432905E+01  0.1165977997E-01
  0.9979099770E+00 -0.5503826429E+01  0.1154359096E-01
  0.9979308773E+00 -0.5504215924E+01  0.1142855565E-01
  0.9979515685E+00 -0.5504601435E+01  0.1131466268E-01
  0.9979720528E+00 -0.5504983004E+01  0.1120190078E-01
  0.9979923323E+00 -0.5505360672E+01  0.1109025880E-01
  0.9980124089E+00 -0.5505734482E+01  0.1097972570E-01
  0.9980322849E+00 -0.5506104474E+01  0.1087029054E-01
  0.9980519620E+00 -0.5506470688E+01  0.1076194248E-01
  0.9980714424E+00 -0.5506833166E+01  0.1065467081E-01
  0.9980907280E+00 -0.5507191946E+01  0.1054846490E-01
  0.9981098207E+00 -0.5507547068E+01  0.1044331424E-01
  0.9981287225E+00 -0.5507898570E+01  0.1033920840E-01
  0.9981474353E+00 -0.5508246490E+01  0.1023613708E-01
  0.9981659609E+00 -0.5508590867E+01  0.1013409005E-01
  0.9981843013E+00 -0.5508931738E+01  0.1003305722E-01
  0.9982024583E+00 -0.5509269139E+01  0.9933028552E-02
  0.9982204337E+00 -0.5509603108E+01  0.9833994139E-02
  0.9982382294E+00 -0.5509933680E+01  0.9735944158E-02
  0.9982558471E+00 -0.5510260890E+01  0.9638868881E-02
  0.9982732886E+00 -0.5510584775E+01  0.9542758680E-02
  0.9982905557E+00 -0.5510905369E+01  0.9447604016E-02
  0.9983076502E+00 -0.5511222706E+01  0.9353395447E-02
  0.9983245737E+00 -0.5511536821E+01  0.9260123620E-02
  0.9983413279E+00 -0.5511847747E+01  0.9167779275E-02
  0.9983579146E+00 -0.5512155518E+01  0.9076353243E-02
  0.9983743355E+00 -0.5512460166E+01  0.8985836442E-02
  0.9983905921E+00 -0.5512761724E+01  0.8896219883E-02
  0.9984066862E+00 -0.5513060225E+01  0.8807494660E-02
  0.9984226194E+00 -0.5513355699E+01  0.8719651957E-02
  0.9984383932E+00 -0.5513648179E+01  0.8632683044E-02
  0.9984540092E+00 -0.5513937696E+01  0.8546579277E-02
  0.9984694691E+00 -0.5514224280E+01  0.8461332093E-02
  0.9984847744E+00 -0.5514507962E+01  0.8376933018E-02
  0.9984999267E+00 -0.5514788772E+01  0.8293373656E-02
  0.9985149274E+00 -0.5515066740E+01  0.8210645697E-02
  0.9985297782E+00 -0.5515341895E+01  0.8128740911E-02
  0.9985444804E+00 -0.5515614266E+01  0.8047651147E-02
  0.9985590356E+00 -0.5515883882E+01  0.7967368337E-02
  0.9985734452E+00 -0.5516150772E+01  0.7887884490E-02
  0.9985877108E+00 -0.5516414964E+01  0.7809191692E-02
  0.9986018337E+00 -0.5516676485E+01  0.7731282111E-02
  0.9986158153E+00 -0.5516935364E+01  0.7654147987E-02
  0.9986296572E+00 -0.5517191627E+01  0.7577781639E-02
  0.9986433606E+00 -0.5517445301E+01  0.7502175461E-02
  0.9986569270E+00 -0.5517696413E+01  0.7427321921E-02
  0.9986703577E+00 -0.5517944990E+01  0.7353213560E-02
  0.9986836541E+00 -0.5518191057E+01  0.7279842994E-02
  0.9986968176E+00 -0.5518434640E+01  0.7207202912E-02
  0.9987098494E+00 -0.5518675766E+01  0.7135286072E-02
  0.9987227509E+00 -0.5518914458E+01  0.7064085305E-02
  0.9987355234E+00 -0.5519150742E+01  0.6993593512E-02
  0.9987481682E+00 -0.5519384643E+01  0.6923803665E-02
  0.9987606865E+00 -0.5519616185E+01  0.6854708803E-02
  0.9987730796E+00 -0.5519845393E+01  0.6786302034E-02
  0.9987853488E+00 -0.5520072290E+01  0.6718576535E-02
  0.9987974954E+00 -0.5520296899E+01  0.6651525549E-02
  0.9988095204E+00 -0.5520519245E+01  0.6585142386E-02
  0.9988214252E+00 -0.5520739351E+01  0.6519420420E-02
  0.9988332109E+00 -0.5520957239E+01  0.6454353093E-02
  0.9988448788E+00 -0.5521172932E+01  0.6389933910E-02
  0.9988564300E+00 -0.5521386452E+01  0.6326156440E-02
  0.9988678657E+00 -0.5521597823E+01  0.6263014315E-02
  0.9988791871E+00 -0.5521807064E+01  0.6200501230E-02
  0.9988903952E+00 -0.5522014200E+01  0.6138610943E-02
  0.9989014913E+00 -0.5522219250E+01  0.6077337271E-02
  0.9989124764E+00 -0.5522422236E+01  0.6016674096E-02
  0.9989233516E+00 -0.5522623179E+01  0.5956615355E-02
  0.9989341181E+00 -0.5522822101E+01  0.5897155050E-02
  0.9989447769E+00 -0.5523019020E+01  0.5838287238E-02
  0.9989553291E+00 -0.5523213959E+01  0.5780006036E-02
  0.9989657758E+00 -0.5523406937E+01  0.5722305621E-02
  0.9989761181E+00 -0.5523597974E+01  0.5665180223E-02
  0.9989863569E+00 -0.5523787090E+01  0.5608624134E-02
  0.9989964933E+00 -0.5523974304E+01  0.5552631698E-02
  0.9990065284E+00 -0.5524159636E+01  0.5497197317E-02
  0.9990164631E+00 -0.5524343104E+01  0.5442315448E-02
  0.9990262985E+00 -0.5524524728E+01  0.5387980603E-02
  0.9990360355E+00 -0.5524704527E+01  0.5334187346E-02
  0.9990456751E+00 -0.5524882519E+01  0.5280930297E-02
  0.9990552184E+00 -0.5525058722E+01  0.5228204129E-02
  0.9990646662E+00 -0.5525233154E+01  0.5176003566E-02
  0.9990740195E+00 -0.5525405834E+01  0.5124323385E-02
  0.9990832793E+00 -0.5525576779E+01  0.5073158415E-02
  0.9990924466E+00 -0.5525746007E+01  0.5022503536E-02
  0.9991015221E+00 -0.5525913535E+01  0.4972353677E-02
  0.9991105069E+00 -0.5526079380E+01  0.4922703820E-02
  0.9991194018E+00 -0.5526243560E+01  0.4873548993E-02
  0.9991282078E+00 -0.5526406091E+01  0.4824884276E-02
  0.9991369257E+00 -0.5526566990E+01  0.4776704796E-02
  0.9991455564E+00 -0.5526726274E+01  0.4729005729E-02
  0.9991541009E+00 -0.5526883958E+01  0.4681782299E-02
  0.9991625599E+00 -0.5527040060E+01  0.4635029776E-02
  0.9991709343E+00 -0.5527194595E+01  0.4588743477E-02
  0.9991792249E+00 -0.5527347578E+01  0.4542918767E-02
  0.9991874327E+00 -0.5527499026E+01  0.4497551054E-02
  0.9991955584E+00 -0.5527648954E+01  0.4452635795E-02
  0.9992036028E+00 -0.5527797378E+01  0.4408168487E-02
  0.9992115667E+00 -0.5527944313E+01  0.4364144677E-02
  0.9992194511E+00 -0.5528089773E+01  0.4320559952E-02
  0.9992272566E+00 -0.5528233773E+01  0.4277409945E-02
  0.9992349840E+00 -0.5528376329E+01  0.4234690330E-02
  0.9992426342E+00 -0.5528517455E+01  0.4192396827E-02
  0.9992502078E+00 -0.5528657166E+01  0.4150525195E-02
  0.9992577057E+00 -0.5528795474E+01  0.4109071237E-02
  0.9992651287E+00 -0.5528932396E+01  0.4068030797E-02
  0.9992724774E+00 -0.5529067945E+01  0.4027399761E-02
  0.9992797526E+00 -0.5529202134E+01  0.3987174053E-02
  0.9992869551E+00 -0.5529334977E+01  0.3947349642E-02
  0.9992940855E+00 -0.5529466489E+01  0.3907922531E-02
  0.9993011447E+00 -0.5529596681E+01  0.3868888768E-02
  0.9993081332E+00 -0.5529725569E+01  0.3830244438E-02
  0.9993150519E+00 -0.5529853164E+01  0.3791985663E-02
  0.9993219014E+00 -0.5529979480E+01  0.3754108607E-02
  0.9993286824E+00 -0.5530104529E+01  0.3716609469E-02
  0.9993353956E+00 -0.5530228326E+01  0.3679484487E-02
  0.9993420416E+00 -0.5530350881E+01  0.3642729936E-02
  0.9993486212E+00 -0.5530472207E+01  0.3606342129E-02
  0.9993551350E+00 -0.5530592318E+01  0.3570317413E-02
  0.9993615836E+00 -0.5530711225E+01  0.3534652174E-02
  0.9993679678E+00 -0.5530828940E+01  0.3499342831E-02
  0.9993742881E+00 -0.5530945476E+01  0.3464385842E-02
  0.9993805452E+00 -0.5531060843E+01  0.3429777698E-02
  0.9993867398E+00 -0.5531175055E+01  0.3395514923E-02
  0.9993928724E+00 -0.5531288122E+01  0.3361594080E-02
  0.9993989436E+00 -0.5531400056E+01  0.3328011762E-02
  0.9994049542E+00 -0.5531510869E+01  0.3294764597E-02
  0.9994109047E+00 -0.5531620571E+01  0.3261849248E-02
  0.9994167956E+00 -0.5531729175E+01  0.3229262410E-02
  0.9994226277E+00 -0.5531836690E+01  0.3197000810E-02
  0.9994284014E+00 -0.5531943128E+01  0.3165061208E-02
  0.9994341174E+00 -0.5532048500E+01  0.3133440397E-02
  0.9994397762E+00 -0.5532152817E+01  0.3102135201E-02
  0.9994453784E+00 -0.5532256088E+01  0.3071142475E-02
  0.9994509247E+00 -0.5532358325E+01  0.3040459107E-02
  0.9994564154E+00 -0.5532459538E+01  0.3010082013E-02
  0.9994618513E+00 -0.5532559737E+01  0.2980008143E-02
  0.9994672327E+00 -0.5532658933E+01  0.2950234476E-02
  0.9994725604E+00 -0.5532757135E+01  0.2920758019E-02
  0.9994778348E+00 -0.5532854354E+01  0.2891575811E-02
  0.9994830565E+00 -0.5532950599E+01  0.2862684921E-02
  0.9994882259E+00 -0.5533045880E+01  0.2834082444E-02
  0.9994933436E+00 -0.5533140207E+01  0.2805765507E-02
  0.9994984102E+00 -0.5533233590E+01  0.2777731264E-02
  0.9995034261E+00 -0.5533326037E+01  0.2749976897E-02
  0.9995083918E+00 -0.5533417559E+01  0.2722499617E-02
  0.9995133079E+00 -0.5533508164E+01  0.2695296662E-02
  0.9995181748E+00 -0.5533597862E+01  0.2668365298E-02
  0.9995229931E+00 -0.5533686662E+01  0.2641702817E-02
  0.9995277632E+00 -0.5533774573E+01  0.2615306540E-02
  0.9995324855E+00 -0.5533861604E+01  0.2589173813E-02
  0.9995371607E+00 -0.5533947763E+01  0.2563302008E-02
  0.9995417891E+00 -0.5534033060E+01  0.2537688524E-02
  0.9995463712E+00 -0.5534117503E+01  0.2512330786E-02
  0.9995509075E+00 -0.5534201100E+01  0.2487226244E-02
  0.9995553984E+00 -0.5534283861E+01  0.2462372375E-02
  0.9995598444E+00 -0.5534365793E+01  0.2437766678E-02
  0.9995642460E+00 -0.5534446905E+01  0.2413406679E-02
  0.9995686035E+00 -0.5534527205E+01  0.2389289928E-02
  0.9995729175E+00 -0.5534606701E+01  0.2365414000E-02
  0.9995771883E+00 -0.5534685401E+01  0.2341776494E-02
  0.9995814164E+00 -0.5534763314E+01  0.2318375031E-02
  0.9995856022E+00 -0.5534840447E+01  0.2295207259E-02
  0.9995897462E+00 -0.5534916807E+01  0.2272270847E-02
  0.9995938488E+00 -0.5534992404E+01  0.2249563486E-02
  0.9995979103E+00 -0.5535067243E+01  0.2227082894E-02
  0.9996019312E+00 -0.5535141334E+01  0.2204826809E-02
  0.9996059119E+00 -0.5535214683E+01  0.2182792991E-02
  0.9996098527E+00 -0.5535287298E+01  0.2160979223E-02
  0.9996137542E+00 -0.5535359187E+01  0.2139383311E-02
  0.9996176167E+00 -0.5535430355E+01  0.2118003082E-02
  0.9996214405E+00 -0.5535500812E+01  0.2096836385E-02
  0.9996252261E+00 -0.5535570564E+01  0.2075881089E-02
  0.9996289738E+00 -0.5535639617E+01  0.2055135086E-02
  0.9996326841E+00 -0.5535707979E+01  0.2034596288E-02
  0.9996363573E+00 -0.5535775658E+01  0.2014262628E-02
  0.9996399937E+00 -0.5535842659E+01  0.1994132060E-02
  0.9996435938E+00 -0.5535908989E+01  0.1974202558E-02
  0.9996471578E+00 -0.5535974656E+01  0.1954472116E-02
  0.9996506862E+00 -0.5536039666E+01  0.1934938747E-02
  0.9996541794E+00 -0.5536104025E+01  0.1915600486E-02
  0.9996576376E+00 -0.5536167740E+01  0.1896455386E-02
  0.9996610612E+00 -0.5536230817E+01  0.1877501520E-02
  0.9996644506E+00 -0.5536293264E+01  0.1858736980E-02
  0.9996678400E+00 -0.5536355710E+01  0.1839972229E-02
  0.9996712294E+00 -0.5536418155E+01  0.1821207266E-02
  0.9996746188E+00 -0.5536480601E+01  0.1802442091E-02
  0.9996780081E+00 -0.5536543045E+01  0.1783676704E-02
  0.9996813975E+00 -0.5536605490E+01  0.1764911106E-02
  0.9996847869E+00 -0.5536667934E+01  0.1746145296E-02
  0.9996881763E+00 -0.5536730378E+01  0.1727379275E-02
  0.9996915657E+00 -0.5536792821E+01  0.1708613042E-02
  0.9996949551E+00 -0.5536855264E+01  0.1689846597E-02
  0.9996983445E+00 -0.5536917707E+01  0.1671079941E-02
  0.9997017339E+00 -0.5536980149E+01  0.1652313073E-02
  0.9997051232E+00 -0.5537042591E+01  0.1633545993E-02
  0.9997085126E+00 -0.5537105033E+01  0.1614778702E-02
  0.9997119020E+00 -0.5537167474E+01  0.1596011199E-02
  0.9997152914E+00 -0.5537229915E+01  0.1577243484E-02
  0.9997186808E+00 -0.5537292356E+01  0.1558475558E-02
  0.9997220702E+00 -0.5537354796E+01  0.1539707420E-02
  0.9997254596E+00 -0.5537417236E+01  0.1520939071E-02
  0.9997288490E+00 -0.5537479676E+01  0.1502170510E-02
  0.9997322384E+00 -0.5537542115E+01  0.1483401737E-02
  0.9997356277E+00 -0.5537604554E+01  0.1464632752E-02
  0.9997390171E+00 -0.5537666993E+01  0.1445863556E-02
  0.9997424065E+00 -0.5537729432E+01  0.1427094149E-02
  0.9997457959E+00 -0.5537791870E+01  0.1408324530E-02
  0.9997491853E+00 -0.5537854308E+01  0.1389554699E-02
  0.9997525747E+00 -0.5537916745E+01  0.1370784656E-02
  0.9997559641E+00 -0.5537979183E+01  0.1352014402E-02
  0.9997593535E+00 -0.5538041620E+01  0.1333243936E-02
  0.9997627428E+00 -0.5538104056E+01  0.1314473259E-02
  0.9997661322E+00 -0.5538166493E+01  0.1295702370E-02
  0.9997695216E+00 -0.5538228929E+01  0.1276931269E-02
  0.9997729110E+00 -0.5538291365E+01  0.1258159957E-02
  0.9997763004E+00 -0.5538353801E+01  0.1239388433E-02
  0.9997796898E+00 -0.5538416236E+01  0.1220616698E-02
  0.9997830792E+00 -0.5538478671E+01  0.1201844750E-02
  0.9997864686E+00 -0.5538541106E+01  0.1183072592E-02
  0.9997898579E+00 -0.5538603541E+01  0.1164300221E-02
  0.9997932473E+00 -0.5538665975E+01  0.1145527639E-02
  0.9997966367E+00 -0.5538728410E+01  0.1126754846E-02
  0.9998000261E+00 -0.5538790844E+01  0.1107981841E-02
  0.9998034155E+00 -0.5538853277E+01  0.1089208624E-02
  0.9998068049E+00 -0.5538915711E+01  0.1070435195E-02
  0.9998101943E+00 -0.5538978144E+01  0.1051661555E-02
  0.9998135837E+00 -0.5539040577E+01  0.1032887704E-02
  0.9998169731E+00 -0.5539103010E+01  0.1014113641E-02
  0.9998203624E+00 -0.5539165443E+01  0.9953393657E-03
  0.9998237518E+00 -0.5539227875E+01  0.9765648793E-03
  0.9998271412E+00 -0.5539290307E+01  0.9577901812E-03
  0.9998305306E+00 -0.5539352739E+01  0.9390152716E-03
  0.9998339200E+00 -0.5539415171E+01  0.9202401503E-03
  0.9998373094E+00 -0.5539477603E+01  0.9014648174E-03
  0.9998406988E+00 -0.5539540034E+01  0.8826892729E-03
  0.9998440882E+00 -0.5539602466E+01  0.8639135168E-03
  0.9998474775E+00 -0.5539664897E+01  0.8451375491E-03
  0.9998508669E+00 -0.5539727328E+01  0.8263613698E-03
  0.9998542563E+00 -0.5539789758E+01  0.8075849790E-03
  0.9998576457E+00 -0.5539852189E+01  0.7888083765E-03
  0.9998610351E+00 -0.5539914619E+01  0.7700315624E-03
  0.9998644245E+00 -0.5539977050E+01  0.7512545367E-03
  0.9998678139E+00 -0.5540039480E+01  0.7324772994E-03
  0.9998712033E+00 -0.5540101910E+01  0.7136998505E-03
  0.9998745926E+00 -0.5540164340E+01  0.6949221900E-03
  0.9998779820E+00 -0.5540226769E+01  0.6761443179E-03
  0.9998813714E+00 -0.5540289199E+01  0.6573662342E-03
  0.9998847608E+00 -0.5540351628E+01  0.6385879389E-03
  0.9998881502E+00 -0.5540414057E+01  0.6198094320E-03
  0.9998915396E+00 -0.5540476486E+01  0.6010307135E-03
  0.9998949290E+00 -0.5540538915E+01  0.5822517834E-03
  0.9998983184E+00 -0.5540601344E+01  0.5634726417E-03
  0.9999017077E+00 -0.5540663773E+01  0.5446932884E-03
  0.9999050971E+00 -0.5540726202E+01  0.5259137236E-03
  0.9999084865E+00 -0.5540788630E+01  0.5071339471E-03
  0.9999118759E+00 -0.5540851059E+01  0.4883539591E-03
  0.9999152653E+00 -0.5540913487E+01  0.4695737594E-03
  0.9999186547E+00 -0.5540975915E+01  0.4507933482E-03
  0.9999220441E+00 -0.5541038343E+01  0.4320127253E-03
  0.9999254335E+00 -0.5541100771E+01  0.4132318909E-03
  0.9999288229E+00 -0.5541163199E+01  0.3944508449E-03
  0.9999322122E+00 -0.5541225627E+01  0.3756695872E-03
  0.9999356016E+00 -0.5541288055E+01  0.3568881180E-03
  0.9999389910E+00 -0.5541350483E+01  0.3381064372E-03
  0.9999423804E+00 -0.5541412910E+01  0.3193245448E-03
  0.9999457698E+00 -0.5541475338E+01  0.3005424408E-03
  0.9999491592E+00 -0.5541537766E+01  0.2817601253E-03
  0.9999525486E+00 -0.5541600193E+01  0.2629775981E-03
  0.9999559380E+00 -0.5541662620E+01  0.2441948593E-03
  0.9999593273E+00 -0.5541725048E+01  0.2254119090E-03
  0.9999627167E+00 -0.5541787475E+01  0.2066287471E-03
  0.9999661061E+00 -0.5541849902E+01  0.1878453735E-03
  0.9999694955E+00 -0.5541912330E+01  0.1690617884E-03
  0.9999728849E+00 -0.5541974757E+01  0.1502779917E-03
  0.9999762743E+00 -0.5542037184E+01  0.1314939834E-03
  0.9999796637E+00 -0.5542099611E+01  0.1127097635E-03
  0.9999830531E+00 -0.5542162038E+01  0.9392533202E-04
  0.9999864424E+00 -0.5542224465E+01  0.7514068895E-04
  0.9999898318E+00 -0.5542286892E+01  0.5635583429E-04
  0.9999932212E+00 -0.5542349319E+01  0.3757076805E-04
  0.9999966106E+00 -0.5542411747E+01  0.1878549021E-04
  0.1000000000E+01 -0.5542474634E+01  0.3877788023E-17
  0.1000000000E+01 -0.5542474634E+01  0.0000000000E+00
