  0.0000000000E+00  0.5542473970E+01  0.0000000000E+00
  0.6996492144E-18  0.5542473970E+01  0.3877787559E-17
  0.3389387958E-05  0.5542352965E+01  0.1878538946E-04
  0.6778775916E-05  0.5542231960E+01  0.3757036880E-04
  0.1016816387E-04  0.5542110956E+01  0.5635493800E-04
  0.1355755183E-04  0.5541989951E+01  0.7513909707E-04
  0.1694693979E-04  0.5541868946E+01  0.9392284601E-04
  0.2033632775E-04  0.5541747942E+01  0.1127061848E-03
  0.2372571571E-04  0.5541626937E+01  0.1314891135E-03
  0.2711510367E-04  0.5541505932E+01  0.1502716320E-03
  0.3050449162E-04  0.5541384928E+01  0.1690537404E-03
  0.3389387958E-04  0.5541263924E+01  0.1878354387E-03
  0.3728326754E-04  0.5541142919E+01  0.2066167269E-03
  0.4067265550E-04  0.5541021915E+01  0.2253976049E-03
  0.4406204346E-04  0.5540900910E+01  0.2441780728E-03
  0.4745143141E-04  0.5540779906E+01  0.2629581305E-03
  0.5084081937E-04  0.5540658902E+01  0.2817377782E-03
  0.5423020733E-04  0.5540537898E+01  0.3005170157E-03
  0.5761959529E-04  0.5540416894E+01  0.3192958430E-03
  0.6100898325E-04  0.5540295890E+01  0.3380742603E-03
  0.6439837120E-04  0.5540174886E+01  0.3568522674E-03
  0.6778775916E-04  0.5540053882E+01  0.3756298644E-03
  0.7117714712E-04  0.5539932879E+01  0.3944070512E-03
  0.7456653508E-04  0.5539811875E+01  0.4131838279E-03
  0.7795592304E-04  0.5539690872E+01  0.4319601945E-03
  0.8134531100E-04  0.5539569868E+01  0.4507361510E-03
  0.8473469895E-04  0.5539448865E+01  0.4695116973E-03
  0.8812408691E-04  0.5539327862E+01  0.4882868336E-03
  0.9151347487E-04  0.5539206859E+01  0.5070615596E-03
  0.9490286283E-04  0.5539085856E+01  0.5258358756E-03
  0.9829225079E-04  0.5538964853E+01  0.5446097814E-03
  0.1016816387E-03  0.5538843851E+01  0.5633832772E-03
  0.1050710267E-03  0.5538722848E+01  0.5821563627E-03
  0.1084604147E-03  0.5538601846E+01  0.6009290382E-03
  0.1118498026E-03  0.5538480844E+01  0.6197013036E-03
  0.1152391906E-03  0.5538359842E+01  0.6384731588E-03
  0.1186285785E-03  0.5538238840E+01  0.6572446039E-03
  0.1220179665E-03  0.5538117839E+01  0.6760156388E-03
  0.1254073545E-03  0.5537996837E+01  0.6947862637E-03
  0.1287967424E-03  0.5537875836E+01  0.7135564784E-03
  0.1321861304E-03  0.5537754835E+01  0.7323262830E-03
  0.1355755183E-03  0.5537633834E+01  0.7510956775E-03
  0.1389649063E-03  0.5537512833E+01  0.7698646619E-03
  0.1423542942E-03  0.5537391833E+01  0.7886332362E-03
  0.1457436822E-03  0.5537270832E+01  0.8074014003E-03
  0.1491330702E-03  0.5537149832E+01  0.8261691543E-03
  0.1525224581E-03  0.5537028832E+01  0.8449364982E-03
  0.1559118461E-03  0.5536907833E+01  0.8637034320E-03
  0.1593012340E-03  0.5536786833E+01  0.8824699557E-03
  0.1626906220E-03  0.5536665834E+01  0.9012360693E-03
  0.1660800099E-03  0.5536544835E+01  0.9200017727E-03
  0.1694693979E-03  0.5536423836E+01  0.9387670660E-03
  0.1728587859E-03  0.5536302838E+01  0.9575319493E-03
  0.1762481738E-03  0.5536181839E+01  0.9762964224E-03
  0.1796375618E-03  0.5536060841E+01  0.9950604854E-03
  0.1830269497E-03  0.5535939844E+01  0.1013824138E-02
  0.1864163377E-03  0.5535818846E+01  0.1032587381E-02
  0.1898057257E-03  0.5535697849E+01  0.1051350214E-02
  0.1931951136E-03  0.5535576852E+01  0.1070112636E-02
  0.1965845016E-03  0.5535455855E+01  0.1088874649E-02
  0.1999738895E-03  0.5535334859E+01  0.1107636251E-02
  0.2033632775E-03  0.5535213863E+01  0.1126397443E-02
  0.2067526654E-03  0.5535092867E+01  0.1145158226E-02
  0.2101420534E-03  0.5534971871E+01  0.1163918598E-02
  0.2135314414E-03  0.5534850876E+01  0.1182678560E-02
  0.2169208293E-03  0.5534729881E+01  0.1201438111E-02
  0.2203102173E-03  0.5534608887E+01  0.1220197253E-02
  0.2236996052E-03  0.5534487892E+01  0.1238955985E-02
  0.2270889932E-03  0.5534366898E+01  0.1257714306E-02
  0.2304783812E-03  0.5534245905E+01  0.1276472218E-02
  0.2338677691E-03  0.5534124911E+01  0.1295229719E-02
  0.2372571571E-03  0.5534003918E+01  0.1313986811E-02
  0.2406465450E-03  0.5533882926E+01  0.1332743492E-02
  0.2440359330E-03  0.5533761933E+01  0.1351499763E-02
  0.2474253209E-03  0.5533640941E+01  0.1370255624E-02
  0.2508147089E-03  0.5533519950E+01  0.1389011075E-02
  0.2542040969E-03  0.5533398958E+01  0.1407766116E-02
  0.2575934848E-03  0.5533277968E+01  0.1426520746E-02
  0.2609828728E-03  0.5533156977E+01  0.1445274967E-02
  0.2643722607E-03  0.5533035987E+01  0.1464028778E-02
  0.2677616487E-03  0.5532914997E+01  0.1482782178E-02
  0.2711510367E-03  0.5532794008E+01  0.1501535169E-02
  0.2745404246E-03  0.5532673019E+01  0.1520287749E-02
  0.2779298126E-03  0.5532552030E+01  0.1539039919E-02
  0.2813192005E-03  0.5532431042E+01  0.1557791679E-02
  0.2847085885E-03  0.5532310054E+01  0.1576543030E-02
  0.2880979764E-03  0.5532189067E+01  0.1595293970E-02
  0.2914873644E-03  0.5532068080E+01  0.1614044500E-02
  0.2948767524E-03  0.5531947093E+01  0.1632794619E-02
  0.2982661403E-03  0.5531826107E+01  0.1651544329E-02
  0.3016555283E-03  0.5531705121E+01  0.1670293629E-02
  0.3050449162E-03  0.5531584136E+01  0.1689042519E-02
  0.3084343042E-03  0.5531463151E+01  0.1707790998E-02
  0.3118236921E-03  0.5531342166E+01  0.1726539068E-02
  0.3152130801E-03  0.5531221182E+01  0.1745286727E-02
  0.3186024681E-03  0.5531100199E+01  0.1764033977E-02
  0.3219918560E-03  0.5530979216E+01  0.1782780816E-02
  0.3253812440E-03  0.5530858233E+01  0.1801527246E-02
  0.3287706319E-03  0.5530737251E+01  0.1820273265E-02
  0.3321600199E-03  0.5530616269E+01  0.1839018874E-02
  0.3355494079E-03  0.5530495288E+01  0.1857764073E-02
  0.3389387958E-03  0.5530374307E+01  0.1876508862E-02
  0.3423624200E-03  0.5530252105E+01  0.1895442576E-02
  0.3458206263E-03  0.5530128669E+01  0.1914567115E-02
  0.3493137639E-03  0.5530003986E+01  0.1933884398E-02
  0.3528421858E-03  0.5529878045E+01  0.1953396363E-02
  0.3564062483E-03  0.5529750832E+01  0.1973104967E-02
  0.3600063114E-03  0.5529622335E+01  0.1993012188E-02
  0.3636427388E-03  0.5529492540E+01  0.2013120022E-02
  0.3673158977E-03  0.5529361435E+01  0.2033430486E-02
  0.3710261593E-03  0.5529229006E+01  0.2053945618E-02
  0.3747738983E-03  0.5529095240E+01  0.2074667475E-02
  0.3785594932E-03  0.5528960124E+01  0.2095598134E-02
  0.3823833265E-03  0.5528823643E+01  0.2116739694E-02
  0.3862457844E-03  0.5528685785E+01  0.2138094276E-02
  0.3901472569E-03  0.5528546535E+01  0.2159664021E-02
  0.3940881383E-03  0.5528405879E+01  0.2181451090E-02
  0.3980688266E-03  0.5528263803E+01  0.2203457667E-02
  0.4020897238E-03  0.5528120293E+01  0.2225685959E-02
  0.4061512362E-03  0.5527975334E+01  0.2248138194E-02
  0.4102537739E-03  0.5527828911E+01  0.2270816621E-02
  0.4143977514E-03  0.5527681011E+01  0.2293723513E-02
  0.4185835873E-03  0.5527531617E+01  0.2316861166E-02
  0.4228117043E-03  0.5527380715E+01  0.2340231898E-02
  0.4270825296E-03  0.5527228290E+01  0.2363838050E-02
  0.4313964946E-03  0.5527074326E+01  0.2387681987E-02
  0.4357540349E-03  0.5526918808E+01  0.2411766097E-02
  0.4401555908E-03  0.5526761721E+01  0.2436092794E-02
  0.4446016069E-03  0.5526603047E+01  0.2460664512E-02
  0.4490925322E-03  0.5526442772E+01  0.2485483714E-02
  0.4536288204E-03  0.5526280879E+01  0.2510552884E-02
  0.4582109297E-03  0.5526117352E+01  0.2535874532E-02
  0.4628393230E-03  0.5525952175E+01  0.2561451194E-02
  0.4675144676E-03  0.5525785330E+01  0.2587285430E-02
  0.4722368360E-03  0.5525616801E+01  0.2613379826E-02
  0.4770069051E-03  0.5525446572E+01  0.2639736994E-02
  0.4818251566E-03  0.5525274624E+01  0.2666359571E-02
  0.4866920774E-03  0.5525100940E+01  0.2693250222E-02
  0.4916081590E-03  0.5524925504E+01  0.2720411638E-02
  0.4965738980E-03  0.5524748297E+01  0.2747846536E-02
  0.5015897959E-03  0.5524569302E+01  0.2775557661E-02
  0.5066563595E-03  0.5524388500E+01  0.2803547784E-02
  0.5117741005E-03  0.5524205874E+01  0.2831819707E-02
  0.5169435359E-03  0.5524021404E+01  0.2860376255E-02
  0.5221651878E-03  0.5523835073E+01  0.2889220285E-02
  0.5274395836E-03  0.5523646862E+01  0.2918354682E-02
  0.5327672562E-03  0.5523456751E+01  0.2947782357E-02
  0.5381487436E-03  0.5523264722E+01  0.2977506253E-02
  0.5435845895E-03  0.5523070756E+01  0.3007529342E-02
  0.5490753429E-03  0.5522874832E+01  0.3037854624E-02
  0.5546215585E-03  0.5522676931E+01  0.3068485130E-02
  0.5602237965E-03  0.5522477033E+01  0.3099423920E-02
  0.5658826227E-03  0.5522275118E+01  0.3130674087E-02
  0.5715986088E-03  0.5522071166E+01  0.3162238751E-02
  0.5773723321E-03  0.5521865157E+01  0.3194121068E-02
  0.5832043759E-03  0.5521657068E+01  0.3226324220E-02
  0.5890953291E-03  0.5521446881E+01  0.3258851425E-02
  0.5950457870E-03  0.5521234572E+01  0.3291705930E-02
  0.6010563505E-03  0.5521020122E+01  0.3324891017E-02
  0.6071276268E-03  0.5520803509E+01  0.3358409998E-02
  0.6132602291E-03  0.5520584710E+01  0.3392266219E-02
  0.6194547769E-03  0.5520363704E+01  0.3426463060E-02
  0.6257118958E-03  0.5520140469E+01  0.3461003934E-02
  0.6320322180E-03  0.5519914982E+01  0.3495892288E-02
  0.6384163818E-03  0.5519687220E+01  0.3531131602E-02
  0.6448650321E-03  0.5519457161E+01  0.3566725393E-02
  0.6513788203E-03  0.5519224782E+01  0.3602677212E-02
  0.6579584044E-03  0.5518990058E+01  0.3638990643E-02
  0.6646044489E-03  0.5518752968E+01  0.3675669308E-02
  0.6713176251E-03  0.5518513486E+01  0.3712716866E-02
  0.6780986112E-03  0.5518271589E+01  0.3750137009E-02
  0.6849480921E-03  0.5518027253E+01  0.3787933468E-02
  0.6918667597E-03  0.5517780452E+01  0.3826110011E-02
  0.6988553129E-03  0.5517531163E+01  0.3864670441E-02
  0.7059144575E-03  0.5517279360E+01  0.3903618603E-02
  0.7130449065E-03  0.5517025018E+01  0.3942958376E-02
  0.7202473803E-03  0.5516768111E+01  0.3982693679E-02
  0.7275226064E-03  0.5516508614E+01  0.4022828470E-02
  0.7348713196E-03  0.5516246501E+01  0.4063366746E-02
  0.7422942622E-03  0.5515981745E+01  0.4104312545E-02
  0.7497921840E-03  0.5515714320E+01  0.4145669942E-02
  0.7573658425E-03  0.5515444199E+01  0.4187443056E-02
  0.7650160025E-03  0.5515171355E+01  0.4229636043E-02
  0.7727434369E-03  0.5514895760E+01  0.4272253103E-02
  0.7805489261E-03  0.5514617387E+01  0.4315298476E-02
  0.7884332587E-03  0.5514336209E+01  0.4358776445E-02
  0.7963972310E-03  0.5514052197E+01  0.4402691335E-02
  0.8044416475E-03  0.5513765322E+01  0.4447047513E-02
  0.8125673207E-03  0.5513475555E+01  0.4491849391E-02
  0.8207750714E-03  0.5513182869E+01  0.4537101423E-02
  0.8290657287E-03  0.5512887233E+01  0.4582808107E-02
  0.8374401300E-03  0.5512588618E+01  0.4628973987E-02
  0.8458991212E-03  0.5512286994E+01  0.4675603650E-02
  0.8544435568E-03  0.5511982331E+01  0.4722701729E-02
  0.8630742998E-03  0.5511674599E+01  0.4770272904E-02
  0.8717922220E-03  0.5511363766E+01  0.4818321900E-02
  0.8805982040E-03  0.5511049801E+01  0.4866853488E-02
  0.8894931354E-03  0.5510732674E+01  0.4915872487E-02
  0.8984779145E-03  0.5510412352E+01  0.4965383764E-02
  0.9075534490E-03  0.5510088804E+01  0.5015392233E-02
  0.9167206556E-03  0.5509761997E+01  0.5065902857E-02
  0.9259804602E-03  0.5509431899E+01  0.5116920649E-02
  0.9353337982E-03  0.5509098476E+01  0.5168450668E-02
  0.9447816143E-03  0.5508761695E+01  0.5220498026E-02
  0.9543248629E-03  0.5508421524E+01  0.5273067886E-02
  0.9639645080E-03  0.5508077926E+01  0.5326165458E-02
  0.9737015233E-03  0.5507730870E+01  0.5379796007E-02
  0.9835368922E-03  0.5507380319E+01  0.5433964848E-02
  0.9934716083E-03  0.5507026240E+01  0.5488677349E-02
  0.1003506675E-02  0.5506668596E+01  0.5543938931E-02
  0.1013643106E-02  0.5506307352E+01  0.5599755066E-02
  0.1023881925E-02  0.5505942472E+01  0.5656131284E-02
  0.1034224167E-02  0.5505573920E+01  0.5713073166E-02
  0.1044670876E-02  0.5505201659E+01  0.5770586349E-02
  0.1055223107E-02  0.5504825652E+01  0.5828676525E-02
  0.1065881926E-02  0.5504445862E+01  0.5887349443E-02
  0.1076648410E-02  0.5504062250E+01  0.5946610906E-02
  0.1087523647E-02  0.5503674779E+01  0.6006466778E-02
  0.1098508734E-02  0.5503283410E+01  0.6066922977E-02
  0.1109604782E-02  0.5502888105E+01  0.6127985479E-02
  0.1120812911E-02  0.5502488824E+01  0.6189660322E-02
  0.1132134253E-02  0.5502085527E+01  0.6251953600E-02
  0.1143569953E-02  0.5501678174E+01  0.6314871468E-02
  0.1155121165E-02  0.5501266726E+01  0.6378420140E-02
  0.1166789055E-02  0.5500851140E+01  0.6442605894E-02
  0.1178574803E-02  0.5500431376E+01  0.6507435066E-02
  0.1190479599E-02  0.5500007393E+01  0.6572914055E-02
  0.1202504646E-02  0.5499579148E+01  0.6639049325E-02
  0.1214651157E-02  0.5499146599E+01  0.6705847400E-02
  0.1226920361E-02  0.5498709704E+01  0.6773314869E-02
  0.1239313496E-02  0.5498268418E+01  0.6841458386E-02
  0.1251831814E-02  0.5497822698E+01  0.6910284669E-02
  0.1264476580E-02  0.5497372500E+01  0.6979800503E-02
  0.1277249070E-02  0.5496917780E+01  0.7050012739E-02
  0.1290150576E-02  0.5496458493E+01  0.7120928292E-02
  0.1303182400E-02  0.5495994593E+01  0.7192554149E-02
  0.1316345859E-02  0.5495526035E+01  0.7264897362E-02
  0.1329642282E-02  0.5495052772E+01  0.7337965054E-02
  0.1343073012E-02  0.5494574757E+01  0.7411764415E-02
  0.1356639406E-02  0.5494091945E+01  0.7486302706E-02
  0.1370342834E-02  0.5493604286E+01  0.7561587260E-02
  0.1384184681E-02  0.5493111734E+01  0.7637625480E-02
  0.1398166344E-02  0.5492614261E+01  0.7714424842E-02
  0.1412289237E-02  0.5492111805E+01  0.7791992894E-02
  0.1426554785E-02  0.5491604310E+01  0.7870337258E-02
  0.1440964429E-02  0.5491091725E+01  0.7949465629E-02
  0.1455519625E-02  0.5490574000E+01  0.8029385779E-02
  0.1470221844E-02  0.5490051085E+01  0.8110105553E-02
  0.1485072569E-02  0.5489522928E+01  0.8191632874E-02
  0.1500073302E-02  0.5488989478E+01  0.8273975741E-02
  0.1515225558E-02  0.5488450682E+01  0.8357142230E-02
  0.1530530867E-02  0.5487906488E+01  0.8441140498E-02
  0.1545990774E-02  0.5487356843E+01  0.8525978777E-02
  0.1561606843E-02  0.5486801692E+01  0.8611665382E-02
  0.1577380649E-02  0.5486240981E+01  0.8698208708E-02
  0.1593313787E-02  0.5485674657E+01  0.8785617230E-02
  0.1609407866E-02  0.5485102663E+01  0.8873899507E-02
  0.1625664511E-02  0.5484524944E+01  0.8963064179E-02
  0.1642085364E-02  0.5483941444E+01  0.9053119969E-02
  0.1658672085E-02  0.5483352105E+01  0.9144075687E-02
  0.1675426349E-02  0.5482756872E+01  0.9235940227E-02
  0.1692349847E-02  0.5482155685E+01  0.9328722568E-02
  0.1709444290E-02  0.5481548486E+01  0.9422431775E-02
  0.1726711404E-02  0.5480935217E+01  0.9517077003E-02
  0.1744152934E-02  0.5480315818E+01  0.9612667494E-02
  0.1761770640E-02  0.5479690229E+01  0.9709212578E-02
  0.1779566303E-02  0.5479058390E+01  0.9806721677E-02
  0.1797541720E-02  0.5478420239E+01  0.9905204302E-02
  0.1815698707E-02  0.5477775715E+01  0.1000467006E-01
  0.1834039098E-02  0.5477124756E+01  0.1010512863E-01
  0.1852564746E-02  0.5476467299E+01  0.1020658983E-01
  0.1871277521E-02  0.5475803281E+01  0.1030906352E-01
  0.1890179314E-02  0.5475132637E+01  0.1041255968E-01
  0.1909272034E-02  0.5474455303E+01  0.1051708839E-01
  0.1928557610E-02  0.5473771215E+01  0.1062265982E-01
  0.1948037990E-02  0.5473080306E+01  0.1072928423E-01
  0.1967715142E-02  0.5472382511E+01  0.1083697199E-01
  0.1987591052E-02  0.5471677762E+01  0.1094573358E-01
  0.2007667730E-02  0.5470965993E+01  0.1105557954E-01
  0.2027947202E-02  0.5470247134E+01  0.1116652055E-01
  0.2048431517E-02  0.5469521118E+01  0.1127856738E-01
  0.2069122744E-02  0.5468787875E+01  0.1139173090E-01
  0.2090022974E-02  0.5468047336E+01  0.1150602209E-01
  0.2111134317E-02  0.5467299430E+01  0.1162145202E-01
  0.2132458906E-02  0.5466544086E+01  0.1173803188E-01
  0.2153998895E-02  0.5465781233E+01  0.1185577296E-01
  0.2175756460E-02  0.5465010797E+01  0.1197468667E-01
  0.2197733798E-02  0.5464232707E+01  0.1209478451E-01
  0.2219933129E-02  0.5463446888E+01  0.1221607809E-01
  0.2242356696E-02  0.5462653267E+01  0.1233857916E-01
  0.2265006764E-02  0.5461851768E+01  0.1246229955E-01
  0.2287885620E-02  0.5461042317E+01  0.1258725121E-01
  0.2310995576E-02  0.5460224836E+01  0.1271344621E-01
  0.2334338965E-02  0.5459399250E+01  0.1284089673E-01
  0.2357918147E-02  0.5458565481E+01  0.1296961507E-01
  0.2381735502E-02  0.5457723451E+01  0.1309961364E-01
  0.2405793436E-02  0.5456873081E+01  0.1323090496E-01
  0.2430094380E-02  0.5456014291E+01  0.1336350169E-01
  0.2454640788E-02  0.5455147003E+01  0.1349741660E-01
  0.2479435139E-02  0.5454271134E+01  0.1363266257E-01
  0.2504479939E-02  0.5453386605E+01  0.1376925262E-01
  0.2529777716E-02  0.5452493332E+01  0.1390719988E-01
  0.2555331026E-02  0.5451591233E+01  0.1404651761E-01
  0.2581142450E-02  0.5450680224E+01  0.1418721919E-01
  0.2607214596E-02  0.5449760223E+01  0.1432931812E-01
  0.2633550097E-02  0.5448831142E+01  0.1447282806E-01
  0.2660151614E-02  0.5447892899E+01  0.1461776275E-01
  0.2687021832E-02  0.5446945405E+01  0.1476413609E-01
  0.2714163467E-02  0.5445988576E+01  0.1491196211E-01
  0.2741579259E-02  0.5445022322E+01  0.1506125495E-01
  0.2769271979E-02  0.5444046556E+01  0.1521202892E-01
  0.2797244423E-02  0.5443061189E+01  0.1536429843E-01
  0.2825499417E-02  0.5442066131E+01  0.1551807803E-01
  0.2854039815E-02  0.5441061292E+01  0.1567338243E-01
  0.2882868500E-02  0.5440046581E+01  0.1583022644E-01
  0.2911988384E-02  0.5439021907E+01  0.1598862505E-01
  0.2941402408E-02  0.5437987177E+01  0.1614859335E-01
  0.2971113544E-02  0.5436942298E+01  0.1631014660E-01
  0.3001124792E-02  0.5435887176E+01  0.1647330019E-01
  0.3031439184E-02  0.5434821717E+01  0.1663806966E-01
  0.3062059781E-02  0.5433745826E+01  0.1680447068E-01
  0.3092989678E-02  0.5432659406E+01  0.1697251907E-01
  0.3124231998E-02  0.5431562361E+01  0.1714223082E-01
  0.3155789897E-02  0.5430454593E+01  0.1731362203E-01
  0.3187666563E-02  0.5429336005E+01  0.1748670899E-01
  0.3219865215E-02  0.5428206498E+01  0.1766150811E-01
  0.3252389106E-02  0.5427065973E+01  0.1783803596E-01
  0.3285241521E-02  0.5425914220E+01  0.1801630926E-01
  0.3318425779E-02  0.5424750904E+01  0.1819634490E-01
  0.3351945231E-02  0.5423576249E+01  0.1837815989E-01
  0.3385803264E-02  0.5422390152E+01  0.1856177143E-01
  0.3420003297E-02  0.5421192509E+01  0.1874719688E-01
  0.3454548785E-02  0.5419983216E+01  0.1893445373E-01
  0.3489443217E-02  0.5418762168E+01  0.1912355966E-01
  0.3524690118E-02  0.5417529259E+01  0.1931453251E-01
  0.3560293049E-02  0.5416284383E+01  0.1950739026E-01
  0.3596255605E-02  0.5415027431E+01  0.1970215109E-01
  0.3632581419E-02  0.5413757320E+01  0.1989883330E-01
  0.3669274160E-02  0.5412474754E+01  0.2009745537E-01
  0.3706337536E-02  0.5411179743E+01  0.2029803596E-01
  0.3743775289E-02  0.5409872174E+01  0.2050059389E-01
  0.3781591201E-02  0.5408551935E+01  0.2070514818E-01
  0.3819789092E-02  0.5407218913E+01  0.2091171800E-01
  0.3858372820E-02  0.5405872995E+01  0.2112032270E-01
  0.3897346283E-02  0.5404514065E+01  0.2133098180E-01
  0.3936713417E-02  0.5403142008E+01  0.2154371503E-01
  0.3976478199E-02  0.5401756707E+01  0.2175854225E-01
  0.4016644645E-02  0.5400358047E+01  0.2197548353E-01
  0.4057216813E-02  0.5398945908E+01  0.2219455912E-01
  0.4098198801E-02  0.5397520173E+01  0.2241578944E-01
  0.4139594749E-02  0.5396080723E+01  0.2263919511E-01
  0.4181408837E-02  0.5394627436E+01  0.2286479692E-01
  0.4223645290E-02  0.5393160193E+01  0.2309261586E-01
  0.4266308374E-02  0.5391678871E+01  0.2332267311E-01
  0.4309402398E-02  0.5390183348E+01  0.2355499002E-01
  0.4352931715E-02  0.5388673502E+01  0.2378958816E-01
  0.4396900722E-02  0.5387149208E+01  0.2402648928E-01
  0.4441313861E-02  0.5385610341E+01  0.2426571531E-01
  0.4486175617E-02  0.5384056775E+01  0.2450728840E-01
  0.4531490522E-02  0.5382488386E+01  0.2475123088E-01
  0.4577263154E-02  0.5380905045E+01  0.2499756530E-01
  0.4623498135E-02  0.5379306625E+01  0.2524631440E-01
  0.4670200136E-02  0.5377692996E+01  0.2549750110E-01
  0.4717373875E-02  0.5376064031E+01  0.2575114857E-01
  0.4765024116E-02  0.5374419598E+01  0.2600728013E-01
  0.4813155673E-02  0.5372759567E+01  0.2626591937E-01
  0.4861773407E-02  0.5371083805E+01  0.2652709003E-01
  0.4910882230E-02  0.5369392181E+01  0.2679081609E-01
  0.4960487101E-02  0.5367684561E+01  0.2705712174E-01
  0.5010593031E-02  0.5365960810E+01  0.2732603139E-01
  0.5061205082E-02  0.5364220795E+01  0.2759756963E-01
  0.5112328365E-02  0.5362464378E+01  0.2787176132E-01
  0.5163968046E-02  0.5360691424E+01  0.2814863149E-01
  0.5216129339E-02  0.5358901795E+01  0.2842820541E-01
  0.5268817514E-02  0.5357095353E+01  0.2871050858E-01
  0.5322037893E-02  0.5355271958E+01  0.2899556670E-01
  0.5375795852E-02  0.5353431472E+01  0.2928340572E-01
  0.5430096820E-02  0.5351573753E+01  0.2957405179E-01
  0.5484946283E-02  0.5349698660E+01  0.2986753132E-01
  0.5540349781E-02  0.5347806049E+01  0.3016387091E-01
  0.5596312910E-02  0.5345895779E+01  0.3046309741E-01
  0.5652841323E-02  0.5343967704E+01  0.3076523792E-01
  0.5709940730E-02  0.5342021679E+01  0.3107031975E-01
  0.5767616899E-02  0.5340057559E+01  0.3137837046E-01
  0.5825875656E-02  0.5338072604E+01  0.3168941775E-01
  0.5884722885E-02  0.5336065296E+01  0.3200348947E-01
  0.5944164530E-02  0.5334039199E+01  0.3232061375E-01
  0.6004206596E-02  0.5331994159E+01  0.3264081909E-01
  0.6064855147E-02  0.5329930015E+01  0.3296413422E-01
  0.6126116310E-02  0.5327846609E+01  0.3329058811E-01
  0.6187996273E-02  0.5325743779E+01  0.3362021000E-01
  0.6250501286E-02  0.5323621364E+01  0.3395302936E-01
  0.6313637663E-02  0.5321479876E+01  0.3428907592E-01
  0.6377411780E-02  0.5319323494E+01  0.3462837984E-01
  0.6441830081E-02  0.5317147253E+01  0.3497097153E-01
  0.6506899072E-02  0.5314950993E+01  0.3531688148E-01
  0.6572625325E-02  0.5312734551E+01  0.3566614045E-01
  0.6639015480E-02  0.5310497764E+01  0.3601877947E-01
  0.6706076242E-02  0.5308240467E+01  0.3637482981E-01
  0.6773814386E-02  0.5305962493E+01  0.3673432302E-01
  0.6842236754E-02  0.5303663676E+01  0.3709729089E-01
  0.6911350256E-02  0.5301353734E+01  0.3746376584E-01
  0.6981161875E-02  0.5299030881E+01  0.3783378084E-01
  0.7051678662E-02  0.5296689526E+01  0.3820736892E-01
  0.7122907739E-02  0.5294327401E+01  0.3858456310E-01
  0.7194856302E-02  0.5291952237E+01  0.3896539690E-01
  0.7267531618E-02  0.5289560990E+01  0.3934990431E-01
  0.7340941029E-02  0.5287148982E+01  0.3973811933E-01
  0.7415091948E-02  0.5284716064E+01  0.4013007609E-01
  0.7489991867E-02  0.5282262090E+01  0.4052580899E-01
  0.7565648350E-02  0.5279786909E+01  0.4092535274E-01
  0.7642069041E-02  0.5277290370E+01  0.4132874230E-01
  0.7719261657E-02  0.5274772322E+01  0.4173601297E-01
  0.7797233997E-02  0.5272232609E+01  0.4214720030E-01
  0.7875993937E-02  0.5269671074E+01  0.4256234014E-01
  0.7955549431E-02  0.5267087561E+01  0.4298146866E-01
  0.8035908516E-02  0.5264481907E+01  0.4340462231E-01
  0.8117079309E-02  0.5261853952E+01  0.4383183782E-01
  0.8199070009E-02  0.5259203528E+01  0.4426315226E-01
  0.8281888898E-02  0.5256530470E+01  0.4469860296E-01
  0.8365544342E-02  0.5253834607E+01  0.4513822759E-01
  0.8450044790E-02  0.5251115766E+01  0.4558206409E-01
  0.8535398777E-02  0.5248373771E+01  0.4603015074E-01
  0.8621614927E-02  0.5245592992E+01  0.4648252545E-01
  0.8708701946E-02  0.5242783116E+01  0.4693922615E-01
  0.8796668632E-02  0.5239949117E+01  0.4740029176E-01
  0.8885523871E-02  0.5237082862E+01  0.4786576135E-01
  0.8975276638E-02  0.5234191575E+01  0.4833567427E-01
  0.9065935997E-02  0.5231285051E+01  0.4881007098E-01
  0.9157511109E-02  0.5228363012E+01  0.4928899270E-01
  0.9250011221E-02  0.5225415972E+01  0.4977248056E-01
  0.9343445678E-02  0.5222443715E+01  0.5026057561E-01
  0.9437823917E-02  0.5219446023E+01  0.5075331919E-01
  0.9533155471E-02  0.5216422674E+01  0.5125075299E-01
  0.9629449971E-02  0.5213373437E+01  0.5175291899E-01
  0.9726717143E-02  0.5210295159E+01  0.5225985937E-01
  0.9824966811E-02  0.5207189622E+01  0.5277161658E-01
  0.9924208900E-02  0.5204057379E+01  0.5328823353E-01
  0.1002445343E-01  0.5200898176E+01  0.5380975349E-01
  0.1012571054E-01  0.5197711753E+01  0.5433622006E-01
  0.1022799044E-01  0.5194497841E+01  0.5486767716E-01
  0.1033130348E-01  0.5191256164E+01  0.5540416904E-01
  0.1043566008E-01  0.5187986439E+01  0.5594574028E-01
  0.1054107079E-01  0.5184697432E+01  0.5649243626E-01
  0.1064754625E-01  0.5181383657E+01  0.5704430290E-01
  0.1075509722E-01  0.5178041380E+01  0.5760138601E-01
  0.1086373457E-01  0.5174670293E+01  0.5816373157E-01
  0.1097346926E-01  0.5171282977E+01  0.5873138657E-01
  0.1108431238E-01  0.5167869535E+01  0.5930439855E-01
  0.1119627514E-01  0.5164424430E+01  0.5988281458E-01
  0.1130936882E-01  0.5160949572E+01  0.6046668190E-01
  0.1142360487E-01  0.5157453005E+01  0.6105604867E-01
  0.1153899482E-01  0.5153930478E+01  0.6165096367E-01
  0.1165555032E-01  0.5150377614E+01  0.6225147558E-01
  0.1177328316E-01  0.5146794035E+01  0.6285763317E-01
  0.1189220521E-01  0.5143179348E+01  0.6346948554E-01
  0.1201232849E-01  0.5139519529E+01  0.6408708133E-01
  0.1213366514E-01  0.5135813869E+01  0.6471046860E-01
  0.1225622742E-01  0.5132080995E+01  0.6533969687E-01
  0.1238002770E-01  0.5128317606E+01  0.6597481697E-01
  0.1250507848E-01  0.5124520182E+01  0.6661587967E-01
  0.1263139240E-01  0.5120688215E+01  0.6726293591E-01
  0.1275898223E-01  0.5116821182E+01  0.6791603691E-01
  0.1288786083E-01  0.5112918540E+01  0.6857523422E-01
  0.1301804125E-01  0.5108972517E+01  0.6924057922E-01
  0.1314953661E-01  0.5104982835E+01  0.6991212312E-01
  0.1328236022E-01  0.5100955128E+01  0.7058991784E-01
  0.1341652547E-01  0.5096888751E+01  0.7127401600E-01
  0.1355204593E-01  0.5092783035E+01  0.7196447050E-01
  0.1368893528E-01  0.5088637290E+01  0.7266133452E-01
  0.1382720736E-01  0.5084450804E+01  0.7336466151E-01
  0.1396687612E-01  0.5080201466E+01  0.7407450371E-01
  0.1410795567E-01  0.5075903023E+01  0.7479091307E-01
  0.1425046028E-01  0.5071560960E+01  0.7551394323E-01
  0.1439440432E-01  0.5067174473E+01  0.7624364851E-01
  0.1453980234E-01  0.5062742734E+01  0.7698008348E-01
  0.1468666903E-01  0.5058264892E+01  0.7772330293E-01
  0.1483501923E-01  0.5053740069E+01  0.7847336187E-01
  0.1498486790E-01  0.5049167365E+01  0.7923031554E-01
  0.1513623021E-01  0.5044545855E+01  0.7999421937E-01
  0.1528912142E-01  0.5039865368E+01  0.8076512831E-01
  0.1544355699E-01  0.5035107826E+01  0.8154309542E-01
  0.1559955252E-01  0.5030297871E+01  0.8232817455E-01
  0.1575712375E-01  0.5025434550E+01  0.8312042165E-01
  0.1591628662E-01  0.5020469545E+01  0.8391988909E-01
  0.1607705719E-01  0.5015474283E+01  0.8472663131E-01
  0.1623945171E-01  0.5010441958E+01  0.8554070822E-01
  0.1640348657E-01  0.5005367402E+01  0.8636217919E-01
  0.1656917836E-01  0.5000234740E+01  0.8719110223E-01
  0.1673654380E-01  0.4995042843E+01  0.8802753423E-01
  0.1690559979E-01  0.4989790566E+01  0.8887153222E-01
  0.1707636343E-01  0.4984476744E+01  0.8972315329E-01
  0.1724885195E-01  0.4979100194E+01  0.9058245460E-01
  0.1742308278E-01  0.4973659717E+01  0.9144949340E-01
  0.1759907351E-01  0.4968201349E+01  0.9232433112E-01
  0.1777684193E-01  0.4962630198E+01  0.9320702523E-01
  0.1795640599E-01  0.4956992572E+01  0.9409762910E-01
  0.1813778383E-01  0.4951287283E+01  0.9499620029E-01
  0.1832099377E-01  0.4945576664E+01  0.9590280221E-01
  0.1850605431E-01  0.4939821571E+01  0.9681750079E-01
  0.1869298415E-01  0.4933995784E+01  0.9774035635E-01
  0.1888180217E-01  0.4928098024E+01  0.9867142687E-01
  0.1907252745E-01  0.4922127012E+01  0.9961077030E-01
  0.1926517924E-01  0.4916081470E+01  0.1005584446E+00
  0.1945977701E-01  0.4909960127E+01  0.1015145074E+00
  0.1965634041E-01  0.4903798691E+01  0.1024790204E+00
  0.1985488931E-01  0.4897583505E+01  0.1034520472E+00
  0.2005544374E-01  0.4891287447E+01  0.1044336479E+00
  0.2025802398E-01  0.4884893929E+01  0.1054238785E+00
  0.2046265049E-01  0.4878418987E+01  0.1064227948E+00
  0.2066934393E-01  0.4871861467E+01  0.1074304543E+00
  0.2087812518E-01  0.4865220254E+01  0.1084469144E+00
  0.2108901533E-01  0.4858494272E+01  0.1094722322E+00
  0.2130203569E-01  0.4851682493E+01  0.1105064648E+00
  0.2151720777E-01  0.4844780356E+01  0.1115496689E+00
  0.2173455330E-01  0.4837806688E+01  0.1126019024E+00
  0.2195409424E-01  0.4830763632E+01  0.1136632259E+00
  0.2217585277E-01  0.4823605566E+01  0.1147336953E+00
  0.2239985128E-01  0.4816288056E+01  0.1158133562E+00
  0.2262611241E-01  0.4808790443E+01  0.1169022467E+00
  0.2285465900E-01  0.4801124505E+01  0.1180004034E+00
  0.2308551414E-01  0.4793358444E+01  0.1191078712E+00
  0.2331870115E-01  0.4785491758E+01  0.1202247029E+00
  0.2355424359E-01  0.4777515781E+01  0.1213509500E+00
  0.2379216524E-01  0.4769428642E+01  0.1224866624E+00
  0.2403249014E-01  0.4761242259E+01  0.1236318912E+00
  0.2427524257E-01  0.4752971252E+01  0.1247866904E+00
  0.2452044704E-01  0.4744584275E+01  0.1259511119E+00
  0.2476812832E-01  0.4736091998E+01  0.1271252049E+00
  0.2501831143E-01  0.4727500670E+01  0.1283090205E+00
  0.2527102165E-01  0.4718810997E+01  0.1295026102E+00
  0.2552628449E-01  0.4710023855E+01  0.1307060258E+00
  0.2578412575E-01  0.4701142568E+01  0.1319193193E+00
  0.2604457147E-01  0.4692163800E+01  0.1331425425E+00
  0.2630764795E-01  0.4683018769E+01  0.1343757375E+00
  0.2657338176E-01  0.4673749666E+01  0.1356189424E+00
  0.2684179976E-01  0.4664428452E+01  0.1368722099E+00
  0.2711292905E-01  0.4655042526E+01  0.1381356007E+00
  0.2738679702E-01  0.4645566266E+01  0.1394091701E+00
  0.2766343134E-01  0.4636002092E+01  0.1406929703E+00
  0.2794285993E-01  0.4626281856E+01  0.1419870438E+00
  0.2822511105E-01  0.4616236832E+01  0.1432913994E+00
  0.2851021318E-01  0.4606087095E+01  0.1446060515E+00
  0.2879819513E-01  0.4595838798E+01  0.1459310458E+00
  0.2908908599E-01  0.4585522040E+01  0.1472664328E+00
  0.2938291514E-01  0.4575223223E+01  0.1486122798E+00
  0.2967971226E-01  0.4564689559E+01  0.1499686297E+00
  0.2997950734E-01  0.4554088285E+01  0.1513355120E+00
  0.3028233064E-01  0.4543446778E+01  0.1527129848E+00
  0.3058821277E-01  0.4532855833E+01  0.1541011242E+00
  0.3089718462E-01  0.4522211848E+01  0.1555000047E+00
  0.3120927739E-01  0.4511519094E+01  0.1569096858E+00
  0.3152452262E-01  0.4500781925E+01  0.1583302282E+00
  0.3184295214E-01  0.4489949639E+01  0.1597616854E+00
  0.3216459812E-01  0.4478925173E+01  0.1612040866E+00
  0.3248949305E-01  0.4467863358E+01  0.1626574698E+00
  0.3281766975E-01  0.4456768705E+01  0.1641218979E+00
  0.3314916136E-01  0.4445636520E+01  0.1655974342E+00
  0.3348400137E-01  0.4434375573E+01  0.1670841259E+00
  0.3382222361E-01  0.4423094234E+01  0.1685820225E+00
  0.3416386223E-01  0.4411796859E+01  0.1700911926E+00
  0.3450895175E-01  0.4400487666E+01  0.1716117061E+00
  0.3485752702E-01  0.4389170710E+01  0.1731436348E+00
  0.3520962325E-01  0.4377849843E+01  0.1746870523E+00
  0.3556527601E-01  0.4366516078E+01  0.1762420312E+00
  0.3592452122E-01  0.4355176164E+01  0.1778086443E+00
  0.3628739518E-01  0.4343842277E+01  0.1793869679E+00
  0.3665393452E-01  0.4332760920E+01  0.1809771261E+00
  0.3702417628E-01  0.4321744705E+01  0.1825792559E+00
  0.3739815786E-01  0.4310749510E+01  0.1841934528E+00
  0.3777591703E-01  0.4299776678E+01  0.1858198054E+00
  0.3815749195E-01  0.4288827068E+01  0.1874584033E+00
  0.3854292116E-01  0.4277901033E+01  0.1891093369E+00
  0.3893224360E-01  0.4266910111E+01  0.1907726802E+00
  0.3932549859E-01  0.4255957035E+01  0.1924485102E+00
  0.3972272585E-01  0.4245022088E+01  0.1941369206E+00
  0.4012396550E-01  0.4234133574E+01  0.1958380073E+00
  0.4052925808E-01  0.4223243486E+01  0.1975518634E+00
  0.4093864453E-01  0.4212288871E+01  0.1992785597E+00
  0.4135216619E-01  0.4201345844E+01  0.2010181698E+00
  0.4176986484E-01  0.4190343843E+01  0.2027707685E+00
  0.4219178266E-01  0.4179226131E+01  0.2045364039E+00
  0.4261796229E-01  0.4167903425E+01  0.2063150922E+00
  0.4304844675E-01  0.4156921994E+01  0.2081069462E+00
  0.4348327955E-01  0.4146159584E+01  0.2099121723E+00
  0.4392250460E-01  0.4135454224E+01  0.2117309184E+00
  0.4436616626E-01  0.4124742688E+01  0.2135632847E+00
  0.4481430935E-01  0.4114016979E+01  0.2154093563E+00
  0.4526697914E-01  0.4103239803E+01  0.2172692083E+00
  0.4572422136E-01  0.4092443784E+01  0.2191429146E+00
  0.4618608218E-01  0.4081554625E+01  0.2210305394E+00
  0.4665260826E-01  0.4070968192E+01  0.2229322216E+00
  0.4712384673E-01  0.4060528032E+01  0.2248481585E+00
  0.4759984518E-01  0.4050047970E+01  0.2267784694E+00
  0.4808065170E-01  0.4039497993E+01  0.2287232226E+00
  0.4856631485E-01  0.4028776624E+01  0.2306824544E+00
  0.4905688368E-01  0.4017823188E+01  0.2326561599E+00
  0.4955240776E-01  0.4006803390E+01  0.2346443578E+00
  0.5005293713E-01  0.3995712646E+01  0.2366471049E+00
  0.5055852235E-01  0.3984546907E+01  0.2386644556E+00
  0.5106921450E-01  0.3973302694E+01  0.2406964612E+00
  0.5158506515E-01  0.3961977119E+01  0.2427431709E+00
  0.5210612641E-01  0.3950449431E+01  0.2448046004E+00
  0.5263245092E-01  0.3938588867E+01  0.2468806975E+00
  0.5316409184E-01  0.3926639236E+01  0.2489714360E+00
  0.5370110287E-01  0.3914378530E+01  0.2510767925E+00
  0.5424353825E-01  0.3901862917E+01  0.2531966955E+00
  0.5479145278E-01  0.3889162514E+01  0.2553311035E+00
  0.5534490180E-01  0.3876294422E+01  0.2574799957E+00
  0.5590394121E-01  0.3863364553E+01  0.2596433830E+00
  0.5646862749E-01  0.3850467222E+01  0.2618213304E+00
  0.5703901766E-01  0.3837823552E+01  0.2640139932E+00
  0.5761516936E-01  0.3825138525E+01  0.2662215075E+00
  0.5819714076E-01  0.3812414589E+01  0.2684439262E+00
  0.5878499067E-01  0.3799812317E+01  0.2706813497E+00
  0.5937877846E-01  0.3787215728E+01  0.2729338920E+00
  0.5997856410E-01  0.3774382051E+01  0.2752015609E+00
  0.6058440818E-01  0.3761382711E+01  0.2774843101E+00
  0.6119637190E-01  0.3748334004E+01  0.2797821472E+00
  0.6181451707E-01  0.3735233613E+01  0.2820951128E+00
  0.6243890613E-01  0.3722077839E+01  0.2844232446E+00
  0.6306960215E-01  0.3708870918E+01  0.2867665795E+00
  0.6370666884E-01  0.3695574370E+01  0.2891251422E+00
  0.6435017054E-01  0.3682198370E+01  0.2914989469E+00
  0.6500017227E-01  0.3668926073E+01  0.2938880687E+00
  0.6565673966E-01  0.3655286738E+01  0.2962924884E+00
  0.6631993905E-01  0.3641854742E+01  0.2987122183E+00
  0.6698983743E-01  0.3628350943E+01  0.3011473677E+00
  0.6766650245E-01  0.3614636449E+01  0.3035979059E+00
  0.6835000248E-01  0.3600776299E+01  0.3060637733E+00
  0.6904040654E-01  0.3586762470E+01  0.3085449262E+00
  0.6973778439E-01  0.3572588086E+01  0.3110413125E+00
  0.7044220645E-01  0.3558402327E+01  0.3135529260E+00
  0.7115374389E-01  0.3544463334E+01  0.3160799034E+00
  0.7187246858E-01  0.3530366289E+01  0.3186223307E+00
  0.7259845311E-01  0.3515879862E+01  0.3211800636E+00
  0.7333177082E-01  0.3501114226E+01  0.3237529066E+00
  0.7407249577E-01  0.3485582897E+01  0.3263405171E+00
  0.7482070280E-01  0.3469763695E+01  0.3289425367E+00
  0.7557646748E-01  0.3454003973E+01  0.3315589062E+00
  0.7633986614E-01  0.3438428067E+01  0.3341897429E+00
  0.7711097590E-01  0.3422468087E+01  0.3368349949E+00
  0.7788987464E-01  0.3406507721E+01  0.3394945352E+00
  0.7867664105E-01  0.3390860136E+01  0.3421685056E+00
  0.7947135460E-01  0.3374783155E+01  0.3448568798E+00
  0.8027409556E-01  0.3358448876E+01  0.3475594003E+00
  0.8108494501E-01  0.3342151053E+01  0.3502759892E+00
  0.8190398485E-01  0.3326287049E+01  0.3530068475E+00
  0.8273129783E-01  0.3309966166E+01  0.3557519767E+00
  0.8356696751E-01  0.3293373167E+01  0.3585110819E+00
  0.8441107829E-01  0.3276714115E+01  0.3612840226E+00
  0.8526371544E-01  0.3259875430E+01  0.3640706922E+00
  0.8612496510E-01  0.3243614080E+01  0.3668712562E+00
  0.8699491424E-01  0.3227706224E+01  0.3696861160E+00
  0.8787365075E-01  0.3211609083E+01  0.3725153467E+00
  0.8876126338E-01  0.3196103253E+01  0.3753591299E+00
  0.8965784180E-01  0.3180681157E+01  0.3782177736E+00
  0.9056347656E-01  0.3165389385E+01  0.3810913846E+00
  0.9147825915E-01  0.3150807165E+01  0.3839803580E+00
  0.9240228197E-01  0.3136229355E+01  0.3868850406E+00
  0.9333563836E-01  0.3121605761E+01  0.3898054357E+00
  0.9427842258E-01  0.3106939353E+01  0.3927415228E+00
  0.9523072988E-01  0.3091840494E+01  0.3956930944E+00
  0.9619265645E-01  0.3076265365E+01  0.3986597269E+00
  0.9716429944E-01  0.3060594218E+01  0.4016411452E+00
  0.9814575701E-01  0.3043721470E+01  0.4046367086E+00
  0.9913712829E-01  0.3026986243E+01  0.4076458712E+00
  0.1001385134E+00  0.3009897897E+01  0.4106684943E+00
  0.1011500136E+00  0.2993938515E+01  0.4137049349E+00
  0.1021717309E+00  0.2979360985E+01  0.4167564467E+00
  0.1032037686E+00  0.2965012890E+01  0.4198238556E+00
  0.1042462309E+00  0.2950381811E+01  0.4229071436E+00
  0.1052992231E+00  0.2935463692E+01  0.4260060184E+00
  0.1063628516E+00  0.2920585267E+01  0.4291203487E+00
  0.1074372239E+00  0.2906354229E+01  0.4322504998E+00
  0.1085224483E+00  0.2892075386E+01  0.4353967986E+00
  0.1096186347E+00  0.2876851580E+01  0.4385587081E+00
  0.1107258936E+00  0.2860675852E+01  0.4417351724E+00
  0.1118443370E+00  0.2844068011E+01  0.4449253889E+00
  0.1129740778E+00  0.2828572121E+01  0.4481296953E+00
  0.1141152301E+00  0.2813518865E+01  0.4513489379E+00
  0.1152679092E+00  0.2797581733E+01  0.4545828370E+00
  0.1164322315E+00  0.2780390139E+01  0.4578301156E+00
  0.1176083146E+00  0.2760640871E+01  0.4610884722E+00
  0.1187962774E+00  0.2738317531E+01  0.4643547511E+00
  0.1199962398E+00  0.2713821317E+01  0.4676259319E+00
  0.1212083230E+00  0.2688311430E+01  0.4708998492E+00
  0.1224326495E+00  0.2663446971E+01  0.4741759990E+00
  0.1236693429E+00  0.2638485475E+01  0.4774544315E+00
  0.1249185282E+00  0.2613459212E+01  0.4807347575E+00
  0.1261803315E+00  0.2588634023E+01  0.4840167667E+00
  0.1274548803E+00  0.2563017401E+01  0.4872997823E+00
  0.1287423034E+00  0.2537223737E+01  0.4905828663E+00
  0.1300427307E+00  0.2511134190E+01  0.4938653775E+00
  0.1313562936E+00  0.2483972571E+01  0.4971460711E+00
  0.1326831249E+00  0.2458053907E+01  0.5004246887E+00
  0.1340233585E+00  0.2431198487E+01  0.5037010588E+00
  0.1353771298E+00  0.2403570179E+01  0.5069736443E+00
  0.1367445755E+00  0.2376082607E+01  0.5102416023E+00
  0.1381258338E+00  0.2348668143E+01  0.5135046530E+00
  0.1395210443E+00  0.2322959106E+01  0.5167636045E+00
  0.1409303478E+00  0.2297433531E+01  0.5200193722E+00
  0.1423538866E+00  0.2271245130E+01  0.5232712181E+00
  0.1437918047E+00  0.2241954438E+01  0.5265160236E+00
  0.1452442472E+00  0.2211199522E+01  0.5297499986E+00
  0.1467113608E+00  0.2179035580E+01  0.5329704854E+00
  0.1481932937E+00  0.2145306540E+01  0.5361746779E+00
  0.1496901957E+00  0.2110772726E+01  0.5393601446E+00
  0.1512022178E+00  0.2070840329E+01  0.5425214905E+00
  0.1527295130E+00  0.2030814941E+01  0.5456537095E+00
  0.1542722353E+00  0.1989981367E+01  0.5487551957E+00
  0.1558305407E+00  0.1949523917E+01  0.5518246719E+00
  0.1574045866E+00  0.1912582869E+01  0.5548642385E+00
  0.1589945319E+00  0.1876645706E+01  0.5578765716E+00
  0.1606005373E+00  0.1841429089E+01  0.5608621957E+00
  0.1622227649E+00  0.1806791861E+01  0.5638213181E+00
  0.1638613787E+00  0.1774863625E+01  0.5667557931E+00
  0.1655165442E+00  0.1744464272E+01  0.5696683281E+00
  0.1671884284E+00  0.1713858451E+01  0.5725592858E+00
  0.1688772004E+00  0.1684783422E+01  0.5754290514E+00
  0.1705830308E+00  0.1653919086E+01  0.5782766814E+00
  0.1723060917E+00  0.1622259026E+01  0.5810992086E+00
  0.1740465572E+00  0.1590566597E+01  0.5838951148E+00
  0.1758046033E+00  0.1558954274E+01  0.5866636161E+00
  0.1775804074E+00  0.1534220023E+01  0.5894100519E+00
  0.1793741488E+00  0.1512076856E+01  0.5921421864E+00
  0.1811860089E+00  0.1492295251E+01  0.5948639374E+00
  0.1830161706E+00  0.1475448513E+01  0.5975796629E+00
  0.1848648188E+00  0.1460027609E+01  0.6002929942E+00
  0.1867321402E+00  0.1446097443E+01  0.6030063290E+00
  0.1886183235E+00  0.1432985291E+01  0.6057215678E+00
  0.1905235591E+00  0.1420176544E+01  0.6084395405E+00
  0.1924480394E+00  0.1407497155E+01  0.6111604418E+00
  0.1943919590E+00  0.1395558721E+01  0.6138848994E+00
  0.1963555142E+00  0.1384420676E+01  0.6166142208E+00
  0.1983389032E+00  0.1368334676E+01  0.6193441132E+00
  0.2003423265E+00  0.1351625301E+01  0.6220687288E+00
  0.2023659863E+00  0.1338207671E+01  0.6247903823E+00
  0.2044100872E+00  0.1326578614E+01  0.6275139283E+00
  0.2064748356E+00  0.1313855523E+01  0.6302398443E+00
  0.2085604400E+00  0.1299022356E+01  0.6329645591E+00
  0.2106671111E+00  0.1284364130E+01  0.6356857319E+00
  0.2127950617E+00  0.1267877754E+01  0.6384012543E+00
  0.2149445068E+00  0.1248403761E+01  0.6411055587E+00
  0.2171156634E+00  0.1227347684E+01  0.6437931808E+00
  0.2193087509E+00  0.1205589355E+01  0.6464610027E+00
  0.2215239908E+00  0.1186030949E+01  0.6491100091E+00
  0.2237616069E+00  0.1166919475E+01  0.6517425089E+00
  0.2260218251E+00  0.1148711207E+01  0.6543594243E+00
  0.2283048739E+00  0.1129333472E+01  0.6569598678E+00
  0.2306109837E+00  0.1106350762E+01  0.6595377345E+00
  0.2329403876E+00  0.1086788892E+01  0.6620920885E+00
  0.2352933208E+00  0.1071722459E+01  0.6646315050E+00
  0.2376700210E+00  0.1058636806E+01  0.6671631177E+00
  0.2400707283E+00  0.1044914855E+01  0.6696881236E+00
  0.2424956851E+00  0.1031369915E+01  0.6722055741E+00
  0.2449451365E+00  0.1018692953E+01  0.6747163387E+00
  0.2474193298E+00  0.1009818144E+01  0.6772258030E+00
  0.2499185149E+00  0.9998619158E+00  0.6797370843E+00
  0.2524429444E+00  0.9912228484E+00  0.6822502608E+00
  0.2549928731E+00  0.9842832162E+00  0.6847689606E+00
  0.2575685587E+00  0.9791352595E+00  0.6872975349E+00
  0.2601702613E+00  0.9809899285E+00  0.6898473664E+00
  0.2627982438E+00  0.9877958631E+00  0.6924343336E+00
  0.2654527715E+00  0.9961460441E+00  0.6950675480E+00
  0.2681341126E+00  0.1004129473E+01  0.6977492585E+00
  0.2708425380E+00  0.1011628122E+01  0.7004790230E+00
  0.2735783212E+00  0.1013712044E+01  0.7032494688E+00
  0.2763417386E+00  0.1012710625E+01  0.7060493946E+00
  0.2791330693E+00  0.1006939582E+01  0.7088681504E+00
  0.2819525952E+00  0.9997623426E+00  0.7116971245E+00
  0.2848006012E+00  0.9933646881E+00  0.7145353434E+00
  0.2876773750E+00  0.9896590124E+00  0.7173876987E+00
  0.2905832071E+00  0.9858310057E+00  0.7202579198E+00
  0.2935183910E+00  0.9833833484E+00  0.7231479229E+00
  0.2964832232E+00  0.9793524849E+00  0.7260575142E+00
  0.2994780032E+00  0.9752038839E+00  0.7289842474E+00
  0.3025030336E+00  0.9661364695E+00  0.7319205541E+00
  0.3055586198E+00  0.9508385291E+00  0.7348492953E+00
  0.3086450705E+00  0.9374094054E+00  0.7377632873E+00
  0.3117626974E+00  0.9290455316E+00  0.7406727425E+00
  0.3149118156E+00  0.9186155435E+00  0.7435819940E+00
  0.3180927430E+00  0.9109012126E+00  0.7464917740E+00
  0.3213058010E+00  0.9033571169E+00  0.7494064326E+00
  0.3245513142E+00  0.8953894827E+00  0.7523253605E+00
  0.3278296103E+00  0.8884489714E+00  0.7552493358E+00
  0.3311410205E+00  0.8840518516E+00  0.7581840745E+00
  0.3344858793E+00  0.8743951234E+00  0.7611249529E+00
  0.3378645245E+00  0.8587244381E+00  0.7640527510E+00
  0.3412772975E+00  0.8360841254E+00  0.7669447494E+00
  0.3447245429E+00  0.8066802923E+00  0.7697762555E+00
  0.3482066090E+00  0.7681129402E+00  0.7725180225E+00
  0.3517238475E+00  0.7283807419E+00  0.7751497851E+00
  0.3552766136E+00  0.6879707539E+00  0.7776657679E+00
  0.3588652663E+00  0.6463978210E+00  0.7800600606E+00
  0.3624901680E+00  0.6080119711E+00  0.7823336167E+00
  0.3661516848E+00  0.5776762396E+00  0.7845043254E+00
  0.3698501867E+00  0.5583049374E+00  0.7866050396E+00
  0.3735860472E+00  0.5395367836E+00  0.7886557314E+00
  0.3773596436E+00  0.5255105846E+00  0.7906652608E+00
  0.3811713572E+00  0.5105402087E+00  0.7926398253E+00
  0.3850215729E+00  0.4988152954E+00  0.7945829435E+00
  0.3889106797E+00  0.4911490831E+00  0.7965079821E+00
  0.3928390704E+00  0.4750190167E+00  0.7984057250E+00
  0.3968071418E+00  0.4490886342E+00  0.8002391875E+00
  0.4008152948E+00  0.4146995140E+00  0.8019702851E+00
  0.4048639341E+00  0.3768489320E+00  0.8035726321E+00
  0.4089534688E+00  0.3439876430E+00  0.8050465752E+00
  0.4130843119E+00  0.3138456132E+00  0.8064052782E+00
  0.4172568807E+00  0.2906482206E+00  0.8076664243E+00
  0.4214715967E+00  0.2558075065E+00  0.8088180021E+00
  0.4257288855E+00  0.2190532066E+00  0.8098288117E+00
  0.4300291773E+00  0.1770258850E+00  0.8106804396E+00
  0.4343729064E+00  0.1251967184E+00  0.8113368261E+00
  0.4387605115E+00  0.6952968787E-01  0.8117640174E+00
  0.4431924359E+00  0.1902887114E-01  0.8119602598E+00
  0.4476691271E+00 -0.2656457531E-01  0.8119433923E+00
  0.4521910375E+00 -0.6544046338E-01  0.8117353730E+00
  0.4567586237E+00 -0.1001955867E+00  0.8113570946E+00
  0.4613723472E+00 -0.1339577121E+00  0.8108169353E+00
  0.4660326740E+00 -0.1739556981E+00  0.8100994467E+00
  0.4707400747E+00 -0.2131163055E+00  0.8091883952E+00
  0.4754950250E+00 -0.2430868954E+00  0.8081037835E+00
  0.4802980050E+00 -0.2673076080E+00  0.8068780761E+00
  0.4851495000E+00 -0.2855025456E+00  0.8055370983E+00
  0.4900500000E+00 -0.3023978202E+00  0.8040965954E+00
  0.4950000000E+00 -0.3218303655E+00  0.8025516307E+00
  0.5000000000E+00 -0.3428081548E+00  0.8008595526E+00
  0.5050000000E+00 -0.3584645668E+00  0.7991063708E+00
  0.5099500000E+00 -0.3749313131E+00  0.7972912160E+00
  0.5148505000E+00 -0.3928738704E+00  0.7954099013E+00
  0.5197019950E+00 -0.4213402119E+00  0.7934348236E+00
  0.5245049750E+00 -0.4509468403E+00  0.7913400349E+00
  0.5292599253E+00 -0.4722228701E+00  0.7891452219E+00
  0.5339673260E+00 -0.4911851156E+00  0.7868776482E+00
  0.5386276528E+00 -0.5147102946E+00  0.7845337475E+00
  0.5432413763E+00 -0.5449339271E+00  0.7820892948E+00
  0.5478089625E+00 -0.5692118791E+00  0.7795448163E+00
  0.5523308729E+00 -0.5937772272E+00  0.7769153500E+00
  0.5568075641E+00 -0.6176316404E+00  0.7742037983E+00
  0.5612394885E+00 -0.6440910440E+00  0.7714078685E+00
  0.5656270936E+00 -0.6635536188E+00  0.7685391543E+00
  0.5699708227E+00 -0.6808885258E+00  0.7656192081E+00
  0.5742711145E+00 -0.6932382522E+00  0.7626646351E+00
  0.5785284033E+00 -0.7019611536E+00  0.7596947516E+00
  0.5827431193E+00 -0.6985606490E+00  0.7567433508E+00
  0.5869156881E+00 -0.6867062756E+00  0.7538532901E+00
  0.5910465312E+00 -0.6675241108E+00  0.7510562334E+00
  0.5951360659E+00 -0.6407866933E+00  0.7483810422E+00
  0.5991847052E+00 -0.6112035886E+00  0.7458466137E+00
  0.6031928582E+00 -0.5878085413E+00  0.7434437017E+00
  0.6071609296E+00 -0.5790538169E+00  0.7411286051E+00
  0.6110893203E+00 -0.5797141995E+00  0.7388525583E+00
  0.6149784271E+00 -0.5892667492E+00  0.7365794124E+00
  0.6188286428E+00 -0.6078886919E+00  0.7342747591E+00
  0.6226403564E+00 -0.6275705032E+00  0.7319201508E+00
  0.6264139528E+00 -0.6439469666E+00  0.7295210539E+00
  0.6301498133E+00 -0.6623286679E+00  0.7270810221E+00
  0.6338483152E+00 -0.6632496765E+00  0.7246296952E+00
  0.6375098320E+00 -0.6585041556E+00  0.7222098832E+00
  0.6411347337E+00 -0.6577902611E+00  0.7198241643E+00
  0.6447233864E+00 -0.6623504326E+00  0.7174554011E+00
  0.6482761525E+00 -0.6735648513E+00  0.7150823038E+00
  0.6517933910E+00 -0.6847267957E+00  0.7126935860E+00
  0.6552754571E+00 -0.6910809180E+00  0.7102982593E+00
  0.6587227025E+00 -0.6911828692E+00  0.7079157580E+00
  0.6621354755E+00 -0.6904177972E+00  0.7055582133E+00
  0.6655141207E+00 -0.6882465423E+00  0.7032292044E+00
  0.6688589795E+00 -0.6855850169E+00  0.7009315681E+00
  0.6721703897E+00 -0.6840047471E+00  0.6986639314E+00
  0.6754486858E+00 -0.6881732234E+00  0.6964147285E+00
  0.6786941990E+00 -0.6897670655E+00  0.6941786669E+00
  0.6819072570E+00 -0.6861990507E+00  0.6919681374E+00
  0.6850881844E+00 -0.6812128533E+00  0.6897933184E+00
  0.6882373026E+00 -0.6774180361E+00  0.6876540738E+00
  0.6913549295E+00 -0.6666250430E+00  0.6855589613E+00
  0.6944413802E+00 -0.6579668109E+00  0.6835148176E+00
  0.6974969664E+00 -0.6565404021E+00  0.6815065225E+00
  0.7005219968E+00 -0.6582353736E+00  0.6795179042E+00
  0.7035167768E+00 -0.6630578654E+00  0.6775394129E+00
  0.7064816090E+00 -0.6681456741E+00  0.6755660153E+00
  0.7094167929E+00 -0.6770720239E+00  0.6735917847E+00
  0.7123226250E+00 -0.6881411709E+00  0.6716082445E+00
  0.7151993988E+00 -0.6998952570E+00  0.6696117111E+00
  0.7180474048E+00 -0.7069156115E+00  0.6676084082E+00
  0.7208669307E+00 -0.7124905845E+00  0.6656073819E+00
  0.7236582614E+00 -0.7179116144E+00  0.6636110192E+00
  0.7264216788E+00 -0.7260627392E+00  0.6616158672E+00
  0.7291574620E+00 -0.7337589193E+00  0.6596189894E+00
  0.7318658874E+00 -0.7430904133E+00  0.6576190213E+00
  0.7345472285E+00 -0.7540330335E+00  0.6556118720E+00
  0.7372017562E+00 -0.7666586235E+00  0.6535935129E+00
  0.7398297387E+00 -0.7876531314E+00  0.6515511609E+00
  0.7424314413E+00 -0.8122802727E+00  0.6494698855E+00
  0.7450071269E+00 -0.8381046723E+00  0.6473444491E+00
  0.7475570556E+00 -0.8643562457E+00  0.6451738721E+00
  0.7500814851E+00 -0.8862986609E+00  0.6429641697E+00
  0.7525806702E+00 -0.9046745611E+00  0.6407261829E+00
  0.7550548635E+00 -0.9205125690E+00  0.6384682500E+00
  0.7575043149E+00 -0.9344926937E+00  0.6361963774E+00
  0.7599292717E+00 -0.9475748727E+00  0.6339144111E+00
  0.7623299790E+00 -0.9590254796E+00  0.6316258164E+00
  0.7647066792E+00 -0.9703380501E+00  0.6293330571E+00
  0.7670596124E+00 -0.9850018663E+00  0.6270326649E+00
  0.7693890163E+00 -0.1000792995E+01  0.6247198058E+00
  0.7716951261E+00 -0.1015444537E+01  0.6223949732E+00
  0.7739781749E+00 -0.1033424843E+01  0.6200561389E+00
  0.7762383931E+00 -0.1049506832E+01  0.6177021988E+00
  0.7784760092E+00 -0.1062838085E+01  0.6153388903E+00
  0.7806912491E+00 -0.1075218556E+01  0.6129707361E+00
  0.7828843366E+00 -0.1088572922E+01  0.6105980441E+00
  0.7850554932E+00 -0.1097843829E+01  0.6082245175E+00
  0.7872049383E+00 -0.1106251404E+01  0.6058557267E+00
  0.7893328889E+00 -0.1120365760E+01  0.6034866610E+00
  0.7914395600E+00 -0.1134385004E+01  0.6011116518E+00
  0.7935251644E+00 -0.1147972444E+01  0.5987316045E+00
  0.7955899128E+00 -0.1160932767E+01  0.5963479504E+00
  0.7976340137E+00 -0.1171466824E+01  0.5939641203E+00
  0.7996576735E+00 -0.1188004020E+01  0.5915767371E+00
  0.8016610968E+00 -0.1204827961E+01  0.5891798095E+00
  0.8036444858E+00 -0.1221084028E+01  0.5867740459E+00
  0.8056080410E+00 -0.1234408920E+01  0.5843632980E+00
  0.8075519606E+00 -0.1248036155E+01  0.5819504612E+00
  0.8094764409E+00 -0.1261186414E+01  0.5795359863E+00
  0.8113816765E+00 -0.1273974419E+01  0.5771209470E+00
  0.8132678598E+00 -0.1287277606E+01  0.5747054517E+00
  0.8151351812E+00 -0.1301180154E+01  0.5722887104E+00
  0.8169838294E+00 -0.1316410645E+01  0.5698692082E+00
  0.8188139911E+00 -0.1329051308E+01  0.5674483966E+00
  0.8206258512E+00 -0.1341996957E+01  0.5650286137E+00
  0.8224195926E+00 -0.1356152921E+01  0.5626087220E+00
  0.8241953967E+00 -0.1372157636E+01  0.5601862495E+00
  0.8259534428E+00 -0.1391109198E+01  0.5577572744E+00
  0.8276939083E+00 -0.1411428823E+01  0.5553184139E+00
  0.8294169692E+00 -0.1433304716E+01  0.5528675893E+00
  0.8311227996E+00 -0.1456023080E+01  0.5504032379E+00
  0.8328115716E+00 -0.1477999259E+01  0.5479257905E+00
  0.8344834558E+00 -0.1499717658E+01  0.5454365914E+00
  0.8361386213E+00 -0.1520738663E+01  0.5429369139E+00
  0.8377772351E+00 -0.1543121604E+01  0.5404266721E+00
  0.8393994627E+00 -0.1566337060E+01  0.5379045472E+00
  0.8410054681E+00 -0.1587937531E+01  0.5353716562E+00
  0.8425954134E+00 -0.1608860600E+01  0.5328302891E+00
  0.8441694593E+00 -0.1631227939E+01  0.5302802651E+00
  0.8457277647E+00 -0.1654906785E+01  0.5277198644E+00
  0.8472704870E+00 -0.1677881088E+01  0.5251490812E+00
  0.8487977822E+00 -0.1701439112E+01  0.5225684716E+00
  0.8503098043E+00 -0.1724857256E+01  0.5199781535E+00
  0.8518067063E+00 -0.1747850356E+01  0.5173790021E+00
  0.8532886392E+00 -0.1768396501E+01  0.5147735811E+00
  0.8547557528E+00 -0.1786498622E+01  0.5121658636E+00
  0.8562081953E+00 -0.1802993925E+01  0.5095590979E+00
  0.8576461134E+00 -0.1819212646E+01  0.5069548798E+00
  0.8590696522E+00 -0.1835793785E+01  0.5043533579E+00
  0.8604789557E+00 -0.1852194372E+01  0.5017546106E+00
  0.8618741662E+00 -0.1867794644E+01  0.4991595269E+00
  0.8632554245E+00 -0.1883794998E+01  0.4965685696E+00
  0.8646228702E+00 -0.1899841376E+01  0.4939816109E+00
  0.8659766415E+00 -0.1916358957E+01  0.4913984797E+00
  0.8673168751E+00 -0.1933091371E+01  0.4888188984E+00
  0.8686437064E+00 -0.1950528764E+01  0.4862424441E+00
  0.8699572693E+00 -0.1967982718E+01  0.4836688384E+00
  0.8712576966E+00 -0.1985560851E+01  0.4810981903E+00
  0.8725451197E+00 -0.2004324916E+01  0.4785298549E+00
  0.8738196685E+00 -0.2023997349E+01  0.4759627083E+00
  0.8750814718E+00 -0.2044150996E+01  0.4733961067E+00
  0.8763306571E+00 -0.2066023770E+01  0.4708289218E+00
  0.8775673505E+00 -0.2088880288E+01  0.4682597505E+00
  0.8787916770E+00 -0.2113501857E+01  0.4656872066E+00
  0.8800037602E+00 -0.2138781057E+01  0.4631101462E+00
  0.8812037226E+00 -0.2163455189E+01  0.4605288854E+00
  0.8823916854E+00 -0.2187753666E+01  0.4579443483E+00
  0.8835677685E+00 -0.2213175968E+01  0.4553564187E+00
  0.8847320908E+00 -0.2239304045E+01  0.4527643578E+00
  0.8858847699E+00 -0.2266017186E+01  0.4501677630E+00
  0.8870259222E+00 -0.2293208967E+01  0.4475663773E+00
  0.8881556630E+00 -0.2320771665E+01  0.4449600763E+00
  0.8892741064E+00 -0.2348144077E+01  0.4423491173E+00
  0.8903813653E+00 -0.2375743646E+01  0.4397338339E+00
  0.8914775517E+00 -0.2404163340E+01  0.4371139995E+00
  0.8925627761E+00 -0.2432824525E+01  0.4344893907E+00
  0.8936371484E+00 -0.2461706476E+01  0.4318601166E+00
  0.8947007769E+00 -0.2490544428E+01  0.4292264389E+00
  0.8957537691E+00 -0.2518723203E+01  0.4265890790E+00
  0.8967962314E+00 -0.2547137073E+01  0.4239485948E+00
  0.8978282691E+00 -0.2576039102E+01  0.4213049393E+00
  0.8988499864E+00 -0.2606247130E+01  0.4186575236E+00
  0.8998614866E+00 -0.2637020515E+01  0.4160057406E+00
  0.9008628717E+00 -0.2668797219E+01  0.4133491571E+00
  0.9018542430E+00 -0.2700940080E+01  0.4106874554E+00
  0.9028357006E+00 -0.2732081310E+01  0.4080213154E+00
  0.9038073436E+00 -0.2762951513E+01  0.4053517104E+00
  0.9047692701E+00 -0.2794388274E+01  0.4026788340E+00
  0.9057215774E+00 -0.2825714798E+01  0.4000028014E+00
  0.9066643616E+00 -0.2857562068E+01  0.3973237495E+00
  0.9075977180E+00 -0.2889557654E+01  0.3946416940E+00
  0.9085217408E+00 -0.2921557375E+01  0.3919568926E+00
  0.9094365234E+00 -0.2953175544E+01  0.3892698409E+00
  0.9103421582E+00 -0.2984645302E+01  0.3865810924E+00
  0.9112387366E+00 -0.3015527964E+01  0.3838912795E+00
  0.9121263493E+00 -0.3046213918E+01  0.3812010401E+00
  0.9130050858E+00 -0.3076370809E+01  0.3785109708E+00
  0.9138750349E+00 -0.3105943240E+01  0.3758218214E+00
  0.9147362846E+00 -0.3134702774E+01  0.3731344443E+00
  0.9155889217E+00 -0.3162675762E+01  0.3704497548E+00
  0.9164330325E+00 -0.3189995192E+01  0.3677685758E+00
  0.9172687022E+00 -0.3216403755E+01  0.3650917591E+00
  0.9180960151E+00 -0.3242023850E+01  0.3624201886E+00
  0.9189150550E+00 -0.3267863754E+01  0.3597542600E+00
  0.9197259044E+00 -0.3292951825E+01  0.3570943431E+00
  0.9205286454E+00 -0.3317340595E+01  0.3544411669E+00
  0.9213233589E+00 -0.3341088909E+01  0.3517953948E+00
  0.9221101254E+00 -0.3364260391E+01  0.3491576230E+00
  0.9228890241E+00 -0.3386920311E+01  0.3465283799E+00
  0.9236601339E+00 -0.3409088003E+01  0.3439081458E+00
  0.9244235325E+00 -0.3430883033E+01  0.3412973334E+00
  0.9251792972E+00 -0.3452318989E+01  0.3386962929E+00
  0.9259275042E+00 -0.3473359842E+01  0.3361053721E+00
  0.9266682292E+00 -0.3493999946E+01  0.3335249235E+00
  0.9274015469E+00 -0.3514566384E+01  0.3309551706E+00
  0.9281275314E+00 -0.3535109048E+01  0.3283961929E+00
  0.9288462561E+00 -0.3555506722E+01  0.3258480926E+00
  0.9295577935E+00 -0.3575764228E+01  0.3233110095E+00
  0.9302622156E+00 -0.3596102245E+01  0.3207849990E+00
  0.9309595935E+00 -0.3616542735E+01  0.3182700296E+00
  0.9316499975E+00 -0.3637099948E+01  0.3157660574E+00
  0.9323334975E+00 -0.3657780675E+01  0.3132730319E+00
  0.9330101626E+00 -0.3678142464E+01  0.3107910506E+00
  0.9336800609E+00 -0.3698060566E+01  0.3083203974E+00
  0.9343432603E+00 -0.3718267354E+01  0.3058611453E+00
  0.9349998277E+00 -0.3738606051E+01  0.3034131753E+00
  0.9356498295E+00 -0.3759116158E+01  0.3009764091E+00
  0.9362933312E+00 -0.3779765392E+01  0.2985507676E+00
  0.9369303978E+00 -0.3800464298E+01  0.2961362116E+00
  0.9375610939E+00 -0.3821031681E+01  0.2937327880E+00
  0.9381854829E+00 -0.3841398308E+01  0.2913406193E+00
  0.9388036281E+00 -0.3861729176E+01  0.2889597938E+00
  0.9394155918E+00 -0.3882228478E+01  0.2865902832E+00
  0.9400214359E+00 -0.3902339392E+01  0.2842321660E+00
  0.9406212215E+00 -0.3922242622E+01  0.2818856301E+00
  0.9412150093E+00 -0.3941899206E+01  0.2795508144E+00
  0.9418028592E+00 -0.3962027845E+01  0.2772276530E+00
  0.9423848306E+00 -0.3982042738E+01  0.2749160420E+00
  0.9429609823E+00 -0.4001787117E+01  0.2726160935E+00
  0.9435313725E+00 -0.4021398977E+01  0.2703279202E+00
  0.9440960588E+00 -0.4040784419E+01  0.2680516181E+00
  0.9446550982E+00 -0.4059832848E+01  0.2657873359E+00
  0.9452085472E+00 -0.4078567086E+01  0.2635352412E+00
  0.9457564617E+00 -0.4097023277E+01  0.2612954788E+00
  0.9462988971E+00 -0.4115093114E+01  0.2590682076E+00
  0.9468359082E+00 -0.4132688778E+01  0.2568536326E+00
  0.9473675491E+00 -0.4149848800E+01  0.2546519647E+00
  0.9478938736E+00 -0.4166675063E+01  0.2524633695E+00
  0.9484149348E+00 -0.4183200847E+01  0.2502879711E+00
  0.9489307855E+00 -0.4199200124E+01  0.2481259376E+00
  0.9494414776E+00 -0.4214667417E+01  0.2459774896E+00
  0.9499470629E+00 -0.4229244402E+01  0.2438429310E+00
  0.9504475922E+00 -0.4243467139E+01  0.2417225105E+00
  0.9509431163E+00 -0.4257346553E+01  0.2396163316E+00
  0.9514336852E+00 -0.4270894990E+01  0.2375244868E+00
  0.9519193483E+00 -0.4283988399E+01  0.2354470910E+00
  0.9524001548E+00 -0.4296591726E+01  0.2333842916E+00
  0.9528761533E+00 -0.4308918271E+01  0.2313361869E+00
  0.9533473917E+00 -0.4320983968E+01  0.2293028160E+00
  0.9538139178E+00 -0.4332805050E+01  0.2272842068E+00
  0.9542757786E+00 -0.4344376764E+01  0.2252803816E+00
  0.9547330209E+00 -0.4355649056E+01  0.2232913721E+00
  0.9551856906E+00 -0.4366723336E+01  0.2213171949E+00
  0.9556338337E+00 -0.4377865665E+01  0.2193577813E+00
  0.9560774954E+00 -0.4388914291E+01  0.2174130392E+00
  0.9565167205E+00 -0.4399944394E+01  0.2154828958E+00
  0.9569515532E+00 -0.4410830899E+01  0.2135672887E+00
  0.9573820377E+00 -0.4421586652E+01  0.2116661795E+00
  0.9578082173E+00 -0.4432223731E+01  0.2097795227E+00
  0.9582301352E+00 -0.4442753393E+01  0.2079072671E+00
  0.9586478338E+00 -0.4453229354E+01  0.2060493472E+00
  0.9590613555E+00 -0.4463655000E+01  0.2042056847E+00
  0.9594707419E+00 -0.4473943672E+01  0.2023762189E+00
  0.9598760345E+00 -0.4484110604E+01  0.2005609024E+00
  0.9602772742E+00 -0.4494142066E+01  0.1987596869E+00
  0.9606745014E+00 -0.4503834995E+01  0.1969725660E+00
  0.9610677564E+00 -0.4513323768E+01  0.1951995447E+00
  0.9614570788E+00 -0.4522721013E+01  0.1934405772E+00
  0.9618425080E+00 -0.4532086620E+01  0.1916955835E+00
  0.9622240830E+00 -0.4541518839E+01  0.1899644534E+00
  0.9626018421E+00 -0.4550937840E+01  0.1882470739E+00
  0.9629758237E+00 -0.4560344068E+01  0.1865433482E+00
  0.9633460655E+00 -0.4569737309E+01  0.1848531794E+00
  0.9637126048E+00 -0.4579184726E+01  0.1831764595E+00
  0.9640754788E+00 -0.4588702478E+01  0.1815130658E+00
  0.9644347240E+00 -0.4598206857E+01  0.1798628892E+00
  0.9647903767E+00 -0.4607719056E+01  0.1782258327E+00
  0.9651424730E+00 -0.4617379079E+01  0.1766017715E+00
  0.9654910483E+00 -0.4626979534E+01  0.1749905941E+00
  0.9658361378E+00 -0.4636264329E+01  0.1733922700E+00
  0.9661777764E+00 -0.4645325592E+01  0.1718067952E+00
  0.9665159986E+00 -0.4654419711E+01  0.1702341048E+00
  0.9668508386E+00 -0.4663479450E+01  0.1686741021E+00
  0.9671823303E+00 -0.4672500579E+01  0.1671267026E+00
  0.9675105070E+00 -0.4681478824E+01  0.1655918235E+00
  0.9678354019E+00 -0.4690404162E+01  0.1640693849E+00
  0.9681570479E+00 -0.4699133565E+01  0.1625593313E+00
  0.9684754774E+00 -0.4707813716E+01  0.1610616065E+00
  0.9687907226E+00 -0.4716420348E+01  0.1595761341E+00
  0.9691028154E+00 -0.4724967555E+01  0.1581028396E+00
  0.9694117872E+00 -0.4733446846E+01  0.1566416477E+00
  0.9697176694E+00 -0.4741845476E+01  0.1551924864E+00
  0.9700204927E+00 -0.4750155465E+01  0.1537552869E+00
  0.9703202877E+00 -0.4758393888E+01  0.1523299788E+00
  0.9706170849E+00 -0.4766553121E+01  0.1509164903E+00
  0.9709109140E+00 -0.4774630364E+01  0.1495147514E+00
  0.9712018049E+00 -0.4782623019E+01  0.1481246926E+00
  0.9714897868E+00 -0.4790528700E+01  0.1467462451E+00
  0.9717748890E+00 -0.4798345237E+01  0.1453793409E+00
  0.9720571401E+00 -0.4806070677E+01  0.1440239124E+00
  0.9723365687E+00 -0.4813591386E+01  0.1426799081E+00
  0.9726132030E+00 -0.4821013643E+01  0.1413472769E+00
  0.9728870709E+00 -0.4828344053E+01  0.1400259519E+00
  0.9731582002E+00 -0.4835557895E+01  0.1387158684E+00
  0.9734266182E+00 -0.4842575193E+01  0.1374169759E+00
  0.9736923521E+00 -0.4849434507E+01  0.1361292285E+00
  0.9739554285E+00 -0.4856204266E+01  0.1348525659E+00
  0.9742158742E+00 -0.4862884201E+01  0.1335869184E+00
  0.9744737155E+00 -0.4869490195E+01  0.1323322146E+00
  0.9747289784E+00 -0.4876012779E+01  0.1310883822E+00
  0.9749816886E+00 -0.4882570861E+01  0.1298553353E+00
  0.9752318717E+00 -0.4889035706E+01  0.1286329898E+00
  0.9754795530E+00 -0.4895407750E+01  0.1274212780E+00
  0.9757247574E+00 -0.4901687559E+01  0.1262201323E+00
  0.9759675099E+00 -0.4907736217E+01  0.1250295015E+00
  0.9762078348E+00 -0.4913741110E+01  0.1238493288E+00
  0.9764457564E+00 -0.4919715426E+01  0.1226795327E+00
  0.9766812989E+00 -0.4925604904E+01  0.1215200373E+00
  0.9769144859E+00 -0.4931410908E+01  0.1203707733E+00
  0.9771453410E+00 -0.4937133286E+01  0.1192316712E+00
  0.9773738876E+00 -0.4942774362E+01  0.1181026616E+00
  0.9776001487E+00 -0.4948334930E+01  0.1169836748E+00
  0.9778241472E+00 -0.4953816246E+01  0.1158746412E+00
  0.9780459058E+00 -0.4959301819E+01  0.1147754820E+00
  0.9782654467E+00 -0.4964753847E+01  0.1136861137E+00
  0.9784827922E+00 -0.4970126613E+01  0.1126064628E+00
  0.9786979643E+00 -0.4975387496E+01  0.1115364643E+00
  0.9789109847E+00 -0.4980538531E+01  0.1104760569E+00
  0.9791218748E+00 -0.4985591641E+01  0.1094251775E+00
  0.9793306561E+00 -0.4990551204E+01  0.1083837617E+00
  0.9795373495E+00 -0.4995419397E+01  0.1073517444E+00
  0.9797419760E+00 -0.5000221277E+01  0.1063290579E+00
  0.9799445563E+00 -0.5004958541E+01  0.1053156320E+00
  0.9801451107E+00 -0.5009632703E+01  0.1043113967E+00
  0.9803436596E+00 -0.5014167502E+01  0.1033162895E+00
  0.9805402230E+00 -0.5018629092E+01  0.1023302491E+00
  0.9807348208E+00 -0.5022968479E+01  0.1013532129E+00
  0.9809274726E+00 -0.5027254389E+01  0.1003851162E+00
  0.9811181978E+00 -0.5031488297E+01  0.9942588795E-01
  0.9813070158E+00 -0.5035671659E+01  0.9847545733E-01
  0.9814939457E+00 -0.5039805905E+01  0.9753375362E-01
  0.9816790062E+00 -0.5043892440E+01  0.9660070627E-01
  0.9818622162E+00 -0.5047932641E+01  0.9567624495E-01
  0.9820435940E+00 -0.5051927855E+01  0.9476029952E-01
  0.9822231581E+00 -0.5055879399E+01  0.9385280007E-01
  0.9824009265E+00 -0.5059788556E+01  0.9295367692E-01
  0.9825769172E+00 -0.5063658957E+01  0.9206286043E-01
  0.9827511481E+00 -0.5067522228E+01  0.9118027839E-01
  0.9829236366E+00 -0.5071346600E+01  0.9030585915E-01
  0.9830944002E+00 -0.5075153417E+01  0.8943953254E-01
  0.9832634562E+00 -0.5078928445E+01  0.8858122832E-01
  0.9834308216E+00 -0.5082667043E+01  0.8773087838E-01
  0.9835965134E+00 -0.5086370231E+01  0.8688841542E-01
  0.9837605483E+00 -0.5090038993E+01  0.8605377246E-01
  0.9839229428E+00 -0.5093674279E+01  0.8522688286E-01
  0.9840837134E+00 -0.5097277003E+01  0.8440768033E-01
  0.9842428762E+00 -0.5100908149E+01  0.8359609414E-01
  0.9844004475E+00 -0.5104515978E+01  0.8279205348E-01
  0.9845564430E+00 -0.5108092361E+01  0.8199549288E-01
  0.9847108786E+00 -0.5111638072E+01  0.8120634794E-01
  0.9848637698E+00 -0.5115153851E+01  0.8042455462E-01
  0.9850151321E+00 -0.5118640409E+01  0.7965004929E-01
  0.9851649808E+00 -0.5122096372E+01  0.7888276885E-01
  0.9853133310E+00 -0.5125495632E+01  0.7812265273E-01
  0.9854601977E+00 -0.5128915266E+01  0.7736963703E-01
  0.9856055957E+00 -0.5132313238E+01  0.7662365586E-01
  0.9857495397E+00 -0.5135684659E+01  0.7588464730E-01
  0.9858920443E+00 -0.5139018120E+01  0.7515255108E-01
  0.9860331239E+00 -0.5142267341E+01  0.7442731148E-01
  0.9861727926E+00 -0.5145493756E+01  0.7370887206E-01
  0.9863110647E+00 -0.5148715388E+01  0.7299717123E-01
  0.9864479541E+00 -0.5151876694E+01  0.7229215054E-01
  0.9865834745E+00 -0.5155016140E+01  0.7159375312E-01
  0.9867176398E+00 -0.5158134134E+01  0.7090191990E-01
  0.9868504634E+00 -0.5161195397E+01  0.7021659464E-01
  0.9869819588E+00 -0.5164238147E+01  0.6953772131E-01
  0.9871121392E+00 -0.5167261709E+01  0.6886524185E-01
  0.9872410178E+00 -0.5170256837E+01  0.6819909935E-01
  0.9873686076E+00 -0.5173223229E+01  0.6753923796E-01
  0.9874949215E+00 -0.5176172637E+01  0.6688560156E-01
  0.9876199723E+00 -0.5179124993E+01  0.6623813251E-01
  0.9877437726E+00 -0.5182059318E+01  0.6559677376E-01
  0.9878663349E+00 -0.5184975822E+01  0.6496147006E-01
  0.9879876715E+00 -0.5187874699E+01  0.6433216659E-01
  0.9881077948E+00 -0.5190756129E+01  0.6370880898E-01
  0.9882267168E+00 -0.5193664889E+01  0.6309134065E-01
  0.9883444497E+00 -0.5196559157E+01  0.6247970540E-01
  0.9884610052E+00 -0.5199435219E+01  0.6187385022E-01
  0.9885763951E+00 -0.5202297920E+01  0.6127372250E-01
  0.9886906312E+00 -0.5205149077E+01  0.6067926968E-01
  0.9888037249E+00 -0.5207981881E+01  0.6009043999E-01
  0.9889156876E+00 -0.5210796463E+01  0.5950718245E-01
  0.9890265307E+00 -0.5213592947E+01  0.5892944650E-01
  0.9891362654E+00 -0.5216381912E+01  0.5835718146E-01
  0.9892449028E+00 -0.5219163815E+01  0.5779033647E-01
  0.9893524538E+00 -0.5221927213E+01  0.5722886172E-01
  0.9894589292E+00 -0.5224672216E+01  0.5667270847E-01
  0.9895643399E+00 -0.5227398930E+01  0.5612182836E-01
  0.9896686965E+00 -0.5230107450E+01  0.5557617345E-01
  0.9897720096E+00 -0.5232797871E+01  0.5503569620E-01
  0.9898742895E+00 -0.5235470279E+01  0.5450034947E-01
  0.9899755466E+00 -0.5238124757E+01  0.5397008651E-01
  0.9900757911E+00 -0.5240761383E+01  0.5344486098E-01
  0.9901750332E+00 -0.5243369102E+01  0.5292462747E-01
  0.9902732829E+00 -0.5245949150E+01  0.5240934145E-01
  0.9903705500E+00 -0.5248512268E+01  0.5189895816E-01
  0.9904668445E+00 -0.5251058505E+01  0.5139343271E-01
  0.9905621761E+00 -0.5253586889E+01  0.5089272062E-01
  0.9906565543E+00 -0.5256081669E+01  0.5039677861E-01
  0.9907499888E+00 -0.5258560397E+01  0.4990556368E-01
  0.9908424889E+00 -0.5261029559E+01  0.4941903205E-01
  0.9909340640E+00 -0.5263473720E+01  0.4893714077E-01
  0.9910247234E+00 -0.5265902338E+01  0.4845984753E-01
  0.9911144761E+00 -0.5268316855E+01  0.4798710987E-01
  0.9912033314E+00 -0.5270715340E+01  0.4751888576E-01
  0.9912912981E+00 -0.5273097814E+01  0.4705513361E-01
  0.9913783851E+00 -0.5275464297E+01  0.4659581219E-01
  0.9914646012E+00 -0.5277814705E+01  0.4614088065E-01
  0.9915499552E+00 -0.5280136434E+01  0.4569029903E-01
  0.9916344557E+00 -0.5282442623E+01  0.4524402770E-01
  0.9917181111E+00 -0.5284733286E+01  0.4480202681E-01
  0.9918009300E+00 -0.5287008440E+01  0.4436425686E-01
  0.9918829207E+00 -0.5289268098E+01  0.4393067870E-01
  0.9919640915E+00 -0.5291512278E+01  0.4350125353E-01
  0.9920444506E+00 -0.5293740995E+01  0.4307594290E-01
  0.9921240061E+00 -0.5295954268E+01  0.4265470868E-01
  0.9922027660E+00 -0.5298152115E+01  0.4223751309E-01
  0.9922807383E+00 -0.5300338016E+01  0.4182431855E-01
  0.9923579310E+00 -0.5302516561E+01  0.4141508751E-01
  0.9924343516E+00 -0.5304679326E+01  0.4100978289E-01
  0.9925100081E+00 -0.5306826344E+01  0.4060836829E-01
  0.9925849081E+00 -0.5308957650E+01  0.4021080761E-01
  0.9926590590E+00 -0.5311073281E+01  0.3981706508E-01
  0.9927324684E+00 -0.5313174890E+01  0.3942710518E-01
  0.9928051437E+00 -0.5315267045E+01  0.3904089250E-01
  0.9928770923E+00 -0.5317343365E+01  0.3865839198E-01
  0.9929483213E+00 -0.5319403897E+01  0.3827956913E-01
  0.9930188381E+00 -0.5321448691E+01  0.3790438976E-01
  0.9930886497E+00 -0.5323477795E+01  0.3753281999E-01
  0.9931577632E+00 -0.5325490510E+01  0.3716482624E-01
  0.9932261856E+00 -0.5327485958E+01  0.3680037530E-01
  0.9932939238E+00 -0.5329465967E+01  0.3643943423E-01
  0.9933609845E+00 -0.5331430587E+01  0.3608197031E-01
  0.9934273747E+00 -0.5333379871E+01  0.3572795110E-01
  0.9934931009E+00 -0.5335313871E+01  0.3537734446E-01
  0.9935581699E+00 -0.5337232642E+01  0.3503011855E-01
  0.9936225882E+00 -0.5339136241E+01  0.3468624178E-01
  0.9936863623E+00 -0.5341024722E+01  0.3434568286E-01
  0.9937494987E+00 -0.5342900635E+01  0.3400841069E-01
  0.9938120037E+00 -0.5344765354E+01  0.3367439434E-01
  0.9938738837E+00 -0.5346614905E+01  0.3334360323E-01
  0.9939351449E+00 -0.5348449355E+01  0.3301600719E-01
  0.9939957934E+00 -0.5350268774E+01  0.3269157632E-01
  0.9940558355E+00 -0.5352073231E+01  0.3237028095E-01
  0.9941152771E+00 -0.5353862795E+01  0.3205209173E-01
  0.9941741243E+00 -0.5355637539E+01  0.3173697952E-01
  0.9942323831E+00 -0.5357397534E+01  0.3142491547E-01
  0.9942900593E+00 -0.5359142853E+01  0.3111587097E-01
  0.9943471587E+00 -0.5360873569E+01  0.3080981768E-01
  0.9944036871E+00 -0.5362589759E+01  0.3050672750E-01
  0.9944596502E+00 -0.5364291495E+01  0.3020657258E-01
  0.9945150537E+00 -0.5365978856E+01  0.2990932532E-01
  0.9945699032E+00 -0.5367651917E+01  0.2961495838E-01
  0.9946242041E+00 -0.5369310077E+01  0.2932344466E-01
  0.9946779621E+00 -0.5370951983E+01  0.2903475738E-01
  0.9947311825E+00 -0.5372579926E+01  0.2874886996E-01
  0.9947838707E+00 -0.5374193984E+01  0.2846575601E-01
  0.9948360320E+00 -0.5375794233E+01  0.2818538937E-01
  0.9948876716E+00 -0.5377380750E+01  0.2790774411E-01
  0.9949387949E+00 -0.5378953144E+01  0.2763279455E-01
  0.9949894070E+00 -0.5380511477E+01  0.2736051527E-01
  0.9950395129E+00 -0.5382056351E+01  0.2709088103E-01
  0.9950891178E+00 -0.5383587845E+01  0.2682386683E-01
  0.9951382266E+00 -0.5385106040E+01  0.2655944790E-01
  0.9951868443E+00 -0.5386611013E+01  0.2629759966E-01
  0.9952349759E+00 -0.5388102847E+01  0.2603829778E-01
  0.9952826261E+00 -0.5389581623E+01  0.2578151815E-01
  0.9953297999E+00 -0.5391047420E+01  0.2552723686E-01
  0.9953765019E+00 -0.5392500322E+01  0.2527543023E-01
  0.9954227368E+00 -0.5393940410E+01  0.2502607479E-01
  0.9954685095E+00 -0.5395367766E+01  0.2477914727E-01
  0.9955138244E+00 -0.5396782473E+01  0.2453462464E-01
  0.9955586861E+00 -0.5398184614E+01  0.2429248405E-01
  0.9956030993E+00 -0.5399574761E+01  0.2405270286E-01
  0.9956470683E+00 -0.5400953119E+01  0.2381525861E-01
  0.9956905976E+00 -0.5402319119E+01  0.2358012908E-01
  0.9957336916E+00 -0.5403672847E+01  0.2334729224E-01
  0.9957763547E+00 -0.5405014455E+01  0.2311672628E-01
  0.9958185912E+00 -0.5406344546E+01  0.2288840955E-01
  0.9958604053E+00 -0.5407662595E+01  0.2266232063E-01
  0.9959018012E+00 -0.5408968688E+01  0.2243843828E-01
  0.9959427832E+00 -0.5410262911E+01  0.2221674147E-01
  0.9959833554E+00 -0.5411545350E+01  0.2199720935E-01
  0.9960235218E+00 -0.5412816091E+01  0.2177982129E-01
  0.9960632866E+00 -0.5414075221E+01  0.2156455680E-01
  0.9961026537E+00 -0.5415322825E+01  0.2135139562E-01
  0.9961416272E+00 -0.5416558988E+01  0.2114031765E-01
  0.9961802109E+00 -0.5417783798E+01  0.2093130298E-01
  0.9962184088E+00 -0.5418997339E+01  0.2072433189E-01
  0.9962562247E+00 -0.5420199697E+01  0.2051938482E-01
  0.9962936625E+00 -0.5421390958E+01  0.2031644243E-01
  0.9963307258E+00 -0.5422571206E+01  0.2011548551E-01
  0.9963674186E+00 -0.5423740527E+01  0.1991649505E-01
  0.9964037444E+00 -0.5424899005E+01  0.1971945222E-01
  0.9964397070E+00 -0.5426046726E+01  0.1952433835E-01
  0.9964753099E+00 -0.5427183773E+01  0.1933113494E-01
  0.9965105568E+00 -0.5428310232E+01  0.1913982368E-01
  0.9965454512E+00 -0.5429426185E+01  0.1895038641E-01
  0.9965799967E+00 -0.5430531717E+01  0.1876280513E-01
  0.9966141967E+00 -0.5431626912E+01  0.1857706204E-01
  0.9966480548E+00 -0.5432711851E+01  0.1839313947E-01
  0.9966815742E+00 -0.5433786619E+01  0.1821101994E-01
  0.9967147585E+00 -0.5434851299E+01  0.1803068610E-01
  0.9967476109E+00 -0.5435905971E+01  0.1785212078E-01
  0.9967801348E+00 -0.5436950718E+01  0.1767530698E-01
  0.9968123334E+00 -0.5437985623E+01  0.1750022783E-01
  0.9968442101E+00 -0.5439010766E+01  0.1732686664E-01
  0.9968757680E+00 -0.5440026228E+01  0.1715520687E-01
  0.9969070103E+00 -0.5441032089E+01  0.1698523211E-01
  0.9969379402E+00 -0.5442028431E+01  0.1681692614E-01
  0.9969685608E+00 -0.5443015333E+01  0.1665027287E-01
  0.9969988752E+00 -0.5443992875E+01  0.1648525635E-01
  0.9970288865E+00 -0.5444961135E+01  0.1632186080E-01
  0.9970585976E+00 -0.5445920192E+01  0.1616007058E-01
  0.9970880116E+00 -0.5446870126E+01  0.1599987018E-01
  0.9971171315E+00 -0.5447811012E+01  0.1584124426E-01
  0.9971459602E+00 -0.5448742931E+01  0.1568417760E-01
  0.9971745006E+00 -0.5449665957E+01  0.1552865513E-01
  0.9972027556E+00 -0.5450580168E+01  0.1537466194E-01
  0.9972307280E+00 -0.5451485641E+01  0.1522218322E-01
  0.9972584207E+00 -0.5452382451E+01  0.1507120434E-01
  0.9972858365E+00 -0.5453270673E+01  0.1492171078E-01
  0.9973129782E+00 -0.5454150382E+01  0.1477368816E-01
  0.9973398484E+00 -0.5455021654E+01  0.1462712224E-01
  0.9973664499E+00 -0.5455884561E+01  0.1448199892E-01
  0.9973927854E+00 -0.5456739179E+01  0.1433830421E-01
  0.9974188575E+00 -0.5457585579E+01  0.1419602428E-01
  0.9974446690E+00 -0.5458423834E+01  0.1405514540E-01
  0.9974702223E+00 -0.5459254017E+01  0.1391565400E-01
  0.9974955201E+00 -0.5460076200E+01  0.1377753661E-01
  0.9975205649E+00 -0.5460890453E+01  0.1364077990E-01
  0.9975453592E+00 -0.5461696848E+01  0.1350537066E-01
  0.9975699056E+00 -0.5462495456E+01  0.1337129582E-01
  0.9975942066E+00 -0.5463286345E+01  0.1323854242E-01
  0.9976182645E+00 -0.5464069585E+01  0.1310709761E-01
  0.9976420819E+00 -0.5464845246E+01  0.1297694869E-01
  0.9976656610E+00 -0.5465613396E+01  0.1284808306E-01
  0.9976890044E+00 -0.5466374102E+01  0.1272048823E-01
  0.9977121144E+00 -0.5467127433E+01  0.1259415187E-01
  0.9977349932E+00 -0.5467873455E+01  0.1246906171E-01
  0.9977576433E+00 -0.5468612235E+01  0.1234520564E-01
  0.9977800669E+00 -0.5469343840E+01  0.1222257164E-01
  0.9978022662E+00 -0.5470068333E+01  0.1210114783E-01
  0.9978242435E+00 -0.5470785782E+01  0.1198092240E-01
  0.9978460011E+00 -0.5471496250E+01  0.1186188370E-01
  0.9978675411E+00 -0.5472199802E+01  0.1174402015E-01
  0.9978888657E+00 -0.5472896501E+01  0.1162732031E-01
  0.9979099770E+00 -0.5473586410E+01  0.1151177283E-01
  0.9979308773E+00 -0.5474269754E+01  0.1139736648E-01
  0.9979515685E+00 -0.5474946593E+01  0.1128409012E-01
  0.9979720528E+00 -0.5475616817E+01  0.1117193272E-01
  0.9979923323E+00 -0.5476280666E+01  0.1106088337E-01
  0.9980124089E+00 -0.5476938065E+01  0.1095093125E-01
  0.9980322849E+00 -0.5477589023E+01  0.1084206565E-01
  0.9980519620E+00 -0.5478233602E+01  0.1073427596E-01
  0.9980714424E+00 -0.5478871860E+01  0.1062755167E-01
  0.9980907280E+00 -0.5479503858E+01  0.1052188238E-01
  0.9981098207E+00 -0.5480129655E+01  0.1041725777E-01
  0.9981287225E+00 -0.5480749308E+01  0.1031366764E-01
  0.9981474353E+00 -0.5481362877E+01  0.1021110186E-01
  0.9981659609E+00 -0.5481970418E+01  0.1010955044E-01
  0.9981843013E+00 -0.5482571989E+01  0.1000900344E-01
  0.9982024583E+00 -0.5483167646E+01  0.9909451047E-02
  0.9982204337E+00 -0.5483757446E+01  0.9810883520E-02
  0.9982382294E+00 -0.5484341445E+01  0.9713291224E-02
  0.9982558471E+00 -0.5484919697E+01  0.9616664613E-02
  0.9982732886E+00 -0.5485492257E+01  0.9520994232E-02
  0.9982905557E+00 -0.5486059179E+01  0.9426270717E-02
  0.9983076502E+00 -0.5486620518E+01  0.9332484794E-02
  0.9983245737E+00 -0.5487176326E+01  0.9239627277E-02
  0.9983413279E+00 -0.5487726656E+01  0.9147689069E-02
  0.9983579146E+00 -0.5488271562E+01  0.9056661159E-02
  0.9983743355E+00 -0.5488811094E+01  0.8966534625E-02
  0.9983905921E+00 -0.5489345305E+01  0.8877300629E-02
  0.9984066862E+00 -0.5489874245E+01  0.8788950418E-02
  0.9984226194E+00 -0.5490397965E+01  0.8701475322E-02
  0.9984383932E+00 -0.5490916515E+01  0.8614866757E-02
  0.9984540092E+00 -0.5491429945E+01  0.8529116220E-02
  0.9984694691E+00 -0.5491938305E+01  0.8444215291E-02
  0.9984847744E+00 -0.5492441642E+01  0.8360155628E-02
  0.9984999267E+00 -0.5492940006E+01  0.8276928973E-02
  0.9985149274E+00 -0.5493433444E+01  0.8194527145E-02
  0.9985297782E+00 -0.5493922003E+01  0.8112942044E-02
  0.9985444804E+00 -0.5494405733E+01  0.8032165647E-02
  0.9985590356E+00 -0.5494884677E+01  0.7952190008E-02
  0.9985734452E+00 -0.5495358884E+01  0.7873007257E-02
  0.9985877108E+00 -0.5495828399E+01  0.7794609603E-02
  0.9986018337E+00 -0.5496293267E+01  0.7716989328E-02
  0.9986158153E+00 -0.5496753533E+01  0.7640138787E-02
  0.9986296572E+00 -0.5497209243E+01  0.7564050413E-02
  0.9986433606E+00 -0.5497660440E+01  0.7488716709E-02
  0.9986569270E+00 -0.5498107168E+01  0.7414130251E-02
  0.9986703577E+00 -0.5498549470E+01  0.7340283687E-02
  0.9986836541E+00 -0.5498987390E+01  0.7267169737E-02
  0.9986968176E+00 -0.5499420970E+01  0.7194781190E-02
  0.9987098494E+00 -0.5499850252E+01  0.7123110907E-02
  0.9987227509E+00 -0.5500275279E+01  0.7052151816E-02
  0.9987355234E+00 -0.5500696091E+01  0.6981896913E-02
  0.9987481682E+00 -0.5501112731E+01  0.6912339265E-02
  0.9987606865E+00 -0.5501525237E+01  0.6843472004E-02
  0.9987730796E+00 -0.5501933652E+01  0.6775288329E-02
  0.9987853488E+00 -0.5502338014E+01  0.6707781504E-02
  0.9987974954E+00 -0.5502738364E+01  0.6640944860E-02
  0.9988095204E+00 -0.5503134740E+01  0.6574771792E-02
  0.9988214252E+00 -0.5503527181E+01  0.6509255760E-02
  0.9988332109E+00 -0.5503915727E+01  0.6444390286E-02
  0.9988448788E+00 -0.5504300414E+01  0.6380168955E-02
  0.9988564300E+00 -0.5504681281E+01  0.6316585416E-02
  0.9988678657E+00 -0.5505058366E+01  0.6253633379E-02
  0.9988791871E+00 -0.5505431705E+01  0.6191306614E-02
  0.9988903952E+00 -0.5505801334E+01  0.6129598953E-02
  0.9989014913E+00 -0.5506167292E+01  0.6068504288E-02
  0.9989124764E+00 -0.5506529612E+01  0.6008016570E-02
  0.9989233516E+00 -0.5506888332E+01  0.5948129807E-02
  0.9989341181E+00 -0.5507243485E+01  0.5888838070E-02
  0.9989447769E+00 -0.5507595109E+01  0.5830135483E-02
  0.9989553291E+00 -0.5507943236E+01  0.5772016230E-02
  0.9989657758E+00 -0.5508287902E+01  0.5714474551E-02
  0.9989761181E+00 -0.5508629141E+01  0.5657504742E-02
  0.9989863569E+00 -0.5508966986E+01  0.5601101154E-02
  0.9989964933E+00 -0.5509301470E+01  0.5545258195E-02
  0.9990065284E+00 -0.5509632627E+01  0.5489970325E-02
  0.9990164631E+00 -0.5509960490E+01  0.5435232060E-02
  0.9990262985E+00 -0.5510285090E+01  0.5381037970E-02
  0.9990360355E+00 -0.5510606460E+01  0.5327382676E-02
  0.9990456751E+00 -0.5510924632E+01  0.5274260852E-02
  0.9990552184E+00 -0.5511239638E+01  0.5221667225E-02
  0.9990646662E+00 -0.5511551508E+01  0.5169596572E-02
  0.9990740195E+00 -0.5511860274E+01  0.5118043724E-02
  0.9990832793E+00 -0.5512165965E+01  0.5067003560E-02
  0.9990924466E+00 -0.5512468614E+01  0.5016471009E-02
  0.9991015221E+00 -0.5512768248E+01  0.4966441050E-02
  0.9991105069E+00 -0.5513064899E+01  0.4916908712E-02
  0.9991194018E+00 -0.5513358596E+01  0.4867869072E-02
  0.9991282078E+00 -0.5513649368E+01  0.4819317255E-02
  0.9991369257E+00 -0.5513937243E+01  0.4771248434E-02
  0.9991455564E+00 -0.5514222251E+01  0.4723657829E-02
  0.9991541009E+00 -0.5514504419E+01  0.4676540707E-02
  0.9991625599E+00 -0.5514783777E+01  0.4629892381E-02
  0.9991709343E+00 -0.5515060351E+01  0.4583708210E-02
  0.9991792249E+00 -0.5515334169E+01  0.4537983600E-02
  0.9991874327E+00 -0.5515605258E+01  0.4492713999E-02
  0.9991955584E+00 -0.5515873646E+01  0.4447894903E-02
  0.9992036028E+00 -0.5516139360E+01  0.4403521849E-02
  0.9992115667E+00 -0.5516402424E+01  0.4359590421E-02
  0.9992194511E+00 -0.5516662867E+01  0.4316096243E-02
  0.9992272566E+00 -0.5516920714E+01  0.4273034984E-02
  0.9992349840E+00 -0.5517175990E+01  0.4230402355E-02
  0.9992426342E+00 -0.5517428721E+01  0.4188194109E-02
  0.9992502078E+00 -0.5517678932E+01  0.4146406041E-02
  0.9992577057E+00 -0.5517926649E+01  0.4105033987E-02
  0.9992651287E+00 -0.5518171895E+01  0.4064073823E-02
  0.9992724774E+00 -0.5518414696E+01  0.4023521469E-02
  0.9992797526E+00 -0.5518655076E+01  0.3983372880E-02
  0.9992869551E+00 -0.5518893058E+01  0.3943624054E-02
  0.9992940855E+00 -0.5519128667E+01  0.3904271028E-02
  0.9993011447E+00 -0.5519361926E+01  0.3865309878E-02
  0.9993081332E+00 -0.5519592858E+01  0.3826736717E-02
  0.9993150519E+00 -0.5519821487E+01  0.3788547698E-02
  0.9993219014E+00 -0.5520047835E+01  0.3750739011E-02
  0.9993286824E+00 -0.5520271925E+01  0.3713306883E-02
  0.9993353956E+00 -0.5520493779E+01  0.3676247580E-02
  0.9993420416E+00 -0.5520713420E+01  0.3639557403E-02
  0.9993486212E+00 -0.5520930870E+01  0.3603232690E-02
  0.9993551350E+00 -0.5521146149E+01  0.3567269814E-02
  0.9993615836E+00 -0.5521359281E+01  0.3531665186E-02
  0.9993679678E+00 -0.5521570286E+01  0.3496415250E-02
  0.9993742881E+00 -0.5521779185E+01  0.3461516487E-02
  0.9993805452E+00 -0.5521985999E+01  0.3426965411E-02
  0.9993867398E+00 -0.5522190750E+01  0.3392758571E-02
  0.9993928724E+00 -0.5522393457E+01  0.3358892549E-02
  0.9993989436E+00 -0.5522594141E+01  0.3325363964E-02
  0.9994049542E+00 -0.5522792821E+01  0.3292169464E-02
  0.9994109047E+00 -0.5522989519E+01  0.3259305733E-02
  0.9994167956E+00 -0.5523184253E+01  0.3226769486E-02
  0.9994226277E+00 -0.5523377043E+01  0.3194557471E-02
  0.9994284014E+00 -0.5523567909E+01  0.3162666469E-02
  0.9994341174E+00 -0.5523756869E+01  0.3131093292E-02
  0.9994397762E+00 -0.5523943943E+01  0.3099834783E-02
  0.9994453784E+00 -0.5524129150E+01  0.3068887815E-02
  0.9994509247E+00 -0.5524312507E+01  0.3038249296E-02
  0.9994564154E+00 -0.5524494033E+01  0.3007916159E-02
  0.9994618513E+00 -0.5524673747E+01  0.2977885373E-02
  0.9994672327E+00 -0.5524851667E+01  0.2948153932E-02
  0.9994725604E+00 -0.5525027810E+01  0.2918718862E-02
  0.9994778348E+00 -0.5525202194E+01  0.2889577218E-02
  0.9994830565E+00 -0.5525374837E+01  0.2860726085E-02
  0.9994882259E+00 -0.5525545755E+01  0.2832162575E-02
  0.9994933436E+00 -0.5525714967E+01  0.2803883830E-02
  0.9994984102E+00 -0.5525882489E+01  0.2775887020E-02
  0.9995034261E+00 -0.5526048338E+01  0.2748169341E-02
  0.9995083918E+00 -0.5526212531E+01  0.2720728020E-02
  0.9995133079E+00 -0.5526375084E+01  0.2693560308E-02
  0.9995181748E+00 -0.5526536013E+01  0.2666663487E-02
  0.9995229931E+00 -0.5526695335E+01  0.2640034862E-02
  0.9995277632E+00 -0.5526853065E+01  0.2613671768E-02
  0.9995324855E+00 -0.5527009221E+01  0.2587571563E-02
  0.9995371607E+00 -0.5527163816E+01  0.2561731634E-02
  0.9995417891E+00 -0.5527316867E+01  0.2536149392E-02
  0.9995463712E+00 -0.5527468389E+01  0.2510822275E-02
  0.9995509075E+00 -0.5527618398E+01  0.2485747745E-02
  0.9995553984E+00 -0.5527766908E+01  0.2460923290E-02
  0.9995598444E+00 -0.5527913935E+01  0.2436346423E-02
  0.9995642460E+00 -0.5528059493E+01  0.2412014680E-02
  0.9995686035E+00 -0.5528203597E+01  0.2387925624E-02
  0.9995729175E+00 -0.5528346261E+01  0.2364076840E-02
  0.9995771883E+00 -0.5528487500E+01  0.2340465937E-02
  0.9995814164E+00 -0.5528627327E+01  0.2317090549E-02
  0.9995856022E+00 -0.5528765758E+01  0.2293948333E-02
  0.9995897462E+00 -0.5528902806E+01  0.2271036968E-02
  0.9995938488E+00 -0.5529038484E+01  0.2248354157E-02
  0.9995979103E+00 -0.5529172807E+01  0.2225897626E-02
  0.9996019312E+00 -0.5529305788E+01  0.2203665123E-02
  0.9996059119E+00 -0.5529437440E+01  0.2181654419E-02
  0.9996098527E+00 -0.5529567776E+01  0.2159863305E-02
  0.9996137542E+00 -0.5529696810E+01  0.2138289596E-02
  0.9996176167E+00 -0.5529824555E+01  0.2116931129E-02
  0.9996214405E+00 -0.5529951024E+01  0.2095785760E-02
  0.9996252261E+00 -0.5530076228E+01  0.2074851368E-02
  0.9996289738E+00 -0.5530200182E+01  0.2054125854E-02
  0.9996326841E+00 -0.5530322897E+01  0.2033607137E-02
  0.9996363573E+00 -0.5530444385E+01  0.2013293158E-02
  0.9996399937E+00 -0.5530564660E+01  0.1993181880E-02
  0.9996435938E+00 -0.5530683732E+01  0.1973271284E-02
  0.9996471578E+00 -0.5530801615E+01  0.1953559372E-02
  0.9996506862E+00 -0.5530918320E+01  0.1934044164E-02
  0.9996541794E+00 -0.5531033858E+01  0.1914723704E-02
  0.9996576376E+00 -0.5531148242E+01  0.1895596050E-02
  0.9996610612E+00 -0.5531261482E+01  0.1876659283E-02
  0.9996644506E+00 -0.5531373591E+01  0.1857911502E-02
  0.9996678400E+00 -0.5531485700E+01  0.1839163341E-02
  0.9996712294E+00 -0.5531597811E+01  0.1820414800E-02
  0.9996746188E+00 -0.5531709921E+01  0.1801665879E-02
  0.9996780081E+00 -0.5531822033E+01  0.1782916578E-02
  0.9996813975E+00 -0.5531934145E+01  0.1764166897E-02
  0.9996847869E+00 -0.5532046258E+01  0.1745416836E-02
  0.9996881763E+00 -0.5532158371E+01  0.1726666395E-02
  0.9996915657E+00 -0.5532270485E+01  0.1707915574E-02
  0.9996949551E+00 -0.5532382599E+01  0.1689164373E-02
  0.9996983445E+00 -0.5532494715E+01  0.1670412792E-02
  0.9997017339E+00 -0.5532606830E+01  0.1651660831E-02
  0.9997051232E+00 -0.5532718947E+01  0.1632908490E-02
  0.9997085126E+00 -0.5532831064E+01  0.1614155769E-02
  0.9997119020E+00 -0.5532943181E+01  0.1595402668E-02
  0.9997152914E+00 -0.5533055299E+01  0.1576649187E-02
  0.9997186808E+00 -0.5533167418E+01  0.1557895326E-02
  0.9997220702E+00 -0.5533279537E+01  0.1539141085E-02
  0.9997254596E+00 -0.5533391657E+01  0.1520386464E-02
  0.9997288490E+00 -0.5533503778E+01  0.1501631463E-02
  0.9997322384E+00 -0.5533615898E+01  0.1482876082E-02
  0.9997356277E+00 -0.5533728020E+01  0.1464120321E-02
  0.9997390171E+00 -0.5533840142E+01  0.1445364180E-02
  0.9997424065E+00 -0.5533952264E+01  0.1426607659E-02
  0.9997457959E+00 -0.5534064387E+01  0.1407850758E-02
  0.9997491853E+00 -0.5534176511E+01  0.1389093476E-02
  0.9997525747E+00 -0.5534288635E+01  0.1370335815E-02
  0.9997559641E+00 -0.5534400759E+01  0.1351577774E-02
  0.9997593535E+00 -0.5534512884E+01  0.1332819352E-02
  0.9997627428E+00 -0.5534625010E+01  0.1314060551E-02
  0.9997661322E+00 -0.5534737136E+01  0.1295301370E-02
  0.9997695216E+00 -0.5534849262E+01  0.1276541808E-02
  0.9997729110E+00 -0.5534961389E+01  0.1257781867E-02
  0.9997763004E+00 -0.5535073516E+01  0.1239021545E-02
  0.9997796898E+00 -0.5535185644E+01  0.1220260844E-02
  0.9997830792E+00 -0.5535297772E+01  0.1201499762E-02
  0.9997864686E+00 -0.5535409901E+01  0.1182738301E-02
  0.9997898579E+00 -0.5535522030E+01  0.1163976459E-02
  0.9997932473E+00 -0.5535634159E+01  0.1145214237E-02
  0.9997966367E+00 -0.5535746289E+01  0.1126451635E-02
  0.9998000261E+00 -0.5535858420E+01  0.1107688654E-02
  0.9998034155E+00 -0.5535970550E+01  0.1088925292E-02
  0.9998068049E+00 -0.5536082681E+01  0.1070161550E-02
  0.9998101943E+00 -0.5536194813E+01  0.1051397428E-02
  0.9998135837E+00 -0.5536306945E+01  0.1032632926E-02
  0.9998169731E+00 -0.5536419077E+01  0.1013868044E-02
  0.9998203624E+00 -0.5536531209E+01  0.9951027813E-03
  0.9998237518E+00 -0.5536643342E+01  0.9763371391E-03
  0.9998271412E+00 -0.5536755476E+01  0.9575711168E-03
  0.9998305306E+00 -0.5536867609E+01  0.9388047144E-03
  0.9998339200E+00 -0.5536979743E+01  0.9200379320E-03
  0.9998373094E+00 -0.5537091878E+01  0.9012707695E-03
  0.9998406988E+00 -0.5537204012E+01  0.8825032269E-03
  0.9998440882E+00 -0.5537316147E+01  0.8637353043E-03
  0.9998474775E+00 -0.5537428283E+01  0.8449670016E-03
  0.9998508669E+00 -0.5537540418E+01  0.8261983188E-03
  0.9998542563E+00 -0.5537652554E+01  0.8074292560E-03
  0.9998576457E+00 -0.5537764690E+01  0.7886598130E-03
  0.9998610351E+00 -0.5537876827E+01  0.7698899901E-03
  0.9998644245E+00 -0.5537988963E+01  0.7511197870E-03
  0.9998678139E+00 -0.5538101100E+01  0.7323492038E-03
  0.9998712033E+00 -0.5538213238E+01  0.7135782406E-03
  0.9998745926E+00 -0.5538325375E+01  0.6948068973E-03
  0.9998779820E+00 -0.5538437513E+01  0.6760351740E-03
  0.9998813714E+00 -0.5538549651E+01  0.6572630705E-03
  0.9998847608E+00 -0.5538661789E+01  0.6384905870E-03
  0.9998881502E+00 -0.5538773928E+01  0.6197177234E-03
  0.9998915396E+00 -0.5538886066E+01  0.6009444797E-03
  0.9998949290E+00 -0.5538998205E+01  0.5821708559E-03
  0.9998983184E+00 -0.5539110344E+01  0.5633968520E-03
  0.9999017077E+00 -0.5539222484E+01  0.5446224681E-03
  0.9999050971E+00 -0.5539334623E+01  0.5258477041E-03
  0.9999084865E+00 -0.5539446763E+01  0.5070725600E-03
  0.9999118759E+00 -0.5539558903E+01  0.4882970358E-03
  0.9999152653E+00 -0.5539671043E+01  0.4695211315E-03
  0.9999186547E+00 -0.5539783183E+01  0.4507448471E-03
  0.9999220441E+00 -0.5539895323E+01  0.4319681827E-03
  0.9999254335E+00 -0.5540007464E+01  0.4131911381E-03
  0.9999288229E+00 -0.5540119605E+01  0.3944137135E-03
  0.9999322122E+00 -0.5540231745E+01  0.3756359088E-03
  0.9999356016E+00 -0.5540343886E+01  0.3568577240E-03
  0.9999389910E+00 -0.5540456028E+01  0.3380791591E-03
  0.9999423804E+00 -0.5540568169E+01  0.3193002141E-03
  0.9999457698E+00 -0.5540680310E+01  0.3005208890E-03
  0.9999491592E+00 -0.5540792452E+01  0.2817411838E-03
  0.9999525486E+00 -0.5540904593E+01  0.2629610986E-03
  0.9999559380E+00 -0.5541016735E+01  0.2441806332E-03
  0.9999593273E+00 -0.5541128877E+01  0.2253997878E-03
  0.9999627167E+00 -0.5541241018E+01  0.2066185622E-03
  0.9999661061E+00 -0.5541353160E+01  0.1878369566E-03
  0.9999694955E+00 -0.5541465302E+01  0.1690549709E-03
  0.9999728849E+00 -0.5541577444E+01  0.1502726051E-03
  0.9999762743E+00 -0.5541689586E+01  0.1314898592E-03
  0.9999796637E+00 -0.5541801728E+01  0.1127067332E-03
  0.9999830531E+00 -0.5541913871E+01  0.9392322708E-04
  0.9999864424E+00 -0.5542026013E+01  0.7513934090E-04
  0.9999898318E+00 -0.5542138155E+01  0.5635507462E-04
  0.9999932212E+00 -0.5542250297E+01  0.3757042825E-04
  0.9999966106E+00 -0.5542362440E+01  0.1878540178E-04
  0.1000000000E+01 -0.5542471764E+01  0.3877786016E-17
  0.1000000000E+01 -0.5542471764E+01  0.0000000000E+00
