  0.0000000000E+00  0.5542473970E+01  0.0000000000E+00
  0.6996492144E-18  0.5542473970E+01  0.3877787559E-17
  0.3389387958E-05  0.5542383593E+01  0.1878544137E-04
  0.6778775916E-05  0.5542293216E+01  0.3757057642E-04
  0.1016816387E-04  0.5542202839E+01  0.5635540514E-04
  0.1355755183E-04  0.5542112463E+01  0.7513992755E-04
  0.1694693979E-04  0.5542022086E+01  0.9392414363E-04
  0.2033632775E-04  0.5541931709E+01  0.1127080534E-03
  0.2372571571E-04  0.5541841332E+01  0.1314916568E-03
  0.2711510367E-04  0.5541750956E+01  0.1502749539E-03
  0.3050449162E-04  0.5541660579E+01  0.1690579447E-03
  0.3389387958E-04  0.5541570202E+01  0.1878406292E-03
  0.3728326754E-04  0.5541479825E+01  0.2066230074E-03
  0.4067265550E-04  0.5541389449E+01  0.2254050792E-03
  0.4406204346E-04  0.5541299072E+01  0.2441868447E-03
  0.4745143141E-04  0.5541208695E+01  0.2629683039E-03
  0.5084081937E-04  0.5541118319E+01  0.2817494568E-03
  0.5423020733E-04  0.5541027942E+01  0.3005303033E-03
  0.5761959529E-04  0.5540937565E+01  0.3193108435E-03
  0.6100898325E-04  0.5540847189E+01  0.3380910774E-03
  0.6439837120E-04  0.5540756812E+01  0.3568710050E-03
  0.6778775916E-04  0.5540666436E+01  0.3756506263E-03
  0.7117714712E-04  0.5540576059E+01  0.3944299412E-03
  0.7456653508E-04  0.5540485682E+01  0.4132089498E-03
  0.7795592304E-04  0.5540395306E+01  0.4319876521E-03
  0.8134531100E-04  0.5540304929E+01  0.4507660481E-03
  0.8473469895E-04  0.5540214553E+01  0.4695441377E-03
  0.8812408691E-04  0.5540124176E+01  0.4883219211E-03
  0.9151347487E-04  0.5540033800E+01  0.5070993981E-03
  0.9490286283E-04  0.5539943423E+01  0.5258765688E-03
  0.9829225079E-04  0.5539853047E+01  0.5446534331E-03
  0.1016816387E-03  0.5539762671E+01  0.5634299912E-03
  0.1050710267E-03  0.5539672294E+01  0.5822062429E-03
  0.1084604147E-03  0.5539581918E+01  0.6009821883E-03
  0.1118498026E-03  0.5539491542E+01  0.6197578274E-03
  0.1152391906E-03  0.5539401165E+01  0.6385331602E-03
  0.1186285785E-03  0.5539310789E+01  0.6573081866E-03
  0.1220179665E-03  0.5539220413E+01  0.6760829067E-03
  0.1254073545E-03  0.5539130037E+01  0.6948573205E-03
  0.1287967424E-03  0.5539039660E+01  0.7136314280E-03
  0.1321861304E-03  0.5538949284E+01  0.7324052292E-03
  0.1355755183E-03  0.5538858908E+01  0.7511787240E-03
  0.1389649063E-03  0.5538768532E+01  0.7699519125E-03
  0.1423542942E-03  0.5538678156E+01  0.7887247948E-03
  0.1457436822E-03  0.5538587780E+01  0.8074973706E-03
  0.1491330702E-03  0.5538497404E+01  0.8262696402E-03
  0.1525224581E-03  0.5538407028E+01  0.8450416035E-03
  0.1559118461E-03  0.5538316652E+01  0.8638132604E-03
  0.1593012340E-03  0.5538226276E+01  0.8825846110E-03
  0.1626906220E-03  0.5538135900E+01  0.9013556553E-03
  0.1660800099E-03  0.5538045525E+01  0.9201263933E-03
  0.1694693979E-03  0.5537955149E+01  0.9388968249E-03
  0.1728587859E-03  0.5537864773E+01  0.9576669502E-03
  0.1762481738E-03  0.5537774397E+01  0.9764367693E-03
  0.1796375618E-03  0.5537684022E+01  0.9952062820E-03
  0.1830269497E-03  0.5537593646E+01  0.1013975488E-02
  0.1864163377E-03  0.5537503271E+01  0.1032744388E-02
  0.1898057257E-03  0.5537412895E+01  0.1051512982E-02
  0.1931951136E-03  0.5537322520E+01  0.1070281270E-02
  0.1965845016E-03  0.5537232144E+01  0.1089049251E-02
  0.1999738895E-03  0.5537141769E+01  0.1107816925E-02
  0.2033632775E-03  0.5537051394E+01  0.1126584294E-02
  0.2067526654E-03  0.5536961018E+01  0.1145351356E-02
  0.2101420534E-03  0.5536870643E+01  0.1164118112E-02
  0.2135314414E-03  0.5536780268E+01  0.1182884561E-02
  0.2169208293E-03  0.5536689893E+01  0.1201650705E-02
  0.2203102173E-03  0.5536599518E+01  0.1220416542E-02
  0.2236996052E-03  0.5536509143E+01  0.1239182072E-02
  0.2270889932E-03  0.5536418768E+01  0.1257947296E-02
  0.2304783812E-03  0.5536328393E+01  0.1276712214E-02
  0.2338677691E-03  0.5536238018E+01  0.1295476826E-02
  0.2372571571E-03  0.5536147643E+01  0.1314241131E-02
  0.2406465450E-03  0.5536057268E+01  0.1333005130E-02
  0.2440359330E-03  0.5535966894E+01  0.1351768823E-02
  0.2474253209E-03  0.5535876519E+01  0.1370532209E-02
  0.2508147089E-03  0.5535786144E+01  0.1389295289E-02
  0.2542040969E-03  0.5535695770E+01  0.1408058063E-02
  0.2575934848E-03  0.5535605395E+01  0.1426820531E-02
  0.2609828728E-03  0.5535515021E+01  0.1445582692E-02
  0.2643722607E-03  0.5535424647E+01  0.1464344546E-02
  0.2677616487E-03  0.5535334272E+01  0.1483106095E-02
  0.2711510367E-03  0.5535243898E+01  0.1501867337E-02
  0.2745404246E-03  0.5535153524E+01  0.1520628273E-02
  0.2779298126E-03  0.5535063150E+01  0.1539388903E-02
  0.2813192005E-03  0.5534972776E+01  0.1558149226E-02
  0.2847085885E-03  0.5534882402E+01  0.1576909243E-02
  0.2880979764E-03  0.5534792028E+01  0.1595668953E-02
  0.2914873644E-03  0.5534701654E+01  0.1614428358E-02
  0.2948767524E-03  0.5534611281E+01  0.1633187456E-02
  0.2982661403E-03  0.5534520907E+01  0.1651946247E-02
  0.3016555283E-03  0.5534430533E+01  0.1670704733E-02
  0.3050449162E-03  0.5534340160E+01  0.1689462912E-02
  0.3084343042E-03  0.5534249786E+01  0.1708220784E-02
  0.3118236921E-03  0.5534159413E+01  0.1726978351E-02
  0.3152130801E-03  0.5534069040E+01  0.1745735611E-02
  0.3186024681E-03  0.5533978667E+01  0.1764492565E-02
  0.3219918560E-03  0.5533888293E+01  0.1783249212E-02
  0.3253812440E-03  0.5533797920E+01  0.1802005553E-02
  0.3287706319E-03  0.5533707547E+01  0.1820761588E-02
  0.3321600199E-03  0.5533617174E+01  0.1839517317E-02
  0.3355494079E-03  0.5533526802E+01  0.1858272739E-02
  0.3389387958E-03  0.5533436429E+01  0.1877027855E-02
  0.3423624200E-03  0.5533345143E+01  0.1895972106E-02
  0.3458206263E-03  0.5533252936E+01  0.1915107395E-02
  0.3493137639E-03  0.5533159797E+01  0.1934435647E-02
  0.3528421858E-03  0.5533065717E+01  0.1953958803E-02
  0.3564062483E-03  0.5532970688E+01  0.1973678825E-02
  0.3600063114E-03  0.5532874698E+01  0.1993597696E-02
  0.3636427388E-03  0.5532777739E+01  0.2013717417E-02
  0.3673158977E-03  0.5532679801E+01  0.2034040009E-02
  0.3710261593E-03  0.5532580873E+01  0.2054567515E-02
  0.3747738983E-03  0.5532480947E+01  0.2075301997E-02
  0.3785594932E-03  0.5532380011E+01  0.2096245538E-02
  0.3823833265E-03  0.5532278055E+01  0.2117400241E-02
  0.3862457844E-03  0.5532175070E+01  0.2138768233E-02
  0.3901472569E-03  0.5532071045E+01  0.2160351660E-02
  0.3940881383E-03  0.5531965969E+01  0.2182152688E-02
  0.3980688266E-03  0.5531859832E+01  0.2204173509E-02
  0.4020897238E-03  0.5531752623E+01  0.2226416333E-02
  0.4061512362E-03  0.5531644331E+01  0.2248883395E-02
  0.4102537739E-03  0.5531534946E+01  0.2271576950E-02
  0.4143977514E-03  0.5531424455E+01  0.2294499278E-02
  0.4185835873E-03  0.5531312849E+01  0.2317652679E-02
  0.4228117043E-03  0.5531200116E+01  0.2341039479E-02
  0.4270825296E-03  0.5531086244E+01  0.2364662025E-02
  0.4313964946E-03  0.5530971222E+01  0.2388522689E-02
  0.4357540349E-03  0.5530855038E+01  0.2412623867E-02
  0.4401555908E-03  0.5530737681E+01  0.2436967976E-02
  0.4446016069E-03  0.5530619139E+01  0.2461557461E-02
  0.4490925322E-03  0.5530499399E+01  0.2486394790E-02
  0.4536288204E-03  0.5530378450E+01  0.2511482455E-02
  0.4582109297E-03  0.5530256280E+01  0.2536822973E-02
  0.4628393230E-03  0.5530132876E+01  0.2562418888E-02
  0.4675144676E-03  0.5530008225E+01  0.2588272768E-02
  0.4722368360E-03  0.5529882316E+01  0.2614387207E-02
  0.4770069051E-03  0.5529755135E+01  0.2640764824E-02
  0.4818251566E-03  0.5529626669E+01  0.2667408266E-02
  0.4866920774E-03  0.5529496907E+01  0.2694320205E-02
  0.4916081590E-03  0.5529365833E+01  0.2721503341E-02
  0.4965738980E-03  0.5529233436E+01  0.2748960399E-02
  0.5015897959E-03  0.5529099702E+01  0.2776694135E-02
  0.5066563595E-03  0.5528964617E+01  0.2804707328E-02
  0.5117741005E-03  0.5528828168E+01  0.2833002788E-02
  0.5169435359E-03  0.5528690342E+01  0.2861583351E-02
  0.5221651878E-03  0.5528551123E+01  0.2890451884E-02
  0.5274395836E-03  0.5528410498E+01  0.2919611280E-02
  0.5327672562E-03  0.5528268453E+01  0.2949064463E-02
  0.5381487436E-03  0.5528124974E+01  0.2978814384E-02
  0.5435845895E-03  0.5527980045E+01  0.3008864025E-02
  0.5490753429E-03  0.5527833653E+01  0.3039216399E-02
  0.5546215585E-03  0.5527685783E+01  0.3069874546E-02
  0.5602237965E-03  0.5527536420E+01  0.3100841539E-02
  0.5658826227E-03  0.5527385548E+01  0.3132120480E-02
  0.5715986088E-03  0.5527233152E+01  0.3163714503E-02
  0.5773723321E-03  0.5527079218E+01  0.3195626774E-02
  0.5832043759E-03  0.5526923729E+01  0.3227860488E-02
  0.5890953291E-03  0.5526766670E+01  0.3260418875E-02
  0.5950457870E-03  0.5526608024E+01  0.3293305195E-02
  0.6010563505E-03  0.5526447777E+01  0.3326522742E-02
  0.6071276268E-03  0.5526285912E+01  0.3360074842E-02
  0.6132602291E-03  0.5526122412E+01  0.3393964854E-02
  0.6194547769E-03  0.5525957261E+01  0.3428196172E-02
  0.6257118958E-03  0.5525790442E+01  0.3462772222E-02
  0.6320322180E-03  0.5525621939E+01  0.3497696466E-02
  0.6384163818E-03  0.5525451734E+01  0.3532972398E-02
  0.6448650321E-03  0.5525279811E+01  0.3568603550E-02
  0.6513788203E-03  0.5525106151E+01  0.3604593487E-02
  0.6579584044E-03  0.5524930738E+01  0.3640945810E-02
  0.6646044489E-03  0.5524753554E+01  0.3677664156E-02
  0.6713176251E-03  0.5524574581E+01  0.3714752200E-02
  0.6780986112E-03  0.5524393800E+01  0.3752213651E-02
  0.6849480921E-03  0.5524211194E+01  0.3790052255E-02
  0.6918667597E-03  0.5524026744E+01  0.3828271798E-02
  0.6988553129E-03  0.5523840432E+01  0.3866876102E-02
  0.7059144575E-03  0.5523652239E+01  0.3905869025E-02
  0.7130449065E-03  0.5523462145E+01  0.3945254469E-02
  0.7202473803E-03  0.5523270132E+01  0.3985036369E-02
  0.7275226064E-03  0.5523076180E+01  0.4025218702E-02
  0.7348713196E-03  0.5522880270E+01  0.4065805485E-02
  0.7422942622E-03  0.5522682382E+01  0.4106800774E-02
  0.7497921840E-03  0.5522482496E+01  0.4148208665E-02
  0.7573658425E-03  0.5522280591E+01  0.4190033297E-02
  0.7650160025E-03  0.5522076648E+01  0.4232278847E-02
  0.7727434369E-03  0.5521870646E+01  0.4274949536E-02
  0.7805489261E-03  0.5521662564E+01  0.4318049626E-02
  0.7884332587E-03  0.5521452382E+01  0.4361583421E-02
  0.7963972310E-03  0.5521240077E+01  0.4405555270E-02
  0.8044416475E-03  0.5521025629E+01  0.4449969562E-02
  0.8125673207E-03  0.5520809016E+01  0.4494830732E-02
  0.8207750714E-03  0.5520590215E+01  0.4540143258E-02
  0.8290657287E-03  0.5520369206E+01  0.4585911663E-02
  0.8374401300E-03  0.5520145966E+01  0.4632140516E-02
  0.8458991212E-03  0.5519920472E+01  0.4678834428E-02
  0.8544435568E-03  0.5519692701E+01  0.4725998060E-02
  0.8630742998E-03  0.5519462631E+01  0.4773636116E-02
  0.8717922220E-03  0.5519230239E+01  0.4821753349E-02
  0.8805982040E-03  0.5518995500E+01  0.4870354558E-02
  0.8894931354E-03  0.5518758392E+01  0.4919444590E-02
  0.8984779145E-03  0.5518518890E+01  0.4969028339E-02
  0.9075534490E-03  0.5518276971E+01  0.5019110750E-02
  0.9167206556E-03  0.5518032609E+01  0.5069696814E-02
  0.9259804602E-03  0.5517785781E+01  0.5120791575E-02
  0.9353337982E-03  0.5517536461E+01  0.5172400125E-02
  0.9447816143E-03  0.5517284625E+01  0.5224527605E-02
  0.9543248629E-03  0.5517030246E+01  0.5277179210E-02
  0.9639645080E-03  0.5516773300E+01  0.5330360185E-02
  0.9737015233E-03  0.5516513760E+01  0.5384075827E-02
  0.9835368922E-03  0.5516251600E+01  0.5438331486E-02
  0.9934716083E-03  0.5515986795E+01  0.5493132564E-02
  0.1003506675E-02  0.5515719316E+01  0.5548484518E-02
  0.1013643106E-02  0.5515449138E+01  0.5604392857E-02
  0.1023881925E-02  0.5515176233E+01  0.5660863147E-02
  0.1034224167E-02  0.5514900574E+01  0.5717901007E-02
  0.1044670876E-02  0.5514622132E+01  0.5775512113E-02
  0.1055223107E-02  0.5514340881E+01  0.5833702196E-02
  0.1065881926E-02  0.5514056790E+01  0.5892477044E-02
  0.1076648410E-02  0.5513769833E+01  0.5951842504E-02
  0.1087523647E-02  0.5513479980E+01  0.6011804479E-02
  0.1098508734E-02  0.5513187201E+01  0.6072368930E-02
  0.1109604782E-02  0.5512891468E+01  0.6133541878E-02
  0.1120812911E-02  0.5512592751E+01  0.6195329403E-02
  0.1132134253E-02  0.5512291019E+01  0.6257737646E-02
  0.1143569953E-02  0.5511986242E+01  0.6320772807E-02
  0.1155121165E-02  0.5511678390E+01  0.6384441149E-02
  0.1166789055E-02  0.5511367431E+01  0.6448748995E-02
  0.1178574803E-02  0.5511053335E+01  0.6513702732E-02
  0.1190479599E-02  0.5510736069E+01  0.6579308809E-02
  0.1202504646E-02  0.5510415603E+01  0.6645573740E-02
  0.1214651157E-02  0.5510091902E+01  0.6712504101E-02
  0.1226920361E-02  0.5509764936E+01  0.6780106534E-02
  0.1239313496E-02  0.5509434671E+01  0.6848387748E-02
  0.1251831814E-02  0.5509101073E+01  0.6917354516E-02
  0.1264476580E-02  0.5508764110E+01  0.6987013678E-02
  0.1277249070E-02  0.5508423748E+01  0.7057372143E-02
  0.1290150576E-02  0.5508079952E+01  0.7128436886E-02
  0.1303182400E-02  0.5507732687E+01  0.7200214952E-02
  0.1316345859E-02  0.5507381920E+01  0.7272713454E-02
  0.1329642282E-02  0.5507027613E+01  0.7345939578E-02
  0.1343073012E-02  0.5506669733E+01  0.7419900576E-02
  0.1356639406E-02  0.5506308243E+01  0.7494603775E-02
  0.1370342834E-02  0.5505943107E+01  0.7570056574E-02
  0.1384184681E-02  0.5505574287E+01  0.7646266442E-02
  0.1398166344E-02  0.5505201748E+01  0.7723240925E-02
  0.1412289237E-02  0.5504825451E+01  0.7800987639E-02
  0.1426554785E-02  0.5504445359E+01  0.7879514279E-02
  0.1440964429E-02  0.5504061434E+01  0.7958828613E-02
  0.1455519625E-02  0.5503673636E+01  0.8038938485E-02
  0.1470221844E-02  0.5503281928E+01  0.8119851817E-02
  0.1485072569E-02  0.5502886269E+01  0.8201576610E-02
  0.1500073302E-02  0.5502486621E+01  0.8284120940E-02
  0.1515225558E-02  0.5502082943E+01  0.8367492965E-02
  0.1530530867E-02  0.5501675194E+01  0.8451700923E-02
  0.1545990774E-02  0.5501263334E+01  0.8536753130E-02
  0.1561606843E-02  0.5500847321E+01  0.8622657986E-02
  0.1577380649E-02  0.5500427114E+01  0.8709423973E-02
  0.1593313787E-02  0.5500002670E+01  0.8797059656E-02
  0.1609407866E-02  0.5499573947E+01  0.8885573681E-02
  0.1625664511E-02  0.5499140902E+01  0.8974974783E-02
  0.1642085364E-02  0.5498703491E+01  0.9065271780E-02
  0.1658672085E-02  0.5498261671E+01  0.9156473575E-02
  0.1675426349E-02  0.5497815398E+01  0.9248589162E-02
  0.1692349847E-02  0.5497364626E+01  0.9341627618E-02
  0.1709444290E-02  0.5496909311E+01  0.9435598112E-02
  0.1726711404E-02  0.5496449406E+01  0.9530509901E-02
  0.1744152934E-02  0.5495984867E+01  0.9626372334E-02
  0.1761770640E-02  0.5495515646E+01  0.9723194848E-02
  0.1779566303E-02  0.5495041696E+01  0.9820986976E-02
  0.1797541720E-02  0.5494562970E+01  0.9919758340E-02
  0.1815698707E-02  0.5494079420E+01  0.1001951866E-01
  0.1834039098E-02  0.5493590998E+01  0.1012027774E-01
  0.1852564746E-02  0.5493097677E+01  0.1022204551E-01
  0.1871277521E-02  0.5492599458E+01  0.1032483195E-01
  0.1890179314E-02  0.5492096223E+01  0.1042864717E-01
  0.1909272034E-02  0.5491587922E+01  0.1053350137E-01
  0.1928557610E-02  0.5491074502E+01  0.1063940486E-01
  0.1948037990E-02  0.5490555914E+01  0.1074636803E-01
  0.1967715142E-02  0.5490032106E+01  0.1085440137E-01
  0.1987591052E-02  0.5489503026E+01  0.1096351550E-01
  0.2007667730E-02  0.5488968620E+01  0.1107372112E-01
  0.2027947202E-02  0.5488428835E+01  0.1118502903E-01
  0.2048431517E-02  0.5487883619E+01  0.1129745015E-01
  0.2069122744E-02  0.5487332916E+01  0.1141099550E-01
  0.2090022974E-02  0.5486776672E+01  0.1152567621E-01
  0.2111134317E-02  0.5486214831E+01  0.1164150350E-01
  0.2132458906E-02  0.5485647338E+01  0.1175848873E-01
  0.2153998895E-02  0.5485074136E+01  0.1187664334E-01
  0.2175756460E-02  0.5484495168E+01  0.1199597889E-01
  0.2197733798E-02  0.5483910376E+01  0.1211650707E-01
  0.2219933129E-02  0.5483319703E+01  0.1223823966E-01
  0.2242356696E-02  0.5482723090E+01  0.1236118856E-01
  0.2265006764E-02  0.5482120478E+01  0.1248536578E-01
  0.2287885620E-02  0.5481511806E+01  0.1261078346E-01
  0.2310995576E-02  0.5480897014E+01  0.1273745386E-01
  0.2334338965E-02  0.5480276042E+01  0.1286538932E-01
  0.2357918147E-02  0.5479648828E+01  0.1299460235E-01
  0.2381735502E-02  0.5479015309E+01  0.1312510555E-01
  0.2405793436E-02  0.5478375424E+01  0.1325691164E-01
  0.2430094380E-02  0.5477729108E+01  0.1339003348E-01
  0.2454640788E-02  0.5477076297E+01  0.1352448404E-01
  0.2479435139E-02  0.5476416927E+01  0.1366027642E-01
  0.2504479939E-02  0.5475750933E+01  0.1379742385E-01
  0.2529777716E-02  0.5475078249E+01  0.1393593966E-01
  0.2555331026E-02  0.5474398808E+01  0.1407583736E-01
  0.2581142450E-02  0.5473712543E+01  0.1421713053E-01
  0.2607214596E-02  0.5473019386E+01  0.1435983293E-01
  0.2633550097E-02  0.5472319269E+01  0.1450395842E-01
  0.2660151614E-02  0.5471612123E+01  0.1464952100E-01
  0.2687021832E-02  0.5470897878E+01  0.1479653482E-01
  0.2714163467E-02  0.5470176464E+01  0.1494501414E-01
  0.2741579259E-02  0.5469447808E+01  0.1509497337E-01
  0.2769271979E-02  0.5468711841E+01  0.1524642707E-01
  0.2797244423E-02  0.5467968488E+01  0.1539938991E-01
  0.2825499417E-02  0.5467217678E+01  0.1555387672E-01
  0.2854039815E-02  0.5466459335E+01  0.1570990247E-01
  0.2882868500E-02  0.5465693386E+01  0.1586748226E-01
  0.2911988384E-02  0.5464919755E+01  0.1602663135E-01
  0.2941402408E-02  0.5464138366E+01  0.1618736514E-01
  0.2971113544E-02  0.5463349142E+01  0.1634969917E-01
  0.3001124792E-02  0.5462552006E+01  0.1651364914E-01
  0.3031439184E-02  0.5461746880E+01  0.1667923088E-01
  0.3062059781E-02  0.5460933684E+01  0.1684646038E-01
  0.3092989678E-02  0.5460112339E+01  0.1701535379E-01
  0.3124231998E-02  0.5459282764E+01  0.1718592741E-01
  0.3155789897E-02  0.5458444878E+01  0.1735819768E-01
  0.3187666563E-02  0.5457598502E+01  0.1753218122E-01
  0.3219865215E-02  0.5456743379E+01  0.1770789476E-01
  0.3252389106E-02  0.5455879681E+01  0.1788535525E-01
  0.3285241521E-02  0.5455007325E+01  0.1806457974E-01
  0.3318425779E-02  0.5454126224E+01  0.1824558549E-01
  0.3351945231E-02  0.5453236292E+01  0.1842838990E-01
  0.3385803264E-02  0.5452337442E+01  0.1861301054E-01
  0.3420003297E-02  0.5451429585E+01  0.1879946513E-01
  0.3454548785E-02  0.5450512633E+01  0.1898777159E-01
  0.3489443217E-02  0.5449586495E+01  0.1917794797E-01
  0.3524690118E-02  0.5448651081E+01  0.1937001252E-01
  0.3560293049E-02  0.5447706299E+01  0.1956398365E-01
  0.3596255605E-02  0.5446752058E+01  0.1975987994E-01
  0.3632581419E-02  0.5445788263E+01  0.1995772013E-01
  0.3669274160E-02  0.5444814820E+01  0.2015752318E-01
  0.3706337536E-02  0.5443831634E+01  0.2035930817E-01
  0.3743775289E-02  0.5442838610E+01  0.2056309441E-01
  0.3781591201E-02  0.5441835649E+01  0.2076890135E-01
  0.3819789092E-02  0.5440822656E+01  0.2097674865E-01
  0.3858372820E-02  0.5439799529E+01  0.2118665613E-01
  0.3897346283E-02  0.5438766171E+01  0.2139864382E-01
  0.3936713417E-02  0.5437722480E+01  0.2161273191E-01
  0.3976478199E-02  0.5436668354E+01  0.2182894080E-01
  0.4016644645E-02  0.5435603691E+01  0.2204729107E-01
  0.4057216813E-02  0.5434528387E+01  0.2226780348E-01
  0.4098198801E-02  0.5433442338E+01  0.2249049901E-01
  0.4139594749E-02  0.5432345438E+01  0.2271539880E-01
  0.4181408837E-02  0.5431237581E+01  0.2294252421E-01
  0.4223645290E-02  0.5430118658E+01  0.2317189679E-01
  0.4266308374E-02  0.5428988562E+01  0.2340353829E-01
  0.4309402398E-02  0.5427847183E+01  0.2363747066E-01
  0.4352931715E-02  0.5426694409E+01  0.2387371605E-01
  0.4396900722E-02  0.5425530130E+01  0.2411229682E-01
  0.4441313861E-02  0.5424352738E+01  0.2435323549E-01
  0.4486175617E-02  0.5423161297E+01  0.2459655476E-01
  0.4531490522E-02  0.5421957859E+01  0.2484227753E-01
  0.4577263154E-02  0.5420742306E+01  0.2509042699E-01
  0.4623498135E-02  0.5419514514E+01  0.2534102653E-01
  0.4670200136E-02  0.5418274361E+01  0.2559409974E-01
  0.4717373875E-02  0.5417021722E+01  0.2584967046E-01
  0.4765024116E-02  0.5415756472E+01  0.2610776270E-01
  0.4813155673E-02  0.5414478484E+01  0.2636840074E-01
  0.4861773407E-02  0.5413187629E+01  0.2663160903E-01
  0.4910882230E-02  0.5411883778E+01  0.2689741229E-01
  0.4960487101E-02  0.5410566801E+01  0.2716583542E-01
  0.5010593031E-02  0.5409236564E+01  0.2743690358E-01
  0.5061205082E-02  0.5407892935E+01  0.2771064213E-01
  0.5112328365E-02  0.5406535778E+01  0.2798707668E-01
  0.5163968046E-02  0.5405164956E+01  0.2826623307E-01
  0.5216129339E-02  0.5403779561E+01  0.2854813733E-01
  0.5268817514E-02  0.5402379390E+01  0.2883281573E-01
  0.5322037893E-02  0.5400965081E+01  0.2912029477E-01
  0.5375795852E-02  0.5399538541E+01  0.2941060129E-01
  0.5430096820E-02  0.5398100411E+01  0.2970376241E-01
  0.5484946283E-02  0.5396647888E+01  0.2999980548E-01
  0.5540349781E-02  0.5395180830E+01  0.3029875801E-01
  0.5596312910E-02  0.5393699092E+01  0.3060064775E-01
  0.5652841323E-02  0.5392202527E+01  0.3090550271E-01
  0.5709940730E-02  0.5390690988E+01  0.3121335112E-01
  0.5767616899E-02  0.5389164327E+01  0.3152422150E-01
  0.5825875656E-02  0.5387622391E+01  0.3183814259E-01
  0.5884722885E-02  0.5386065030E+01  0.3215514342E-01
  0.5944164530E-02  0.5384492090E+01  0.3247525324E-01
  0.6004206596E-02  0.5382903414E+01  0.3279850157E-01
  0.6064855147E-02  0.5381298846E+01  0.3312491821E-01
  0.6126116310E-02  0.5379678227E+01  0.3345453320E-01
  0.6187996273E-02  0.5378041398E+01  0.3378737684E-01
  0.6250501286E-02  0.5376388195E+01  0.3412347972E-01
  0.6313637663E-02  0.5374718455E+01  0.3446287268E-01
  0.6377411780E-02  0.5373031415E+01  0.3480558681E-01
  0.6441830081E-02  0.5371323817E+01  0.3515165337E-01
  0.6506899072E-02  0.5369597631E+01  0.3550110383E-01
  0.6572625325E-02  0.5367854020E+01  0.3585397006E-01
  0.6639015480E-02  0.5366092805E+01  0.3621028425E-01
  0.6706076242E-02  0.5364313805E+01  0.3657007888E-01
  0.6773814386E-02  0.5362516838E+01  0.3693338668E-01
  0.6842236754E-02  0.5360704300E+01  0.3730024077E-01
  0.6911350256E-02  0.5358873811E+01  0.3767067456E-01
  0.6981161875E-02  0.5357027662E+01  0.3804472178E-01
  0.7051678662E-02  0.5355170044E+01  0.3842241666E-01
  0.7122907739E-02  0.5353294006E+01  0.3880379366E-01
  0.7194856302E-02  0.5351399367E+01  0.3918888732E-01
  0.7267531618E-02  0.5349485942E+01  0.3957773243E-01
  0.7340941029E-02  0.5347553546E+01  0.3997036411E-01
  0.7415091948E-02  0.5345601993E+01  0.4036681777E-01
  0.7489991867E-02  0.5343631092E+01  0.4076712911E-01
  0.7565648350E-02  0.5341640652E+01  0.4117133415E-01
  0.7642069041E-02  0.5339630479E+01  0.4157946921E-01
  0.7719261657E-02  0.5337600377E+01  0.4199157090E-01
  0.7797233997E-02  0.5335550148E+01  0.4240767616E-01
  0.7875993937E-02  0.5333479592E+01  0.4282782223E-01
  0.7955549431E-02  0.5331388507E+01  0.4325204666E-01
  0.8035908516E-02  0.5329276688E+01  0.4368038731E-01
  0.8117079309E-02  0.5327142788E+01  0.4411288232E-01
  0.8199070009E-02  0.5324975649E+01  0.4454956964E-01
  0.8281888898E-02  0.5322786659E+01  0.4499048757E-01
  0.8365544342E-02  0.5320575592E+01  0.4543567516E-01
  0.8450044790E-02  0.5318342217E+01  0.4588517182E-01
  0.8535398777E-02  0.5316086301E+01  0.4633901726E-01
  0.8621614927E-02  0.5313807606E+01  0.4679725152E-01
  0.8708701946E-02  0.5311505894E+01  0.4725991496E-01
  0.8796668632E-02  0.5309177068E+01  0.4772704811E-01
  0.8885523871E-02  0.5306824534E+01  0.4819869178E-01
  0.8975276638E-02  0.5304448116E+01  0.4867488732E-01
  0.9065935997E-02  0.5302047561E+01  0.4915567638E-01
  0.9157511109E-02  0.5299622610E+01  0.4964110094E-01
  0.9250011221E-02  0.5297173004E+01  0.5013120333E-01
  0.9343445678E-02  0.5294698479E+01  0.5062602621E-01
  0.9437823917E-02  0.5292198767E+01  0.5112561257E-01
  0.9533155471E-02  0.5289673597E+01  0.5163000574E-01
  0.9629449971E-02  0.5287122695E+01  0.5213924940E-01
  0.9726717143E-02  0.5284545784E+01  0.5265338754E-01
  0.9824966811E-02  0.5281942581E+01  0.5317246453E-01
  0.9924208900E-02  0.5279310761E+01  0.5369652495E-01
  0.1002445343E-01  0.5276648243E+01  0.5422561355E-01
  0.1012571054E-01  0.5273958412E+01  0.5475977549E-01
  0.1022799044E-01  0.5271240969E+01  0.5529905648E-01
  0.1033130348E-01  0.5268495615E+01  0.5584350257E-01
  0.1043566008E-01  0.5265722044E+01  0.5639316014E-01
  0.1054107079E-01  0.5262919948E+01  0.5694807595E-01
  0.1064754625E-01  0.5260089014E+01  0.5750829707E-01
  0.1075509722E-01  0.5257226182E+01  0.5807387081E-01
  0.1086373457E-01  0.5254313894E+01  0.5864484371E-01
  0.1097346926E-01  0.5251352956E+01  0.5922126178E-01
  0.1108431238E-01  0.5248360693E+01  0.5980317231E-01
  0.1119627514E-01  0.5245336757E+01  0.6039062392E-01
  0.1130936882E-01  0.5242280797E+01  0.6098366560E-01
  0.1142360487E-01  0.5239192458E+01  0.6158234664E-01
  0.1153899482E-01  0.5236071381E+01  0.6218671672E-01
  0.1165555032E-01  0.5232917207E+01  0.6279682584E-01
  0.1177328316E-01  0.5229729569E+01  0.6341272435E-01
  0.1189220521E-01  0.5226500369E+01  0.6403446251E-01
  0.1201232849E-01  0.5223218732E+01  0.6466208981E-01
  0.1213366514E-01  0.5219901728E+01  0.6529565644E-01
  0.1225622742E-01  0.5216548967E+01  0.6593521400E-01
  0.1238002770E-01  0.5213127828E+01  0.6658081244E-01
  0.1250507848E-01  0.5209627422E+01  0.6723249930E-01
  0.1263139240E-01  0.5206090555E+01  0.6789032441E-01
  0.1275898223E-01  0.5202513981E+01  0.6855434041E-01
  0.1288786083E-01  0.5198897249E+01  0.6922460011E-01
  0.1301804125E-01  0.5195239909E+01  0.6990115664E-01
  0.1314953661E-01  0.5191541506E+01  0.7058406346E-01
  0.1328236022E-01  0.5187801707E+01  0.7127337433E-01
  0.1341652547E-01  0.5184019961E+01  0.7196914338E-01
  0.1355204593E-01  0.5180195789E+01  0.7267142502E-01
  0.1368893528E-01  0.5176355692E+01  0.7338027583E-01
  0.1382720736E-01  0.5172518668E+01  0.7409575599E-01
  0.1396687612E-01  0.5168639867E+01  0.7481792439E-01
  0.1410795567E-01  0.5164748812E+01  0.7554683934E-01
  0.1425046028E-01  0.5160839564E+01  0.7628256128E-01
  0.1439440432E-01  0.5156888311E+01  0.7702514901E-01
  0.1453980234E-01  0.5152894603E+01  0.7777466004E-01
  0.1468666903E-01  0.5148857986E+01  0.7853115219E-01
  0.1483501923E-01  0.5144778008E+01  0.7929468363E-01
  0.1498486790E-01  0.5140654213E+01  0.8006531285E-01
  0.1513623021E-01  0.5136486147E+01  0.8084309866E-01
  0.1528912142E-01  0.5132254237E+01  0.8162809875E-01
  0.1544355699E-01  0.5127989282E+01  0.8242037203E-01
  0.1559955252E-01  0.5123678974E+01  0.8321997922E-01
  0.1575712375E-01  0.5119321495E+01  0.8402698035E-01
  0.1591628662E-01  0.5114916334E+01  0.8484143566E-01
  0.1607705719E-01  0.5110462979E+01  0.8566340570E-01
  0.1623945171E-01  0.5105960922E+01  0.8649295131E-01
  0.1640348657E-01  0.5101409655E+01  0.8733013364E-01
  0.1656917836E-01  0.5096808672E+01  0.8817501414E-01
  0.1673654380E-01  0.5092157472E+01  0.8902765453E-01
  0.1690559979E-01  0.5087455557E+01  0.8988811685E-01
  0.1707636343E-01  0.5082702433E+01  0.9075646342E-01
  0.1724885195E-01  0.5077897613E+01  0.9163275685E-01
  0.1742308278E-01  0.5073071539E+01  0.9251706272E-01
  0.1759907351E-01  0.5068293453E+01  0.9340945586E-01
  0.1777684193E-01  0.5063465764E+01  0.9431000927E-01
  0.1795640599E-01  0.5058588042E+01  0.9521878781E-01
  0.1813778383E-01  0.5053655331E+01  0.9613585623E-01
  0.1832099377E-01  0.5048582687E+01  0.9706127143E-01
  0.1850605431E-01  0.5043447857E+01  0.9799508976E-01
  0.1869298415E-01  0.5038259431E+01  0.9893737573E-01
  0.1888180217E-01  0.5033017060E+01  0.9988819498E-01
  0.1907252745E-01  0.5027720412E+01  0.1008476134E+00
  0.1926517924E-01  0.5022369171E+01  0.1018156973E+00
  0.1945977701E-01  0.5016971548E+01  0.1027925140E+00
  0.1965634041E-01  0.5011549127E+01  0.1037781341E+00
  0.1985488931E-01  0.5006071968E+01  0.1047726279E+00
  0.2005544374E-01  0.5000539820E+01  0.1057760631E+00
  0.2025802398E-01  0.4994952456E+01  0.1067885077E+00
  0.2046265049E-01  0.4989309670E+01  0.1078100300E+00
  0.2066934393E-01  0.4983611281E+01  0.1088406987E+00
  0.2087812518E-01  0.4977857134E+01  0.1098805826E+00
  0.2108901533E-01  0.4972047100E+01  0.1109297510E+00
  0.2130203569E-01  0.4966181080E+01  0.1119882735E+00
  0.2151720777E-01  0.4960259000E+01  0.1130562198E+00
  0.2173455330E-01  0.4954280821E+01  0.1141336603E+00
  0.2195409424E-01  0.4948246533E+01  0.1152206654E+00
  0.2217585277E-01  0.4942156158E+01  0.1163173060E+00
  0.2239985128E-01  0.4936009752E+01  0.1174236532E+00
  0.2262611241E-01  0.4929796298E+01  0.1185397774E+00
  0.2285465900E-01  0.4923540791E+01  0.1196657507E+00
  0.2308551414E-01  0.4917133473E+01  0.1208016358E+00
  0.2331870115E-01  0.4910619277E+01  0.1219474879E+00
  0.2355424359E-01  0.4903948161E+01  0.1231033615E+00
  0.2379216524E-01  0.4897176571E+01  0.1242693114E+00
  0.2403249014E-01  0.4890317678E+01  0.1254454007E+00
  0.2427524257E-01  0.4883379876E+01  0.1266316951E+00
  0.2452044704E-01  0.4876384093E+01  0.1278282640E+00
  0.2476812832E-01  0.4869313626E+01  0.1290351774E+00
  0.2501831143E-01  0.4862215426E+01  0.1302525096E+00
  0.2527102165E-01  0.4855060810E+01  0.1314803370E+00
  0.2552628449E-01  0.4847858698E+01  0.1327187345E+00
  0.2578412575E-01  0.4840676611E+01  0.1339677865E+00
  0.2604457147E-01  0.4833339869E+01  0.1352275646E+00
  0.2630764795E-01  0.4825865018E+01  0.1364981194E+00
  0.2657338176E-01  0.4818209014E+01  0.1377794977E+00
  0.2684179976E-01  0.4810495229E+01  0.1390717565E+00
  0.2711292905E-01  0.4802847586E+01  0.1403749859E+00
  0.2738679702E-01  0.4795152300E+01  0.1416892782E+00
  0.2766343134E-01  0.4787406903E+01  0.1430147106E+00
  0.2794285993E-01  0.4779612723E+01  0.1443513600E+00
  0.2822511105E-01  0.4771771116E+01  0.1456993044E+00
  0.2851021318E-01  0.4763910358E+01  0.1470586259E+00
  0.2879819513E-01  0.4756021741E+01  0.1484294103E+00
  0.2908908599E-01  0.4748059912E+01  0.1498117355E+00
  0.2938291514E-01  0.4740056554E+01  0.1512056781E+00
  0.2967971226E-01  0.4732002866E+01  0.1526113181E+00
  0.2997950734E-01  0.4723907236E+01  0.1540287357E+00
  0.3028233064E-01  0.4715771013E+01  0.1554580130E+00
  0.3058821277E-01  0.4707486455E+01  0.1568992160E+00
  0.3089718462E-01  0.4699157319E+01  0.1583524101E+00
  0.3120927739E-01  0.4690789284E+01  0.1598176773E+00
  0.3152452262E-01  0.4682383042E+01  0.1612951012E+00
  0.3184295214E-01  0.4673851823E+01  0.1627847519E+00
  0.3216459812E-01  0.4664924973E+01  0.1642866419E+00
  0.3248949305E-01  0.4656022150E+01  0.1658008062E+00
  0.3281766975E-01  0.4647104535E+01  0.1673273409E+00
  0.3314916136E-01  0.4638138084E+01  0.1688663309E+00
  0.3348400137E-01  0.4629176250E+01  0.1704178647E+00
  0.3382222361E-01  0.4620177414E+01  0.1719820333E+00
  0.3416386223E-01  0.4611131354E+01  0.1735589191E+00
  0.3450895175E-01  0.4602038069E+01  0.1751486032E+00
  0.3485752702E-01  0.4592897423E+01  0.1767511667E+00
  0.3520962325E-01  0.4583589372E+01  0.1783666699E+00
  0.3556527601E-01  0.4574120241E+01  0.1799951523E+00
  0.3592452122E-01  0.4564599026E+01  0.1816366729E+00
  0.3628739518E-01  0.4555024855E+01  0.1832913098E+00
  0.3665393452E-01  0.4545396691E+01  0.1849591411E+00
  0.3702417628E-01  0.4535713338E+01  0.1866402442E+00
  0.3739815786E-01  0.4525973444E+01  0.1883346962E+00
  0.3777591703E-01  0.4516145352E+01  0.1900425678E+00
  0.3815749195E-01  0.4506223275E+01  0.1917639226E+00
  0.3854292116E-01  0.4496239715E+01  0.1934988287E+00
  0.3893224360E-01  0.4486192577E+01  0.1952473599E+00
  0.3932549859E-01  0.4475983972E+01  0.1970095702E+00
  0.3972272585E-01  0.4465523256E+01  0.1987854754E+00
  0.4012396550E-01  0.4454959982E+01  0.2005751013E+00
  0.4052925808E-01  0.4444356121E+01  0.2023785146E+00
  0.4093864453E-01  0.4433836546E+01  0.2041958205E+00
  0.4135216619E-01  0.4423240344E+01  0.2060271171E+00
  0.4176986484E-01  0.4412456820E+01  0.2078724465E+00
  0.4219178266E-01  0.4401476633E+01  0.2097318243E+00
  0.4261796229E-01  0.4390347308E+01  0.2116052724E+00
  0.4304844675E-01  0.4379181165E+01  0.2134928453E+00
  0.4348327955E-01  0.4367923621E+01  0.2153946093E+00
  0.4392250460E-01  0.4356529938E+01  0.2173106086E+00
  0.4436616626E-01  0.4344978789E+01  0.2192408715E+00
  0.4481430935E-01  0.4333332879E+01  0.2211854342E+00
  0.4526697914E-01  0.4321593104E+01  0.2231443460E+00
  0.4572422136E-01  0.4309760736E+01  0.2251176556E+00
  0.4618608218E-01  0.4297837439E+01  0.2271054118E+00
  0.4665260826E-01  0.4285810565E+01  0.2291076597E+00
  0.4712384673E-01  0.4273510812E+01  0.2311244004E+00
  0.4759984518E-01  0.4261122221E+01  0.2331556365E+00
  0.4808065170E-01  0.4248576190E+01  0.2352013957E+00
  0.4856631485E-01  0.4235838737E+01  0.2372616795E+00
  0.4905688368E-01  0.4223023669E+01  0.2393365067E+00
  0.4955240776E-01  0.4210153340E+01  0.2414259278E+00
  0.5005293713E-01  0.4197209284E+01  0.2435299938E+00
  0.5055852235E-01  0.4184057582E+01  0.2456487161E+00
  0.5106921450E-01  0.4170796130E+01  0.2477820952E+00
  0.5158506515E-01  0.4157467236E+01  0.2499301652E+00
  0.5210612641E-01  0.4144075472E+01  0.2520929714E+00
  0.5263245092E-01  0.4130670905E+01  0.2542705723E+00
  0.5316409184E-01  0.4117366011E+01  0.2564630693E+00
  0.5370110287E-01  0.4104010609E+01  0.2586705542E+00
  0.5424353825E-01  0.4090316855E+01  0.2608930008E+00
  0.5479145278E-01  0.4076531125E+01  0.2631303681E+00
  0.5534490180E-01  0.4062664632E+01  0.2653826831E+00
  0.5590394121E-01  0.4048468958E+01  0.2676499048E+00
  0.5646862749E-01  0.4034214015E+01  0.2699319948E+00
  0.5703901766E-01  0.4019646336E+01  0.2722289162E+00
  0.5761516936E-01  0.4004938084E+01  0.2745406052E+00
  0.5819714076E-01  0.3990032180E+01  0.2768670272E+00
  0.5878499067E-01  0.3974552616E+01  0.2792080175E+00
  0.5937877846E-01  0.3958980649E+01  0.2815634350E+00
  0.5997856410E-01  0.3943140969E+01  0.2839332246E+00
  0.6058440818E-01  0.3927161912E+01  0.2863173128E+00
  0.6119637190E-01  0.3911062428E+01  0.2887156672E+00
  0.6181451707E-01  0.3894830417E+01  0.2911282547E+00
  0.6243890613E-01  0.3878452606E+01  0.2935550312E+00
  0.6306960215E-01  0.3861937310E+01  0.2959959477E+00
  0.6370666884E-01  0.3845304063E+01  0.2984509611E+00
  0.6435017054E-01  0.3829080706E+01  0.3009202009E+00
  0.6500017227E-01  0.3812670350E+01  0.3034037766E+00
  0.6565673966E-01  0.3796102033E+01  0.3059016126E+00
  0.6631993905E-01  0.3779315030E+01  0.3084136185E+00
  0.6698983743E-01  0.3762366858E+01  0.3109396988E+00
  0.6766650245E-01  0.3745183952E+01  0.3134797473E+00
  0.6835000248E-01  0.3727996931E+01  0.3160337069E+00
  0.6904040654E-01  0.3710724569E+01  0.3186015687E+00
  0.6973778439E-01  0.3693123434E+01  0.3211832085E+00
  0.7044220645E-01  0.3675435739E+01  0.3237784963E+00
  0.7115374389E-01  0.3658072548E+01  0.3263875292E+00
  0.7187246858E-01  0.3641065412E+01  0.3290105645E+00
  0.7259845311E-01  0.3624087567E+01  0.3316477588E+00
  0.7333177082E-01  0.3607118088E+01  0.3342991444E+00
  0.7407249577E-01  0.3589948903E+01  0.3369646680E+00
  0.7482070280E-01  0.3572476716E+01  0.3396441566E+00
  0.7557646748E-01  0.3554120716E+01  0.3423371719E+00
  0.7633986614E-01  0.3535615147E+01  0.3450433193E+00
  0.7711097590E-01  0.3516976015E+01  0.3477624803E+00
  0.7788987464E-01  0.3497687725E+01  0.3504943367E+00
  0.7867664105E-01  0.3477401833E+01  0.3532382197E+00
  0.7947135460E-01  0.3457304589E+01  0.3559937723E+00
  0.8027409556E-01  0.3437556089E+01  0.3587611658E+00
  0.8108494501E-01  0.3419262344E+01  0.3615410896E+00
  0.8190398485E-01  0.3400968049E+01  0.3643341098E+00
  0.8273129783E-01  0.3382344083E+01  0.3671400709E+00
  0.8356696751E-01  0.3363635142E+01  0.3699587760E+00
  0.8441107829E-01  0.3344667545E+01  0.3727900513E+00
  0.8526371544E-01  0.3325213390E+01  0.3756335455E+00
  0.8612496510E-01  0.3304638458E+01  0.3784885243E+00
  0.8699491424E-01  0.3283495541E+01  0.3813541950E+00
  0.8787365075E-01  0.3262315519E+01  0.3842302166E+00
  0.8876126338E-01  0.3242157061E+01  0.3871169426E+00
  0.8965784180E-01  0.3221367984E+01  0.3900144712E+00
  0.9056347656E-01  0.3200485638E+01  0.3929223981E+00
  0.9147825915E-01  0.3178475314E+01  0.3958400793E+00
  0.9240228197E-01  0.3155807739E+01  0.3987665904E+00
  0.9333563836E-01  0.3132858198E+01  0.4017013736E+00
  0.9427842258E-01  0.3109404389E+01  0.4046439270E+00
  0.9523072988E-01  0.3085811994E+01  0.4075938019E+00
  0.9619265645E-01  0.3062329690E+01  0.4105508323E+00
  0.9716429944E-01  0.3037359462E+01  0.4135141924E+00
  0.9814575701E-01  0.3011221307E+01  0.4164824051E+00
  0.9913712829E-01  0.2984046323E+01  0.4194541731E+00
  0.1001385134E+00  0.2956652351E+01  0.4224286368E+00
  0.1011500136E+00  0.2928762157E+01  0.4254051856E+00
  0.1021717309E+00  0.2900449705E+01  0.4283830889E+00
  0.1032037686E+00  0.2872879597E+01  0.4313622356E+00
  0.1042462309E+00  0.2846247067E+01  0.4343432226E+00
  0.1052992231E+00  0.2819137713E+01  0.4373260257E+00
  0.1063628516E+00  0.2793110703E+01  0.4403106994E+00
  0.1074372239E+00  0.2767232728E+01  0.4432976387E+00
  0.1085224483E+00  0.2743801970E+01  0.4462879936E+00
  0.1096186347E+00  0.2722339236E+01  0.4492839483E+00
  0.1107258936E+00  0.2701687362E+01  0.4522868493E+00
  0.1118443370E+00  0.2682211827E+01  0.4552976424E+00
  0.1129740778E+00  0.2663590892E+01  0.4583173281E+00
  0.1141152301E+00  0.2647123402E+01  0.4613474950E+00
  0.1152679092E+00  0.2632594864E+01  0.4643904055E+00
  0.1164322315E+00  0.2618129426E+01  0.4674471732E+00
  0.1176083146E+00  0.2603339875E+01  0.4705176142E+00
  0.1187962774E+00  0.2589022451E+01  0.4736017808E+00
  0.1199962398E+00  0.2574455919E+01  0.4766997707E+00
  0.1212083230E+00  0.2558882456E+01  0.4798107874E+00
  0.1224326495E+00  0.2541628323E+01  0.4829331326E+00
  0.1236693429E+00  0.2524509101E+01  0.4860657621E+00
  0.1249185282E+00  0.2507619809E+01  0.4892087928E+00
  0.1261803315E+00  0.2491296694E+01  0.4923626175E+00
  0.1274548803E+00  0.2474675943E+01  0.4955273047E+00
  0.1287423034E+00  0.2456627520E+01  0.4987016415E+00
  0.1300427307E+00  0.2437953847E+01  0.5018841652E+00
  0.1313562936E+00  0.2421164469E+01  0.5050755440E+00
  0.1326831249E+00  0.2406182756E+01  0.5082780816E+00
  0.1340233585E+00  0.2391916655E+01  0.5114933686E+00
  0.1353771298E+00  0.2378331563E+01  0.5147222812E+00
  0.1367445755E+00  0.2365344781E+01  0.5179656412E+00
  0.1381258338E+00  0.2352309974E+01  0.5212237912E+00
  0.1395210443E+00  0.2338994134E+01  0.5244964694E+00
  0.1409303478E+00  0.2321803870E+01  0.5277807088E+00
  0.1423538866E+00  0.2305152735E+01  0.5310740351E+00
  0.1437918047E+00  0.2287388692E+01  0.5343758842E+00
  0.1452442472E+00  0.2268835050E+01  0.5376847107E+00
  0.1467113608E+00  0.2250013867E+01  0.5409995430E+00
  0.1481932937E+00  0.2231031508E+01  0.5443198474E+00
  0.1496901957E+00  0.2211409458E+01  0.5476447967E+00
  0.1512022178E+00  0.2190708156E+01  0.5509728464E+00
  0.1527295130E+00  0.2169389306E+01  0.5543024242E+00
  0.1542722353E+00  0.2148777058E+01  0.5576332901E+00
  0.1558305407E+00  0.2127592243E+01  0.5609652348E+00
  0.1574045866E+00  0.2105155508E+01  0.5642965044E+00
  0.1589945319E+00  0.2083707035E+01  0.5676265356E+00
  0.1606005373E+00  0.2062799004E+01  0.5709561910E+00
  0.1622227649E+00  0.2042768374E+01  0.5742862735E+00
  0.1638613787E+00  0.2024438854E+01  0.5776185644E+00
  0.1655165442E+00  0.2006109886E+01  0.5809541769E+00
  0.1671884284E+00  0.1986131188E+01  0.5842914595E+00
  0.1688772004E+00  0.1966611679E+01  0.5876291002E+00
  0.1705830308E+00  0.1947641532E+01  0.5909676261E+00
  0.1723060917E+00  0.1928831931E+01  0.5943073261E+00
  0.1740465572E+00  0.1906094209E+01  0.5976446045E+00
  0.1758046033E+00  0.1880569379E+01  0.6009731690E+00
  0.1775804074E+00  0.1852945258E+01  0.6042881642E+00
  0.1793741488E+00  0.1822585989E+01  0.6075846407E+00
  0.1811860089E+00  0.1792451776E+01  0.6108596120E+00
  0.1830161706E+00  0.1763502890E+01  0.6141135980E+00
  0.1848648188E+00  0.1735407964E+01  0.6173477256E+00
  0.1867321402E+00  0.1713049329E+01  0.6205674147E+00
  0.1886183235E+00  0.1692761351E+01  0.6237794062E+00
  0.1905235591E+00  0.1674089072E+01  0.6269867278E+00
  0.1924480394E+00  0.1656678755E+01  0.6301917265E+00
  0.1943919590E+00  0.1640363509E+01  0.6333963190E+00
  0.1963555142E+00  0.1625467425E+01  0.6366026386E+00
  0.1983389032E+00  0.1612152305E+01  0.6398133683E+00
  0.2003423265E+00  0.1595924135E+01  0.6430269358E+00
  0.2023659863E+00  0.1578917950E+01  0.6462393361E+00
  0.2044100872E+00  0.1559169502E+01  0.6494466197E+00
  0.2064748356E+00  0.1542297178E+01  0.6526484938E+00
  0.2085604400E+00  0.1525908096E+01  0.6558480250E+00
  0.2106671111E+00  0.1512566744E+01  0.6590485586E+00
  0.2127950617E+00  0.1502503323E+01  0.6622565187E+00
  0.2149445068E+00  0.1493865519E+01  0.6654767838E+00
  0.2171156634E+00  0.1485372956E+01  0.6687109805E+00
  0.2193087509E+00  0.1477744693E+01  0.6719601687E+00
  0.2215239908E+00  0.1473669566E+01  0.6752292140E+00
  0.2237616069E+00  0.1473077320E+01  0.6785260581E+00
  0.2260218251E+00  0.1471048938E+01  0.6818532420E+00
  0.2283048739E+00  0.1465904351E+01  0.6852058458E+00
  0.2306109837E+00  0.1459676950E+01  0.6885792017E+00
  0.2329403876E+00  0.1452249631E+01  0.6919707282E+00
  0.2352933208E+00  0.1442630225E+01  0.6953764577E+00
  0.2376700210E+00  0.1428111586E+01  0.6987879040E+00
  0.2400707283E+00  0.1411693224E+01  0.7021966741E+00
  0.2424956851E+00  0.1393820001E+01  0.7055982983E+00
  0.2449451365E+00  0.1377738486E+01  0.7089926972E+00
  0.2474193298E+00  0.1360641856E+01  0.7123803383E+00
  0.2499185149E+00  0.1340041855E+01  0.7157550926E+00
  0.2524429444E+00  0.1323136040E+01  0.7191165950E+00
  0.2549928731E+00  0.1309537401E+01  0.7224731598E+00
  0.2575685587E+00  0.1297732024E+01  0.7258309130E+00
  0.2601702613E+00  0.1284996114E+01  0.7291906582E+00
  0.2627982438E+00  0.1275512707E+01  0.7325551443E+00
  0.2654527715E+00  0.1266191003E+01  0.7359286558E+00
  0.2681341126E+00  0.1258435969E+01  0.7393133489E+00
  0.2708425380E+00  0.1249882278E+01  0.7427101453E+00
  0.2735783212E+00  0.1241176631E+01  0.7461176438E+00
  0.2763417386E+00  0.1231965734E+01  0.7495348061E+00
  0.2791330693E+00  0.1213196602E+01  0.7529474345E+00
  0.2819525952E+00  0.1192110137E+01  0.7563383469E+00
  0.2848006012E+00  0.1173062432E+01  0.7597063597E+00
  0.2876773750E+00  0.1161352553E+01  0.7630641516E+00
  0.2905832071E+00  0.1153722626E+01  0.7664277614E+00
  0.2935183910E+00  0.1153584790E+01  0.7698139472E+00
  0.2964832232E+00  0.1154864672E+01  0.7732360299E+00
  0.2994780032E+00  0.1158490265E+01  0.7767000245E+00
  0.3025030336E+00  0.1164554274E+01  0.7802136646E+00
  0.3055586198E+00  0.1165710510E+01  0.7837738271E+00
  0.3086450705E+00  0.1164424649E+01  0.7873697507E+00
  0.3117626974E+00  0.1167097649E+01  0.7910041591E+00
  0.3149118156E+00  0.1170917950E+01  0.7946855028E+00
  0.3180927430E+00  0.1170601943E+01  0.7984096052E+00
  0.3213058010E+00  0.1167544696E+01  0.8021659056E+00
  0.3245513142E+00  0.1161418913E+01  0.8059452466E+00
  0.3278296103E+00  0.1144839143E+01  0.8097255450E+00
  0.3311410205E+00  0.1127835357E+01  0.8134884238E+00
  0.3344858793E+00  0.1113750887E+01  0.8172373185E+00
  0.3378645245E+00  0.1099514052E+01  0.8209762371E+00
  0.3412772975E+00  0.1091789568E+01  0.8247154479E+00
  0.3447245429E+00  0.1087908126E+01  0.8284724244E+00
  0.3482066090E+00  0.1084603058E+01  0.8322548382E+00
  0.3517238475E+00  0.1084472153E+01  0.8360694156E+00
  0.3552766136E+00  0.1082025255E+01  0.8399179449E+00
  0.3588652663E+00  0.1071051500E+01  0.8437812672E+00
  0.3624901680E+00  0.1054493939E+01  0.8476337138E+00
  0.3661516848E+00  0.1032022333E+01  0.8514536210E+00
  0.3698501867E+00  0.1003463939E+01  0.8552177459E+00
  0.3735860472E+00  0.9738276620E+00  0.8589111887E+00
  0.3773596436E+00  0.9469935639E+00  0.8625353908E+00
  0.3811713572E+00  0.9300988959E+00  0.8661128602E+00
  0.3850215729E+00  0.9162311145E+00  0.8696672446E+00
  0.3889106797E+00  0.9047242836E+00  0.8732081896E+00
  0.3928390704E+00  0.8932616878E+00  0.8767397853E+00
  0.3968071418E+00  0.8777146940E+00  0.8802534657E+00
  0.4008152948E+00  0.8583894533E+00  0.8837327512E+00
  0.4048639341E+00  0.8349713186E+00  0.8871606547E+00
  0.4089534688E+00  0.8085418164E+00  0.8905212567E+00
  0.4130843119E+00  0.7872937301E+00  0.8938173298E+00
  0.4172568807E+00  0.7670945871E+00  0.8970602259E+00
  0.4214715967E+00  0.7453576482E+00  0.9002475042E+00
  0.4257288855E+00  0.7222638695E+00  0.9033715486E+00
  0.4300291773E+00  0.6986676620E+00  0.9064267587E+00
  0.4343729064E+00  0.6695751500E+00  0.9093983967E+00
  0.4387605115E+00  0.6400203861E+00  0.9122713907E+00
  0.4431924359E+00  0.6206453219E+00  0.9150649783E+00
  0.4476691271E+00  0.6045884209E+00  0.9178074749E+00
  0.4521910375E+00  0.5822081880E+00  0.9204907688E+00
  0.4567586237E+00  0.5491702564E+00  0.9230746031E+00
  0.4613723472E+00  0.5102149410E+00  0.9255184583E+00
  0.4660326740E+00  0.4652094986E+00  0.9277913566E+00
  0.4707400747E+00  0.4179789864E+00  0.9298701177E+00
  0.4754950250E+00  0.3808092081E+00  0.9317692167E+00
  0.4802980050E+00  0.3453210120E+00  0.9335130112E+00
  0.4851495000E+00  0.3060762051E+00  0.9350931364E+00
  0.4900500000E+00  0.2493491670E+00  0.9364540674E+00
  0.4950000000E+00  0.1970749982E+00  0.9375589672E+00
  0.5000000000E+00  0.1436839276E+00  0.9384054331E+00
  0.5050000000E+00  0.9435629227E-01  0.9390005337E+00
  0.5099500000E+00  0.4722209302E-01  0.9393509402E+00
  0.5148505000E+00  0.1948743448E-02  0.9394714210E+00
  0.5197019950E+00 -0.4556353123E-01  0.9393656226E+00
  0.5245049750E+00 -0.8821601865E-01  0.9390443523E+00
  0.5292599253E+00 -0.1164530620E+00  0.9385577567E+00
  0.5339673260E+00 -0.1197424545E+00  0.9380018232E+00
  0.5386276528E+00 -0.1102590360E+00  0.9374658821E+00
  0.5432413763E+00 -0.1016533190E+00  0.9369770296E+00
  0.5478089625E+00 -0.1084416020E+00  0.9364972163E+00
  0.5523308729E+00 -0.1178583287E+00  0.9359855623E+00
  0.5568075641E+00 -0.1263484029E+00  0.9354389432E+00
  0.5612394885E+00 -0.1346132684E+00  0.9348606620E+00
  0.5656270936E+00 -0.1377889676E+00  0.9342630653E+00
  0.5699708227E+00 -0.1422124272E+00  0.9336549402E+00
  0.5742711145E+00 -0.1483353262E+00  0.9330302202E+00
  0.5785284033E+00 -0.1546785615E+00  0.9323852113E+00
  0.5827431193E+00 -0.1593397176E+00  0.9317234624E+00
  0.5869156881E+00 -0.1610504169E+00  0.9310550375E+00
  0.5910465312E+00 -0.1597978234E+00  0.9303923506E+00
  0.5951360659E+00 -0.1596972303E+00  0.9297390575E+00
  0.5991847052E+00 -0.1607878647E+00  0.9290902933E+00
  0.6031928582E+00 -0.1611922174E+00  0.9284450206E+00
  0.6071609296E+00 -0.1653592729E+00  0.9277971307E+00
  0.6110893203E+00 -0.1727001459E+00  0.9271331160E+00
  0.6149784271E+00 -0.1807518467E+00  0.9264458097E+00
  0.6188286428E+00 -0.1910121824E+00  0.9257301239E+00
  0.6226403564E+00 -0.1976758976E+00  0.9249893401E+00
  0.6264139528E+00 -0.2087506277E+00  0.9242224952E+00
  0.6301498133E+00 -0.2313495850E+00  0.9234004187E+00
  0.6338483152E+00 -0.2669735067E+00  0.9224788943E+00
  0.6375098320E+00 -0.3096945118E+00  0.9214231544E+00
  0.6411347337E+00 -0.3537482098E+00  0.9202206971E+00
  0.6447233864E+00 -0.3976652189E+00  0.9188724162E+00
  0.6482761525E+00 -0.4366018946E+00  0.9173904382E+00
  0.6517933910E+00 -0.4714709658E+00  0.9157934838E+00
  0.6552754571E+00 -0.4995782618E+00  0.9141028551E+00
  0.6587227025E+00 -0.5216173242E+00  0.9123426991E+00
  0.6621354755E+00 -0.5406272027E+00  0.9105300994E+00
  0.6655141207E+00 -0.5599547909E+00  0.9086708614E+00
  0.6688589795E+00 -0.5815318621E+00  0.9067618055E+00
  0.6721703897E+00 -0.6025306093E+00  0.9048013473E+00
  0.6754486858E+00 -0.6262916897E+00  0.9027871256E+00
  0.6786941990E+00 -0.6510443346E+00  0.9007143202E+00
  0.6819072570E+00 -0.6737483785E+00  0.8985860022E+00
  0.6850881844E+00 -0.6964434859E+00  0.8964067618E+00
  0.6882373026E+00 -0.7203042578E+00  0.8941760088E+00
  0.6913549295E+00 -0.7459649822E+00  0.8918903685E+00
  0.6944413802E+00 -0.7694380363E+00  0.8895517602E+00
  0.6974969664E+00 -0.7982035979E+00  0.8871567281E+00
  0.7005219968E+00 -0.8328407405E+00  0.8846897488E+00
  0.7035167768E+00 -0.8749976851E+00  0.8821324486E+00
  0.7064816090E+00 -0.9151184831E+00  0.8794787515E+00
  0.7094167929E+00 -0.9545919310E+00  0.8767347796E+00
  0.7123226250E+00 -0.9972822026E+00  0.8738988703E+00
  0.7151993988E+00 -0.1043754471E+01  0.8709630700E+00
  0.7180474048E+00 -0.1092788888E+01  0.8679206258E+00
  0.7208669307E+00 -0.1149203322E+01  0.8647599482E+00
  0.7236582614E+00 -0.1209979775E+01  0.8614673181E+00
  0.7264216788E+00 -0.1273023835E+01  0.8580365304E+00
  0.7291574620E+00 -0.1334939488E+01  0.8544691193E+00
  0.7318658874E+00 -0.1395471866E+01  0.8507715616E+00
  0.7345472285E+00 -0.1451929223E+01  0.8469541348E+00
  0.7372017562E+00 -0.1498295235E+01  0.8430384085E+00
  0.7398297387E+00 -0.1535210035E+01  0.8390524092E+00
  0.7424314413E+00 -0.1564233639E+01  0.8350204938E+00
  0.7450071269E+00 -0.1593550737E+01  0.8309537640E+00
  0.7475570556E+00 -0.1625692588E+01  0.8268493434E+00
  0.7500814851E+00 -0.1655555972E+01  0.8227077032E+00
  0.7525806702E+00 -0.1685448658E+01  0.8185328086E+00
  0.7550548635E+00 -0.1714843697E+01  0.8143263184E+00
  0.7575043149E+00 -0.1746913124E+01  0.8100866159E+00
  0.7599292717E+00 -0.1780282657E+01  0.8058099671E+00
  0.7623299790E+00 -0.1814029076E+01  0.8014955219E+00
  0.7647066792E+00 -0.1842710109E+01  0.7971500355E+00
  0.7670596124E+00 -0.1873482732E+01  0.7927780587E+00
  0.7693890163E+00 -0.1907802149E+01  0.7883739889E+00
  0.7716951261E+00 -0.1938744139E+01  0.7839387098E+00
  0.7739781749E+00 -0.1972152678E+01  0.7794743258E+00
  0.7762383931E+00 -0.2006082423E+01  0.7749784860E+00
  0.7784760092E+00 -0.2039446654E+01  0.7704523155E+00
  0.7806912491E+00 -0.2071500286E+01  0.7658989487E+00
  0.7828843366E+00 -0.2104443312E+01  0.7613198438E+00
  0.7850554932E+00 -0.2137736847E+01  0.7567146250E+00
  0.7872049383E+00 -0.2176956171E+01  0.7520775272E+00
  0.7893328889E+00 -0.2216392490E+01  0.7474031127E+00
  0.7914395600E+00 -0.2254027957E+01  0.7426942599E+00
  0.7935251644E+00 -0.2290070569E+01  0.7379556640E+00
  0.7955899128E+00 -0.2324230309E+01  0.7331919789E+00
  0.7976340137E+00 -0.2356148763E+01  0.7284083954E+00
  0.7996576735E+00 -0.2379931606E+01  0.7236162875E+00
  0.8016610968E+00 -0.2401755635E+01  0.7188264158E+00
  0.8036444858E+00 -0.2422802844E+01  0.7140419276E+00
  0.8056080410E+00 -0.2442178227E+01  0.7092655983E+00
  0.8075519606E+00 -0.2457259792E+01  0.7045035415E+00
  0.8094764409E+00 -0.2467957410E+01  0.6997642996E+00
  0.8113816765E+00 -0.2478862299E+01  0.6950518711E+00
  0.8132678598E+00 -0.2491178965E+01  0.6903646668E+00
  0.8151351812E+00 -0.2507351578E+01  0.6856977353E+00
  0.8169838294E+00 -0.2526829951E+01  0.6810445200E+00
  0.8188139911E+00 -0.2547318540E+01  0.6764012639E+00
  0.8206258512E+00 -0.2566112886E+01  0.6717688527E+00
  0.8224195926E+00 -0.2585693986E+01  0.6671483479E+00
  0.8241953967E+00 -0.2606461519E+01  0.6625382224E+00
  0.8259534428E+00 -0.2627905859E+01  0.6579370930E+00
  0.8276939083E+00 -0.2647499613E+01  0.6533462622E+00
  0.8294169692E+00 -0.2666275625E+01  0.6487682830E+00
  0.8311227996E+00 -0.2686958373E+01  0.6442024286E+00
  0.8328115716E+00 -0.2705826112E+01  0.6396488369E+00
  0.8344834558E+00 -0.2724566908E+01  0.6351093425E+00
  0.8361386213E+00 -0.2742789489E+01  0.6305846528E+00
  0.8377772351E+00 -0.2757118057E+01  0.6260785406E+00
  0.8393994627E+00 -0.2769307769E+01  0.6215959803E+00
  0.8410054681E+00 -0.2778639455E+01  0.6171409637E+00
  0.8425954134E+00 -0.2788973575E+01  0.6127148636E+00
  0.8441694593E+00 -0.2797609286E+01  0.6083180948E+00
  0.8457277647E+00 -0.2806621584E+01  0.6039515431E+00
  0.8472704870E+00 -0.2816416344E+01  0.5996141500E+00
  0.8487977822E+00 -0.2827682867E+01  0.5953040474E+00
  0.8503098043E+00 -0.2840119693E+01  0.5910191258E+00
  0.8518067063E+00 -0.2852580576E+01  0.5867584187E+00
  0.8532886392E+00 -0.2866469789E+01  0.5825207941E+00
  0.8547557528E+00 -0.2881657295E+01  0.5783042164E+00
  0.8562081953E+00 -0.2897935058E+01  0.5741069537E+00
  0.8576461134E+00 -0.2914499583E+01  0.5699280514E+00
  0.8590696522E+00 -0.2931029947E+01  0.5657673821E+00
  0.8604789557E+00 -0.2945298182E+01  0.5616266173E+00
  0.8618741662E+00 -0.2960494242E+01  0.5575067057E+00
  0.8632554245E+00 -0.2976890464E+01  0.5534061746E+00
  0.8646228702E+00 -0.2991903998E+01  0.5493251733E+00
  0.8659766415E+00 -0.3005862380E+01  0.5452653713E+00
  0.8673168751E+00 -0.3018858800E+01  0.5412281045E+00
  0.8686437064E+00 -0.3030752431E+01  0.5372146978E+00
  0.8699572693E+00 -0.3041460495E+01  0.5332265809E+00
  0.8712576966E+00 -0.3051069932E+01  0.5292651345E+00
  0.8725451197E+00 -0.3059640774E+01  0.5253315996E+00
  0.8738196685E+00 -0.3068107578E+01  0.5214265424E+00
  0.8750814718E+00 -0.3076633367E+01  0.5175498152E+00
  0.8763306571E+00 -0.3084732498E+01  0.5137014714E+00
  0.8775673505E+00 -0.3091592000E+01  0.5098823614E+00
  0.8787916770E+00 -0.3094579412E+01  0.5060954147E+00
  0.8800037602E+00 -0.3097279922E+01  0.5023428902E+00
  0.8812037226E+00 -0.3100250938E+01  0.4986244882E+00
  0.8823916854E+00 -0.3104724031E+01  0.4949388486E+00
  0.8835677685E+00 -0.3110924532E+01  0.4912837888E+00
  0.8847320908E+00 -0.3116444059E+01  0.4876584567E+00
  0.8858847699E+00 -0.3122171212E+01  0.4840628960E+00
  0.8870259222E+00 -0.3128403547E+01  0.4804964672E+00
  0.8881556630E+00 -0.3135188211E+01  0.4769583496E+00
  0.8892741064E+00 -0.3142464470E+01  0.4734477501E+00
  0.8903813653E+00 -0.3149595570E+01  0.4699642803E+00
  0.8914775517E+00 -0.3157003283E+01  0.4665076765E+00
  0.8925627761E+00 -0.3165085263E+01  0.4630772339E+00
  0.8936371484E+00 -0.3174047525E+01  0.4596719397E+00
  0.8947007769E+00 -0.3183569914E+01  0.4562908681E+00
  0.8957537691E+00 -0.3193728215E+01  0.4529332454E+00
  0.8967962314E+00 -0.3205257681E+01  0.4495978946E+00
  0.8978282691E+00 -0.3217272297E+01  0.4462837481E+00
  0.8988499864E+00 -0.3229674261E+01  0.4429902697E+00
  0.8998614866E+00 -0.3242740124E+01  0.4397168457E+00
  0.9008628717E+00 -0.3256480009E+01  0.4364627345E+00
  0.9018542430E+00 -0.3269514495E+01  0.4332278927E+00
  0.9028357006E+00 -0.3282249962E+01  0.4300127533E+00
  0.9038073436E+00 -0.3295871695E+01  0.4268169604E+00
  0.9047692701E+00 -0.3310718993E+01  0.4236394328E+00
  0.9057215774E+00 -0.3326726153E+01  0.4204789891E+00
  0.9066643616E+00 -0.3343784082E+01  0.4173345632E+00
  0.9075977180E+00 -0.3361403173E+01  0.4142053985E+00
  0.9085217408E+00 -0.3379474295E+01  0.4110910362E+00
  0.9094365234E+00 -0.3398525709E+01  0.4079908380E+00
  0.9103421582E+00 -0.3419284774E+01  0.4049036149E+00
  0.9112387366E+00 -0.3440301885E+01  0.4018285362E+00
  0.9121263493E+00 -0.3461508240E+01  0.3987654693E+00
  0.9130050858E+00 -0.3483306742E+01  0.3957141381E+00
  0.9138750349E+00 -0.3505636945E+01  0.3926741253E+00
  0.9147362846E+00 -0.3527932074E+01  0.3896452959E+00
  0.9155889217E+00 -0.3549818499E+01  0.3866279193E+00
  0.9164330325E+00 -0.3571480091E+01  0.3836223368E+00
  0.9172687022E+00 -0.3593192345E+01  0.3806286871E+00
  0.9180960151E+00 -0.3615703279E+01  0.3776466806E+00
  0.9189150550E+00 -0.3637836722E+01  0.3746762115E+00
  0.9197259044E+00 -0.3659628414E+01  0.3717176387E+00
  0.9205286454E+00 -0.3681061541E+01  0.3687713025E+00
  0.9213233589E+00 -0.3701680984E+01  0.3658377197E+00
  0.9221101254E+00 -0.3721564587E+01  0.3629175396E+00
  0.9228890241E+00 -0.3741570427E+01  0.3600110263E+00
  0.9236601339E+00 -0.3762259734E+01  0.3571178880E+00
  0.9244235325E+00 -0.3782804378E+01  0.3542379421E+00
  0.9251792972E+00 -0.3802471584E+01  0.3513716003E+00
  0.9259275042E+00 -0.3821407428E+01  0.3485194803E+00
  0.9266682292E+00 -0.3839790404E+01  0.3456820601E+00
  0.9274015469E+00 -0.3857562625E+01  0.3428597575E+00
  0.9281275314E+00 -0.3875253956E+01  0.3400528049E+00
  0.9288462561E+00 -0.3892903497E+01  0.3372612216E+00
  0.9295577935E+00 -0.3910435322E+01  0.3344850377E+00
  0.9302622156E+00 -0.3927874653E+01  0.3317242985E+00
  0.9309595935E+00 -0.3945102840E+01  0.3289790785E+00
  0.9316499975E+00 -0.3962708219E+01  0.3262492860E+00
  0.9323334975E+00 -0.3980279641E+01  0.3235347698E+00
  0.9330101626E+00 -0.3997954083E+01  0.3208354739E+00
  0.9336800609E+00 -0.4015950463E+01  0.3181512231E+00
  0.9343432603E+00 -0.4033883070E+01  0.3154819008E+00
  0.9349998277E+00 -0.4051413391E+01  0.3128276298E+00
  0.9356498295E+00 -0.4069137258E+01  0.3101884438E+00
  0.9362933312E+00 -0.4087283174E+01  0.3075641086E+00
  0.9369303978E+00 -0.4105109932E+01  0.3049545582E+00
  0.9375610939E+00 -0.4122847157E+01  0.3023598883E+00
  0.9381854829E+00 -0.4140669893E+01  0.2997800635E+00
  0.9388036281E+00 -0.4158644580E+01  0.2972149729E+00
  0.9394155918E+00 -0.4176475006E+01  0.2946645775E+00
  0.9400214359E+00 -0.4194099465E+01  0.2921289460E+00
  0.9406212215E+00 -0.4211235651E+01  0.2896082463E+00
  0.9412150093E+00 -0.4228377527E+01  0.2871025767E+00
  0.9418028592E+00 -0.4244995496E+01  0.2846120410E+00
  0.9423848306E+00 -0.4261205484E+01  0.2821368581E+00
  0.9429609823E+00 -0.4277148023E+01  0.2796771647E+00
  0.9435313725E+00 -0.4292780172E+01  0.2772330632E+00
  0.9440960588E+00 -0.4307888265E+01  0.2748047235E+00
  0.9446550982E+00 -0.4322705056E+01  0.2723923026E+00
  0.9452085472E+00 -0.4337141512E+01  0.2699959108E+00
  0.9457564617E+00 -0.4351138897E+01  0.2676156933E+00
  0.9462988971E+00 -0.4364819759E+01  0.2652517711E+00
  0.9468359082E+00 -0.4378181863E+01  0.2629042270E+00
  0.9473675491E+00 -0.4390719558E+01  0.2605732736E+00
  0.9478938736E+00 -0.4402814994E+01  0.2582591472E+00
  0.9484149348E+00 -0.4414841198E+01  0.2559618777E+00
  0.9489307855E+00 -0.4426689739E+01  0.2536814229E+00
  0.9494414776E+00 -0.4438576035E+01  0.2514177121E+00
  0.9499470629E+00 -0.4450169954E+01  0.2491707028E+00
  0.9504475922E+00 -0.4461440657E+01  0.2469404414E+00
  0.9509431163E+00 -0.4472468747E+01  0.2447269578E+00
  0.9514336852E+00 -0.4483415801E+01  0.2425302188E+00
  0.9519193483E+00 -0.4494113308E+01  0.2403501913E+00
  0.9524001548E+00 -0.4504572937E+01  0.2381868778E+00
  0.9528761533E+00 -0.4514806829E+01  0.2360402724E+00
  0.9533473917E+00 -0.4524827449E+01  0.2339103607E+00
  0.9538139178E+00 -0.4534647446E+01  0.2317971200E+00
  0.9542757786E+00 -0.4543924759E+01  0.2297006016E+00
  0.9547330209E+00 -0.4553022036E+01  0.2276208476E+00
  0.9551856906E+00 -0.4561959184E+01  0.2255578093E+00
  0.9556338337E+00 -0.4570748611E+01  0.2235114293E+00
  0.9560774954E+00 -0.4579402403E+01  0.2214816437E+00
  0.9565167205E+00 -0.4587932242E+01  0.2194683822E+00
  0.9569515532E+00 -0.4596207634E+01  0.2174715996E+00
  0.9573820377E+00 -0.4604372284E+01  0.2154912462E+00
  0.9578082173E+00 -0.4612407712E+01  0.2135272443E+00
  0.9582301352E+00 -0.4620422920E+01  0.2115794964E+00
  0.9586478338E+00 -0.4628521033E+01  0.2096478607E+00
  0.9590613555E+00 -0.4636266841E+01  0.2077322655E+00
  0.9594707419E+00 -0.4643954368E+01  0.2058326671E+00
  0.9598760345E+00 -0.4651610245E+01  0.2039489554E+00
  0.9602772742E+00 -0.4659239458E+01  0.2020810143E+00
  0.9606745014E+00 -0.4666730284E+01  0.2002287496E+00
  0.9610677564E+00 -0.4674200820E+01  0.1983920658E+00
  0.9614570788E+00 -0.4681660606E+01  0.1965708424E+00
  0.9618425080E+00 -0.4689157982E+01  0.1947649488E+00
  0.9622240830E+00 -0.4696990191E+01  0.1929741894E+00
  0.9626018421E+00 -0.4705156771E+01  0.1911983158E+00
  0.9629758237E+00 -0.4713299968E+01  0.1894371511E+00
  0.9633460655E+00 -0.4721415165E+01  0.1876905883E+00
  0.9637126048E+00 -0.4729498909E+01  0.1859585224E+00
  0.9640754788E+00 -0.4737457175E+01  0.1842408665E+00
  0.9644347240E+00 -0.4745282048E+01  0.1825375522E+00
  0.9647903767E+00 -0.4753161129E+01  0.1808484784E+00
  0.9651424730E+00 -0.4761012846E+01  0.1791735260E+00
  0.9654910483E+00 -0.4768834950E+01  0.1775125914E+00
  0.9658361378E+00 -0.4776625055E+01  0.1758655723E+00
  0.9661777764E+00 -0.4784380674E+01  0.1742323679E+00
  0.9665159986E+00 -0.4792054841E+01  0.1726128862E+00
  0.9668508386E+00 -0.4799432530E+01  0.1710070793E+00
  0.9671823303E+00 -0.4806740464E+01  0.1694148964E+00
  0.9675105070E+00 -0.4814009789E+01  0.1678362434E+00
  0.9678354019E+00 -0.4821238095E+01  0.1662710218E+00
  0.9681570479E+00 -0.4828422999E+01  0.1647191344E+00
  0.9684754774E+00 -0.4835562163E+01  0.1631804853E+00
  0.9687907226E+00 -0.4842509150E+01  0.1616550025E+00
  0.9691028154E+00 -0.4849340880E+01  0.1601426243E+00
  0.9694117872E+00 -0.4856192463E+01  0.1586432560E+00
  0.9697176694E+00 -0.4862703792E+01  0.1571568377E+00
  0.9700204927E+00 -0.4869136921E+01  0.1556833236E+00
  0.9703202877E+00 -0.4875484068E+01  0.1542226289E+00
  0.9706170849E+00 -0.4881767630E+01  0.1527746668E+00
  0.9709109140E+00 -0.4888003127E+01  0.1513393450E+00
  0.9712018049E+00 -0.4894189295E+01  0.1499165699E+00
  0.9714897868E+00 -0.4900291683E+01  0.1485062530E+00
  0.9717748890E+00 -0.4906345738E+01  0.1471083064E+00
  0.9720571401E+00 -0.4912524848E+01  0.1457226128E+00
  0.9723365687E+00 -0.4918645276E+01  0.1443490578E+00
  0.9726132030E+00 -0.4924794543E+01  0.1429875412E+00
  0.9728870709E+00 -0.4930964192E+01  0.1416379528E+00
  0.9731582002E+00 -0.4937067588E+01  0.1403001966E+00
  0.9734266182E+00 -0.4943093477E+01  0.1389741901E+00
  0.9736923521E+00 -0.4949009863E+01  0.1376598569E+00
  0.9739554285E+00 -0.4954829302E+01  0.1363571233E+00
  0.9742158742E+00 -0.4960569527E+01  0.1350659118E+00
  0.9744737155E+00 -0.4966244165E+01  0.1337861407E+00
  0.9747289784E+00 -0.4971840211E+01  0.1325177288E+00
  0.9749816886E+00 -0.4977345634E+01  0.1312605984E+00
  0.9752318717E+00 -0.4982788121E+01  0.1300146698E+00
  0.9754795530E+00 -0.4988167864E+01  0.1287798602E+00
  0.9757247574E+00 -0.4993485132E+01  0.1275560872E+00
  0.9759675099E+00 -0.4998740260E+01  0.1263432687E+00
  0.9762078348E+00 -0.5003933650E+01  0.1251413229E+00
  0.9764457564E+00 -0.5009065763E+01  0.1239501682E+00
  0.9766812989E+00 -0.5014137118E+01  0.1227697234E+00
  0.9769144859E+00 -0.5019148283E+01  0.1215999075E+00
  0.9771453410E+00 -0.5024099873E+01  0.1204406398E+00
  0.9773738876E+00 -0.5028992545E+01  0.1192918398E+00
  0.9776001487E+00 -0.5033826996E+01  0.1181534273E+00
  0.9778241472E+00 -0.5038603954E+01  0.1170253226E+00
  0.9780459058E+00 -0.5043324181E+01  0.1159074458E+00
  0.9782654467E+00 -0.5047988463E+01  0.1147997176E+00
  0.9784827922E+00 -0.5052597608E+01  0.1137020590E+00
  0.9786979643E+00 -0.5057152446E+01  0.1126143911E+00
  0.9789109847E+00 -0.5061653821E+01  0.1115366352E+00
  0.9791218748E+00 -0.5066102590E+01  0.1104687131E+00
  0.9793306561E+00 -0.5070476022E+01  0.1094105494E+00
  0.9795373495E+00 -0.5074787608E+01  0.1083620696E+00
  0.9797419760E+00 -0.5079050577E+01  0.1073231974E+00
  0.9799445563E+00 -0.5083330095E+01  0.1062938487E+00
  0.9801451107E+00 -0.5087571597E+01  0.1052739389E+00
  0.9803436596E+00 -0.5091766988E+01  0.1042633907E+00
  0.9805402230E+00 -0.5095934116E+01  0.1032621261E+00
  0.9807348208E+00 -0.5100021590E+01  0.1022700710E+00
  0.9809274726E+00 -0.5104053935E+01  0.1012871543E+00
  0.9811181978E+00 -0.5108041993E+01  0.1003133019E+00
  0.9813070158E+00 -0.5111948448E+01  0.9934844270E-01
  0.9814939457E+00 -0.5115767843E+01  0.9839251001E-01
  0.9816790062E+00 -0.5119514321E+01  0.9744543657E-01
  0.9818622162E+00 -0.5123221958E+01  0.9650715103E-01
  0.9820435940E+00 -0.5126891571E+01  0.9557757931E-01
  0.9822231581E+00 -0.5130523956E+01  0.9465664772E-01
  0.9824009265E+00 -0.5134119891E+01  0.9374428297E-01
  0.9825769172E+00 -0.5137680136E+01  0.9284041215E-01
  0.9827511481E+00 -0.5141205431E+01  0.9194496278E-01
  0.9829236366E+00 -0.5144696496E+01  0.9105786278E-01
  0.9830944002E+00 -0.5148154033E+01  0.9017904050E-01
  0.9832634562E+00 -0.5151573885E+01  0.8930842511E-01
  0.9834308216E+00 -0.5154920856E+01  0.8844594961E-01
  0.9835965134E+00 -0.5158257686E+01  0.8759154513E-01
  0.9837605483E+00 -0.5161596546E+01  0.8674513718E-01
  0.9839229428E+00 -0.5164877279E+01  0.8590665582E-01
  0.9840837134E+00 -0.5168134546E+01  0.8507603371E-01
  0.9842428762E+00 -0.5171363099E+01  0.8425320167E-01
  0.9844004475E+00 -0.5174563469E+01  0.8343809144E-01
  0.9845564430E+00 -0.5177747837E+01  0.8263063432E-01
  0.9847108786E+00 -0.5180920294E+01  0.8183076091E-01
  0.9848637698E+00 -0.5184052962E+01  0.8103840424E-01
  0.9850151321E+00 -0.5187158076E+01  0.8025349905E-01
  0.9851649808E+00 -0.5190236146E+01  0.7947597964E-01
  0.9853133310E+00 -0.5193286441E+01  0.7870578086E-01
  0.9854601977E+00 -0.5196285829E+01  0.7794283981E-01
  0.9856055957E+00 -0.5199247452E+01  0.7718709481E-01
  0.9857495397E+00 -0.5202173976E+01  0.7643848349E-01
  0.9858920443E+00 -0.5205077836E+01  0.7569694284E-01
  0.9860331239E+00 -0.5207959360E+01  0.7496240951E-01
  0.9861727926E+00 -0.5210816069E+01  0.7423482078E-01
  0.9863110647E+00 -0.5213629198E+01  0.7351411595E-01
  0.9864479541E+00 -0.5216413645E+01  0.7280023504E-01
  0.9865834745E+00 -0.5219177829E+01  0.7209311697E-01
  0.9867176398E+00 -0.5221922001E+01  0.7139270056E-01
  0.9868504634E+00 -0.5224646400E+01  0.7069892513E-01
  0.9869819588E+00 -0.5227351254E+01  0.7001173050E-01
  0.9871121392E+00 -0.5230036777E+01  0.6933105696E-01
  0.9872410178E+00 -0.5232703176E+01  0.6865684528E-01
  0.9873686076E+00 -0.5235350645E+01  0.6798903672E-01
  0.9874949215E+00 -0.5237979371E+01  0.6732757301E-01
  0.9876199723E+00 -0.5240589529E+01  0.6667239638E-01
  0.9877437726E+00 -0.5243181287E+01  0.6602344951E-01
  0.9878663349E+00 -0.5245750299E+01  0.6538067586E-01
  0.9879876715E+00 -0.5248329970E+01  0.6474401758E-01
  0.9881077948E+00 -0.5250891458E+01  0.6411341709E-01
  0.9882267168E+00 -0.5253434877E+01  0.6348881907E-01
  0.9883444497E+00 -0.5255960335E+01  0.6287016864E-01
  0.9884610052E+00 -0.5258467936E+01  0.6225741140E-01
  0.9885763951E+00 -0.5260968541E+01  0.6165049279E-01
  0.9886906312E+00 -0.5263484016E+01  0.6104935685E-01
  0.9888037249E+00 -0.5265986459E+01  0.6045394853E-01
  0.9889156876E+00 -0.5268469979E+01  0.5986421516E-01
  0.9890265307E+00 -0.5270934685E+01  0.5928010490E-01
  0.9891362654E+00 -0.5273380684E+01  0.5870156629E-01
  0.9892449028E+00 -0.5275808080E+01  0.5812854836E-01
  0.9893524538E+00 -0.5278216977E+01  0.5756100053E-01
  0.9894589292E+00 -0.5280607475E+01  0.5699887267E-01
  0.9895643399E+00 -0.5282979671E+01  0.5644211507E-01
  0.9896686965E+00 -0.5285333664E+01  0.5589067845E-01
  0.9897720096E+00 -0.5287669546E+01  0.5534451392E-01
  0.9898742895E+00 -0.5289987414E+01  0.5480357305E-01
  0.9899755466E+00 -0.5292287358E+01  0.5426780779E-01
  0.9900757911E+00 -0.5294569471E+01  0.5373717053E-01
  0.9901750332E+00 -0.5296833842E+01  0.5321161403E-01
  0.9902732829E+00 -0.5299084868E+01  0.5269109128E-01
  0.9903705500E+00 -0.5301282199E+01  0.5217555742E-01
  0.9904668445E+00 -0.5303462005E+01  0.5166496815E-01
  0.9905621761E+00 -0.5305625320E+01  0.5115927776E-01
  0.9906565543E+00 -0.5307772220E+01  0.5065844087E-01
  0.9907499888E+00 -0.5309902781E+01  0.5016241253E-01
  0.9908424889E+00 -0.5312017076E+01  0.4967114814E-01
  0.9909340640E+00 -0.5314115181E+01  0.4918460352E-01
  0.9910247234E+00 -0.5316197167E+01  0.4870273486E-01
  0.9911144761E+00 -0.5318263108E+01  0.4822549875E-01
  0.9912033314E+00 -0.5320305659E+01  0.4775285246E-01
  0.9912912981E+00 -0.5322328599E+01  0.4728475383E-01
  0.9913783851E+00 -0.5324333116E+01  0.4682116081E-01
  0.9914646012E+00 -0.5326320448E+01  0.4636203164E-01
  0.9915499552E+00 -0.5328292616E+01  0.4590732478E-01
  0.9916344557E+00 -0.5330249681E+01  0.4545699898E-01
  0.9917181111E+00 -0.5332191699E+01  0.4501101335E-01
  0.9918009300E+00 -0.5334118732E+01  0.4456932736E-01
  0.9918829207E+00 -0.5336030838E+01  0.4413190085E-01
  0.9919640915E+00 -0.5337918923E+01  0.4369869436E-01
  0.9920444506E+00 -0.5339792408E+01  0.4326966881E-01
  0.9921240061E+00 -0.5341657530E+01  0.4284478479E-01
  0.9922027660E+00 -0.5343508044E+01  0.4242400330E-01
  0.9922807383E+00 -0.5345344012E+01  0.4200728589E-01
  0.9923579310E+00 -0.5347165494E+01  0.4159459450E-01
  0.9924343516E+00 -0.5348972551E+01  0.4118589137E-01
  0.9925100081E+00 -0.5350765245E+01  0.4078113910E-01
  0.9925849081E+00 -0.5352543639E+01  0.4038030062E-01
  0.9926590590E+00 -0.5354307794E+01  0.3998333918E-01
  0.9927324684E+00 -0.5356055973E+01  0.3959021844E-01
  0.9928051437E+00 -0.5357788968E+01  0.3920090240E-01
  0.9928770923E+00 -0.5359508026E+01  0.3881535534E-01
  0.9929483213E+00 -0.5361213208E+01  0.3843354180E-01
  0.9930188381E+00 -0.5362904577E+01  0.3805542664E-01
  0.9930886497E+00 -0.5364582196E+01  0.3768097503E-01
  0.9931577632E+00 -0.5366246129E+01  0.3731015247E-01
  0.9932261856E+00 -0.5367896439E+01  0.3694292474E-01
  0.9932939238E+00 -0.5369533193E+01  0.3657925797E-01
  0.9933609845E+00 -0.5371162187E+01  0.3621911836E-01
  0.9934273747E+00 -0.5372778655E+01  0.3586247241E-01
  0.9934931009E+00 -0.5374381511E+01  0.3550928712E-01
  0.9935581699E+00 -0.5375970832E+01  0.3515952983E-01
  0.9936225882E+00 -0.5377546692E+01  0.3481316817E-01
  0.9936863623E+00 -0.5379109167E+01  0.3447017005E-01
  0.9937494987E+00 -0.5380658333E+01  0.3413050368E-01
  0.9938120037E+00 -0.5382194267E+01  0.3379413756E-01
  0.9938738837E+00 -0.5383715762E+01  0.3346104051E-01
  0.9939351449E+00 -0.5385221758E+01  0.3313118169E-01
  0.9939957934E+00 -0.5386714886E+01  0.3280453051E-01
  0.9940558355E+00 -0.5388195220E+01  0.3248105658E-01
  0.9941152771E+00 -0.5389662836E+01  0.3216072977E-01
  0.9941741243E+00 -0.5391117809E+01  0.3184352024E-01
  0.9942323831E+00 -0.5392560214E+01  0.3152939840E-01
  0.9942900593E+00 -0.5393990126E+01  0.3121833495E-01
  0.9943471587E+00 -0.5395407623E+01  0.3091030085E-01
  0.9944036871E+00 -0.5396812779E+01  0.3060526730E-01
  0.9944596502E+00 -0.5398205673E+01  0.3030320579E-01
  0.9945150537E+00 -0.5399586380E+01  0.3000408807E-01
  0.9945699032E+00 -0.5400954979E+01  0.2970788612E-01
  0.9946242041E+00 -0.5402311546E+01  0.2941457221E-01
  0.9946779621E+00 -0.5403656159E+01  0.2912411883E-01
  0.9947311825E+00 -0.5404988895E+01  0.2883649873E-01
  0.9947838707E+00 -0.5406309834E+01  0.2855168493E-01
  0.9948360320E+00 -0.5407619052E+01  0.2826965067E-01
  0.9948876716E+00 -0.5408916629E+01  0.2799036945E-01
  0.9949387949E+00 -0.5410202642E+01  0.2771381500E-01
  0.9949894070E+00 -0.5411477171E+01  0.2743996129E-01
  0.9950395129E+00 -0.5412740293E+01  0.2716878255E-01
  0.9950891178E+00 -0.5413992088E+01  0.2690025322E-01
  0.9951382266E+00 -0.5415232633E+01  0.2663434798E-01
  0.9951868443E+00 -0.5416462009E+01  0.2637104176E-01
  0.9952349759E+00 -0.5417680293E+01  0.2611030969E-01
  0.9952826261E+00 -0.5418887565E+01  0.2585212716E-01
  0.9953297999E+00 -0.5420083903E+01  0.2559646975E-01
  0.9953765019E+00 -0.5421269387E+01  0.2534331330E-01
  0.9954227368E+00 -0.5422444094E+01  0.2509263386E-01
  0.9954685095E+00 -0.5423608104E+01  0.2484440768E-01
  0.9955138244E+00 -0.5424761495E+01  0.2459861126E-01
  0.9955586861E+00 -0.5425904346E+01  0.2435522130E-01
  0.9956030993E+00 -0.5427036735E+01  0.2411421471E-01
  0.9956470683E+00 -0.5428158741E+01  0.2387556863E-01
  0.9956905976E+00 -0.5429271136E+01  0.2363926037E-01
  0.9957336916E+00 -0.5430374409E+01  0.2340526746E-01
  0.9957763547E+00 -0.5431467463E+01  0.2317356763E-01
  0.9958185912E+00 -0.5432550379E+01  0.2294413884E-01
  0.9958604053E+00 -0.5433623234E+01  0.2271695926E-01
  0.9959018012E+00 -0.5434686110E+01  0.2249200728E-01
  0.9959427832E+00 -0.5435739085E+01  0.2226926147E-01
  0.9959833554E+00 -0.5436782239E+01  0.2204870058E-01
  0.9960235218E+00 -0.5437815649E+01  0.2183030361E-01
  0.9960632866E+00 -0.5438839395E+01  0.2161404970E-01
  0.9961026537E+00 -0.5439853555E+01  0.2139991822E-01
  0.9961416272E+00 -0.5440858206E+01  0.2118788871E-01
  0.9961802109E+00 -0.5441853426E+01  0.2097794091E-01
  0.9962184088E+00 -0.5442839292E+01  0.2077005476E-01
  0.9962562247E+00 -0.5443815881E+01  0.2056421037E-01
  0.9962936625E+00 -0.5444783270E+01  0.2036038802E-01
  0.9963307258E+00 -0.5445741535E+01  0.2015856822E-01
  0.9963674186E+00 -0.5446690752E+01  0.1995873162E-01
  0.9964037444E+00 -0.5447630996E+01  0.1976085906E-01
  0.9964397070E+00 -0.5448562184E+01  0.1956493158E-01
  0.9964753099E+00 -0.5449485673E+01  0.1937093036E-01
  0.9965105568E+00 -0.5450400377E+01  0.1917883676E-01
  0.9965454512E+00 -0.5451306370E+01  0.1898863233E-01
  0.9965799967E+00 -0.5452203729E+01  0.1880029879E-01
  0.9966141967E+00 -0.5453092527E+01  0.1861381804E-01
  0.9966480548E+00 -0.5453972838E+01  0.1842917216E-01
  0.9966815742E+00 -0.5454844736E+01  0.1824634336E-01
  0.9967147585E+00 -0.5455708294E+01  0.1806531406E-01
  0.9967476109E+00 -0.5456563584E+01  0.1788606682E-01
  0.9967801348E+00 -0.5457410680E+01  0.1770858436E-01
  0.9968123334E+00 -0.5458249651E+01  0.1753284959E-01
  0.9968442101E+00 -0.5459080571E+01  0.1735884554E-01
  0.9968757680E+00 -0.5459903510E+01  0.1718655544E-01
  0.9969070103E+00 -0.5460718538E+01  0.1701596266E-01
  0.9969379402E+00 -0.5461525725E+01  0.1684705072E-01
  0.9969685608E+00 -0.5462325141E+01  0.1667980329E-01
  0.9969988752E+00 -0.5463116855E+01  0.1651420423E-01
  0.9970288865E+00 -0.5463900936E+01  0.1635023751E-01
  0.9970585976E+00 -0.5464677452E+01  0.1618788727E-01
  0.9970880116E+00 -0.5465446471E+01  0.1602713781E-01
  0.9971171315E+00 -0.5466208060E+01  0.1586797355E-01
  0.9971459602E+00 -0.5466962285E+01  0.1571037909E-01
  0.9971745006E+00 -0.5467709214E+01  0.1555433915E-01
  0.9972027556E+00 -0.5468448781E+01  0.1539983861E-01
  0.9972307280E+00 -0.5469180726E+01  0.1524686250E-01
  0.9972584207E+00 -0.5469905593E+01  0.1509539597E-01
  0.9972858365E+00 -0.5470623447E+01  0.1494542433E-01
  0.9973129782E+00 -0.5471334351E+01  0.1479693302E-01
  0.9973398484E+00 -0.5472038368E+01  0.1464990762E-01
  0.9973664499E+00 -0.5472735560E+01  0.1450433383E-01
  0.9973927854E+00 -0.5473425989E+01  0.1436019750E-01
  0.9974188575E+00 -0.5474109718E+01  0.1421748463E-01
  0.9974446690E+00 -0.5474786806E+01  0.1407618132E-01
  0.9974702223E+00 -0.5475457315E+01  0.1393627383E-01
  0.9974955201E+00 -0.5476121305E+01  0.1379774853E-01
  0.9975205649E+00 -0.5476778837E+01  0.1366059194E-01
  0.9975453592E+00 -0.5477429968E+01  0.1352479068E-01
  0.9975699056E+00 -0.5478074758E+01  0.1339033154E-01
  0.9975942066E+00 -0.5478713266E+01  0.1325720140E-01
  0.9976182645E+00 -0.5479345715E+01  0.1312538726E-01
  0.9976420819E+00 -0.5479972135E+01  0.1299487628E-01
  0.9976656610E+00 -0.5480592432E+01  0.1286565571E-01
  0.9976890044E+00 -0.5481206666E+01  0.1273771294E-01
  0.9977121144E+00 -0.5481814891E+01  0.1261103547E-01
  0.9977349932E+00 -0.5482417164E+01  0.1248561092E-01
  0.9977576433E+00 -0.5483013542E+01  0.1236142705E-01
  0.9977800669E+00 -0.5483604079E+01  0.1223847171E-01
  0.9978022662E+00 -0.5484188830E+01  0.1211673287E-01
  0.9978242435E+00 -0.5484767850E+01  0.1199619864E-01
  0.9978460011E+00 -0.5485341192E+01  0.1187685721E-01
  0.9978675411E+00 -0.5485908909E+01  0.1175869691E-01
  0.9978888657E+00 -0.5486471056E+01  0.1164170616E-01
  0.9979099770E+00 -0.5487027685E+01  0.1152587351E-01
  0.9979308773E+00 -0.5487578847E+01  0.1141118761E-01
  0.9979515685E+00 -0.5488124595E+01  0.1129763722E-01
  0.9979720528E+00 -0.5488664979E+01  0.1118521122E-01
  0.9979923323E+00 -0.5489200051E+01  0.1107389856E-01
  0.9980124089E+00 -0.5489729862E+01  0.1096368835E-01
  0.9980322849E+00 -0.5490254460E+01  0.1085456975E-01
  0.9980519620E+00 -0.5490773897E+01  0.1074653207E-01
  0.9980714424E+00 -0.5491288220E+01  0.1063956470E-01
  0.9980907280E+00 -0.5491797479E+01  0.1053365714E-01
  0.9981098207E+00 -0.5492301722E+01  0.1042879897E-01
  0.9981287225E+00 -0.5492800997E+01  0.1032497990E-01
  0.9981474353E+00 -0.5493295351E+01  0.1022218972E-01
  0.9981659609E+00 -0.5493784832E+01  0.1012041834E-01
  0.9981843013E+00 -0.5494269487E+01  0.1001965573E-01
  0.9982024583E+00 -0.5494749364E+01  0.9919891993E-02
  0.9982204337E+00 -0.5495224605E+01  0.9821117309E-02
  0.9982382294E+00 -0.5495695152E+01  0.9723321957E-02
  0.9982558471E+00 -0.5496161052E+01  0.9626496309E-02
  0.9982732886E+00 -0.5496622348E+01  0.9530630832E-02
  0.9982905557E+00 -0.5497079085E+01  0.9435716084E-02
  0.9983076502E+00 -0.5497531308E+01  0.9341742714E-02
  0.9983245737E+00 -0.5497979059E+01  0.9248701463E-02
  0.9983413279E+00 -0.5498422383E+01  0.9156583159E-02
  0.9983579146E+00 -0.5498861321E+01  0.9065378722E-02
  0.9983743355E+00 -0.5499295916E+01  0.8975079157E-02
  0.9983905921E+00 -0.5499726211E+01  0.8885675557E-02
  0.9984066862E+00 -0.5500152247E+01  0.8797159102E-02
  0.9984226194E+00 -0.5500574065E+01  0.8709521058E-02
  0.9984383932E+00 -0.5500991707E+01  0.8622752773E-02
  0.9984540092E+00 -0.5501405235E+01  0.8536845681E-02
  0.9984694691E+00 -0.5501814791E+01  0.8451791298E-02
  0.9984847744E+00 -0.5502220285E+01  0.8367581221E-02
  0.9984999267E+00 -0.5502621757E+01  0.8284207132E-02
  0.9985149274E+00 -0.5503019246E+01  0.8201660791E-02
  0.9985297782E+00 -0.5503412790E+01  0.8119934039E-02
  0.9985444804E+00 -0.5503802429E+01  0.8039018798E-02
  0.9985590356E+00 -0.5504188200E+01  0.7958907066E-02
  0.9985734452E+00 -0.5504570142E+01  0.7879590920E-02
  0.9985877108E+00 -0.5504948291E+01  0.7801062514E-02
  0.9986018337E+00 -0.5505322685E+01  0.7723314078E-02
  0.9986158153E+00 -0.5505693361E+01  0.7646337918E-02
  0.9986296572E+00 -0.5506060355E+01  0.7570126414E-02
  0.9986433606E+00 -0.5506423704E+01  0.7494672021E-02
  0.9986569270E+00 -0.5506783442E+01  0.7419967267E-02
  0.9986703577E+00 -0.5507139605E+01  0.7346004753E-02
  0.9986836541E+00 -0.5507492229E+01  0.7272777152E-02
  0.9986968176E+00 -0.5507841349E+01  0.7200277208E-02
  0.9987098494E+00 -0.5508186997E+01  0.7128497737E-02
  0.9987227509E+00 -0.5508529210E+01  0.7057431623E-02
  0.9987355234E+00 -0.5508868020E+01  0.6987071821E-02
  0.9987481682E+00 -0.5509203460E+01  0.6917411354E-02
  0.9987606865E+00 -0.5509535565E+01  0.6848443314E-02
  0.9987730796E+00 -0.5509864367E+01  0.6780160859E-02
  0.9987853488E+00 -0.5510189898E+01  0.6712557214E-02
  0.9987974954E+00 -0.5510512190E+01  0.6645625671E-02
  0.9988095204E+00 -0.5510831276E+01  0.6579359588E-02
  0.9988214252E+00 -0.5511147187E+01  0.6513752385E-02
  0.9988332109E+00 -0.5511459955E+01  0.6448797550E-02
  0.9988448788E+00 -0.5511769609E+01  0.6384488632E-02
  0.9988564300E+00 -0.5512076182E+01  0.6320819244E-02
  0.9988678657E+00 -0.5512379703E+01  0.6257783061E-02
  0.9988791871E+00 -0.5512680202E+01  0.6195373822E-02
  0.9988903952E+00 -0.5512977709E+01  0.6133585323E-02
  0.9989014913E+00 -0.5513272255E+01  0.6072411425E-02
  0.9989124764E+00 -0.5513563867E+01  0.6011846046E-02
  0.9989233516E+00 -0.5513852576E+01  0.5951883165E-02
  0.9989341181E+00 -0.5514138409E+01  0.5892516820E-02
  0.9989447769E+00 -0.5514421395E+01  0.5833741107E-02
  0.9989553291E+00 -0.5514701562E+01  0.5775550180E-02
  0.9989657758E+00 -0.5514978938E+01  0.5717938250E-02
  0.9989761181E+00 -0.5515253552E+01  0.5660899585E-02
  0.9989863569E+00 -0.5515525429E+01  0.5604428509E-02
  0.9989964933E+00 -0.5515794597E+01  0.5548519402E-02
  0.9990065284E+00 -0.5516061083E+01  0.5493166698E-02
  0.9990164631E+00 -0.5516324913E+01  0.5438364886E-02
  0.9990262985E+00 -0.5516586114E+01  0.5384108511E-02
  0.9990360355E+00 -0.5516844712E+01  0.5330392169E-02
  0.9990456751E+00 -0.5517100732E+01  0.5277210510E-02
  0.9990552184E+00 -0.5517354200E+01  0.5224558237E-02
  0.9990646662E+00 -0.5517605142E+01  0.5172430103E-02
  0.9990740195E+00 -0.5517853581E+01  0.5120820916E-02
  0.9990832793E+00 -0.5518099544E+01  0.5069725531E-02
  0.9990924466E+00 -0.5518343055E+01  0.5019138857E-02
  0.9991015221E+00 -0.5518584137E+01  0.4969055850E-02
  0.9991105069E+00 -0.5518822816E+01  0.4919471518E-02
  0.9991194018E+00 -0.5519059114E+01  0.4870380917E-02
  0.9991282078E+00 -0.5519293056E+01  0.4821779151E-02
  0.9991369257E+00 -0.5519524664E+01  0.4773661374E-02
  0.9991455564E+00 -0.5519753963E+01  0.4726022786E-02
  0.9991541009E+00 -0.5519980975E+01  0.4678858634E-02
  0.9991625599E+00 -0.5520205722E+01  0.4632164213E-02
  0.9991709343E+00 -0.5520428227E+01  0.4585934863E-02
  0.9991792249E+00 -0.5520648513E+01  0.4540165972E-02
  0.9991874327E+00 -0.5520866600E+01  0.4494852970E-02
  0.9991955584E+00 -0.5521082513E+01  0.4449991335E-02
  0.9992036028E+00 -0.5521296271E+01  0.4405576588E-02
  0.9992115667E+00 -0.5521507896E+01  0.4361604295E-02
  0.9992194511E+00 -0.5521717409E+01  0.4318070064E-02
  0.9992272566E+00 -0.5521924832E+01  0.4274969548E-02
  0.9992349840E+00 -0.5522130185E+01  0.4232298443E-02
  0.9992426342E+00 -0.5522333489E+01  0.4190052486E-02
  0.9992502078E+00 -0.5522534763E+01  0.4148227456E-02
  0.9992577057E+00 -0.5522734029E+01  0.4106819175E-02
  0.9992651287E+00 -0.5522931307E+01  0.4065823505E-02
  0.9992724774E+00 -0.5523126615E+01  0.4025236349E-02
  0.9992797526E+00 -0.5523319973E+01  0.3985053651E-02
  0.9992869551E+00 -0.5523511402E+01  0.3945271395E-02
  0.9992940855E+00 -0.5523700920E+01  0.3905885602E-02
  0.9993011447E+00 -0.5523888546E+01  0.3866892337E-02
  0.9993081332E+00 -0.5524074299E+01  0.3828287699E-02
  0.9993150519E+00 -0.5524258197E+01  0.3790067829E-02
  0.9993219014E+00 -0.5524440260E+01  0.3752228904E-02
  0.9993286824E+00 -0.5524620505E+01  0.3714767140E-02
  0.9993353956E+00 -0.5524798950E+01  0.3677678790E-02
  0.9993420416E+00 -0.5524975614E+01  0.3640960144E-02
  0.9993486212E+00 -0.5525150514E+01  0.3604607527E-02
  0.9993551350E+00 -0.5525323667E+01  0.3568617303E-02
  0.9993615836E+00 -0.5525495091E+01  0.3532985870E-02
  0.9993679678E+00 -0.5525664804E+01  0.3497709662E-02
  0.9993742881E+00 -0.5525832822E+01  0.3462785149E-02
  0.9993805452E+00 -0.5525999162E+01  0.3428208836E-02
  0.9993867398E+00 -0.5526163841E+01  0.3393977260E-02
  0.9993928724E+00 -0.5526326875E+01  0.3360086995E-02
  0.9993989436E+00 -0.5526488281E+01  0.3326534648E-02
  0.9994049542E+00 -0.5526648075E+01  0.3293316859E-02
  0.9994109047E+00 -0.5526806273E+01  0.3260430302E-02
  0.9994167956E+00 -0.5526962891E+01  0.3227871683E-02
  0.9994226277E+00 -0.5527117945E+01  0.3195637741E-02
  0.9994284014E+00 -0.5527271450E+01  0.3163725248E-02
  0.9994341174E+00 -0.5527423421E+01  0.3132131007E-02
  0.9994397762E+00 -0.5527573875E+01  0.3100851853E-02
  0.9994453784E+00 -0.5527722826E+01  0.3069884651E-02
  0.9994509247E+00 -0.5527870289E+01  0.3039226300E-02
  0.9994564154E+00 -0.5528016279E+01  0.3008873726E-02
  0.9994618513E+00 -0.5528160810E+01  0.2978823889E-02
  0.9994672327E+00 -0.5528303898E+01  0.2949073776E-02
  0.9994725604E+00 -0.5528445556E+01  0.2919620406E-02
  0.9994778348E+00 -0.5528585799E+01  0.2890460826E-02
  0.9994830565E+00 -0.5528724641E+01  0.2861592113E-02
  0.9994882259E+00 -0.5528862096E+01  0.2833011373E-02
  0.9994933436E+00 -0.5528998177E+01  0.2804715740E-02
  0.9994984102E+00 -0.5529132899E+01  0.2776702378E-02
  0.9995034261E+00 -0.5529266275E+01  0.2748968477E-02
  0.9995083918E+00 -0.5529398319E+01  0.2721511256E-02
  0.9995133079E+00 -0.5529529043E+01  0.2694327962E-02
  0.9995181748E+00 -0.5529658460E+01  0.2667415867E-02
  0.9995229931E+00 -0.5529786585E+01  0.2640772273E-02
  0.9995277632E+00 -0.5529913430E+01  0.2614394506E-02
  0.9995324855E+00 -0.5530039007E+01  0.2588279922E-02
  0.9995371607E+00 -0.5530163329E+01  0.2562425899E-02
  0.9995417891E+00 -0.5530286409E+01  0.2536829843E-02
  0.9995463712E+00 -0.5530408259E+01  0.2511489187E-02
  0.9995509075E+00 -0.5530528892E+01  0.2486401388E-02
  0.9995553984E+00 -0.5530648319E+01  0.2461563928E-02
  0.9995598444E+00 -0.5530766552E+01  0.2436974313E-02
  0.9995642460E+00 -0.5530883605E+01  0.2412630078E-02
  0.9995686035E+00 -0.5530999487E+01  0.2388528777E-02
  0.9995729175E+00 -0.5531114211E+01  0.2364667991E-02
  0.9995771883E+00 -0.5531227789E+01  0.2341045326E-02
  0.9995814164E+00 -0.5531340232E+01  0.2317658410E-02
  0.9995856022E+00 -0.5531451551E+01  0.2294504895E-02
  0.9995897462E+00 -0.5531561757E+01  0.2271582456E-02
  0.9995938488E+00 -0.5531670862E+01  0.2248888791E-02
  0.9995979103E+00 -0.5531778877E+01  0.2226421622E-02
  0.9996019312E+00 -0.5531885812E+01  0.2204178693E-02
  0.9996059119E+00 -0.5531991678E+01  0.2182157769E-02
  0.9996098527E+00 -0.5532096487E+01  0.2160356639E-02
  0.9996137542E+00 -0.5532200247E+01  0.2138773114E-02
  0.9996176167E+00 -0.5532302971E+01  0.2117405026E-02
  0.9996214405E+00 -0.5532404668E+01  0.2096250227E-02
  0.9996252261E+00 -0.5532505348E+01  0.2075306593E-02
  0.9996289738E+00 -0.5532605023E+01  0.2054572021E-02
  0.9996326841E+00 -0.5532703701E+01  0.2034044426E-02
  0.9996363573E+00 -0.5532801392E+01  0.2013721746E-02
  0.9996399937E+00 -0.5532898108E+01  0.1993601940E-02
  0.9996435938E+00 -0.5532993856E+01  0.1973682985E-02
  0.9996471578E+00 -0.5533088647E+01  0.1953962880E-02
  0.9996506862E+00 -0.5533182491E+01  0.1934439644E-02
  0.9996541794E+00 -0.5533275397E+01  0.1915111313E-02
  0.9996576376E+00 -0.5533367374E+01  0.1895975947E-02
  0.9996610612E+00 -0.5533458432E+01  0.1877031620E-02
  0.9996644506E+00 -0.5533548580E+01  0.1858276430E-02
  0.9996678400E+00 -0.5533638728E+01  0.1839520935E-02
  0.9996712294E+00 -0.5533728876E+01  0.1820765133E-02
  0.9996746188E+00 -0.5533819025E+01  0.1802009026E-02
  0.9996780081E+00 -0.5533909174E+01  0.1783252614E-02
  0.9996813975E+00 -0.5533999323E+01  0.1764495896E-02
  0.9996847869E+00 -0.5534089473E+01  0.1745738873E-02
  0.9996881763E+00 -0.5534179623E+01  0.1726981544E-02
  0.9996915657E+00 -0.5534269774E+01  0.1708223909E-02
  0.9996949551E+00 -0.5534359925E+01  0.1689465969E-02
  0.9996983445E+00 -0.5534450076E+01  0.1670707723E-02
  0.9997017339E+00 -0.5534540227E+01  0.1651949172E-02
  0.9997051232E+00 -0.5534630379E+01  0.1633190315E-02
  0.9997085126E+00 -0.5534720531E+01  0.1614431153E-02
  0.9997119020E+00 -0.5534810683E+01  0.1595671685E-02
  0.9997152914E+00 -0.5534900836E+01  0.1576911912E-02
  0.9997186808E+00 -0.5534990989E+01  0.1558151833E-02
  0.9997220702E+00 -0.5535081142E+01  0.1539391448E-02
  0.9997254596E+00 -0.5535171296E+01  0.1520630758E-02
  0.9997288490E+00 -0.5535261450E+01  0.1501869762E-02
  0.9997322384E+00 -0.5535351604E+01  0.1483108461E-02
  0.9997356277E+00 -0.5535441758E+01  0.1464346854E-02
  0.9997390171E+00 -0.5535531913E+01  0.1445584942E-02
  0.9997424065E+00 -0.5535622068E+01  0.1426822724E-02
  0.9997457959E+00 -0.5535712224E+01  0.1408060200E-02
  0.9997491853E+00 -0.5535802379E+01  0.1389297371E-02
  0.9997525747E+00 -0.5535892535E+01  0.1370534236E-02
  0.9997559641E+00 -0.5535982691E+01  0.1351770796E-02
  0.9997593535E+00 -0.5536072848E+01  0.1333007050E-02
  0.9997627428E+00 -0.5536163004E+01  0.1314242999E-02
  0.9997661322E+00 -0.5536253161E+01  0.1295478642E-02
  0.9997695216E+00 -0.5536343319E+01  0.1276713979E-02
  0.9997729110E+00 -0.5536433476E+01  0.1257949011E-02
  0.9997763004E+00 -0.5536523634E+01  0.1239183737E-02
  0.9997796898E+00 -0.5536613792E+01  0.1220418158E-02
  0.9997830792E+00 -0.5536703950E+01  0.1201652273E-02
  0.9997864686E+00 -0.5536794108E+01  0.1182886083E-02
  0.9997898579E+00 -0.5536884267E+01  0.1164119586E-02
  0.9997932473E+00 -0.5536974426E+01  0.1145352785E-02
  0.9997966367E+00 -0.5537064585E+01  0.1126585678E-02
  0.9998000261E+00 -0.5537154744E+01  0.1107818265E-02
  0.9998034155E+00 -0.5537244904E+01  0.1089050546E-02
  0.9998068049E+00 -0.5537335063E+01  0.1070282522E-02
  0.9998101943E+00 -0.5537425223E+01  0.1051514193E-02
  0.9998135837E+00 -0.5537515383E+01  0.1032745558E-02
  0.9998169731E+00 -0.5537605544E+01  0.1013976617E-02
  0.9998203624E+00 -0.5537695704E+01  0.9952073705E-03
  0.9998237518E+00 -0.5537785865E+01  0.9764378186E-03
  0.9998271412E+00 -0.5537876026E+01  0.9576679611E-03
  0.9998305306E+00 -0.5537966187E+01  0.9388977980E-03
  0.9998339200E+00 -0.5538056349E+01  0.9201273293E-03
  0.9998373094E+00 -0.5538146510E+01  0.9013565550E-03
  0.9998406988E+00 -0.5538236672E+01  0.8825854751E-03
  0.9998440882E+00 -0.5538326834E+01  0.8638140896E-03
  0.9998474775E+00 -0.5538416996E+01  0.8450423985E-03
  0.9998508669E+00 -0.5538507158E+01  0.8262704018E-03
  0.9998542563E+00 -0.5538597320E+01  0.8074980996E-03
  0.9998576457E+00 -0.5538687483E+01  0.7887254917E-03
  0.9998610351E+00 -0.5538777645E+01  0.7699525783E-03
  0.9998644245E+00 -0.5538867808E+01  0.7511793592E-03
  0.9998678139E+00 -0.5538957971E+01  0.7324058346E-03
  0.9998712033E+00 -0.5539048134E+01  0.7136320043E-03
  0.9998745926E+00 -0.5539138297E+01  0.6948578685E-03
  0.9998779820E+00 -0.5539228461E+01  0.6760834270E-03
  0.9998813714E+00 -0.5539318624E+01  0.6573086800E-03
  0.9998847608E+00 -0.5539408788E+01  0.6385336274E-03
  0.9998881502E+00 -0.5539498951E+01  0.6197582691E-03
  0.9998915396E+00 -0.5539589115E+01  0.6009826053E-03
  0.9998949290E+00 -0.5539679279E+01  0.5822066358E-03
  0.9998983184E+00 -0.5539769443E+01  0.5634303608E-03
  0.9999017077E+00 -0.5539859608E+01  0.5446537801E-03
  0.9999050971E+00 -0.5539949772E+01  0.5258768939E-03
  0.9999084865E+00 -0.5540039936E+01  0.5070997021E-03
  0.9999118759E+00 -0.5540130101E+01  0.4883222046E-03
  0.9999152653E+00 -0.5540220266E+01  0.4695444016E-03
  0.9999186547E+00 -0.5540310430E+01  0.4507662929E-03
  0.9999220441E+00 -0.5540400595E+01  0.4319878786E-03
  0.9999254335E+00 -0.5540490760E+01  0.4132091588E-03
  0.9999288229E+00 -0.5540580925E+01  0.3944301333E-03
  0.9999322122E+00 -0.5540671090E+01  0.3756508022E-03
  0.9999356016E+00 -0.5540761255E+01  0.3568711656E-03
  0.9999389910E+00 -0.5540851420E+01  0.3380912233E-03
  0.9999423804E+00 -0.5540941586E+01  0.3193109754E-03
  0.9999457698E+00 -0.5541031751E+01  0.3005304219E-03
  0.9999491592E+00 -0.5541121916E+01  0.2817495628E-03
  0.9999525486E+00 -0.5541212082E+01  0.2629683981E-03
  0.9999559380E+00 -0.5541302247E+01  0.2441869278E-03
  0.9999593273E+00 -0.5541392413E+01  0.2254051519E-03
  0.9999627167E+00 -0.5541482578E+01  0.2066230704E-03
  0.9999661061E+00 -0.5541572744E+01  0.1878406833E-03
  0.9999694955E+00 -0.5541662909E+01  0.1690579905E-03
  0.9999728849E+00 -0.5541753075E+01  0.1502749922E-03
  0.9999762743E+00 -0.5541843241E+01  0.1314916882E-03
  0.9999796637E+00 -0.5541933407E+01  0.1127080787E-03
  0.9999830531E+00 -0.5542023572E+01  0.9392416354E-04
  0.9999864424E+00 -0.5542113738E+01  0.7513994278E-04
  0.9999898318E+00 -0.5542203904E+01  0.5635541641E-04
  0.9999932212E+00 -0.5542294070E+01  0.3757058443E-04
  0.9999966106E+00 -0.5542384236E+01  0.1878544684E-04
  0.1000000000E+01 -0.5542476557E+01  0.3877789369E-17
  0.1000000000E+01 -0.5542476557E+01  0.0000000000E+00
