  0.2000000030E+00  0.4042680033E+01  0.8404999603E+01  0.9619703091E+00  0.6227870395E+00  0.8316264987E+01  0.9518144412E+00
  0.4000000060E+00  0.4170770631E+01  0.2101249901E+01  0.3969799717E+01  0.1570142930E+00  0.2015215016E+01  0.3807257765E+01
  0.6000000089E+00  0.4384682941E+01  0.9338888448E+00  0.9390160222E+01  0.8339391124E-01  0.8519556441E+00  0.8566329970E+01
  0.8000000119E+00  0.4685809002E+01  0.5253124752E+00  0.1784008271E+02  0.5599005999E-01  0.4484284144E+00  0.1522903106E+02
  0.1000000015E+01  0.5077274963E+01  0.3361999841E+00  0.3020389769E+02  0.4191372733E-01  0.2648664779E+00  0.2379536103E+02
  0.2000000015E+01  0.8690927352E+01  0.8404999728E-01  0.2068037509E+03  0.1792191442E-01  0.3868401789E-01  0.9518144270E+02
  0.3000000015E+01  0.1691060224E+02  0.3735555453E-01  0.9053862242E+03  0.1088204548E-01  0.8836008088E-02  0.2141582450E+03
  0.4000000015E+01  0.3536658353E+02  0.2101249948E-01  0.3366242419E+04  0.7519267288E-02  0.2376537101E-02  0.3807257680E+03
  0.5000000015E+01  0.7767031217E+02  0.1344799969E-01  0.1155120672E+05  0.5569320635E-02  0.6925683345E-03  0.5948840115E+03
  0.6000000015E+01  0.1766872638E+03  0.9338888680E-02  0.3783903415E+05  0.4313558601E-02  0.2114218869E-03  0.8566329758E+03
  0.7000000015E+01  0.4125735563E+03  0.6861224341E-02  0.1202623718E+06  0.3449124421E-02  0.6652122257E-04  0.1165972661E+04
  0.8000000015E+01  0.9827139399E+03  0.5253124889E-02  0.3741445180E+06  0.2825505106E-02  0.2138211203E-04  0.1522903066E+04
  0.9000000015E+01  0.2377241161E+04  0.4150617198E-02  0.1145488031E+07  0.2359448274E-02  0.6983922819E-05  0.1927424192E+04
  0.1000000001E+02  0.5821970666E+04  0.3361999931E-02  0.3463397254E+07  0.2001318943E-02  0.2309870746E-05  0.2379536039E+04
  0.1100000001E+02  0.1440177033E+05  0.2778512341E-02  0.1036653328E+08  0.1719822498E-02  0.7717141095E-06  0.2879238607E+04
  0.1200000001E+02  0.3592194421E+05  0.2334722176E-02  0.3077192189E+08  0.1494349558E-02  0.2599772620E-06  0.3426531895E+04
  0.1300000001E+02  0.9022529428E+05  0.1989349073E-02  0.9070835833E+08  0.1310839330E-02  0.8819473913E-07  0.4021415903E+04
  0.1400000001E+02  0.2279676232E+06  0.1715306089E-02  0.2658040156E+09  0.1159413468E-02  0.3009736321E-07  0.4663890633E+04
  0.1500000001E+02  0.5789477983E+06  0.1494222193E-02  0.7749152716E+09  0.1032957169E-02  0.1032370931E-07  0.5353956083E+04
  0.1600000001E+02  0.1476861938E+07  0.1313281225E-02  0.2249117570E+10  0.9262355934E-03  0.3556950560E-08  0.6091612253E+04
  0.1700000001E+02  0.3782161915E+07  0.1163321777E-02  0.6502348687E+10  0.8353243827E-03  0.1230324670E-08  0.6876859145E+04
  0.1800000001E+02  0.9719698261E+07  0.1037654301E-02  0.1873398154E+11  0.7572318960E-03  0.4270314873E-09  0.7709696756E+04
  0.1900000001E+02  0.2505535646E+08  0.9313019214E-03  0.5380716153E+11  0.6896481881E-03  0.1486790935E-09  0.8590125089E+04
  0.2000000001E+02  0.6476696907E+08  0.8404999841E-03  0.1541153368E+12  0.6307603970E-03  0.5190917508E-10  0.9518144142E+04
  0.2100000001E+02  0.1678392929E+09  0.7623582623E-03  0.4403160592E+12  0.5791327680E-03  0.1816876726E-10  0.1049375392E+05
  0.2200000001E+02  0.4359327951E+09  0.6946280861E-03  0.1255154532E+13  0.5336150495E-03  0.6373717177E-11  0.1151695441E+05
  0.2300000001E+02  0.1134602269E+10  0.6355387405E-03  0.3570521187E+13  0.4932767939E-03  0.2240569256E-11  0.1258774563E+05
  0.2400000001E+02  0.2958632167E+10  0.5836805446E-03  0.1013784747E+14  0.4573585681E-03  0.7891221506E-12  0.1370612756E+05
  0.2500000001E+02  0.7728419802E+10  0.5379199900E-03  0.2873445846E+14  0.4252359298E-03  0.2784113719E-12  0.1487210022E+05
