  0.1000000000E+01  0.4000000000E+01  0.3361999941E+00  0.2379536032E+02  0.4760849870E-01  0.3361999941E+00  0.2379536032E+02
  0.2000000000E+01  0.4093132549E+01  0.8404999853E-01  0.9739756384E+02  0.2418867958E-01  0.8213757803E-01  0.9518144128E+02
  0.2100000001E+01  0.4109304750E+01  0.7623582623E-01  0.1078050820E+03  0.2318024374E-01  0.7420800438E-01  0.1049375392E+03
  0.2200000003E+01  0.4124169059E+01  0.6946280852E-01  0.1187446678E+03  0.2227391849E-01  0.6737144624E-01  0.1151695443E+03
  0.2300000004E+01  0.4138082894E+01  0.6355387388E-01  0.1302228375E+03  0.2145420857E-01  0.6143315685E-01  0.1258774566E+03
  0.2400000006E+01  0.4204465834E+01  0.5836805425E-01  0.1440673632E+03  0.2060426309E-01  0.5552957883E-01  0.1370612761E+03
  0.2500000007E+01  0.4303265202E+01  0.5379199874E-01  0.1599964791E+03  0.1977110887E-01  0.5000110029E-01  0.1487210029E+03
  0.2600000009E+01  0.4429622545E+01  0.4973372660E-01  0.1781335463E+03  0.1896615029E-01  0.4491012595E-01  0.1608566369E+03
  0.2700000010E+01  0.4587462078E+01  0.4611796866E-01  0.1989446722E+03  0.1818508880E-01  0.4021218519E-01  0.1734681781E+03
  0.2800000012E+01  0.4777094528E+01  0.4288265195E-01  0.2227984656E+03  0.1743071827E-01  0.3590689001E-01  0.1865556265E+03
  0.2900000013E+01  0.4997934113E+01  0.3997621772E-01  0.2500453719E+03  0.1670664849E-01  0.3199419345E-01  0.2001189821E+03
  0.3000000015E+01  0.5254108143E+01  0.3735555453E-01  0.2813026447E+03  0.1601039284E-01  0.2843912117E-01  0.2141582450E+03
  0.3100000016E+01  0.5542532253E+01  0.3498439028E-01  0.3168574446E+03  0.1534770966E-01  0.2524794710E-01  0.2286734151E+03
  0.3200000018E+01  0.5868188181E+01  0.3283203031E-01  0.3574672736E+03  0.1471510260E-01  0.2237967107E-01  0.2436644924E+03
  0.3300000019E+01  0.6227480625E+01  0.3087235906E-01  0.4034340630E+03  0.1411692113E-01  0.1982975840E-01  0.2591314769E+03
  0.3400000021E+01  0.6626295007E+01  0.2908304412E-01  0.4556809789E+03  0.1354890160E-01  0.1755614206E-01  0.2750743687E+03
  0.3500000022E+01  0.7064254652E+01  0.2744489713E-01  0.5147954914E+03  0.1301187763E-01  0.1554015164E-01  0.2914931676E+03
  0.3600000024E+01  0.7544607587E+01  0.2594135723E-01  0.5816663732E+03  0.1250392881E-01  0.1375358860E-01  0.3083878738E+03
  0.3700000025E+01  0.8066479854E+01  0.2455807082E-01  0.6569310687E+03  0.1202537205E-01  0.1217783780E-01  0.3257584872E+03
  0.3800000027E+01  0.8638006463E+01  0.2328254774E-01  0.7420155697E+03  0.1157202407E-01  0.1078144493E-01  0.3436050079E+03
  0.3900000028E+01  0.9258518704E+01  0.2210387832E-01  0.8377279833E+03  0.1114420014E-01  0.9549639214E-02  0.3619274357E+03
  0.4000000030E+01  0.9943568084E+01  0.2101249932E-01  0.9464431558E+03  0.1073627576E-01  0.8452699934E-02  0.3807257708E+03
  0.5000000030E+01  0.2114776137E+02  0.1344799961E-01  0.3145116298E+04  0.7653904582E-02  0.2543626131E-02  0.5948840151E+03
  0.6000000030E+01  0.4757733336E+02  0.9338888633E-02  0.1018907821E+05  0.5732040186E-02  0.7851544400E-03  0.8566329800E+03
  0.7000000030E+01  0.1105939042E+03  0.6861224312E-02  0.3223736732E+05  0.4457582848E-02  0.2481592222E-03  0.1165972666E+04
  0.8000000030E+01  0.2631130891E+03  0.5253124869E-02  0.1001739329E+06  0.3567975915E-02  0.7986109528E-04  0.1522903072E+04
  0.9000000030E+01  0.6356987550E+03  0.4150617184E-02  0.3063152909E+06  0.2922803319E-02  0.2611688100E-04  0.1927424199E+04
  0.1000000003E+02  0.1557144664E+04  0.3361999921E-02  0.9263204640E+06  0.2438808873E-02  0.8636320054E-05  0.2379536046E+04
  0.1100000003E+02  0.3850556560E+04  0.2778512333E-02  0.2771667783E+07  0.2066719534E-02  0.2886348807E-05  0.2879238614E+04
  0.1200000003E+02  0.9607109429E+04  0.2334722170E-02  0.8229766739E+07  0.1774039495E-02  0.9720810144E-06  0.3426531903E+04
  0.1300000003E+02  0.2413741386E+05  0.1989349069E-02  0.2426664504E+08  0.1539700867E-02  0.3296706234E-06  0.4021415913E+04
  0.1400000003E+02  0.6096805454E+05  0.1715306085E-02  0.7108708477E+08  0.1349201766E-02  0.1125380233E-06  0.4663890643E+04
  0.1500000003E+02  0.1548817754E+06  0.1494222190E-02  0.2073075563E+09  0.1192043137E-02  0.3859000676E-07  0.5353956093E+04
  0.1600000003E+02  0.3949738286E+06  0.1313281222E-02  0.6015068546E+09  0.1060989936E-02  0.1329993156E-07  0.6091612265E+04
  0.1700000003E+02  0.1011813962E+07  0.1163321775E-02  0.1739525527E+10  0.9504275328E-03  0.4598955219E-08  0.6876859157E+04
  0.1800000003E+02  0.2599405461E+07  0.1037654299E-02  0.5010156972E+10  0.8563870836E-03  0.1596756358E-08  0.7709696769E+04
  0.1900000003E+02  0.6698685162E+07  0.9313019199E-03  0.1438563589E+11  0.7756799280E-03  0.5561102797E-09  0.8590125102E+04
  0.2000000003E+02  0.1731051442E+08  0.8404999828E-03  0.4119099292E+11  0.7058936411E-03  0.1942172167E-09  0.9518144156E+04
  0.2100000003E+02  0.4487268590E+08  0.7623582612E-03  0.1177207310E+12  0.6451059749E-03  0.6795744413E-10  0.1049375393E+05
