  0.1000000000E+01  0.4000000000E+01  0.3361999941E+00  0.2379536032E+02  0.4760849870E-01  0.3361999941E+00  0.2379536032E+02
  0.2000000000E+01  0.4000000000E+01  0.8404999853E-01  0.9518144128E+02  0.2442578434E-01  0.8404999853E-01  0.9518144128E+02
  0.3000000000E+01  0.4000000000E+01  0.3735555490E-01  0.2141582429E+03  0.1768911380E-01  0.3735555490E-01  0.2141582429E+03
  0.4000000000E+01  0.4085146157E+01  0.2101249963E-01  0.3888300991E+03  0.1429554132E-01  0.2057453890E-01  0.3807257651E+03
  0.4100000001E+01  0.4128016197E+01  0.1999999964E-01  0.4128016272E+03  0.1400731085E-01  0.1937976857E-01  0.4000000073E+03
  0.4200000003E+01  0.4187417910E+01  0.1905895656E-01  0.4394173309E+03  0.1371497850E-01  0.1820592734E-01  0.4197501566E+03
  0.4300000004E+01  0.4262761948E+01  0.1818280116E-01  0.4688784650E+03  0.1342042566E-01  0.1706199068E-01  0.4399762132E+03
  0.4400000006E+01  0.4361160467E+01  0.1736570213E-01  0.5022728635E+03  0.1311783715E-01  0.1592759749E-01  0.4606781770E+03
  0.4500000007E+01  0.4480917041E+01  0.1660246879E-01  0.5397892442E+03  0.1281127992E-01  0.1482059912E-01  0.4818560481E+03
  0.4600000009E+01  0.4630977375E+01  0.1588846847E-01  0.5829356535E+03  0.1249512021E-01  0.1372364163E-01  0.5035098263E+03
  0.4700000010E+01  0.4811898665E+01  0.1521955603E-01  0.6323310162E+03  0.1217263196E-01  0.1265160145E-01  0.5256395118E+03
  0.4800000012E+01  0.5023307488E+01  0.1459201356E-01  0.6885009347E+03  0.1184771460E-01  0.1161944683E-01  0.5482451045E+03
  0.4900000013E+01  0.5264123101E+01  0.1400249864E-01  0.7518833941E+03  0.1152431566E-01  0.1063994771E-01  0.5713266044E+03
  0.5000000015E+01  0.5547421020E+01  0.1344799969E-01  0.8250180175E+03  0.1119685967E-01  0.9696757926E-02  0.5948840115E+03
  0.5100000016E+01  0.5866435385E+01  0.1292579746E-01  0.9077096253E+03  0.1087354507E-01  0.8813391174E-02  0.6189173259E+03
  0.5200000018E+01  0.6215882087E+01  0.1243343165E-01  0.9998658877E+03  0.1055961767E-01  0.8001073042E-02  0.6434265475E+03
  0.5300000019E+01  0.6606992267E+01  0.1196867183E-01  0.1104047694E+04  0.1025106490E-01  0.7246063773E-02  0.6684116763E+03
  0.5400000021E+01  0.7034360535E+01  0.1152949217E-01  0.1220237706E+04  0.9952446677E-02  0.6556099653E-02  0.6938727123E+03
  0.5500000022E+01  0.7517037693E+01  0.1111404930E-01  0.1352709078E+04  0.9657677806E-02  0.5914058040E-02  0.7198096555E+03
  0.5600000024E+01  0.8044886646E+01  0.1072066299E-01  0.1500818868E+04  0.9372967967E-02  0.5330423390E-02  0.7462225060E+03
  0.5700000025E+01  0.8622102500E+01  0.1034779905E-01  0.1666461140E+04  0.9098067211E-02  0.4800591991E-02  0.7731112637E+03
  0.5800000027E+01  0.9246684477E+01  0.9994054430E-02  0.1850437086E+04  0.8834477983E-02  0.4323302890E-02  0.8004759286E+03
  0.5900000028E+01  0.9929571328E+01  0.9658143950E-02  0.2056206944E+04  0.8579970756E-02  0.3890658974E-02  0.8283165007E+03
  0.6000000030E+01  0.1070005855E+02  0.9338888633E-02  0.2291505760E+04  0.8329242650E-02  0.3491154218E-02  0.8566329800E+03
  0.7000000030E+01  0.2345091130E+02  0.6861224312E-02  0.6835780390E+04  0.6297782749E-02  0.1170312612E-02  0.1165972666E+04
  0.8000000030E+01  0.5457991929E+02  0.5253124869E-02  0.2077998169E+05  0.4889971097E-02  0.3849859023E-03  0.1522903072E+04
  0.9000000030E+01  0.1307872503E+03  0.4150617184E-02  0.6302062776E+05  0.3897395701E-02  0.1269425629E-03  0.1927424199E+04
  0.1000000003E+02  0.3191873590E+03  0.3361999921E-02  0.1898794565E+06  0.3176167405E-02  0.4213199335E-04  0.2379536046E+04
  0.1100000003E+02  0.7896328923E+03  0.2778512333E-02  0.5683853787E+06  0.2636793370E-02  0.1407495741E-04  0.2879238614E+04
  0.1200000003E+02  0.1967089749E+04  0.2334722170E-02  0.1685073946E+07  0.2224571412E-02  0.4747566135E-05  0.3426531903E+04
  0.1300000003E+02  0.4934895084E+04  0.1989349069E-02  0.4961316404E+07  0.1902033164E-02  0.1612475268E-05  0.4021415913E+04
  0.1400000003E+02  0.1248282706E+05  0.1715306085E-02  0.1455463508E+08  0.1644430802E-02  0.5496530800E-06  0.4663890643E+04
  0.1500000003E+02  0.3171335321E+05  0.1494222190E-02  0.4244797516E+08  0.1435989682E-02  0.1884659980E-06  0.5353956093E+04
  0.1600000003E+02  0.8086788676E+05  0.1313281222E-02  0.1231539527E+09  0.1264940473E-02  0.6495934417E-07  0.6091612265E+04
  0.1700000003E+02  0.2071769660E+06  0.1163321775E-02  0.3561817039E+09  0.1122650250E-02  0.2246044621E-07  0.6876859157E+04
  0.1800000003E+02  0.5326138844E+06  0.1037654299E-02  0.1026572886E+10  0.1003095996E-02  0.7792919635E-08  0.7709696769E+04
  0.1900000003E+02  0.1371398256E+07  0.9313019199E-03  0.2945120646E+10  0.9018133526E-03  0.2716357311E-08  0.8590125102E+04
  0.2000000003E+02  0.3546365317E+07  0.8404999828E-03  0.8438704080E+10  0.8150199338E-03  0.9480128612E-09  0.9518144156E+04
  0.2100000003E+02  0.9186625797E+07  0.7623582612E-03  0.2410054764E+11  0.7402345236E-03  0.3319426645E-09  0.1049375393E+05
