  0.2000000000E+02  0.7101232534E+06  0.8404999853E-03  0.1689763869E+10  0.9532188030E-03  0.4734389313E-08  0.9518144128E+04
  0.1900000000E+02  0.2750559938E+06  0.9313019228E-03  0.5906913475E+09  0.1063040718E-02  0.1354345215E-07  0.8590125075E+04
  0.1800000000E+02  0.1066580192E+06  0.1037654303E-02  0.2055752458E+09  0.1193168215E-02  0.3891519123E-07  0.7709696744E+04
  0.1700000000E+02  0.4152108426E+05  0.1163321779E-02  0.7138366187E+08  0.1348532722E-02  0.1120704625E-06  0.6876859132E+04
  0.1600000000E+02  0.1621998800E+05  0.1313281227E-02  0.2470146937E+08  0.1536240105E-02  0.3238673732E-06  0.6091612242E+04
  0.1500000000E+02  0.6350612755E+04  0.1494222196E-02  0.8500225430E+07  0.1766294842E-02  0.9411515102E-06  0.5353956072E+04
  0.1400000000E+02  0.2503826800E+04  0.1715306093E-02  0.2919393584E+07  0.2051200400E-02  0.2740295123E-05  0.4663890623E+04
  0.1300000000E+02  0.9922919203E+03  0.1989349078E-02  0.9976046250E+06  0.2410666953E-02  0.8019209013E-05  0.4021415894E+04
  0.1200000000E+02  0.3953305849E+03  0.2334722181E-02  0.3386532137E+06  0.2873384728E-02  0.2362298563E-04  0.3426531886E+04
  0.1100000000E+02  0.1591961367E+03  0.2778512348E-02  0.1145909154E+06  0.3479971809E-02  0.6981356219E-04  0.2879238599E+04
  0.1000000000E+02  0.6503809459E+02  0.3361999941E-02  0.3869012238E+05  0.4294097978E-02  0.2067711216E-03  0.2379536032E+04
  0.9000000000E+01  0.2732564072E+02  0.4150617212E-02  0.1316702520E+05  0.5406542969E-02  0.6075783920E-03  0.1927424186E+04
  0.8000000000E+01  0.1216011410E+02  0.5253124908E-02  0.4629668745E+04  0.6931055522E-02  0.1727985400E-02  0.1522903060E+04
  0.7000000000E+01  0.6126733704E+01  0.6861224370E-02  0.1785900992E+04  0.8922594154E-02  0.4479531641E-02  0.1165972656E+04
  0.6899999999E+01  0.5798680274E+01  0.7061541573E-02  0.1642327023E+04  0.9135676488E-02  0.4871137044E-02  0.1132897104E+04
  0.6799999997E+01  0.5501748680E+01  0.7270761125E-02  0.1513390025E+04  0.9350633185E-02  0.5286145586E-02  0.1100297460E+04
  0.6699999996E+01  0.5230003289E+01  0.7489418458E-02  0.1396638022E+04  0.9568805091E-02  0.5728041108E-02  0.1068173723E+04
  0.6599999994E+01  0.5003443447E+01  0.7718089870E-02  0.1296549673E+04  0.9777423534E-02  0.6170222529E-02  0.1036525894E+04
  0.6499999993E+01  0.4807229995E+01  0.7957396329E-02  0.1208241941E+04  0.9981373769E-02  0.6621190447E-02  0.1005353971E+04
  0.6399999991E+01  0.4639049413E+01  0.8208007692E-02  0.1130371605E+04  0.1017960553E-01  0.7077318616E-02  0.9746579560E+03
  0.6299999990E+01  0.4496897478E+01  0.8470647399E-02  0.1061760044E+04  0.1037109014E-01  0.7534659120E-02  0.9444378480E+03
  0.6199999988E+01  0.4381358629E+01  0.8746097696E-02  0.1001900226E+04  0.1055315824E-01  0.7984827023E-02  0.9146936472E+03
  0.6099999987E+01  0.4287566340E+01  0.9035205472E-02  0.9490799857E+03  0.1072722406E-01  0.8429215789E-02  0.8854253536E+03
  0.5999999985E+01  0.4213435982E+01  0.9338888772E-02  0.9023420420E+03  0.1089323041E-01  0.8865817648E-02  0.8566329673E+03
  0.5899999984E+01  0.4156597469E+01  0.9658144097E-02  0.8607445545E+03  0.1105170322E-01  0.9294278957E-02  0.8283164881E+03
  0.5799999982E+01  0.4111699329E+01  0.9994054584E-02  0.8228290719E+03  0.1120604676E-01  0.9722553898E-02  0.8004759162E+03
  0.5699999981E+01  0.4077418446E+01  0.1034779921E-01  0.7880745194E+03  0.1135679538E-01  0.1015132428E-01  0.7731112515E+03
  0.5599999979E+01  0.4052192387E+01  0.1072066316E-01  0.7559592773E+03  0.1150487289E-01  0.1058258062E-01  0.7462224941E+03
